5.086419793635496
5.10536145314128
11.81410441578091
5.766687150245798
-0.17849357782575015
-0.747101854674064
11.613955712157885
-1.0424528267536237
3.9994789315216073
-2.0049327781600756
11.212433973258417
-7.405113156467931
-7.608162392122288
-26.632764435315607
-13.07221735691568
-6.766485771577421
-25.527869622016418
-6.535239894686681
-25.95957474530884
-7.525058202525135
-13.529674558685308
-13.564049083666365
-6.615256780309274
-6.256108118992616
-0.374346383035002
-13.531410921794794
-14.25559977377305
-8.00436776819237
-1.4774888516228286
-7.66342821924101
-7.485766243004993
-1.3119396671550976
-12.420388337450868
-6.944372225255694
-6.671865455572367
-6.700355977719637
-6.037762015905046
-6.029027697817673
-12.185622925448351
-5.899780276086883
-0.6853213775710824
-1.4214005025303407
-1.92375525221872
-2.654284745884264
-2.2780017591160564
-2.134246103131961
16.85343869704753
-2.1467967921610778
-2.0740586801533873
-2.0783517645182656
10.183538533697353
9.975670003074828
3.7667982855938997
3.837877659182954
-2.692635349643388
4.185467156439552
-8.451802416463087
16.833282895614925
10.036755091980671
3.1789336029640722
2.6762589072963174
8.820947082531973
2.641380166095706
-4.879806183243247
-5.054925485146468
-5.187603503703025
-4.410693469300226
1.8564510654695314
2.035724984692957
2.3009441543120763
2.9468442053280848
-3.5016733222400775
-9.576775628822967
-9.857031260757784
-3.396364903272383
-16.27067042754309
3.103147968387162
8.7362415978529
8.685971374029288
8.680604995661103
14.686275778337468
8.314035292537152
2.0769161632342006
8.80632824454017
2.49085767355187
15.306072186471352
21.88526091746909
3.391887865238228
9.825484435673832
15.657425309291447
9.13132159174249
8.990484822267721
3.0512547250208812
3.05477581459866
-2.3036903596390657
-8.36432643588962
-2.9109564740743146
-8.796552005076006
-9.264059065049725
-8.584336070869696
-2.8390142855368703
-9.065057691244638
3.37070410115683
-15.357236780113094
-15.685287103592671
-9.88588346334025
-15.977859712071895
-16.261791791981786
-22.682826337203153
-10.19810562029514
-5.374359400101448
-4.826601937465165
-3.715386893221973
-4.139973634218566
-4.383338450415695
2.574542704925938
-3.9706755800297464
8.459283834126827
-3.524139363228845
-4.403321426467052
8.739744610229131
2.4509318792357155
-10.20410603572483
-10.171706380033335
-9.835048742923599
-3.3806585355412113
-9.009620081993688
-9.606017288043374
-9.08742463708233
-21.549288298194107
-20.956917771177125
-9.427087351258741
-2.525542158717049
-8.62112836344898
-8.22424944620178
-14.554019082183943
4.785140014896166
-1.4793229162219488
4.745810134579019
-2.136606819385266
10.855812138448643
4.115370928467487
-3.1400243591048853
-15.451997193866061
-21.35450541821754
-15.631402097627122
-14.899310383746847
-9.451061117890978
-9.506701131951155
-10.330877026444819
8.068170809740067
-4.107692452064569
-10.231858037878759
-10.02604638564411
-2.4133344868131648
10.735103819981607
3.474311764089409
3.9071655201216635
-9.46876238286661
-9.906549357658259
-16.988349327077607
-11.15330834912528
-10.854401614665955
-12.151729471446089
-11.348803254764848
-4.9544154249778956
-17.936606294024138
-12.078254344365247
-4.958170423212169
-10.844975534742069
-10.247538503415264
-10.813648347017747
-17.547573209186943
-10.609947558081364
-4.455322369402001
1.0082712326559289
1.6106853162996315
7.210234216110936
0.17436408851385557
-6.130999680967125
5.686454459812109
6.160471260381267
5.549119091372923
11.81520343851641
11.940104251999783
24.65699518088151
18.404932542785357
-6.415085988669169
12.517565936622335
13.29723080691093
13.444302177629584
13.56829302534875
7.868288284080605
7.837873434633387
8.340234781922387
8.573701693533417
2.1242806075557983
2.68870392789304
2.81703952655147
-9.192922118342484
-2.4669754889297346
-2.966035580608176
-2.748113560570583
-2.607775112822191
-8.853073531783805
4.471304065590041
17.52318232087184
10.590491169995133
17.82015270062472
18.38978007884587
5.625447479104715
4.967477213598658
10.77340648404998
-2.100711786319155
4.5050223665471885
4.755271729205454
17.662252649468762
18.13026913697565
18.74534954001275
18.907089841506583
12.997872198346414
6.751788507017239
7.076311760311556
7.01876203276019
13.70077778750472
7.255362547817086
1.0387716401024
-5.367447058318522
-10.51257456579878
-16.507552173254833
-4.096037592728446
1.6066430931805833
2.0096371692176382
1.8581560843588203
2.587719424271193
9.104937960679917
3.118850579722829
-3.542254656847277
8.644118387143715
14.904382047858263
14.918846038455534
8.991034329756042
-2.7720239289506114
-9.001105603650355
-8.681025174333444
-2.3698292077964904
3.088785022893577
-15.441906915496814
3.3546486652615193
16.78352620291966
10.554590346949556
22.918814717170648
23.228897424128082
23.310321169555834
4.673924206900232
5.9073895370075284
-0.5534254730849979
17.836073099441684
23.958346751438384
23.673940424615182
23.738030168888894
24.01979072910538
24.16048922101324
24.34715299665856
36.833318814122435
24.442149712685904
30.673495462294984
24.262928416456635
24.23943531587248
17.15140947357597
36.55921719874023
24.000791392654993
18.13380899002919
12.20903842797284
12.272378392881285
11.875070220598461
24.88321684103523
5.957838004216413
5.803637129464805
19.24421880071814
13.487921458280189
13.285315860855578
12.660085949201939
11.653929124331729
-0.1151771548060927
18.596162377101585
12.610659169241883
12.375516963143001
5.85071946268902
5.860852275148138
6.12802736754207
18.52137887312376
-0.7106664627034976
6.504250996635477
12.6729641543731
11.996623275555008
12.93183946353487
18.766933894030345
18.23282849731003
17.74283616796048
17.349548111343307
23.0057004950842
16.63262629182193
16.736112154918764
16.403843934677344
10.253935378099628
3.730894789450322
10.212100442965687
16.859044525888407
23.30115200400308
3.8573484562841562
4.8322231810972
-1.3515480465679195
5.470422073066111
-7.353154265275161
-0.8944061033408564
-7.459559533497803
-0.8620647308563484
5.182107007581082
5.563814052841381
5.124108863412587
17.40572541068091
23.93679158652368
23.385956015815392
23.686771855013756
17.099510298387173
17.773951605323514
16.941879231779154
16.82445788724013
23.202112771633942
10.586191599088595
9.59628877708652
8.780753639020284
1.8187695186001462
-4.977864232108936
7.716556022873182
14.322000904925154
8.98124766278383
8.772222992034141
15.674855557971627
15.158193558659066
15.310176779920607
21.92759859431582
15.456813637189969
21.76917447947858
21.69773632683383
28.12621790543004
27.376134601496073
14.654836012564573
27.716340915881336
21.665048829040224
27.803347155289977
27.46096667207556
32.46810780055578
32.22236799331852
19.84332726391818
12.94309999569588
18.972485448212186
6.9569099813003845
6.593786787087111
0.6820697852650168
0.859846899215327
0.7918701007969154
0.5715032425293096
0.7276943359831856
1.1051332684253095
0.7086551262213192
0.977681127758212
7.090126828179653
1.2593528741879119
6.532414564652462
6.756369121340043
7.067483801499599
7.68470873505021
1.7421963006847139
1.948938871257827
1.570371310248232
7.488697196055627
0.6593651960460334
-12.360535253873872
18.572462620157886
12.730356128822196
0.48654478259126166
19.298305349465565
38.840633419932594
45.71396219350053
33.83338544730245
40.432702675097055
39.92316969022489
27.26393160879408
33.40601917423795
39.47864680939032
39.62497350256868
32.81727952581371
26.092970667293333
26.355951400347568
32.726540151897645
38.61813082480081
26.123729333766537
38.794745669301875
33.30442815471613
39.21755383454257
32.043985480484444
38.56718036233626
38.018862155840004
38.04855420116481
32.3890718926624
32.047207657682634
31.448554114533874
30.691065167997216
36.81648703602719
36.74401218069468
36.014958702720676
41.626543618802465
22.84387818701684
22.91020327134158
23.07248181520404
10.25615990298271
16.495680887549362
10.29269781643592
3.68749679937366
-16.046461160073832
-10.22615163625199
-10.766452407198221
-10.155749461626176
-3.8424267246354438
1.4929484344234298
-4.831451363932834
-5.352501150918693
-4.829518042455591
1.555395877589003
2.4811945203061523
8.599988839160075
-3.7667374771310853
-3.630421352613964
-3.4016796984461477
3.5230536872724634
3.381263334288212
15.321344550754757
9.205300070038337
9.670575466723113
9.835977642796504
10.120178955116597
10.88495528178388
5.118741360533686
5.8482749003999945
5.90864282230947
6.306887107569884
12.534023000019932
12.788595228620709
12.793714367148944
0.13041851003553817
6.228031763106805
5.792909512024185
5.877490824214927
12.634214624910076
0.8983286292172517
7.387847053275941
7.106128073831249
5.912075060598557
6.672897920177432
7.227791508012973
7.14870510535846
12.793844181966822
0.5890980432576809
0.004205698650058043
-5.994553147521373
0.8259300177527282
-5.2283332770358175
-5.537010537265804
-6.264466082644068
-5.377458815655677
0.9239612377203925
-5.206648032971378
-11.958236005315818
-12.022546604573119
-11.708672293572082
-6.3280797134389175
-6.320750060674378
-13.257645547156804
-13.21375141051973
-7.713499863730929
-13.341058205544885
-6.614452520692971
-6.581548345470134
-5.905149722719852
-1.0359696818552708
5.431597197885375
5.522254652083594
5.502796809570915
4.940039187012191
4.416882697409298
-2.1377553665702984
-8.134417466636588
-1.9770222944852724
-9.113229130616997
16.565405887039805
9.40036493356558
3.4068091060732795
-3.0820724433698476
9.654981114441409
3.2910462943178884
3.6097094921490864
3.3018125747285145
9.678863927519451
3.3678401192726586
3.111457442431832
2.9163618317004083
3.5773027397720085
9.955984810148909
9.997143708892574
3.5994310439252257
2.9784266776634793
-2.567004560456547
3.896982620486202
-15.064975679839803
3.234365554476265
4.014239714809961
-3.183992750449663
15.084778539467436
14.872304097902797
13.857123090319647
20.380470870504798
14.708474869250349
-3.8444361092615815
34.00767308244
16.52169206412452
15.845668424601312
2.81224432330575
2.7496203344749035
21.747050652960223
22.235437331926192
16.92930778202313
-7.450203550384331
4.738495200241518
5.288795566732026
-1.2736910959160663
5.610381277239358
11.35042542722621
5.0181154901457825
4.611754613925528
11.211913290936094
4.513813714722275
5.47088340589198
5.349528713141232
5.519500004255032
17.97982387882457
-0.6978760762738405
5.5948158056007244
-6.933937352901045
5.916935202885209
-0.33602821792942134
-0.23392275360051362
-6.745576273578551
-0.8725607666805373
-0.16064522891762617
-12.642372724002634
6.002460409378365
5.6491200773807835
-6.848975631412676
-7.221170624778833
-7.282973953896221
-7.478073724470899
-12.846764249044675
-12.629850946648006
-11.695206783057328
-11.986178853094005
-18.752316880651396
-6.080992330215643
-12.71441521824578
-18.651803115560426
-12.511707188882005
-6.011013458779331
-5.341024104827599
1.8947711032774877
1.4726653962018368
1.4073953002699087
1.5910094518104194
1.6360653826710303
1.647240976228384
1.3585812268411417
-5.494922580896105
12.580081048158837
5.892703032269008
4.887570613995749
11.376456132127023
5.617057483469209
5.264924956639221
4.827722952307665
4.7657634492013345
5.106548185636839
11.353531266944437
10.743599039831427
10.504174310628352
-1.7082750361767525
4.460848402092651
4.423425798882502
10.842359062476215
11.3820207232508
11.189132246852454
-1.1399691218834573
-0.7983833869932038
-0.4643526414312602
-0.9381633539591601
-0.8905578596400094
-0.21612024307558086
-0.18321629735096473
0.1737036108750849
12.868805557777586
-6.219844571957939
0.038892056685624524
6.126180635755588
6.204986222594823
12.468328520002663
6.10357082514284
-5.4779207784708195
18.99967299760662
12.648997380039686
13.37775321578626
13.213681457442938
12.737506188321836
12.160602658885008
18.30572321757329
18.3794012325863
18.41977520155963
18.766294670431563
18.242583281174937
12.298627190077124
11.939056031685059
12.091064836050942
-0.7995033924592949
-0.2474193276764143
6.484911966384357
13.029045786242168
0.478297391297561
0.29578170243822033
5.544357953857032
-6.964339295138401
-0.44182085597745785
5.910272859695786
6.093685487448383
6.451314590150579
7.1304630345771125
6.723103335933216
6.340665546239423
-6.534107522005586
-6.185819456559433
-6.032385482906975
6.408871821026179
0.9035707673852031
13.65038424833146
7.830959922700994
7.869520579316481
14.380047197678056
8.216275978674997
8.047506218360777
8.354451876758981
8.724009027495509
3.2284539205752156
-15.16666538304832
-8.998854189635521
-14.629228040034823
-2.192021306656033
-9.191982804116693
3.0741605395429628
2.7872046778030946
-3.7643917300441596
-10.089384310753726
-16.216239935154228
-4.042518891795062
-4.653197938531006
1.3372741836123774
0.8077168513472303
0.7355249666121326
0.35617561744745413
0.4094737965573109
0.5266012494265483
-6.247703991883583
-0.04770511586024706
5.286364291281881
4.7470027944356685
5.2368561432730605
-6.955592500405295
5.852923526906743
-12.221633745855472
-19.608410489976674
-7.2975823582108355
-1.728386207865491
10.260094333927633
9.965479915992129
15.650341634922494
-9.62341725168476
-2.8082547451950948
-2.3270793715873515
-14.77335769672696
-14.923947191196124
-14.961638590438127
-6.820786704199088
-13.349397042405997
5.071308642117016
-13.492875473480167
-1.6127047822084757
10.496893055283874
4.155282881736267
-2.4328995551686026
10.08729140726798
17.811194827165856
11.170304640311704
17.37408931611855
4.979924808996088
11.15438768325943
11.434207226206203
5.062805508039381
4.553740579470062
-1.6485038712225077
-1.9912981276435435
-2.5129593857353667
10.074009847699195
10.238032350295654
4.4606717498019135
10.311430127459023
3.224299434673668
-2.933682984330721
9.30902803507297
-3.342734612781431
-2.9523031497993255
-2.6713796901983127
-9.05638995940574
-8.877724725828672
-14.604627375497094
-15.856161362296906
-3.034764950562125
-9.163971882081848
-3.4763319224891065
-16.031133413479267
-10.42951312891151
-17.371303981607397
-17.416268917109132
-17.727484833786967
-18.24045664641919
-18.15520881845081
-5.1990094451229565
-12.355971307265873
-5.706616184418936
1.0326338393135748
-5.691458521009709
0.5228708487913846
-12.455831794744693
-6.7335246805748
-7.509742728920011
-7.942847437022597
-1.6451340403418002
5.059807915489247
-1.3708556583443765
10.482251245754275
-2.6222518774386687
-3.018403076853284
-3.591313503710426
3.4085076898407367
15.939733901389491
4.063148359230741
4.0622447580601
17.099981020624693
-2.1392010091348506
3.5949126294000635
-2.499870359226902
-8.989502305714844
-8.517135688861389
4.511458646444337
11.283268363472743
-1.0490570957871985
-0.33331561612250765
12.266091851655649
-0.04157202778754021
-7.542316865466213
-1.737875029660011
-8.122733853825803
-20.94855509410547
-14.587220899995664
-20.36146811893592
-14.837193148124943
-26.853449189405335
-20.722884131578017
-8.25569591654379
-15.133737007807333
-14.951567311949542
-14.387928471182066
-14.12462395043869
-8.067692647421525
4.886493701262376
-2.1119448547783812
3.8865403698000174
-1.9014857118295316
-8.181501667691814
-8.029704409229028
-8.543611757606724
-8.677283376391761
-8.763328311841049
-8.622143798413155
-14.990706571984475
-8.666411775822707
-8.495159436517943
-13.993316231257364
-14.483749548468765
-14.738575021040413
-14.760781805766378
-14.37877224148335
-26.899607581702732
-14.582743196086284
-20.533597377096736
-14.556095778634921
-14.866202779890298
-21.340875602067484
-33.76781019901074
-15.289130329385259
-14.756659054245755
-14.943975330644461
-15.264595163525016
-8.41184730341392
-6.963001332514454
-7.515803380840664
5.8491928960726955
-1.0786158013186813
-1.1182356958948274
11.634851788354956
6.2117847213045065
6.651789071137747
6.794035700111609
-5.451935352618531
-5.333471074401432
0.7399777977508183
-4.9488846252448715
1.0434409919218244
0.7505715630098573
0.5492335894695591
-6.6893156888082554
-6.980983044700413
0.26992173472202463
-6.253713404129621
-4.064265054876826
2.504853059959459
-3.564324873407494
-3.671461719855545
2.7137606195140656
3.0762229467800024
-3.389216152483339
-2.6734970725315335
-8.894614895713103
-2.9399736826126146
-2.559843156072085
-8.745683250172508
-2.1083758694232744
5.064540334653045
-9.981252228750401
2.4839707059702527
2.816724822944207
8.760515584894927
-3.781542871185324
-10.376852146601623
-16.48958974169986
-4.603896549816167
-4.004411025373363
-4.308665691586069
-4.294397886171793
-16.409725002134447
-3.3372719899479812
9.359836432120478
9.54539925569325
-2.6743334520624447
-9.013555837556606
-9.511307191915535
-3.116551514220836
-2.908832446580443
-8.958737916622697
-8.9490882892815
-3.11144615472422
-15.932852970266032
-3.2083711170050018
15.330970339430706
3.003737190795782
-3.2728463171043924
2.639492094686846
-4.0754121087759945
-10.250264322198317
2.328416177265478
2.8172482870028004
3.1295572032523657
3.426897269886014
3.6200727374660255
10.089671108746142
16.809521763519676
16.734374971957738
22.731071626647328
16.054503149724187
16.311240112744432
16.37892057442168
9.610241387772879
9.552769685169983
22.199489483066596
15.666660587372087
3.4295749488435705
15.626460762662422
21.941094965992985
15.516020596829959
21.594858533519357
21.98553060618623
41.408378922390185
23.67636107601592
10.70822072686914
10.328572820526292
10.781732405894884
17.37387272420925
17.227600759664128
16.768219740624577
10.791832283099573
16.606981093555323
3.5744118438702484
9.867507717516178
16.476855327103134
10.17574392368182
4.063177595865145
4.570460960577093
5.1709321318807575
-6.9450224812699
-0.9673932321834378
5.619769363511534
-1.4002473235742463
11.417980318063625
-7.832610235795576
-1.6172351577145305
4.881410888265677
-14.477688777697267
-8.084204968209152
-14.101280700166477
5.08083067898674
-0.8120581538110528
-6.629319231094192
-0.610937503114878
-0.334822274734192
5.9887011409431805
0.24145719466140564
6.9583940534528885
0.6069112256513731
12.244597122110308
4.707287060056293
-1.6429433657970207
-7.959845777250642
10.88530029793332
-1.5265310580404878
-13.800148620959792
-6.943163665019628
-6.478753977578741
-13.29322467682924
-6.626599888457676
-0.6196689061295373
-7.41446729687284
-7.763922687153313
-1.1802440728937271
-0.4782632245970271
-6.853388843100044
-7.258677493870844
-1.6344497317941475
-1.5305905160318258
-8.210398588645344
-2.210917374664921
-14.82457647602364
-1.720308244415138
-8.112326494543955
-2.272136981194579
-1.7458822032629773
-7.947825179976765
-1.8672856562285234
-1.6467329303965237
-7.1037236039525204
-13.82746934078272
-7.572573390522859
-7.624888561099232
-7.1617078977519375
-19.773189031985904
-13.538256166931465
-7.197596411335768
-7.8361609076752545
5.022844452121094
4.705698435065034
9.659548524064569
15.78894560648746
15.839314715080626
16.161045408962202
17.742392907558408
11.653951694307768
18.04910413605734
18.11473287382213
11.033610490823879
4.866470945117219
5.2262935364421645
5.740800539095567
5.30756635902149
5.185117390474869
-0.23033891000670403
4.936215139277675
