-82.62534841441415
351.12573962172576
81.615970326662
84.40545117490865
-43.61953246737151
-58.34739889006036
-51.81171504082286
54.603205166138025
-227.75759004231426
116.20001058971692
-174.856261727329
-178.51495130697484
-68.74036684517759
268.1827829063636
-16.43308137073338
217.39581393133423
180.98542853961527
-128.85680253678396
-234.05341645321496
258.946418934078
118.598176671788
88.89099131700567
-56.71315860791172
6.800508004690252
-200.14552969094964
109.77142166772467
-6.101932166661196
-270.2750870521052
-36.24457112181935
59.42521555149149
309.51497793164145
-180.17893348219803
-150.30513482607284
-68.91023498743132
-0.6970852002256774
-99.84465754343402
25.41364944118248
18.241360151367395
-81.27083229005763
42.52980534691603
-312.0218648772551
-231.31802488296873
11.341709797618893
225.5853509795277
-86.6414318128573
101.31821929173766
79.57487509341796
-77.33596282224612
-169.10274066956237
-93.9668737098875
301.19740183240117
-23.43603445200966
170.27133632205323
-261.8145302226764
74.5670745044693
-94.66662119700729
103.54422879169391
-120.03890070166105
-227.9063020783803
57.49060797091993
-159.5920478692143
304.69756304803207
11.03332665384009
-122.01618541625983
-53.46052282303042
75.17956960449212
-177.4492631581224
-80.57990606185248
7.196618158393717
138.14763677237949
-233.1168498174669
-138.13758517810723
-191.8618302344421
-134.79163855127373
-45.40861595044992
-50.9163719252813
240.11218631773056
-99.97535765039227
200.5007242052795
-146.00961959359228
-48.879988032498275
107.30537267864935
-219.55828531132317
279.05942725033765
129.03043494580953
41.600877381365734
78.05293072351442
248.787138549633
-122.81130908677652
-3.396231006373031
-98.59899941587993
-229.8515213149419
80.8467980923103
-112.12355674754009
-61.45457732909909
310.25141306031793
102.59535240865601
-244.28318657307037
-354.71050721364367
-7.83996114736159
-41.3577007183875
-56.260404381253764
44.433609139439895
109.07225967805421
16.015270031012985
77.4822355867475
-100.64093267424724
-74.13953696473695
-262.23103835112533
47.592494866562205
-200.9891521592317
157.9113054739655
91.52473022641153
-275.20277908969587
204.19021714149847
-32.32775892263787
129.71606990169894
47.987429017160245
168.5138781062175
45.108101285493625
-14.032067414298231
108.36520265602573
-50.759292126614454
82.14649776689983
-346.38528359275693
-92.44286392226446
335.32662242379223
181.0498101419184
291.6764325575562
-16.679920807552943
-139.23024046888324
-62.53182093587989
133.75003912351158
-120.08826286026571
-271.645609094033
81.3085385278611
-10.347032732214739
-43.21449924531377
244.96078581535377
111.59021664139075
-16.04658563985474
146.92441020144622
-260.05881472069507
-103.49062140666726
-3.172555388253933
122.45102226918446
-94.21926153605861
82.06597733110223
221.5762716222615
5.287133135035543
111.57719881312195
-3.2426773703456933
76.94821823471108
87.29968784219616
-45.40771257801067
115.5380521522517
-264.7838400789839
-40.56593648018712
-1.8339712877631442
53.69920663240131
157.50633934649898
168.98436137551582
-158.56025931368256
129.1894579761049
293.0484183900864
-232.23902431844385
322.72700637048104
194.3368302569814
-32.69652556193241
-147.1540892939115
327.30671396540123
57.485269629696
-51.17239403244987
-1.5960023990456649
-66.62921568856066
-88.43871579590649
66.89003396341268
-101.56641819141011
108.82959754961878
-100.04206643430913
-311.2585763641392
-158.06300986472613
12.164889547638575
88.79639804922483
-70.52683132296691
263.0080358783919
-92.36550987423432
75.4713404246932
-116.54387820081325
-87.61934137096819
141.6247499461386
53.42837061575046
-16.613140743077487
-162.76638516044412
-175.861003410422
206.0794734653242
176.22809048369606
224.25946471344886
102.37010875170549
31.593438660757826
21.105427475863284
-3.4108923140853076
32.50035151288138
-136.0493908281831
265.8622133605779
-89.64590636275462
11.635119557717216
-177.4125877315053
256.72479944205435
138.96623914164027
150.29691580754428
13.069184242207491
36.15136554692746
148.87218074667467
-94.02623336220395
-75.66689302636124
89.9919527508229
-105.77308758328488
-4.752379857646623
-59.53535827649508
-0.9725974588468645
-167.25234186988172
-108.08559609713618
-66.79803050128834
60.445786398804316
-106.55835186434096
-138.729591065077
50.389527104081715
77.60852921193926
88.50585059595909
93.15723257007936
82.30053572774855
159.8726797578345
-173.80357399298296
21.837834190552538
-179.05684201755727
-15.17988162831089
57.69370854380308
24.278141871585163
3.771851672081008
78.74399949920517
145.01285091048283
1.0822789813209464
22.601532518600536
264.6818782619034
194.15430352304497
155.21864381357435
181.8140557678684
-133.01961452655036
-108.40804346927793
148.29196759848156
269.822756272932
79.81203172429143
231.5628626545777
62.48026133593489
-100.78346320645488
18.61403126144269
-333.3901248791253
89.62703787120515
-33.024760935104375
-100.57473119362373
-166.16124034386118
-96.81906803481158
103.39854194760825
-62.67929008982668
350.73346192440744
-137.71588714161317
-344.2115323858033
46.909082653771975
70.54914389562171
-296.2331189558209
-2.604859184351722
-22.18672261843365
62.056245105223304
51.64554118633011
-210.07324405905229
158.01206890420625
63.30260451365816
129.45923954899058
58.86942534172884
-21.075622951967453
247.5871265604611
247.19162648303265
154.52990445610058
-4.984706899374086
-53.68241918664784
73.5347988157595
186.51127605821225
183.06357002403215
-39.519721676450715
180.68365895955708
-17.607345489945146
-25.130216442919043
-67.53390886358825
-99.3104926575726
-22.456682128077638
93.70416893633426
-73.18056950368366
354.9136655106861
31.910617717199475
43.52369608384555
-108.23789040029737
-44.784434200576804
23.409605823353967
-210.5322014465194
133.750035051191
35.995806863615336
126.15391746484912
26.297229713877307
30.12689483277235
-117.37932800142873
76.49340528906365
-111.8283153891038
-66.28363530157618
204.95227729555182
-84.76565653936026
48.50593801326235
40.34070117612119
-222.2084792703396
154.63828850331333
-56.4980273694106
-340.0545028821773
-235.1081040632105
65.51067235003548
-171.9318800376621
149.38858643316811
-260.74951174952884
138.04173255941993
-81.53213450471692
423.4206544984006
134.5898003565153
28.772870190954695
-76.24787229918714
-199.99591458828004
-168.7236353859513
-69.0814442803835
-0.37219560761894444
200.78100071548855
-124.34729541290098
23.728645856335746
40.03224039914337
349.9795995626548
-64.73252032856516
164.97422884716582
-117.17551860147944
59.15894917096094
76.73174720514025
34.764277796284034
-32.791097238920244
209.0226757638723
81.18427207281356
-394.4104092829895
-149.23997746574034
-137.35602554529345
61.78116399701468
-220.9317181135114
90.5053476141072
-43.86057262833697
-69.60090168699757
356.3856208887389
-260.8040010694661
180.08794931103333
54.70364460559733
-54.389971138089486
-2.848660066472653
-132.92897091073638
-149.73365763079647
-68.48550163148633
130.36244966961627
128.46398263186825
-65.35148135615944
-66.69031346030067
-16.348525514907124
34.15725008432536
167.17221571094615
-43.092836743724845
-11.325480365524957
-182.4810291769494
120.2119849916754
245.7739409226007
-55.413000025546324
-321.60511575111514
-38.254758597451065
37.132187600145414
294.0351108793447
-159.71332209476898
-183.1995235648128
107.9475758870984
114.64491700364486
119.77913382142373
40.89713018228871
13.834241417553672
-88.98686473839582
-100.99519168864342
-183.9674972581499
62.507461823278724
95.14450974923209
-118.29075377599399
-29.52466406828532
-117.26061876890775
-106.67163308735033
-245.75669880769587
62.18402637699408
194.55415468128734
-130.0078823400834
-83.81694796830249
28.293388342927383
250.6931139829328
-145.71399833154808
-47.98756690686928
144.33876906882566
25.723639427553767
-258.9937805123837
107.77820631203535
-74.11467931373903
35.48315112774322
13.898541501271659
7.422955454404664
181.6158859571558
87.3479186621087
47.08521553158801
-54.1269915220508
62.85232838545076
42.23350690083283
-286.0122308670333
-137.55519879897147
-145.33999700425062
-110.33530383392475
-232.6127055409065
-301.0093010757847
-230.73376194223553
142.9740991382473
62.457728145464024
-64.72031974858949
-1.6968964101249084
-316.868154956077
151.72120834421534
151.71532725148955
129.08187308568796
61.78931222736491
-150.93547468991028
-82.7279911898793
261.7477975507859
-196.6536040154053
142.80383003307674
151.95492364599312
46.31717307560207
-151.28481454672945
-82.06586583808426
41.34574489812385
23.592068752822875
303.82424929274526
-116.01870425510678
161.4080731421748
-4.2801088409977455
-24.89634199213018
-159.93983794257025
-78.61880547489118
-91.5327539089993
41.45348443926709
-119.66377736467753
266.41448261571503
152.5481239423504
168.38643662344916
66.18538579775765
-156.4961564892449
-246.2697345389275
58.60915277627252
-104.01266670304727
97.02611915976188
96.1574581193799
37.00540780076055
-141.96540112503243
22.372399225839782
66.299156606197
126.43861185555122
12.65281323151424
-46.686174064284934
242.33859952234934
148.95640170149989
101.97403877040223
-62.28924104200168
-291.03492359231024
-77.77724750881299
-179.63122707732234
7.990919230964075
-205.11725909970903
122.259494723963
187.79237738363346
-187.63683147970414
30.03768569534725
-276.9685423236062
75.18912212893194
27.212086789659082
-115.5090892525408
16.324735646806708
-28.565381573924924
-66.02164933350448
-38.83666003938206
112.68755035350694
40.84139533241296
-54.28731021946455
-92.94708585796543
-127.81890510299016
288.38312874383803
174.27304771807403
-119.86681639723565
40.86839574196455
59.590158642006394
371.91199221760894
163.44748955576193
9.861602609970673
16.41642025082609
69.63031396140626
187.31116132680518
-138.83890621678435
55.04497019709726
-24.09544473633938
-79.97980986255845
67.16775674908943
-216.21312817595157
227.5723891992078
11.388928283307054
25.951639307503324
-190.36708615440165
7.847470290824907
18.850477713387647
-50.479713773691046
-99.12111685830757
259.20280098744706
-26.627435060007237
35.81495025029632
10.370729945550387
-78.40874725889815
83.20301749318737
32.091317853636355
25.205126859443276
174.34403278643825
65.23902812471954
141.14240150438837
-195.7083096492454
-29.049893648499232
-289.07732732834893
36.209028533360225
-2.3613812414816877
180.6525530960589
-355.385027936954
-194.5411010136817
-159.00720887229662
107.91519312065718
-249.69022834248253
-350.19639039472315
158.1554802484011
-17.3335533692054
4.018309338117832
35.12152695420668
-143.2246168175441
251.15066001213228
32.72016503298193
144.1022393481528
-182.7942681010563
25.461873637926637
-158.56083158308817
4.898057151804427
-184.6839863751338
-176.24980390384022
-15.796299819105464
-83.5261689454253
100.5355923130292
18.42451054062019
2.2302101025686856
48.65265253641145
129.7030168679172
-112.80063861609442
332.1713879474054
241.8962072745188
57.0722876121719
91.13058980147137
-0.829709057836143
150.4368209207917
-0.16251456348062154
-45.427155542161024
46.82034617740172
35.209315367051424
-127.28406064961476
280.3162117431879
47.68379295737911
22.629890755289985
134.77056075608908
-98.0097412242333
-181.6982837436222
256.40592769945397
-37.88395081976661
113.86282901807918
-33.913084052509966
-53.86237212690303
-184.40107158472983
66.92283460875493
24.580838643840117
-69.88114747310313
199.20986765124823
217.41864845396125
107.56086362599983
22.166433040774987
84.35001249371462
-118.61144691848367
180.37936582484474
-41.927862997121295
266.3112726440843
57.64785406973944
169.9765720399298
-131.41091544868453
93.92391618301777
43.52043894803977
173.69700913796888
-150.7661266025042
-269.1174948330998
53.51290355046069
-74.41337606843142
88.18582609710755
153.38271583783384
96.73465307440033
-104.93672892187817
153.1402218559424
3.505791981002997
-160.87607986462245
-85.68741588234415
-391.1641712308109
255.31887008615232
30.503502968740023
-189.2884270242137
-70.39516519930017
-113.9985658466245
-2.1175583215862495
-118.51985237335222
66.9916569358913
-67.89476608904525
-190.22298822367532
145.4584745641816
-64.59611849480348
91.20447089488479
-153.9997539433216
-134.5656903735321
216.96046200398044
42.268931098793786
-249.00894291286266
120.31562189781745
-44.722594085776
-60.26069289683768
189.5929631704187
180.69140251591196
167.7976101393783
118.47140513241258
114.46237201901964
-40.33196840022821
104.19656433139464
14.062595621399034
193.97994233816652
-14.779956716985758
3.449215443391343
-132.021723369152
-28.862152452958014
165.7022652815439
129.4132259217748
30.61346810301192
130.81375593748012
-333.4143531155611
-6.569101022294336
15.003489572805908
-186.81955916523157
-206.78155678345243
30.607739816199068
315.8392465117222
-377.4432665297429
333.88737605548306
298.26545384684005
-215.18067634142548
78.51794458498267
196.06913265889284
-126.41401081688363
155.57395458856453
-4.835607870453187
-145.82437513114067
-143.81742636824728
-22.893459452741766
-37.65609036435155
341.4737818744334
-67.93794623256187
245.36834111144609
-64.39269314673463
163.55109720284986
24.337929708235514
11.755122234445802
10.756399322219059
-132.74409641320324
200.26697562531794
-68.31320151403415
30.535894708954352
-147.05877776580468
22.33617935159615
50.92066866607215
71.33895097437792
-0.43937189658539744
-61.346180417883424
-78.60944548757476
89.06756277097588
143.50421336540833
-125.63456928007042
-157.7925655515782
-1.6547142824918546
17.905269862944905
-20.17238199511181
-38.677362138285126
20.15797329685735
-11.277061188746325
-119.42057908167163
-216.4661513305826
118.26651145729538
-150.92658479955233
-118.0211103829217
-251.678802710592
-319.170680195377
50.93385214186067
207.52424511352544
119.78276525762472
-125.63021556039294
89.68683474966468
-180.59696304576806
172.12025946587664
-48.439894631942686
78.31643448281092
-36.62792643274941
-162.50179678575202
22.692961098821637
-9.550224425088576
207.00739477283454
17.35607118164794
171.81041100216035
373.3185254178522
-71.42783685520143
142.88906762192212
91.21949212193364
-104.11431512219667
55.659941331898295
68.6494209264058
308.0310862939746
-129.16328485491303
121.49237742853113
-137.89964086767765
-20.748651943141322
-63.82763715070447
-38.76560756034432
66.49938959098223
76.49976775484723
164.2966916407848
-6.6844128709455894
53.59704505714349
126.89599317771464
157.7477935714245
39.362146397491266
49.563129615037234
-82.1348269325049
-258.68706781382144
-120.613378734022
170.08031403656653
-173.60308380625625
-66.80539891001244
3.145911699515846
-72.85915606267369
51.281909336569576
-432.0145735378024
38.47198099262357
-72.91105968847093
12.566299114776486
230.58472348483173
114.1812060188707
-47.889216488354506
-60.57900096140814
48.07641354497838
-29.69954081663536
-93.56823694140938
180.72941180139586
167.62816242303902
-135.50520702617308
-208.87587785388052
-91.00811752546257
-120.59182495601242
-125.07388136591577
57.36861038316339
130.2449383758942
-113.53748764439894
144.11774322597884
-170.61011654971614
-264.3929488195236
143.898007115382
-192.6158710917573
94.74863512949341
-64.02089117671716
-1.7018189338964897
-32.46372610048236
135.80234582463927
-102.28583704335593
140.52971311989762
-58.49294006625245
86.34062750984147
171.22353359306206
-69.01980079216935
51.44958385637516
292.7741439180173
-52.472909443052984
96.91227302537828
292.8902776946988
106.45076730079523
59.13181500758152
16.163871382128917
-65.87258489867708
-306.117700139218
109.37298494498728
43.94337653192329
10.570539685520872
-16.94220288889737
-257.25746104306853
50.17202090001581
-327.64650179673754
-109.74052016228815
91.94854562829842
-102.72467561812262
-127.56430973574513
-8.7070098270875
191.72787693273057
83.74593045575219
-243.83962956792982
130.91271109807118
-22.9529780207087
9.03051963561553
15.859620218570178
211.05037174816775
66.28331417406177
167.0607619096848
59.663187633175724
-42.63286727551937
69.74800149796266
300.2845272608654
-34.14312881149957
-174.5731902396056
-150.67690078028926
257.23542203609077
-118.72363631669819
-47.80411493151698
259.92904032170145
-18.279857615970638
13.281548731894528
67.69697385781565
-244.84969012868598
-99.96851553226244
15.524929263703562
6.882201605312648
-200.25134093767136
71.42436130428348
109.56491986275715
-120.60606920750627
-82.1573685303393
30.529569406211106
209.15000221011073
50.781187234677525
58.24704462769093
75.81542302731374
57.384612819656866
-162.51377554014778
-265.03107562824795
-50.33283192775027
-86.25043832270568
-193.2603383983071
-237.3410261247246
51.335010893854644
144.08002656204843
346.5265364289414
-9.531981915203618
52.9806851914152
147.93891252748153
-323.5241863003505
150.92289193113817
-82.31246793959782
-32.907000733959684
-98.82587997957792
20.80661242056035
212.18137554140026
-45.86102438258013
33.58647280085946
-20.725422524047687
99.85604927933427
-308.5388273683523
-16.481876928111802
145.50913134990313
-150.58685372223601
137.51054522400509
57.62724888163581
231.20680912287258
53.29565525612518
207.23301567123434
-306.1813732917206
79.32895913740458
354.33895950465177
84.3392612264867
-239.20316945955727
-11.582110871807538
81.66498215869917
5.16590890572362
311.2628352001972
52.68754072875168
76.69548286783694
-148.13577043595058
84.30282199650918
120.33479103150555
156.6823943964343
257.4125540037628
-64.53965888875246
102.45418733560261
-165.14040132739123
133.67064384183993
-85.90530656247222
-135.79597832787522
157.1375820047372
83.15205286340132
-214.0608986380762
293.5778307358536
22.55844462097968
79.0494563628991
-83.73320992292406
131.70939588855066
-168.55108984882887
-97.64369149732562
-15.641442968386627
-76.69572285512145
-17.915897890297142
176.3213294009295
-227.6262531139229
42.17303509462189
-69.83844469999234
-87.70384114906264
-93.09661731899898
28.14633924332074
63.318019585690806
-138.51717723861552
-52.56889757996796
218.70849390736493
18.635080187551893
-273.0657424654989
73.96064310764051
-30.35381385003568
-116.67864082093703
-254.36317886339725
-91.57054605584842
78.54004226132199
-173.12424784747333
27.054382940053607
-138.89786291574225
1.7915562759569348
107.66401852260182
-34.81742377791489
112.226244956519
127.44098905932108
-32.62659453288619
-105.89489611408348
-48.12043906495949
-232.96894911537453
-32.30903838554275
65.69651534679087
335.9340405913815
160.5927210484078
177.5816847758055
2.1974357656893724
19.891990818809056
-131.96512866315064
110.47927573848335
111.341770583648
-59.19137676813374
122.55836717148054
142.81639942751806
-187.97385024808324
58.43418629343843
99.76914527294664
-63.85659659956725
75.83556459542358
-250.9612453859787
-43.168115866278356
-170.3550282267468
159.2040052207275
-93.81689622297739
-317.8526452116713
170.72732707332494
-139.65358148363654
-112.59424487106176
42.975795477309944
-10.46764514479726
17.63851612515403
120.4516470098914
-3.2530426127133953
92.1284702302893
-165.74208067769527
