-53.76440366419413
-60.67600787770785
-30.26639769105962
-10.212183410516142
66.25634837690889
140.747864005595
63.72181838856477
208.56138928234384
-99.2957671112673
-242.1738887251268
231.39586111016706
-4.62993474580416
-14.105342386876039
-411.0002749055469
158.21127211709725
-39.98261237063804
-39.68554301302304
150.2897644755595
67.25668803334862
172.92300927507958
40.641987108323924
52.655537783328576
-21.001090251112128
76.94194272789254
-32.75756334321521
50.70131488254894
-70.96516133909168
260.53490498995046
-141.47102619854817
69.00982365065752
-70.6541928263439
-39.84080860863192
-131.7320899118576
139.50336440179044
153.52301684606329
48.26688579449303
-44.121592345949196
1.8643084340887768
27.60349085864076
-98.86481391485837
-29.164550095556148
-171.07925431953743
148.78876354254913
-197.98827197734457
-33.64078725535019
34.077716373878644
276.66965060716296
169.27783600380184
-25.99154699397901
112.34273006102516
24.51140097111235
-206.9373286828258
-160.55738011820088
90.32142629997065
-72.93834224055021
-134.3073299722859
-112.4220577326852
-212.16317360212105
-12.830987407756753
70.4576786331667
-290.9172029020059
56.605166268180746
94.52658983479245
-3.1426206673855255
-11.430221044343867
-181.68140412090307
100.95231378920609
121.34325080839616
95.41719969073999
40.28585092295238
-64.00839796264606
-74.86975631590794
-205.48267151077974
-81.01154294854386
-149.0396660844923
-90.12393544822159
-40.00204182220484
153.56446658578162
-93.06981202873943
267.079508411311
-2.8033654384515145
-104.24815617245382
20.321801387491725
-81.00412151626574
-6.3050785672228535
-38.066088348893324
89.08490112673012
40.86711678747607
-190.4234740030331
132.14345234637494
88.12227699702377
-8.50778198484168
32.83738017060848
32.97891051930772
123.54730430983027
-103.57739482927731
10.953684689282406
-54.844168349779686
-13.853552061094456
141.37782924511853
-256.4078374750934
-34.60644315781775
198.17377261166004
-157.7507137445317
95.51387044363108
79.19740347401083
217.52893553635207
23.161967500963115
201.8723175355683
51.32534572823526
20.601829133830584
-103.95152895539067
-85.85879816154907
-78.57596772226736
261.051175315512
-20.642275911360972
111.94670030327518
-9.796625662089168
-43.66053244747895
100.09487684777625
-76.80506091764236
-247.73618714253428
75.23196902498985
248.97308890433217
189.5416659938629
-143.65210069434187
22.348215954771664
153.01070571456088
-5.503627342684149
113.10851925849218
87.96374412690467
-95.52268180552039
-91.36337870972255
-186.49519433275853
177.63924628382668
-134.56009231849924
116.23886043486125
121.74856926858929
3.198512393492667
218.47166653625965
220.69826774956354
-44.65728226444919
123.49215546536729
-147.09773116319917
187.73719977742653
-84.69766511259374
-203.80426574683835
177.67993748820706
43.587498660286755
77.51706728218178
-198.5289840935513
177.37267925919232
-301.6071653214
-86.33942893346287
-61.12383822173275
224.75093195220583
-156.4258084563634
-1.9619860165557168
23.137744832200745
-145.67923057322076
-9.24930034052175
121.42146868118144
79.5301808652837
161.4473677560812
-18.562457433828882
-76.48147641877362
-35.32168868622295
-142.16316430327237
54.64884960702921
333.4884218868629
12.982566986877094
-365.4534651344622
312.07683770975297
-149.40829092441606
145.10070115959346
-149.4018067342549
36.71656179408334
-99.13189436661165
225.85417900084738
118.91478770655979
-54.106297264387194
77.6682480397713
173.2304320900995
-134.37899875819778
-189.1096676217509
42.458945437374986
-38.00703392119257
-141.7418415829046
-92.20081599861163
-103.47606959592792
82.25411805746698
140.3702728308057
106.43197496622857
5.68664423368375
-186.0604356055001
144.21774407501727
-30.168695170227252
-152.13078605002815
108.61607766363676
-216.0560731755782
-103.84923462055924
44.556734156338344
95.81080199305418
-110.85007748040263
250.8983373005731
-58.108843825166616
-9.359108151625168
196.51957592374254
-58.76503286374864
-14.796993486695841
187.34047594581565
136.74391457424042
-123.40187287420939
-9.913890407976618
70.1983673169447
-73.35459784502407
-26.732800079212815
-88.81642418255142
-140.34039500496888
-84.15662130854794
-34.09847336110839
121.70508388032549
-123.84943974253314
-11.602482054759673
182.46040258345838
75.10210552781217
-166.98237143945008
-74.45356092667659
125.86921506171353
301.2406945135198
231.50107415890596
61.53158030403324
85.36896495719533
132.24528619485412
235.9560963516278
-70.76457335476337
84.56008082245346
123.44233987717695
-54.60625313507635
-181.73376555034366
0.17200002450539964
-148.50158923570942
58.64260855781673
-150.9351224717497
-116.39239306871188
-177.96990528527732
-53.551709298209985
166.49719437995003
55.2585585521996
-24.132512203876075
189.65995443920778
213.3081607611788
37.55732301164982
63.53654245620473
-108.84106228522103
-39.03984532217335
219.32849708189974
60.82663142590149
-88.66762653268664
-278.90357800336784
-135.71860921348093
-173.43082990518118
-234.40073560143122
274.2346276794838
40.43134629324742
104.60826338123533
155.3341336758863
236.29607185857523
-24.76712322336927
7.117970361244415
-206.77288844320444
-28.063731464949747
7.8525107760765405
-79.01670480522456
-165.57436542379799
0.6763810653104669
-39.41478603849001
-1.5662129554844215
-142.7555288620672
36.32643682544258
-208.25466095751642
-44.12721366091469
-84.74933354446583
230.96762983364505
2.680732983874673
20.725199058794015
-77.94697065586477
-197.00563877882482
-237.45417985748867
-111.18086840629196
-85.92692274778678
-56.05328534951499
-47.800947680208296
-130.83471790755598
-123.00449188368547
-152.42330585545463
-90.47188895395244
-181.2962863233713
25.450063725644718
-117.88801654556461
62.821627458221705
-0.2901715949303546
20.927993175152938
-79.33079821693015
174.28629588517052
95.51357007895375
-193.5979621373386
-395.10813394283844
-250.51551801862354
-235.545312323837
79.86333610569359
31.13772443032298
-220.37467198485493
-227.7986430315199
145.5027071075522
-190.4721949059536
-325.3821928751824
77.22524959522512
83.35144037276032
132.54461614589917
-100.21223044712232
53.39974950464189
-231.15911532053147
-203.01120786803568
-77.07872918522595
-93.32689124493318
-163.84488857187412
-12.94851535229079
202.48452041388657
-5.830353943370863
107.68437730196945
-84.58376349303813
74.85657746675957
41.48333926588375
3.6309845566903665
-82.70743939272707
-167.5451042752715
143.71035289991266
-132.25800314247653
129.30212858339343
258.162033445432
-109.52615485299276
-96.21315617924118
-138.68281506160642
251.27579282235467
97.8359205078394
-33.75105213202064
-177.80952633835471
-78.6830746320969
35.412045647400085
-43.769435029547665
22.952958293420526
-32.495203777275684
57.60580710754912
305.5303439868942
-59.79605592441493
-101.02584546926988
-8.764934543103355
51.82011607704189
40.09258984043415
-13.35888398596162
17.64208243136267
-77.25301448461916
54.58050410737196
104.49992426929508
-94.32479204611495
139.05026725631495
-75.04089794867507
-25.142294111524325
-82.81210595390759
-138.6722557913402
3.429352400339093
31.651949016627775
19.373347658386972
76.1403989841638
-225.1384135444092
-21.53033173149531
-188.07968632508016
-65.68521790791854
182.4949654450347
-61.468657747456895
47.6651459483367
-45.17358509013135
8.226546553049728
17.796281617095836
12.6360295364096
251.44930118823316
175.13707114138236
39.93886445839992
102.57105849967542
-52.60322328823871
248.44395099921945
-125.70346881087849
-112.07823887432002
-182.35042074097169
58.60104159570312
153.18435431316328
59.5493476059908
9.530689427162661
-232.372348112684
278.54778014508327
-194.37376107511503
143.1456705045732
85.33254730368395
-11.892198855517119
-31.575902140964665
-11.285412723779256
-24.53067787521718
212.694046078876
223.09713764501925
72.7404393256545
121.04167655399218
-51.69078305638536
-12.769821848193642
-206.1915907571631
80.32775809873083
-111.1802462947369
152.0638976671226
-2.346576186268998
-46.436622794444666
-120.40391293724272
-109.53583459565972
166.36678468162694
78.95612586323065
160.89731322908833
123.7562897673944
37.87879024411267
289.2156931680092
76.13901527246671
168.52950309507884
128.39895730259377
54.297147769661755
262.64605115049994
5.43531516891229
-232.32420010935672
-160.32443563740952
116.58887910249288
-372.65969179299094
118.28455433431772
248.55953601410502
-207.12380871967667
89.9664279019096
41.28096769081789
-117.64674563709279
-106.69772915047007
-93.98455200446851
-18.06941165691936
-52.05091317259195
-163.75641524978576
-132.7389078400554
93.66225064107044
-147.56731034407213
-46.98911128046249
14.810605016982224
10.899524654081493
84.74240106153194
131.36361466577748
-85.90315827312307
42.54440355216479
274.41764728548105
12.384741365206443
-143.2418981306106
-251.9130678755924
38.87923394651557
-97.148927486004
-208.11219091231035
-61.267421890874665
99.43984947408728
-172.0327718724826
247.1530150324167
-47.5639095867977
58.512216474161505
189.07587612359825
75.8358822035841
251.5785599354736
-28.75102592793238
43.59797966203846
-49.671666773147415
44.954101745425056
61.721903650901986
161.89739821039544
-30.535059311561096
238.3035374302019
252.1901001990364
-16.86357325373199
-71.67531325830069
-115.85285429162576
-178.89530848622542
-108.5688163111451
43.56681646328108
49.68098080062956
10.928177183611684
-5.287706099022756
-32.67382505273999
43.43745126111901
-96.49142925497539
116.5651157209431
118.45126456178129
-323.3493740875964
133.24480218565145
266.310621709255
95.93630875769966
37.86551223717572
68.94463310762305
184.31506500125553
189.7785149136789
-81.49224672203962
42.54621921997225
-124.6151111060398
99.92345295758543
-10.10256879889007
-41.088907139283556
-187.7903043227627
-276.25045578544706
298.82501594118423
67.31927303845309
-245.9650435046498
101.79033227596821
-241.64931535909454
3.748911162022302
-8.507798852197155
-107.2975945014818
-65.21872035173949
42.09477505386289
296.3546277800582
-10.32789309247714
76.9572710504793
-63.30305574074491
-115.74172724254096
-129.08510730474916
163.42127319437841
-48.15266781729429
-74.1438482027163
52.96720166583411
-59.335405671837925
-74.35218763093921
63.364579271127994
245.54798638676084
-104.33055794002561
77.87924360596492
26.790742779334135
-129.19435744783752
8.522295679118203
110.31848217546286
72.93072459374221
-20.0065186374924
112.44018229000272
-220.54437390557482
226.39095051144716
72.31887861216521
-12.57685947186415
85.04554707071429
35.659590373835464
64.29121130094195
149.73470932241298
-73.22856398182095
-53.29856072752953
154.98840098593024
187.6335022904291
-3.537838894754842
24.383056989349928
31.022916423805523
109.02991569132098
-123.16797231197404
-421.9735258972916
-277.0807763434773
-7.835419173680337
-192.78968908585932
156.72657197582984
85.59038719896219
-157.57558899364597
-10.530829077907152
-175.13764058329136
138.2383149363581
62.35754749903369
148.93179317446297
163.20972527835306
-263.87445763763174
64.17061118381793
13.313284651420147
-108.50078088215812
-52.31285503983125
-46.4154889652153
-132.6836112685733
-41.52724974665934
-20.71696903584665
16.13748775712126
64.95996198277409
-59.21410662824554
-13.156409962017882
75.11158729699402
95.01862574111983
35.790201112131626
85.01336987002614
-88.15967808904514
139.57791047244453
-100.19165089027719
-9.58204910187735
-121.21016470608838
77.36992962665707
-31.618315053891163
-5.5732629247027665
-223.33773997870804
-2.362696480261479
-191.1681192503786
1.6829374974069151
-9.926859012527611
-36.81194633074353
43.927562318477385
324.25269020749414
105.62927033144273
31.38463490269562
58.285971048097174
-15.288983078265407
83.99605690316089
133.08552819892526
-100.99985973156477
97.68999771040241
58.36186584905852
74.38865335961299
135.8994025944285
36.36268135165852
2.0196401067577523
-160.0270354095697
-158.33596643488607
27.39277001930906
-30.826458224584815
146.9775009156754
-18.250901617956153
-151.43422261927032
-0.28010556739221415
193.41341995236425
78.32632444593655
43.98768508947007
-214.83836176249415
-118.47083123140955
113.36725812709363
-86.53357008003158
-136.57126197263239
44.193737516815474
74.75035985367465
-278.9415334117773
-65.00464982987106
-8.446393430940368
-122.40120947745865
-282.3494586740241
-4.658107762506988
34.13120725193132
-14.471352957154101
63.08816102086132
-138.50565616556594
-69.23310716532718
19.570559782986006
-125.59648896857554
104.62107383717087
297.21064028174493
-52.68876329360535
-20.31631381800098
-25.701201330720778
-3.7061726055140003
-87.17008151978565
57.18721268444875
-22.29481650444922
-31.166984301023742
-282.0245313509237
98.25224577812172
-119.14798094062849
241.07515162327618
184.90542376388746
121.82845936866995
-346.9628912292882
-21.774718636758408
198.33852215348776
138.3108747417315
-183.29165992651465
-132.4069777853967
332.6707375635279
-111.77456191337389
69.77472880907546
-106.73645626058077
-151.12015611492978
99.07313488343084
52.340595943439695
151.39291677939022
-163.82489268756447
190.94622339748682
20.921443040245904
8.129238315124281
-25.652074321185403
-133.95084295248375
296.865276858641
-13.385392163444989
33.166075456411846
-47.323736627054814
8.869033926538702
57.62869355415825
491.4461149731361
-16.38062096535761
-77.74022932969487
187.96325821196373
-69.3721363994427
-4.767588688144045
-92.44102709712004
96.56360335406599
55.32452581069421
181.02123650513113
-127.77935923674396
305.0469308320494
-48.610223561962094
59.46576177573827
-45.797621053520416
-31.648474803427497
-56.97359653776415
-30.862082342684058
-106.77722526783332
64.73913838967316
31.539115219441793
-180.48658714218925
-158.0097275595664
-30.26058630196478
-150.94061554610158
-15.000315308348785
-19.901818578366626
-224.06751551005638
-123.08625489357979
-41.97499635919356
70.15330342861911
113.48147459405895
74.76986621657427
-51.95928317247373
186.85053384672176
-115.3339350606431
-141.35517670618046
-25.781961581553425
-43.871541904936635
7.714578869804842
-133.9260742318367
-94.93251595943327
82.71924182765108
-67.79927258648195
172.7621952635969
37.656592399577434
158.42813783953096
147.19099076859968
89.3252921167017
113.53927199045913
56.44803737129721
290.5100124832021
-30.561918901822906
-124.53728401972226
362.52589331814767
68.93924564954465
-271.87275089730826
-83.95936084569473
100.37966342059887
-66.97373393315283
241.8913728700511
42.8610161477967
76.59855409472254
-14.171624562895655
-25.456079743839297
-284.4518016163096
-64.01052183522259
97.28068688450327
39.698755063594774
-67.80370156926662
-105.68898179640327
-368.95273703868577
-155.79299073773595
-53.5369006922801
79.51501329031073
-190.29086981834297
-139.76585613700396
-53.056332926366984
-314.0526121586876
18.012553875169196
80.34371458158807
34.25288269332084
202.60563537591193
-0.6868696668867256
48.64109648010637
121.05729937271582
-100.48594346757889
36.73610070588551
321.22944426293884
152.34371744624852
92.13907582429852
23.433859926670394
-215.351769063978
103.95368037365773
173.8890173562626
-65.92806503722059
39.65461632609479
51.20352490176846
-19.6859156994482
50.10696911724851
-87.50635644807964
154.74272263482624
109.43894372904913
376.2817736180937
-6.3844319358953125
-81.33357031609417
-217.21252025062785
-231.68268959962643
133.33166862521264
-35.216903450805866
-159.17684856092887
16.915857511135474
-17.508641228915813
-108.13615962550611
-80.86478382349112
76.75268688209566
-29.765953382940097
144.33753689655862
75.5767611613012
-74.56923498746791
-129.13036150714575
-55.12145801277525
-24.801056438279794
-58.08590444590502
414.86957033863547
-109.38873136691664
-12.77236377959505
-188.761652776949
111.28486005079448
-115.2974183830368
161.86264680402564
-230.32386588838534
286.54049886100046
-127.11101283631835
120.91804790300372
-37.771486944318816
3.519218002427355
-37.65369593850381
-187.29424155143076
-26.07838229371542
67.74965929782785
257.45886223944416
-167.735470968362
113.72921401197715
-101.42742076915378
42.57228844725765
128.30984215987073
27.700500894313862
-91.6496165045942
2.5379680844702914
101.23284607136844
-27.28483023509836
-68.4534354050267
-364.21796118474253
-26.949074955731447
-81.06872156920804
123.43405374575885
-89.32902235988084
-71.7133789625132
96.73488472863083
69.33927341191757
-86.81428722376133
-123.9964787975199
-138.6988362514283
159.87182004280615
28.661973050588767
22.509551421671564
108.60565807943851
-59.02790778767027
-143.59970536462092
223.43565117684938
129.82194921362012
62.322818334105456
86.82369148223235
82.80022324365484
8.96073568381554
179.7040633794361
291.0626420392485
148.1888927444126
28.06844811049749
-19.441314569278248
255.60257417519878
-114.92577840927318
-20.435453461104085
37.323709394857595
36.05864655910319
176.2282721233091
61.43345706162828
17.232736787800004
-177.86037283512758
-184.9815835132036
-24.47634304448959
119.64594945797904
-25.246242362855835
-60.25341827198149
122.01788768082878
211.18579488863656
-341.22963534389487
-136.62431489356143
-184.8099453273655
-71.96023614404453
-33.895597284178706
-91.91732301969299
-177.75980627947092
64.92255660721887
188.78061034451608
151.54439727797174
236.19665596612086
204.7884890217199
138.4126841284402
38.66436620183324
-127.15674315748268
58.67700984599439
198.3185952036236
142.62748113528508
19.16342250860307
61.546922917109654
5.452297373297716
-101.38144898722442
110.59645690116487
122.72569361304964
-190.6147284354624
-53.38897138531052
-18.81812758256286
1.0371987761186678
-14.550719857012957
-181.2514913283463
-408.6114425443009
273.3642785630935
-79.6158733612581
-11.317276199146752
-152.47308562012614
206.03553892380341
105.76880933446182
-92.18538834086746
55.749157251037076
-286.08275513982375
137.17601678383159
199.18592988577348
-125.08650167803003
212.8497642064565
-16.207853423764625
256.3777216198192
-159.94495992575827
-85.11192244911707
-416.09774909184415
-16.07009417173495
-55.44794149081055
159.11771431718836
41.43617226475396
-174.47737027241303
281.6873887941002
-116.98847382603539
23.913567683257885
54.71001821066531
9.728433099887516
-235.6933929016245
92.65332075208013
123.45199627306984
-112.57438421734233
-213.6395526603524
-237.26499407726797
103.64991250807489
-134.57298823931635
-110.76776157632371
104.65066748694373
48.132768842906664
219.84383624779818
-29.240701317668957
290.68129885658254
292.5702560526444
-148.91916136560047
-122.17208779787978
51.04660144665792
-45.15141329267574
271.84131225560157
-219.19207242616883
-5.420696174038835
-62.218837213782344
-114.24945737683304
43.74585553852918
-97.30532319871129
34.820746543567076
259.58555128299537
-111.2916257361255
-37.26203032784641
132.0852784757156
-88.0351597703608
-103.99025039097238
-59.17487494713417
-135.03192669778522
19.311244494619952
-250.61785489339547
-23.10365420958917
-130.18745710791404
-194.74655796593598
-1.0641064894853354
-152.178467985578
40.30737920491639
52.15168253038657
57.23821150300209
-97.10498214605255
305.72490698269763
10.152080415215694
