29.993462444905685
74.9138483716427
80.55371877284746
55.16299367135435
-115.44274924129255
86.24586178349037
-14.461544869636752
104.3251504588581
236.77573189439835
174.39233318763812
199.13708442736623
261.7022955138268
-29.53286493031966
-210.94068421951448
109.33863426986495
65.35755537571717
58.69619354105893
108.70733638530807
-34.88409562864776
-16.886235982320834
-87.95659358251285
-55.96432909852638
-24.035734921783124
70.7930062061984
-29.37089194033252
-54.792117877875306
1.8034913327604396
34.08848213671323
3.815187593568295
-107.7241953861836
130.87720113440636
-45.647822350042006
86.34759163313936
117.43794897672069
86.64900096267891
-55.216850023514205
14.554146492088218
-67.52518802712771
0.5602848204435855
25.54002405604114
-37.207403651506986
43.83890461690074
114.59371481587786
20.11765007371
-78.27535034934837
-192.094194979154
-148.05869153963636
-90.60138848727146
-51.800797759266956
48.539919381159294
36.64357183455201
156.63073093969516
-7.2942341370894415
19.234436728467397
150.36179535086484
36.17107626563685
-14.543260044647937
-53.348483346857904
65.71637513704658
-53.49416064393839
178.8043216653816
53.7952663621918
-3.0105162673423234
123.38442430586798
-59.20505671159266
36.59163610763922
55.35996625950731
-221.89772407098081
-97.44172917508642
-198.1053577912942
128.5887978767457
-179.2674753358935
-51.35996144547571
60.38167080319226
80.4483987090968
118.6012923982082
-156.72592318774556
15.700441073582269
190.14250650636023
-15.562002859920726
23.80534793488903
30.734268418603495
37.36216324886363
12.743013626603213
-50.06869840782236
105.95107998077013
-69.99568636194485
149.19288525438856
111.23993029911112
117.86120116387684
86.82722084359743
-51.44689899622867
-62.699713689663724
106.93233954183975
0.7194452789801296
-186.7598732012141
39.41558292325334
-29.115219386168008
-61.200981174962536
20.906507578072354
84.43452475813105
53.98127330743471
53.94985960217288
29.88040472894472
-45.416218064745856
163.10264181969748
-51.0027765044253
-144.6117379181708
38.48774192628151
-61.86864358703277
-168.8844658071612
-143.51044774133698
7.697973519641039
72.17987565289177
-2.34650331859265
47.748129991789334
279.4008907960457
77.98463933028272
-6.1950719619123085
-60.96459000550317
-67.56437170177568
7.234183291501133
107.55993233394307
-317.3679846264133
23.86796905057709
144.1047901334705
55.497499987592505
86.12238388279876
54.57181137375012
11.924566604884141
125.87544230915356
61.76186392320939
167.4187921051971
-25.016248357645917
23.716626651838514
-34.09579541051409
34.54015545016498
22.204823452277886
-47.24608661507487
-222.85276689295875
-221.78431083360354
97.72202045106658
47.476302885602436
-16.388971593716008
46.84227719078544
157.545338527618
219.37736180590696
-84.07320749853638
-132.90483996485764
-114.88311755393512
-14.886187056179098
60.63891341214013
5.823353073083409
-43.66361061794123
76.11110120936758
77.20168765037367
-154.85323573463523
-111.3583590138356
-10.987634813089361
8.741404921019996
122.37420167328526
66.43927429152752
13.665472862516337
-54.85369477260251
2.3287350158381863
-10.459297238912868
-61.308785759782154
182.1324071862318
18.45460931014599
24.0690071278542
-96.20578823474672
66.93250534650795
3.390092764639992
255.00267913878892
-8.803432285690226
166.80759280452835
-122.39399774455532
59.86535971821206
-15.290538794115191
-9.604890124947822
77.16451143970899
70.57290660060185
91.31594285799947
172.60989856726587
-59.000211572962534
-67.12826385718408
73.91357085219867
11.187068423878824
-1.161123333092617
132.07742861665554
58.71469486878694
240.6871013217432
70.42027518539278
77.50302268203164
127.5988829526836
126.83295556464697
-75.07203945529132
55.29354247981178
56.04198041972972
-14.003185019325636
-158.27025200454457
-20.727766074248947
9.978251896609661
60.25473726804558
155.27152486726985
-138.8678406307985
24.49739029855475
-7.216947705602304
-120.57340863229037
48.366596846246594
-347.19469557284896
-191.55059530181902
98.42682979256357
10.227258185445733
227.79428205352016
32.418583205162186
-30.09330204128612
1.3014556859904116
121.32637829786123
-29.336713851687083
-9.75360817282013
-65.49005925580748
185.3731584735531
-139.90146984366572
29.719043456633507
18.020726714486333
130.7415187806675
49.85295609327754
142.81102555287603
-26.770550170683713
-9.53737549710408
65.73519313682722
242.17021333745882
28.60628616295136
-29.446232680136642
-59.50329373454591
6.391788836005441
-132.09923131403457
-64.5805024592656
211.5592447478299
-76.83543693116697
-94.78274615095131
-75.43945450203354
-137.70849316274044
-175.3508387895607
-141.92273390915446
103.32976384337775
85.48798272978999
103.93167083127025
-3.9319818269067484
-55.12656390642293
-31.402020200278095
-44.81321163814157
-149.2668742287676
-112.82070757890065
94.58654549936564
-101.6401345068341
-94.09550920169704
-162.94024079814713
-29.74222682084679
-16.760097222609957
58.397894822871784
-36.49805535590848
259.10682314180247
52.30884830527703
52.68348476630886
208.80843434550746
263.89879798129675
24.87728892823365
114.09498409453587
113.91688151245327
70.15227601444126
26.229720380814303
33.644510926641765
134.56121829604237
-59.59020094784877
-15.210531766179008
-121.7092563852265
-21.07280480070654
-8.013512133983097
-103.35500955062693
-34.5744963860078
-112.76632117458887
-25.11607711022558
-119.60975647830449
-46.17901049943511
197.76305167899042
135.2182176723682
-9.727045195938954
-62.24044483252788
-36.27435392134509
132.59397997005698
107.03266444681807
-6.655927295319585
-44.21979423927963
-163.37381673940777
99.96360432429836
-19.838666453517416
-57.13314335556883
-1.132729276430027
92.51895191408008
-15.039172020461095
-115.75035663168019
-134.30331322512035
-103.11959795550395
-60.01826288830482
21.427565560428132
2.587365636369067
52.20245967505905
-61.68840877253513
-131.08012938083004
31.76300033753195
-62.73633341282907
19.75829154820143
14.144940164295567
-54.36592613958803
63.586145431270175
127.26154156846424
7.754376030251717
32.18935943030577
95.0620386919294
43.95723612051555
62.29811264952646
30.474017706043337
-159.6121576385595
48.030866795938074
-75.69883741867085
24.684863152412955
124.30070738501391
-32.58222249215098
-114.49506487681506
117.76062466611262
60.8475928182941
92.68451780261074
-66.38832603667053
-135.45432778930115
-79.79943902513241
13.006454524310623
139.16659994135713
51.67123567587141
128.92289007548564
-79.31831347546108
20.35618323800738
236.92657382025172
-20.58072460608716
-95.29438561394804
11.35197593812444
-52.49222195554968
-4.896297996254482
-149.17273600101987
-40.85664471425998
-78.69575176258232
33.867239884801236
172.5670460594911
95.7731211737721
-139.90867112632705
22.5398379980776
59.03274548503696
-7.764895941213571
-92.62214881222836
-73.56614744586985
-73.85126372806775
34.22058009401742
101.85920794698129
125.44090036900333
-0.3899757686978341
75.42986321050999
38.4123896797387
50.80418752605393
-181.18954368835094
113.70933473683887
-112.91424745637694
27.373222427855513
-116.1652907839244
-15.820559725209169
72.12556702283905
-3.3706211795868906
60.188937959901956
55.434250651950215
-57.35685106368908
36.91635687966921
-13.248483829960064
80.90743547422406
138.0901022875409
-11.859173911856463
-5.667090998549842
75.69356746342517
-23.8192236583242
-55.66578867242439
19.984261255712937
-105.98608214283607
163.77527101313964
118.36034747833521
-20.002663572895557
130.70487176055383
10.313356713157646
-78.74761698668759
55.26236358020264
-76.15337555158546
86.4826476574836
18.264969758299678
23.47994259762635
62.28170865146694
81.05102498497064
-221.94323625884874
-19.789387555618227
-13.471093610018707
-89.31450397599465
165.26230031625994
40.56098925040802
-72.62625431069715
-8.272778909197871
-49.08333730238636
172.07838750506082
-129.97329248954384
-106.31590048145277
-100.38384781887387
0.18244271134654744
49.624610959174404
101.94698430806571
-73.45549127176045
-11.544278282835979
7.847300857075785
-137.01121249413282
-105.88796798685277
1.1847503953714629
102.54094400271003
57.95268007418401
-29.820610846157372
-12.107121389454813
106.61612950722599
69.52626378075618
26.360798646239157
-67.16410802927426
39.99687921899647
-21.86715839014851
21.56993523525845
-122.83405617566586
-130.0637322489665
-55.11210933869473
-193.13041939426097
145.67920641063972
38.58221809661758
51.206536600878394
-36.520569069635584
-30.10790077234315
57.74330177549024
-74.29316750634048
63.05018413300495
-188.04767037845616
-63.065157792483454
-231.66550508472926
-17.49078964400742
7.088071521351502
-163.74071785852263
-95.9802876520556
42.726880404092334
7.297374002339915
-61.81360942854972
119.86064335143978
-5.385808120210392
-81.18641517830817
-12.032492179271022
-0.27097952783390666
170.23191966264676
-112.86999165576609
-55.37999324665843
88.91175678509032
113.95835740097802
-65.23214996714889
-121.51283382177954
-46.02262835086331
67.42996313327596
-70.14799072762247
23.74037658872176
-13.143483133499407
-283.0662324038276
49.83261353230498
-68.63486182291234
70.62371863270559
55.9435110664868
49.09997050521726
-51.142407570027
-1.218423273627726
-195.38654153530717
-183.77934049632535
-77.7899481179519
-134.40472820941977
-2.7423145633982577
-34.77636899077368
41.71398043751856
-82.58825506287124
180.17538819397313
124.08359513231119
85.9335212938579
-1.0213212663711553
81.633983519666
120.34699542314158
-18.64485506083149
64.20990796352949
-23.843689902656088
-90.95870328129695
-27.647921784040793
135.7909877946982
94.40310288843754
-93.38517988493676
-136.8228468953966
76.23205357628201
-111.40569239216245
-9.829377955469747
-22.372458263738377
40.53001869765321
160.48084694085233
-33.939450503389395
21.469859683110215
26.974895691632955
52.96426154895311
90.59763747997937
152.97482798322605
113.62716867158746
38.356966214690594
-50.06614070312343
-80.3186342007985
26.892072606477967
-55.12478714763969
-119.20415897817581
-182.02032417954086
-95.70840257988577
-95.61315279506944
-58.951764810946855
34.37325258697175
3.244811917927659
-8.633846619350038
54.92433606458295
61.23862820507361
-63.973523080518795
218.49614344921102
-96.91162230114568
-77.50079156973635
-128.67405561879343
-21.96160596546544
129.22722344201696
-8.538060297658388
231.4298537260975
37.191069501358
93.85914478521667
49.85856819398778
118.1096150695823
125.07805788257902
13.928284397339278
20.66642920477233
-46.47944339836076
22.74708043012852
16.887108646358055
-82.90515443052325
-0.6356369824409356
-93.43637655977112
-58.454347093713686
87.28005723509564
-77.1860444544173
80.32421731984512
156.10104157300498
-42.33192445180462
-16.73601033098479
102.08621431740781
20.844774066640472
-131.29656464486266
-43.327764145267466
-80.37513636117143
79.61900046519924
99.31633828780888
-127.5925656661818
-21.443856530022924
115.55479321874304
-16.480325880530508
57.213894577525565
31.693870121186986
100.48569043459372
94.78157505542734
146.13088207928564
-92.39858240970283
-4.132564489925596
-3.4313713986749157
-22.62571405083527
70.93674927167059
83.7486159477884
-280.41081046345846
-91.6424035286214
-34.99196270092275
35.31815203042825
-71.71983393087355
-115.75775568055803
-259.66755273912884
110.72950408214042
-71.46059617938869
-20.790525475504346
-78.1803074226235
-47.4767940126929
127.85150599169144
102.44253372765364
-16.39624975628462
116.02998462458817
-73.078356065825
-80.08443848910457
81.54655039204088
12.721146068063497
-289.0640004611729
44.82505837646788
-44.14391762824831
-12.015184052857098
-55.71073505508732
-357.6009262472121
-105.28619474226414
-161.9797367927155
-110.85741348552287
-48.85097709653978
98.07363578536102
-8.682848414106571
80.48476581589618
4.438932395098608
-115.49017293516613
-65.88929296370718
2.054311332033078
13.970152658526105
89.98756173399353
-10.109918883610929
84.50310962586735
-9.767724196614553
-41.52394943382382
3.5293002532690605
60.54719886721942
3.5017417186635855
-34.02165442025341
-146.82886844156397
-26.79934364818661
99.46519655657494
157.33497273290723
107.55104192091939
-44.269011092302534
49.14796805444125
-12.502109794195793
-44.33131822515078
-56.2495441245246
-123.61814418947996
-183.83688110045463
77.95257248329679
77.69373725250767
34.59228140139544
-35.455332180670865
-85.97018331616412
-97.6730987872377
95.89299868507382
60.79359777360211
-89.79037234199775
-1.8073469440989673
-3.2133580975907323
-60.799684945282344
109.50737594098537
-135.07336103342965
109.68697132407218
-41.140546042726356
-72.16994149522795
3.007458764186416
159.57671121661068
147.1847280155916
-59.14619477901243
146.7469377664842
-142.91813079750057
-124.4281014364859
-130.6189095664245
37.214261696218095
62.052256316584824
144.7062413106298
-50.00331253364561
-9.44533574705916
141.21723669312368
-3.008422793714268
57.692380558523425
7.820836771090804
1.0195825569038202
158.4615090611195
-99.52698787534905
-5.689877223137765
187.33266357418228
-115.69626524735713
-40.22525330130928
62.24129689885631
-214.1887883928367
-106.85381661181357
113.35962525770846
-19.47967738931507
-38.54629332083618
-6.358579105023317
-57.067185170296824
70.4505057081976
82.17415095312383
-50.56303404731026
-69.2862228885822
-43.448230299425994
-194.43470211141138
-72.240087267917
23.010065892017284
-127.9907038861732
-147.8893265248356
-4.676768134142273
83.27402131868047
46.54592072343973
-135.57222266898427
-205.1512958890485
-180.73147249857553
-74.21991233973675
88.50772901691387
-150.29032603849612
-56.03721726663058
-157.21852537272648
131.82420589549326
-13.305458107735372
-0.4721804872822216
-119.58301988469768
13.012433439684314
12.872784665398466
-125.78253870058487
-251.05986378300275
176.61141533904285
-6.440071063123673
-6.296583991737411
23.76413698867577
142.44987050151494
-3.06823742741815
-173.3411192326448
145.80024032900545
103.60286376288967
65.34060225346558
-142.1345956049464
-104.93027524193661
-112.1655844006943
-100.4036403002099
19.20766326723041
63.24173163823584
5.18068243844216
81.10106779671274
-126.65232557914811
-6.941497290898168
-1.6563027498480614
60.23015112287148
104.49104588900603
-323.10882922528265
57.948633012693776
-92.3495778185828
14.876014343749366
71.29638025975036
84.47675751031066
22.468768149109444
-128.96960456748792
-1.4673517445982411
-33.37734522879052
-70.60576165199772
135.8243861948482
-26.33231361941826
48.77262031671488
11.316504747315834
-171.9771508326987
-59.08630387788249
123.24522116656557
97.73099707344912
239.04976931871528
-95.31826693478907
138.223461460171
-87.23177152935872
-93.93824062150499
101.41193211481887
1.2236131711536893
-80.43238506135667
45.51551209275492
56.273319146823944
-87.4456509410968
-56.29112847889039
0.33856673485413535
6.900964334749089
-119.25143000180258
-131.10271662918092
25.97021147913874
-18.30508336702632
51.174900575410476
28.25929757976041
109.54183059048064
-7.921416798395682
99.2866750719434
80.7481752711725
24.346059235196964
-113.92257750965129
11.772262026591305
101.31856919614934
-244.11380307455187
-50.194495958396104
16.19798604990001
71.0883451667473
33.08921111926646
163.4944421869878
-13.171492798050645
-94.17480305154331
63.53302169075686
64.19833075086413
19.451762785019785
122.2836736974487
84.86543588587269
-97.89478894900594
-148.04809469957615
91.11827072495947
26.735868159646678
-262.43457802036687
8.026669952897665
0.3968427690850821
3.9257076481226734
22.62806260403061
-40.538126667143345
-28.417467361699263
-91.23345520109638
-97.87359834632824
-110.53877927825766
-121.56648537384413
-96.86991713325426
-69.87096673368141
-15.94809691706952
-10.541505582149918
77.81551504750502
-117.42649229819527
51.829111157267896
-175.40324548389324
195.88480240149505
-4.951910409607242
89.0411663851006
51.51065925369828
-10.827199280311858
83.60210035477633
-23.1408815882616
-66.87508496064645
8.543062957415595
96.39113617071928
-73.54079493009135
46.220387128725484
-174.33476311633814
-162.20076251060877
-61.524856092523045
-117.77395274968453
8.382589134895456
-128.8590009458136
-47.45313200056289
-16.004557992546573
-97.2666328109367
-179.2225471621424
-111.40613085741059
76.48059528344409
233.258020313571
107.15327502517076
-99.49494840693193
-148.2458662802093
-134.86434740514179
-53.06545768974251
66.97698969729227
-32.714180905956276
-75.58726767285593
-68.65982363132115
-47.58532524029301
184.6732740201645
-41.590367632306595
76.91518414666989
8.101491065554363
-18.020529518238863
14.53664779386654
20.691127758431183
138.74371000579418
-182.28742749074388
-18.356981462977338
-25.606764998778683
-62.77257055991659
-87.6007368209056
-101.18116495709802
-20.923651827738603
193.24878433196682
-51.65623224423034
-95.05348435016244
-18.32840891190638
25.468782813260614
-55.89473949091589
-62.83504484561295
48.91519116100996
-190.02296783896526
-75.28207485584142
-175.68445892072
106.3127994340739
94.84359665874783
-106.56551976593093
5.9457581359452325
19.189232638877044
2.6422984120728548
20.221895607839357
-20.195269953611398
-58.3145775147793
12.028103172704927
-39.53039969117961
105.01290458626713
35.761942826592865
-20.826836711748886
281.3521400081685
-33.00023294217415
-109.0484245685819
-2.2479592724541115
67.97789080849938
112.0784682560319
81.82316185219617
-156.46059059220906
-200.45747473271405
-112.30968871906974
31.452485918158153
38.03646206078731
43.612233509489066
-18.301661370010766
144.74809031325861
50.393171104403926
62.56178585238294
51.767275863790516
-104.83942527686985
-35.84621987098508
-80.91951244312561
-98.83715867225101
171.98738398712396
101.33299743228741
33.93721762943381
47.08569531847391
90.9945293335806
-240.1446345381022
-14.603486257370516
99.75181414628393
62.76907988230646
-0.4990863681062101
-107.23264422363603
170.0234809653043
87.83302639209457
49.87927008903609
-219.4230027322615
12.071228263578874
144.11821128361373
-51.08145250356939
35.17389978515286
82.16745821261608
120.43839921972565
120.78722714729517
88.22878097251797
102.02006897072198
6.750849179389244
-201.72220490927882
-170.18338656383355
19.123279274546515
101.07327630212403
175.49587546221267
80.45759127835304
130.99350808706313
-14.316187703059947
-71.10976072614582
-108.80931366899999
-45.93658074787653
78.48424937341404
85.25366363569401
99.25934398398304
16.865824141144973
-24.407699085796843
-25.81214902758743
-87.90549759138635
-30.688385119701145
-230.81864142991947
0.7955636264538688
47.643018255961024
-216.9930130167771
40.87858767633222
21.747342354467133
-10.526662639320977
-9.440555596290308
72.12842968320884
66.1069777505571
147.94752428804819
-2.2970077015264776
-6.798338870216282
99.66524278404319
207.84410060122212
51.001433671880505
-31.337287461331883
89.34424818894753
94.03456468941157
-143.85470506844683
163.32095313748505
31.424602313802183
12.827468623800762
100.68497694602743
81.95697750270214
-88.42720680117701
-258.98578463573403
11.252781592376378
-50.9084289500084
-25.469686760205885
