-239.1568367940763
51.92389413334794
268.1609587348436
81.39494878107644
-96.3692782649461
-140.94096666813513
-76.64605703188506
-39.25324245528598
-42.15367462703844
-104.29988741890672
180.97513152749676
-120.81014046202448
-43.77004060380545
-42.741361114229875
24.79932930500907
-143.46907483841733
48.14764085134003
-1.9314952116527462
153.62085437885617
54.079539296088136
-3.399046725312833
-146.31318265626172
-25.105254184901742
-88.27307561531924
-81.522900778204
-106.88456274484099
-86.00967465950632
-255.7395012830882
-42.850780388329134
-155.8463817801401
10.498535519729685
-9.976195527858682
107.42568512525021
-62.59571507497168
232.53430822558803
17.886609380435253
-154.4308387240809
-53.78695666709639
-188.08199024137127
-200.3785762709518
251.24033201335214
36.83041054225835
107.11209545024306
-244.93795007110938
133.32418679516977
34.67649891655917
-7.492402207067897
110.62267134966515
-18.888753217457126
-46.086055868112304
40.25892522670074
-20.14336477706644
-41.48039854682368
-44.34628939990602
-11.471298259436894
-194.14249084691298
-194.9305448046576
-312.424456234908
-6.040512489334869
81.035115909873
-57.52240256434648
-188.22453030645556
48.02379762803967
-97.72768844925093
67.01018226769216
13.08128426460829
100.4133093988824
153.7585267092108
152.74340808139868
-76.21776521885668
-103.8031864420987
4.266937523096714
-21.48113184576024
124.30764498503663
149.2884715853085
-28.98768401755144
262.19817971697825
104.83422828481136
-45.663504572502035
49.04099776892982
-140.12636187276559
201.15259315070858
67.17858538471826
-160.92787871164006
-148.45031309260992
341.9633940846502
3.782191292231866
-6.305110113300476
-137.3344284699039
48.1622029691966
-54.02486417098675
-44.23624396508144
280.8628992701132
-177.35789510468868
29.053085716659698
14.092527732748538
142.70818161229036
159.24141487997258
-166.4229760912969
10.481018213287184
-11.891138845036085
-73.71931796758159
-248.4936630290107
-136.6784526949747
-18.624326125528295
-4.926904783940195
171.7742684182882
207.0098752907865
-109.07422791274846
262.5785027053594
217.95782412870398
-1.7440983115097333
-121.71591755285165
96.60312442195831
-173.69090646487422
109.38062097157143
101.42391845519053
10.810600730244861
-206.2460351858649
-187.80367682180417
-151.1899987460952
-65.59379377884169
-210.2799897354549
-22.698463581099855
10.962011615359213
-227.62951255412452
104.37306854139338
153.4483644204583
126.10534025588862
2.3486588794110976
204.9463135803218
179.28613878159203
192.2213770815602
-30.2076259620567
-24.542654670128844
127.01115831852762
-49.603551618763646
-239.39336380248866
87.571349350331
-196.6904729892526
22.35257584925719
-336.27035323463383
32.58356769467797
63.69013676046798
132.4061986128334
59.5882557169013
14.453796663751895
-30.7922578372748
11.092031367767015
-28.27751947808275
164.71562941520685
146.01945113803055
-112.23612340382174
74.76713570830867
-149.36886285586303
14.641729562306477
-93.40379651866593
32.2504032065022
43.03716319879682
-6.293564402284552
-116.57310466371679
355.6311860309707
128.2331926760739
-66.1092067677767
-1.7286554058326518
-24.47352763766584
-12.556393459835283
-233.85391266720544
-8.89187768838235
56.05632267606868
-84.35429602689618
-94.45300199129593
76.89251408498706
114.25585988656344
57.343400632852365
-46.05981732423049
-82.71984119332375
-119.35463942802893
133.94172047276314
111.07021210006556
-57.47619652199463
-64.20293823057892
-127.95640609594889
-27.885281915200547
-8.202083292246236
109.78063058352774
-135.70366785488412
136.29619715635906
-77.04111084752627
64.06536055826972
0.3636786986413202
-126.17718197960387
-213.26221035966702
-286.6600639440634
69.70070493699417
-146.73104156696132
134.33363325644885
40.010870788253435
-78.98467766683233
147.23102606087892
-157.4105399907664
-149.8674675695605
-80.64352850534378
83.53100171736891
58.230489348840585
200.67874691673777
203.87866198148188
-148.9662678186452
8.5687302140241
58.90819433301946
91.13830873017754
-54.3132093938937
-101.43535891728365
2.0279986252029456
32.68047277968143
58.888651274552664
3.216376019265451
191.9237081545626
60.0426329851063
229.15385766384927
71.30427906754244
27.25200066188755
-88.13137952255282
112.15455600209745
-67.33137125261801
100.80663019959361
69.74679364368149
-31.27345726822154
8.091463358827788
128.16102529209607
-44.54876743913188
-132.68024076260195
-187.4981803883976
156.73489904428894
-103.10807528593146
-51.93379149745047
109.45268717185579
22.304445513113553
-1.7809154273760863
-167.30409924167822
77.81173017674713
-25.43983722810188
56.597298337589066
144.98070043291386
-14.164291564542685
85.73829434442375
-167.2596652075535
-202.91118051972995
23.876208760045515
-68.93594286146676
76.71929468168852
59.256593563099464
-59.1622856933498
110.34825702842687
-94.60408761316165
-169.50551878886245
109.14361153802594
1.1239822174566263
-201.13635918642115
-112.80551490261783
24.53446670236258
203.99188306722718
59.288538172395796
39.428066871646315
27.05254064710889
-191.96528538155462
-99.00667135696324
-142.2363563615718
166.43332858626303
-1.1475345652761932
96.76504010611612
-331.97923368389377
90.10801551944675
167.8926589160767
68.03430364770102
103.71183633248391
44.77252869030333
281.8261131438006
-102.67495456696255
115.69563307350487
-70.40697965170204
349.01623127852355
-107.96599008748287
92.8318009638531
-196.8507097106427
-154.9137699467688
-140.62599099272586
-76.70910588202464
-127.9934957108629
-144.73569755052756
75.93712787265437
-44.939130034951795
34.977289003767375
105.55701312615378
59.76341917307625
185.06721621590057
-112.09327640430647
101.98384279119038
-243.75100391509878
-176.20090784219852
-25.105899198095436
175.09481934921527
230.9259827548294
48.154709783067844
-166.52140886068906
-4.152614016953338
60.590633745291534
255.6278047830712
-70.07235396162665
-53.348880693475074
86.33823631018328
-173.67981313824603
328.26612879322374
-137.80596739395972
-200.81243727070273
32.19386489275892
103.09535199793093
-234.32661171509437
48.23128979507878
-328.42002612333556
92.62142002901423
215.01753293974656
45.93631010217583
305.48119162711606
-14.421893186071152
212.6086058279109
32.906944407846744
156.2707883464366
-138.99260157123638
-56.97309078795534
99.97109965656473
17.817105953063095
141.29615137458015
14.061093317577903
-212.94793505693858
89.22477993340136
57.88336204067361
-161.94166059101565
-208.55508476112925
-189.80937815112858
-15.523398528145083
-12.295583427542253
-95.01118460624154
-220.36009651488047
22.49732739183398
-10.486498740786322
173.5258310671929
-70.8848403688206
-66.12094157179229
160.76094977759905
-30.20067710347923
-100.52101949474677
32.62271543365418
218.68171040349193
-33.5525878989981
-27.0049862114839
227.13944240027394
-36.93335665444235
-239.26570346156666
153.27264574567212
114.51861470217074
-180.88193956140447
39.62301000872415
-43.892041960353986
24.660429552089465
-32.351986792188995
63.46739384162617
10.802600061734747
-100.31476302558004
91.55476559865572
44.95518001815937
113.20288315176177
13.090965075137866
-24.73069412423938
25.30233746729065
-109.7141426399698
-68.4529377709526
30.934852446804292
105.70655053173653
2.1077756817476114
96.37055742799247
-188.02624096973625
47.00922979597813
103.32579815357286
-102.92944385408411
49.0159398476867
-129.83819830273836
-128.98231234915409
213.88223436225
135.24323387649085
-187.78712760159922
51.944315946185576
217.12676232401037
-185.55249242658192
247.44958880443266
52.42804420070654
9.141277892573694
-210.99965358918422
-172.99483921336076
44.81056790367292
-120.37492740948319
315.82993891290977
176.2114178965576
227.61640721484878
-6.5149238202066355
-64.00351796029135
249.07950435624912
141.13461828192678
-130.77118467005351
-36.861790028066444
-122.97427774408604
-19.022758215809795
69.3943624386429
-265.47548377165054
-155.24544907029843
128.76786501829574
-211.19853887948256
19.66318855580455
-93.42456253908642
15.658046793343319
-34.04435590489091
-108.30659395751579
160.62332876535987
21.19773326032721
-73.84636475686693
323.4303110460583
40.10363996892514
16.248366153038326
-14.002951249333208
30.531937018808026
173.73059384409817
102.709867099674
-210.71185860416912
179.40587034493018
273.1015872928818
-235.08055876907974
-183.6613759830932
-17.335858018207635
-69.97197676568153
-84.07629301701586
-16.25600660242823
-135.73519844680573
-86.81883777750961
-4.815493170020997
79.4157888656069
41.54592311942627
241.4566371145367
-17.37167431712492
147.6504150156508
-16.61925092559708
41.35851736213489
-148.09610998448898
40.86799364436356
-142.8385705693791
121.26171516869093
49.102186058375146
103.21902141240876
-164.58282467815565
-26.65879898614843
-27.690401384281664
-6.937665381992233
293.65817278438715
118.34932368523755
-360.089210831068
-363.54473182503625
68.09810046429462
-227.75939821295304
-293.8474279042319
-129.81925496239796
-213.83606069480842
-127.26378218124334
-183.4389930829845
261.0291802582603
15.668105898578593
119.88119589735645
43.08272589620579
133.7568948729884
-131.01194023132624
21.403130546409116
28.74840290480887
-76.52827626823188
41.397707181591116
221.2883836964446
40.81799218277749
130.02141716064787
-47.45569181254955
-207.65049429278426
-45.79796553388304
19.82751694639476
31.611920318203637
-170.67542220889675
-115.51615263085064
-96.46637668492474
110.44677298271036
-154.792790787602
-37.760633129251545
73.33277643407375
66.34464965465521
-266.0234254043574
-271.9374296019542
2.2577403970162764
-3.4284671124352912
66.48890916407547
99.46616884528491
29.248709844898563
-169.3300173955841
-96.18932187659198
-7.671175684308241
161.45601282515952
-238.32727169974916
269.00781702711595
-56.49145773314332
-58.77059848648967
149.03694335482757
48.29796823960659
153.38625864118887
7.330185578141044
-74.00003801056593
131.32194474291663
27.95033762592189
81.303087812867
116.46110022265808
32.42651752240694
-23.729612982935677
-57.659728157808665
-57.06968811444016
-274.0418228120653
210.55975891425834
157.33334100956864
-30.401564258786433
76.37753826665957
54.005140295758075
180.9846701151501
-39.0855027742213
-88.40866570728681
-30.909764780179405
45.48341579532454
166.21638914666656
-9.96670669688545
-34.442910416998316
-42.189618660159326
31.188571328553753
251.75720448028773
323.827891719121
-141.87573889803883
-178.92431400246267
337.75580843332733
138.15605149910238
-199.70627837213695
-128.91464676456872
143.82908140050014
33.673141224264036
47.78771858616029
-144.81632360971201
-18.388335224265777
44.402606878411206
-69.04631007780351
-173.65708546226412
-95.01613368955357
19.89858188008588
-61.82930287240262
-4.844196105122206
-179.77812203071247
53.77939384035795
-128.42424807299972
108.46569445953135
-155.5712859513007
101.2403557016981
-109.11628113492883
-140.12164977307097
-6.503337280991472
60.45705805753321
-95.95356202921137
169.58855130647612
-173.66774161136146
-63.023102292215974
318.89995583691274
119.12867264129498
-5.507095661084078
-44.65477219727731
-111.82972510092749
-98.97675664839176
195.66715853437432
-264.1582604606252
-213.2559231146374
-75.56586072230027
98.88888469073609
179.0940869585214
-50.17928041481442
26.241661696820863
252.6108629706992
50.19212791770666
170.75242789167453
-1.976424168036013
115.5315869356511
213.08777657445185
-133.35911552122735
168.32863020124947
-110.56876453158789
146.0282941521667
186.2112772006216
68.42609642404396
172.19579045883233
-50.42519290454673
-208.96921016374847
242.12094880063506
-74.39003608300438
67.5176042945821
138.6762197827052
-143.68868247978637
-83.78090648379923
44.75217871322317
52.187572130125915
-191.2657780823665
-148.46818183788253
50.95296845535441
-139.7060453643538
320.66871067536164
-52.446865241911006
-72.9179299063264
21.02693468107138
-171.13475859154684
66.11276947269165
113.5347200065306
3.368915465108311
-100.78743740059437
-306.7566675111293
-43.64015987933973
-84.14677784492008
-40.41145829772065
-17.345339181712717
-23.249873805285898
106.4422194858295
34.406136601566516
-93.10117109296918
147.40211045639742
54.199026401569505
-125.84265442086446
-112.49298924735632
-169.38894370359012
132.40288733833094
-9.011463666548766
198.69467576985943
127.10584818322909
0.8730030832690264
-108.68873216090391
33.03521315541106
-144.2727713515388
86.30802151239983
79.69007815609619
44.60959970316747
160.7663593131798
97.33941924170513
-87.54915746384285
10.361994774887872
-144.72542826752132
144.85894147859196
-32.125545573517776
31.52149713516937
149.58935774067803
-143.710461952092
74.493675113866
-102.04756831144594
134.95034759791676
259.58737619253924
115.38989371664286
-41.124702199837
-51.46789886134253
64.32893634586347
182.06217732506667
-139.31338362290242
-98.81520920095534
2.7419051510500285
-136.66296743769524
-60.060835699508985
107.54607202686607
203.10901066350624
6.53051403972161
-243.3629941372321
100.37374627047932
-61.32453400178535
-198.89347694774187
-41.770697672074824
26.535025658171193
35.0336964572948
9.755578979681594
-81.12422208710022
-25.37514728732904
173.22320121873446
-0.9258479169513838
-51.95931630708195
-302.3464152886021
-202.25476120185854
-181.0190455484151
-126.37770707048678
-62.99254627704433
20.845789036269963
-148.90918607152688
-5.57694315256291
378.7848196659654
23.32330491529582
-23.256018592194735
-6.269583891073586
-194.52198360618576
165.71054234149076
-379.7785005323919
-2.1860424599342028
115.33830292279636
89.0147050913294
53.4601617616148
334.91750349489547
160.6557118797871
-101.74382586367604
25.56109379714576
-86.62206335293345
97.43136840080052
-2.6567557150969874
-135.04825291808626
-72.17067175202662
186.80303120704397
-239.12937301565782
109.4295728190678
38.55875026726828
20.38298113220551
153.34705721610564
-56.745868400731545
-237.7240790449445
59.64380616332272
323.8218786219132
71.21312531600269
32.68221507360543
47.92713797007632
-15.219405957972562
74.39646870091369
94.078569839375
-45.316323462898424
17.811753208659145
-10.853877141150344
-169.5562137949277
19.85745733150054
447.72115716542186
33.17222029720049
-43.15242539740654
-36.10228106860153
-156.20197130559694
86.61978596389682
11.000358397368345
-172.92520501752807
-160.37491584362482
151.8117514283907
142.24945178161352
-205.93500670739382
-123.20749283868811
-73.20809471332095
-348.0241958028444
33.682467014424155
14.45255326113849
-48.88467381999859
-20.055068078666018
-128.1920231067682
-28.504536716805408
-143.2663268881478
-137.8886930523308
-26.27748220076025
35.925586206784835
-104.79851319877626
-157.19365881842828
94.3528490038394
-102.80937021257525
-72.51192584260637
38.903286525608046
23.495041056930706
-148.5509971369715
59.018964678392805
-31.490545716395584
-156.56723265555237
84.35237249890613
-194.18237652239938
25.502854500982938
90.1517061736931
288.29363286493094
-85.98297271768054
-106.66745389816927
-97.44595303458773
223.62520044619404
-118.7815681452405
-227.54644399273295
299.59874347572537
-55.404232854113864
-94.82493061297886
119.44097322268512
29.785227687057983
5.599863608458287
-12.442290643645123
202.42087874322
-3.552488367850816
-227.187998408833
-360.7787385493416
-247.00732659339596
-46.80851970118744
-59.11248776013848
-178.58796256800423
-153.9813263916856
-129.12216485498362
199.8038412648332
-17.68644322802231
-35.83396015722975
137.64025799941945
95.4659145915139
86.08524062817686
-22.25863772068175
-3.328725876038914
171.75890128756657
-102.61175407949027
-95.3074143284195
132.35406532507022
3.505616483582973
7.394280349217859
-73.95864621013962
150.94636592278556
56.481910626487654
-50.01369810255457
179.76097017072132
191.8981455481907
-176.80598375271296
-306.62273512681645
101.72886783335372
333.8952507628984
-117.30153763299307
-53.69064204321825
119.95213914472288
-155.03047706147075
20.980749940455183
-16.20514836509457
191.46972217741475
19.753251152847202
-129.83824851828172
-111.86897403563026
-132.05925190086887
6.196670284746755
164.90094517725234
153.96345196251556
-155.6323082956354
209.59993947436422
-60.97098477477356
-108.43859500114893
204.28812665651603
-35.70181028621425
186.56234472643496
-180.74077635535355
72.14982430568739
18.103512463788302
-52.99497593026242
76.38798779639866
66.98435631666527
-193.4225493198301
-191.37430861986232
153.67373678578127
-15.067956386516599
-53.423716496673364
-107.49232102602171
72.2447966098649
137.48856522945158
183.78293891100319
96.07254082617628
5.779030246604254
-67.67657678918492
-107.94735470279242
38.3062605676963
-88.1450257398175
106.76299490490455
33.45848794014624
170.66154143643138
136.02701889692804
127.58588981761025
-191.82704610167548
123.6503723995259
-23.469598572675153
-78.49516460529833
150.65420307282508
31.901590940216607
36.97182605197134
173.85872358552714
238.5923290799011
239.40609158246156
51.335357647283715
162.58396409299937
54.403055121824046
8.043888933987507
-78.79619113992419
-78.4189368444408
268.36235310403293
-156.7484673553898
-112.82391505710785
109.42108546416414
-106.6345159357286
165.47214085374958
-453.2082992285293
264.7234514524518
222.82275384878045
-69.8028307254359
-295.6679232938584
38.59909351149652
95.47479564600157
-29.978718900204708
-92.6844408142327
45.47756877764082
-18.483067766089682
-81.7248478175929
287.6991385979895
162.49231858987346
136.54228212334803
149.06639534966737
48.93709123247179
-158.54571862088628
-4.397296867472418
-93.86044116253966
18.882863552392624
-197.79435494260113
-46.35546410569565
-82.57833497224927
-125.87573046334434
-147.96685991108941
17.559916299732475
65.01225131126449
113.93501204933284
51.82933124789523
-85.73640952002407
187.57845594997207
-96.57820587834107
33.27726492756697
-97.5780943572962
-44.28140395066269
-36.49772772986984
-49.45677069648465
148.10599546920378
-5.001663318272938
47.71306563409006
-128.54479686814426
72.99561385990451
3.779800368602651
130.5208733216936
106.86751693812523
-56.17034928132418
-99.97152313933871
44.82026098577428
-8.173567587301648
90.69359202817553
22.320381582794585
-161.66543286038186
-176.70635467126084
-220.19392243972067
-4.3244692213540965
-215.84068272638982
-59.808183765002525
3.763298414163666
170.20110749351687
-162.6445208197954
-108.69557057010971
5.716282324847813
-222.02773864542561
42.48083570854684
-27.738456662968353
129.68346917018815
222.4100415074265
-324.4227458382091
-246.2437586916192
21.677250187733005
-89.80206767964057
-122.57526108854204
-34.03279457767909
-220.98676602974808
128.0621514624119
-3.6881420873156245
66.3709860045673
187.04371746789468
-91.80849688392601
17.10423410375991
194.81752592131625
-302.81920649523624
-266.14104320069606
-166.84632742275633
-23.503960388802092
-17.323147573175444
190.13651465442453
49.181035088640996
-110.56594797919966
-61.049928730104405
-343.2612173037584
226.42291417187872
174.68348993506845
113.67715749671085
104.46425938512593
-48.63118131109877
-6.9619546178378275
183.09744316651188
-108.5697304043133
0.7778220099722138
-2.3001097029010986
-36.372011739279465
