-158.7870869474515
275.13258339836926
117.49830845352135
4.226146674519692
2.320914878945726
176.5513846126775
-81.26173617244693
-51.181450515301
25.0238437611754
-128.2571323331681
33.60531461427617
220.67862419529334
-154.71926123114898
140.71412375827484
121.58866862755946
-17.090531977173143
63.20902203889205
-193.87548631836597
-330.87880192222224
160.05798703841262
109.87015131601083
118.64886931400164
-67.973482547056
-232.45639573875815
8.807516026713284
-9.966509231089386
109.75924142932064
26.01117374045259
265.96308926021436
-156.25602223025993
-60.70279308736209
-137.75738738910306
263.22300956096444
-72.4097408356113
-28.636782532450795
-128.52640901246156
34.306929486557515
-322.541362697993
-65.40252275986042
-174.19452420443696
97.53435535060149
-141.48314086527625
89.87257771968376
-41.299100099354995
-41.389663423025134
71.48769203573576
-29.037612395601048
-29.43868842049322
74.20905242396346
-261.5601371716803
-120.49484703657077
167.68851742501852
62.248644000034744
158.05366092925672
-145.9485553694805
-120.83863804983419
-81.94007846821208
86.82067753438645
159.86504138808095
-112.94269994235727
107.08708246620647
27.316824954191496
122.8495507603988
70.17162666748595
201.5916074661622
-124.73156862632283
-175.28674534582498
107.02341449945018
-163.00471696465712
-97.61893898999327
-57.46442803963446
-125.34494159720502
61.88739143815765
-152.15111423411452
35.08693968665613
169.16371974746323
-139.53223472683763
144.20690360183883
-65.76118587286203
-84.87366383035044
-97.31867542733596
160.793827820625
85.06090101941261
62.63747819081543
56.30466758378857
95.53827071323695
-54.33030376791032
216.4554504377601
68.6195845018961
-145.70689009087565
-17.665914289101096
-202.92382993990142
-14.596270977496392
-199.53718715471285
-141.97778144988817
-112.35016131618043
175.62142840950216
-18.902942741654183
33.57143184857242
-110.15115331422334
175.33775641024823
-379.3077293819847
-248.94338429465608
157.88023807349592
131.85078177196957
26.083263971169398
121.24572206784052
90.99665227048817
-143.70768635887546
108.19108050285003
-6.498634733114568
-108.46457403237149
272.5746734284703
-46.34152656679452
-61.72834722388936
56.67743332043652
-114.50688510459364
-70.17916651750701
133.4238087081408
52.969941239378585
-57.531782302180694
136.86609282533055
181.2610801713069
74.10551783052455
-297.18944523583565
-124.40275172842705
3.137207968565198
2.7949436014238893
142.95495073814945
-83.10383671451474
-57.94255888944348
189.208878590507
208.89241121879462
-10.406530785125861
255.67747964195325
-38.565619933735555
-252.01279353728214
-32.148788522793275
-207.82575872487604
-190.58888531383192
-211.2288852005919
2.7748529686615595
-23.865678524247564
221.63245316013578
8.304787155105627
88.85403224447748
156.640651325439
62.69127525517002
113.92227026356997
466.4258268311017
-30.23544048284224
-217.490651105486
103.88935094047315
-107.60145108945208
59.798211483738946
86.35438666337396
38.692502982723
138.00528214709522
-271.5877543311118
193.38608426133268
155.93667014196325
9.136635391710954
-9.961250064062234
-39.92591462258009
53.924370201033476
104.56848111969055
-266.73781199997535
-164.83706087452236
29.39664824133296
-59.70679538056178
18.418950027075454
-106.9019455262292
163.4515192318042
-75.92769610021153
17.21608191612008
-27.153008935486774
203.75691650894203
-116.47768349826711
-59.46610071434266
-87.1427130747344
216.32417076553375
59.329258247035725
-111.32587002904448
28.129713962783168
-90.1129657848051
285.9645467883506
260.5713380147584
89.7177342300826
-23.386424099896093
-217.16565883007337
-165.43616043923777
75.60054756895437
-74.80014822201726
-80.07691354510247
14.191405177067969
112.37462822064342
106.58576452658359
148.97137823593516
-139.51141118217043
-240.8889111414605
-251.19085922793843
-183.65734487679
-252.66433592911955
-180.79108573592833
-192.19178603886797
52.75247044131988
-141.8622654087782
232.06179657016477
-20.79416223195228
187.82480408130493
128.7388321049324
-47.246520353550686
-67.29908623335113
75.41369079211476
209.62556927976001
-98.36050709475523
-92.2914321744046
-104.93654942738799
-264.9328392079688
-38.47792597906485
145.2631491594911
115.47194274092027
-36.08893761481621
95.62644462884074
0.6123414183959959
152.45788755382745
-99.91125091797981
-136.2887822499176
-203.53561572634916
168.44077008651155
-79.36529324568149
73.46238924647686
-20.120731025352473
106.91254559165887
-161.4970490223878
-62.90722117088847
-82.55673152287736
101.66885698631228
-68.72712717188138
11.299176419887878
73.19965451536352
-261.08954346639473
-215.64294527563288
-63.360927244284
-121.11752481502242
40.59517268200718
59.74731994424381
-90.4291782436504
-39.90898162830516
42.13112887582699
179.59106144563094
234.26248596392006
-263.71954938466735
-98.31488596649915
-326.7214570032436
-19.427299383468032
137.70951298089827
208.91111633671778
-67.4966913530454
518.0597184086629
29.195243063758447
109.59516224439801
396.3361350055212
33.06768377013858
84.18374465996942
-86.81988466853404
156.68207047258602
79.79529062895949
72.82115052150849
77.95030389457285
238.45518276640658
28.2652521505686
71.65402561830523
194.8341137711629
-101.76592243187973
130.08816673479006
2.1896044196214466
-166.813971654254
-151.01636973582796
288.0554024462691
12.595708770762077
-266.1284431085256
3.189456632168552
95.79267703627515
-169.29337393061994
-238.08285907614123
143.83830326929638
-130.01736796185762
-386.77859061281276
-41.54257177909908
1.0652633080702238
294.26268500419997
16.779410724962773
-139.4419545719144
-244.87886841038883
-43.43356120999431
107.5242061625197
-155.5842495743364
-8.048917996469953
47.56405972456035
37.010103558068494
-42.1868221179847
166.35870250866913
139.00134467647425
-81.58768475612986
-76.46474282781666
-69.31047121550385
4.917864395459391
-12.286387705873484
20.452366190887346
165.88767982060168
41.33135216558939
-84.9226526823671
142.84923777944678
99.1778612987757
4.635858145340393
-151.88074348325807
161.92514984581538
-188.81174179113802
-28.891995102613954
-75.99197080461354
-93.40787061557775
127.99642557613674
-156.56891633971165
245.8005414116727
197.26926585272648
286.96065209510897
225.85196667061922
-38.68342843322293
-75.80159060250824
-82.44949193849294
379.64799207408225
-98.92243020517239
129.50326501467913
381.7607281888409
-161.25979688363412
0.8597862638468963
-104.55302247343289
-54.53605264358723
34.66104290627649
155.59130141805952
267.8294304706364
-175.85011362892809
269.0397121448485
-239.67385730689082
-27.621975724335122
-66.0563510386466
233.69116284232055
56.04968897880152
219.93438551553226
-126.09255188641977
203.6326004277024
68.42956609169542
77.4779969239106
26.1185622095081
-93.29492077482092
93.90041430695028
8.633771785222976
-279.1530880862043
-64.47054359194492
-70.49129499168804
294.0319049202856
75.28372635447296
-74.26458058576499
-376.6106539406664
55.97122683163963
276.4419247067341
-66.48647450525013
218.0712397672337
-332.5978030029615
227.63109600216347
-172.14135819632796
210.5804402870197
2.900112323302433
-58.09919810309009
81.52384449253103
-119.90192873973132
-31.383655565701723
-73.85116777911134
64.24324725408599
-263.70304590025836
311.6049207946344
151.93024627418134
178.90757983714988
-189.59684353333424
-25.827716554866342
-139.55038531686154
-171.35525379698038
86.90267981090459
12.587901224915294
-56.34407923451105
12.526966991237131
119.54571041013189
15.28125202857062
66.88912047569907
161.56372985081373
78.67694688878025
-36.26141349123376
62.073536561984646
-38.247205754568114
12.440691850855918
-143.7976025643373
-91.3082727586335
-322.02822602668004
231.13100383463697
41.92797603773362
-54.37022280592895
66.04241415222818
-501.48332682911564
32.03596455456483
188.57018148843605
-124.40343950619416
-41.005768726263405
103.3789030963373
-9.72994566432731
58.98703505328934
219.11483376038532
134.50367457129028
-9.736454628218826
10.151569706088146
-285.7271883552769
-247.1993487976488
-5.853090303838604
7.5599897084705034
70.73928031734377
-236.55060163338547
81.41695990257703
-6.8374242911774425
-92.74025317556281
153.63766357987163
-0.11779467711068281
55.62478659635609
-106.66871276687071
-64.2275447468016
-12.250059518115805
46.06464366267553
15.133597801301272
-152.00212977099648
-151.47216289540253
169.9889810775359
131.92950856813334
-117.23930198720501
45.871213621779276
166.72263464645306
-140.27756608481536
98.11942977839419
-103.29653289331922
-201.33885646158717
353.1818953285832
-238.76184816270322
183.34340389325007
69.726750132805
82.08959498317677
145.67191978879
-43.3720490526912
-227.20221186929228
-259.84346962793694
-172.06203181871132
-73.08293634164623
-80.75035724178625
-21.173793075088266
236.26507454258308
11.647339282340749
199.61910979183017
-189.48126146205038
-201.23787713961346
68.09558622473007
240.52829707405374
-52.4034663090615
-14.42844371267281
42.15244341601047
42.46477347309586
29.265615622748356
36.49544225119526
104.40332903030323
-51.722842862231644
54.9279436010439
29.90979607078247
160.9860639602942
261.95160531455906
85.1623494136071
135.02921047931824
132.57714377009387
-25.289584154307594
-88.31112238614072
217.49005789680618
116.72675247344584
-147.1054738475908
-142.9784001654238
119.99032516419757
-1.4307248273439694
111.15179486183267
199.05066905464577
249.1746596680916
-10.204052682489223
135.06183177229443
33.58670848967343
-214.0263735179854
-63.816481953150166
136.7897901696378
-100.45789841298627
278.07949985626175
40.09540144007968
-211.56264695064766
309.42386045129007
-185.15655745106557
110.49924516525161
-24.97372264753046
369.95348937623567
-239.8499741194655
-326.4245611200881
-31.81698446147516
44.21882772513192
-133.9324707715211
130.4141223991157
-151.44771895409528
-178.4914165853907
-210.49925250495193
-84.30369797435125
297.9739507522148
166.24716023904432
246.81090882878078
30.684323177725666
296.05185259782877
251.52430291698985
20.653216456460036
52.85270913252866
-128.18007150540848
-120.5816881337472
218.6942268215207
-163.75192583762015
64.62800226929362
-166.46443273571424
179.35416224028185
7.215194308105335
24.62648656652572
211.85244991335415
186.72214206673414
-19.18691059176465
174.95466452882013
-160.17913283484657
-44.99883406500957
-66.07947761000071
9.427134692890913
8.109610588362603
77.13586003576918
37.12418391671275
-6.564575676925349
130.69349797591383
73.32684656808023
4.512470306911963
131.4269463311658
-126.96334483950227
-68.00995849238126
50.03391015735377
-44.401910516261744
-128.80279419502958
-50.905309141349456
-207.82137282346778
114.08890312802494
14.529056462809445
76.5649984660268
57.30046869123446
-166.62822437209596
-196.21889180199017
48.16435499693568
-102.57716695204734
-15.260723739943264
-66.02689208173881
92.05535730709491
123.30919510743752
-127.9762966520282
-241.70556875182572
-60.00691275157682
-160.64653760365263
11.969052577611365
-131.09839254817544
-151.03059970208173
132.2024739491193
17.502671672216856
73.17223338567415
247.5384346314154
-248.60228562877873
96.67729417090639
95.51788527577395
28.316180019084246
-236.8463714581291
40.219786021107026
7.911171479653637
41.26102288207802
48.043124820335265
154.3912747854237
32.54130038115057
13.542511403868058
162.22819199551688
94.89715089291506
68.34757405370172
-76.60777393921283
86.06836067297446
363.8269737785448
-5.460155922540668
-298.3814124045606
-170.85905111273544
-126.77618466774473
63.29105288910005
201.80224243960794
-333.87137780207485
77.35640701795218
104.14669210245684
22.316655521127373
27.01840737810203
-74.13924577758407
95.26092840293798
-117.35688439221377
46.311564507810914
215.61912681656932
-307.4786810787699
-55.41290919466671
65.50581421385412
-40.80090903896415
1.4099694464979367
2.1231228896536343
169.9231697366186
-175.79965085767506
-110.94048439175819
214.94073339365409
-387.1032904104599
-73.68729140975047
142.62093243358362
154.84358061507137
-241.0625265417418
-183.33072859472614
119.23525959196455
-18.922910178898796
274.2367848936866
-111.2510551631889
-281.36244689187345
-62.803343157439045
2.1505951905384095
25.63283162227865
-93.23629821575288
261.9331241481655
217.2256038003327
9.593907372877482
-140.55743127652863
-185.65535230955297
-113.88933985824012
-76.69616980574777
-297.06224840049856
-158.58958839569863
-90.20742888181042
28.75074338153329
140.6489264716548
278.40885669217397
21.21710753541233
15.181839187904924
-32.41907097057873
93.71909831345184
252.50364068320175
227.7752849611624
8.645843486926562
26.517705741205887
121.07867150325524
-148.25631618884674
-72.3052760880099
-28.839318934229798
90.63346422794142
222.46711340455727
-136.57325665395555
45.977255935621
-2.4797354239387133
-28.448413910252018
270.7074971939022
238.5979336060149
-23.51523778704234
249.0339000779673
155.33663563067878
243.4995711504193
-247.14711060509788
-144.87560055168163
180.04118893569856
-33.13837521645614
67.58419426222966
-78.15617455870638
-160.83911760526806
106.7163472152441
88.26823903256181
-179.72896120987096
-36.316446511544356
81.34080068657222
30.679358412873636
-5.185080977581137
-108.23349538993556
-172.69049705293128
-115.95292221882457
-165.38109916143222
-77.98009055924481
89.9796947618041
39.4416221873439
31.920378845886876
-118.83167305903063
120.08548880409685
-68.71933248419761
-16.538810138774494
132.80565322013854
245.7374119763236
83.61324708921595
2.0431620257173666
20.74580333437728
-46.149601717805886
-260.6855002153812
-160.0723369525343
27.448248739358213
-155.31796733876578
-77.04117451802479
-97.94436974928396
-47.722837013834535
-36.90571483801505
12.76699333481288
-131.54915091493223
-10.279019446444648
14.571074098294059
-136.9795796879329
89.78025149590228
265.6744695308579
20.663842719130137
-107.12293939118513
61.16646918822916
-187.17713265028925
244.52713493873821
50.36936013619672
303.7087358698423
-10.704193247484532
-180.44377020946055
76.58953334742799
90.67561561082377
1.8845371295535873
358.8679987160749
107.70151400107821
138.8487452534196
-396.69451434182855
-162.8075667323201
148.67120491074556
28.66867366931978
-184.57232348923807
427.4230171129138
87.20002290302125
190.92744530840105
20.489044196421297
101.26353848512296
77.44528894811255
-175.19179575600145
-12.070253439313074
83.29921553299734
-28.288957622003796
116.94970843441706
41.02420421996851
-219.73605816973767
-100.2541413914766
395.7929004112913
-122.0929533196795
260.7433702397826
-283.1257580589384
-2.710958397695769
-140.43268317651638
-116.52909460637429
97.51100824020139
122.80250231345059
-20.81511076321393
-8.029557676037648
130.19383922709596
61.16580782566066
-115.09486925739965
-151.19438425996498
17.92016019574072
-358.4117940913621
-51.44860904466401
42.69222774324457
-26.57985461951578
93.81085391036787
-84.5108864959679
278.2572545528867
-171.07056802515726
61.00982723281607
-127.91873779730535
-85.86068308739254
-16.88792317279101
-269.82476834490865
26.49135672251579
120.51507795763376
-28.825888778658367
-166.72852025698728
-162.36847773535908
-22.632202985149636
-205.87816688746196
108.69510134900433
271.2163753132627
282.2949396949896
-82.48600845755857
141.6929279351562
53.65425914183166
-179.32063273637033
-33.83649891956308
184.0806825891366
78.04202470565627
-268.6075836332929
-11.154686361382646
395.9496913132994
159.77716231749147
-89.32490557381456
-46.155360581873225
26.074012454411676
49.002231861239224
292.61738828280335
104.70030931348
23.067527109988472
29.171752402065174
222.86712256177043
-153.6061634847385
91.60049212907488
75.46518483848723
-175.213581682498
113.58267722230788
-32.15415423480826
0.32495900214442996
-40.99178050780877
-46.89551289643497
-15.185620569206355
-266.96213977312874
-47.69591333960065
35.77158598089445
-50.089661991403744
-131.32955594261924
-55.65228953343909
0.7051908322894695
-104.61637557437348
93.24363096063514
263.3864995744197
31.19406064438975
-113.16464343944287
-296.5079239242722
-321.198741633821
-245.29052622892485
86.93982750654916
163.93027139710392
-144.5996453909224
106.69358406441033
-127.68173996009799
223.01260263619739
-55.16968399253342
-132.94780255906664
76.69906014369738
47.93580511945687
-204.17785045295193
141.34104831658098
111.55729021380529
143.8330449362947
54.71302185235885
177.7130143759805
-29.236397898869146
120.3781857273177
-274.2999154756198
-155.3091649332817
32.36024720631414
226.05890077333765
56.98251824945106
-243.91969747617145
-43.28273967760385
-127.15581705966326
230.51125331194564
-62.39249219316287
57.793993084055906
189.77590932073556
70.8280456980772
98.42518392984233
166.9076067882266
235.98065342722128
-194.44124738386395
58.125731630777466
56.95531109316149
-213.17153633324014
-12.10134380302481
323.35007705630784
107.63256055520577
-56.23659126456869
14.69314452719542
-24.439017442603692
93.49049182327583
-119.93785391265915
-50.14218670089912
-73.91947366828904
-149.52779661944976
158.60842839756702
-30.244733171443997
55.56768315424886
-118.00104022359736
-248.67102182784794
125.39551683592691
-52.940005121240524
194.73411562167882
-68.38949750345354
263.70165278731986
-221.19920875591376
-223.45892235792965
184.58263869973152
182.16944090665905
-81.11185731537648
24.295169178077042
256.5386535785532
176.7346504552066
-118.3767836056261
-106.19283907556087
148.50109749418795
299.44056787302975
-316.588508620217
-164.35961092948943
-124.25678690184402
157.08840254397245
-0.05173314893158713
55.999718121949876
-0.1920224695012156
-153.06809185330314
-99.73716530407692
-302.0625595303731
70.88101770472605
211.22420015479108
137.49557004518155
288.83080792058735
-6.405309051001387
-257.65436808027914
89.68914085261036
-88.79984078830924
-62.643521586815076
11.892066444069545
142.51745218838624
179.5940145733316
24.29669626952947
-5.623370724509697
-88.19010919188294
68.57386394470869
-143.52065149418908
-10.552773322991653
-11.118024386388488
140.4746308129806
247.01763392769112
115.88056956627935
287.10170113324733
108.49656821341057
53.14437595049504
-343.11722774373106
31.692655818571485
289.70392664022353
208.4221971212458
-185.27751211575838
-157.1990426338238
134.70916674366163
141.6685916724617
-308.36089210499864
36.2580482417897
-165.91037991607053
21.91030004185788
-9.004730935522913
250.66942282877437
295.91670270579357
-248.29351226107096
-282.7720650567538
341.4115699406732
-73.17507206614117
-53.89306486203208
-191.8098263240381
146.61755550394383
153.98222861048023
130.0279658620098
-2.0209430096664374
-201.37912119891146
-257.70846569324476
19.994453202506
149.08499371126706
281.15604513881436
-120.17280174652167
-140.23176834288503
242.43921953797877
-84.10383623655335
74.13871101441812
18.987338960410217
-290.0657693503788
-141.09175169738293
379.72774412241085
-235.61988786559215
-122.63372000954959
246.5257660258912
140.72932585551115
-142.23016940448275
-129.65818934771522
-209.82083482455138
148.0058258614946
-128.21346844672954
9.972800658621534
-142.22776776764908
212.83899530906592
