-140.40097636358954
237.16598173834748
-160.15623720432978
269.36457546078753
-140.23427255447163
-133.5750649026787
-157.5775271483951
301.0805884168362
132.3571450388985
-218.87365188304395
-82.62766221502775
-34.05279131424234
132.0192521820479
81.21253858983124
156.3375762107523
-44.1335208713687
120.24405126508935
39.32274145396711
109.46082248956279
-48.81275864617813
89.06902525372844
114.0240431873916
62.66266201903078
160.5600036658487
137.70618167053394
76.41045823053332
-139.15363719954772
150.78821373644746
-48.5740660279212
-69.84224475587156
-201.485712308122
157.96866923882118
-103.32598102278267
240.85451340240465
183.06235777628675
215.54335967849627
-148.0709513750586
17.725214746198713
-13.201030223957511
18.967074588981724
8.322123277036228
110.56006621348239
15.172367150058314
-68.15898985090132
-99.43854702419173
258.29905252735006
164.33384721254816
-218.39937341760427
-286.65497524259155
52.73317844896247
14.940690512357124
-102.70749309638956
159.34231136615705
223.08927354300747
-179.3599323125668
-130.97849088281163
213.51467338568796
-84.62941966607552
34.6048083107587
84.78453352304138
123.42760794051088
10.966599575172365
-145.52999834601877
157.3324401906673
380.94317617440515
-62.706116205745715
138.69685380262658
-19.054125475699557
209.70245146935716
51.62233102431548
-97.91493542524724
1.3714708337315296
40.57616514534647
-90.86038013723815
-36.81846548292358
175.0755093284504
-112.01101599740274
52.91844685081887
1.886712987125576
34.73611665199935
-59.659909987479104
11.172651951620363
-59.933631510718016
-41.37714368998389
-155.67457515692203
2.4673400451358565
131.8642691588604
-264.44247261249325
131.08166966524405
-166.17857747595428
168.4242996491813
16.20928808618001
5.397294715686697
62.670612964200075
-4.522206173027634
-52.22796351946376
160.86015226473233
173.19363422820624
73.22617839205564
-69.36307500408645
60.88328721098306
74.28403809941021
75.46359207293874
124.17349267205472
54.87630683089749
-7.368833606215551
31.804702902340185
70.14546122242234
89.98423280222725
161.70306032288156
37.12688752495621
194.85680608108262
158.0980735899019
-181.02690198836638
143.27596305883128
368.4049448439088
11.442865520829336
74.14621725114094
142.8710180823626
-101.36265720961478
47.55487404180528
71.869452873273
-1.3026890790072114
275.9301048472401
85.85001277359062
332.2104869155524
-1.4114098977401839
276.5709442523092
-113.9732556562938
18.502701633881312
-20.341100249356078
24.276566249637828
168.5116279536824
87.14636564039809
201.0153807371874
111.49084993242433
-3.0670138913708183
9.051563623862608
15.992479969613065
235.3259450334926
92.30445695460027
-38.72683244170765
194.10565616954176
-345.04797448633593
115.65462592828709
140.25739791690503
-7.38587017363143
182.70710993335663
31.298162837965727
83.39261011484007
4.663248103782047
-78.2183365821172
143.0976970317469
-150.32855470548364
118.97224407295282
-137.0043786682758
-98.79230304614751
-294.27988134227644
49.993573478650596
10.854193102257275
-140.14795377683288
23.775871382035216
80.06772992370789
-212.87747863991163
-150.75556535717703
57.07832464761839
-116.33171600219602
-110.26125934143622
-248.82486651861194
344.58613649909034
-149.9675217501022
264.20964374171416
258.86114084028725
-271.88246663233826
74.42300565958924
49.105114090417956
122.46055510841775
90.13122415213068
77.52091507958538
-179.48411349694533
115.15093268395354
305.29993200350617
-2.877396419208183
-4.704027560727215
-211.32036863067535
41.41153087621961
-351.8340428217682
168.80361148079493
-184.11056596067553
183.7876419042588
96.52271316156553
2.2310219930690187
-72.20094355815033
-127.82221406499802
154.69144476998366
-126.72481605818086
-78.75367491027816
-47.112151217393695
-18.714239665852247
-80.6883511703741
-187.12391137990713
-261.5052392774628
2.11903423560598
108.48419204563253
-60.55804818048817
23.053407632790357
-272.3608126110965
4.587542510528684
211.92294672927417
-233.99177646024367
237.48314205437435
-504.27438776355035
85.4308674066893
242.78792853171544
-116.0406948351159
167.21339316913097
-64.31837137667941
-152.3633302901062
-409.03851775537885
44.31890600658509
297.61151381920877
235.12089610849122
5.803580982149475
-162.0661235615164
18.233804254972227
-146.47109976182773
165.30098735341454
49.23671929034588
162.54458322059196
-13.617587022931652
25.332155842165644
314.7470199765755
176.69690475847244
-22.673037105575855
-9.759363257961597
-109.56590846988065
-86.69954475433593
-8.465017744728168
-33.22204604174833
-213.6192766265105
12.080902055063948
260.69279583259606
82.75563427726337
238.2410928891789
330.04834777560535
123.30792302443275
-168.4522460119578
43.34920923674458
351.3635025474114
-69.34415536297564
302.70056110177416
1.632403857645495
-36.570232313437145
-74.28252089478349
144.7940082377063
-93.85761696159537
-116.8654378971455
221.34836910740668
-57.02488055551383
-28.66575517899151
-210.15636280123724
-27.88645320683225
-3.4679259322038134
-162.12708688035116
-17.049396139001953
-109.57579299783552
15.503963817944662
118.628134198799
192.73440630096732
288.7280262846353
137.78993865589305
-50.72942272996935
-112.85329880303766
37.27878907876801
-10.141031443726696
-237.23894428012284
316.38224899463853
-125.5022790366877
169.49078591295535
189.15187311896614
-76.44099974497142
100.40732843615318
-94.6627490005234
-112.62938541477493
-104.70906049512013
-9.350177517502711
-36.22928978948713
273.64621186761525
15.127811080029876
-14.738746864638046
-57.89740033513285
-7.565335523280447
103.46494051957424
-23.734804118248157
-73.61055797206784
-94.91670027194445
286.20044403622137
-117.97484062579736
-14.712459188948777
146.0435791619752
-159.89889888892378
134.59812582422316
192.2228306647856
-26.763154528324318
-148.97218942645543
-91.69113097371861
321.99712806889346
182.45204339900698
227.35393898274404
151.58426369124845
-136.04657635074327
98.26067288800353
29.758568548214384
-66.0957559210544
-77.11486653618863
112.5901606061511
122.3322623669663
-103.89820260660498
116.1958739752975
-28.72465686657347
-159.99775626435343
101.75358616372414
-2.9428524380348424
237.881403834353
189.86288967345337
-125.89042150493708
-8.510801675627011
-223.87277741038574
46.19709244425335
-124.3155535724458
211.67048820067154
155.44359408830798
17.992529813936443
-252.88583514584536
-226.82543047136298
24.0890113762238
130.82691014737662
-94.50714012916389
102.43649603777945
148.04891522803138
192.53589792857676
86.58345091411539
-84.88366643570386
211.42913315174115
-2.0902409478032036
47.953762830592936
186.03221050197487
-97.44409582621513
-36.18783625606393
133.64098296525634
1.092082635605935
94.84942449020012
-136.97846278383804
-96.62249346380915
-108.5663477739867
-20.338117762799953
119.50195166383652
-23.724138151569804
-71.56978357575139
123.18362689889297
65.22497721440924
120.77011780380474
106.62817132329735
12.65736023514097
-73.17811679860338
-149.9844980179288
-67.04831126495966
-28.018124468798508
3.593764713365357
322.2801940303577
-48.96757815940544
0.34983535023614776
83.06183911992262
98.24777970988148
242.56958264330214
-321.6473037330979
-133.0219160694366
90.33158427603951
45.92508612505698
195.90392948664476
-177.52117696128892
-6.862823175089646
96.9053759212459
-230.813997496866
34.3481058840895
28.304980830073067
9.30719527610366
83.39553967512558
-15.689179331325281
57.229321144947335
94.06271845062368
-81.11019389683695
-140.9809839496939
85.9854569339447
249.90525744649688
-173.7006414348762
-42.2105391726616
-48.38032629179728
-10.740601313150531
90.415568169915
226.69767450709992
333.01048355544805
-50.241832009926426
107.71107587376109
-15.590349070001334
8.122531309007517
-230.76928833156822
-17.47117410578708
107.0316964759492
171.10223619068472
12.742477949139548
32.33587958313556
249.40574816123072
-26.362011713538553
-164.83743986419873
-58.94091712332166
117.5972722912376
412.0162132081603
62.938231818000155
-189.3223576233797
56.09622411431349
-378.3967769552455
122.3450363540547
99.04137555194512
-75.85730806198018
338.367289283588
-30.559534252417766
0.03610847868111744
81.8849789219503
200.7145761406655
53.91229014196577
85.22144742908517
98.5965702926692
-15.551693566892997
-227.44051510506046
-426.3874431574976
-213.6785532797978
-144.34064469127443
-19.71518000862558
269.97526563613326
86.24735216634697
-75.89127476680851
183.81576745931102
6.152274842255927
196.73155398471675
-185.0585465608137
-11.054153793881447
-198.20183869289843
-96.38622170594778
-43.55880868675527
-102.51739655389035
43.94162725148326
9.08442187558013
-110.39050342939804
-367.68357781645324
-158.5161334331246
82.362125496797
-131.73431400305503
20.205944697159197
322.48642582109943
-239.42226358897813
-272.5482080970763
343.4918852320955
21.46020840387422
-151.05957737482214
-116.03248003202799
71.21001551068906
126.87313290373683
-11.828827419899357
162.12792728767835
23.79669109360281
-164.62897509287882
99.84680359394812
-192.4800756507151
105.59154936147819
314.2868418870123
111.19794141371183
196.38600735915983
-36.726719730644085
-26.20604944832434
-202.25159400366252
-114.76954296807949
-15.987853097617863
-235.65777390507148
204.15065382708116
-113.16022040665784
-170.51885765685157
-182.83960950107405
114.43110225894662
105.41878655936581
110.59644903282633
-135.35307791414337
67.66264919251907
80.67271476033406
-75.18246717356052
216.46277507487827
50.84540798754275
356.4390031766176
-154.2137122379813
-157.4514337451717
201.3301338290854
69.83254770703418
-35.19658935852778
-74.06516135511377
-208.20245329144345
-216.26902139400573
-15.520116980588
-25.7811457516131
-183.93338065205126
-30.338812113726252
-23.020975368367814
210.93173500360456
-84.99606195253163
-221.9785761658715
-111.4038431416978
-193.34026482549862
-11.958101396132529
132.22520020577159
-113.15528086329546
123.09972030006094
-128.47238224944294
74.08606912060397
-172.6472533371087
122.95998521301821
-32.26877733345267
-123.15330624416247
32.55896661195149
-143.66689209709173
-14.478763395479513
-45.17948991856313
-252.31701163482396
290.7566647354635
8.35993764328618
-287.8421485141483
151.44033430609176
-225.6374945920474
58.61585279006569
-405.1914192495873
-15.356838129191088
82.69866088996609
201.31390362085634
114.72919949086766
-124.87308780986108
-145.52761609368486
60.30322600926997
-66.12978470355823
136.3689537937576
-45.09466138282115
123.28172231829306
-67.65613356600117
33.0617193970443
16.000255747555617
-92.23998334818533
-276.5346796394408
-176.00676050741026
143.57528849573674
-295.51767976911907
176.28187644278617
173.85306164915144
-119.72675072371518
-3.135245488997747
-9.630936251676811
108.2538086269771
-375.9451541534474
203.79931264755345
84.50977489866571
24.76600675471316
-209.76676626910006
199.30902111701297
93.91523987610137
23.25283353879991
-296.7382459414911
93.53717856954557
214.2298279401152
-60.59505166095978
-41.70244972623245
141.8983683502907
-20.120543523667816
-146.87526185464102
4.070413855340536
-8.592811142496592
-129.69979160716204
-10.957290678790464
8.4000200761177
-306.28432700533347
-20.671458236782307
21.235834412773073
-208.77857261562505
-7.204257054238747
169.62261689952268
-17.63265957611998
1.3558066856990065
-23.622300154032178
-92.90817038876112
-433.1604096023062
129.04148157494782
67.0375443463938
116.2401518135585
186.5641881567182
296.7998203066207
-158.3290759537997
-62.73071619795154
9.423533887113704
-234.35485983497966
59.31673524279984
108.9427522981693
-325.00510587842325
-234.42138125680884
81.24816679213927
-293.2460075936348
0.5332313556262689
-42.00992610815089
54.42213848861675
-172.9882987113503
-38.863942178591536
-24.888025548937218
-31.185802824727404
-220.44769542402005
-0.04891863936291019
-191.7032177291291
-142.99293728217788
234.5720815117096
33.959592023605055
-456.59519738495067
195.49804533682914
-5.474623325969064
113.97036427419471
57.918152492560836
329.1464746218053
-36.731637562718106
-238.5376292472344
-42.136601563535926
41.56846127303759
254.26267000493533
293.59225146679285
148.52750177007178
73.96889452276602
250.8369461387205
-35.41669620768423
-335.0247105794454
30.707131722284178
105.79525528970508
43.82151691831561
-158.0831178720701
93.19163171960172
4.279804135169044
35.03720310256437
121.22660417481073
-216.2080384426316
-12.539733333470412
-124.13787538569923
-66.62679792117525
-122.20888026099311
-51.506815950816744
-141.58320130709163
-27.447265702521154
-60.66398471044768
187.5488090874833
-55.72519635338188
-143.62713534298075
107.31859787132868
208.12334503382985
207.51342186728684
32.662733585667056
-314.6677436371809
87.7977510871668
38.52544224968827
95.43385686903338
164.2320802709789
233.83342512304515
-58.799208134006285
-252.8433112207845
-7.217909931201351
-171.33448325435506
-129.56422529880072
-90.20513775540617
-247.64353778261597
233.94852693771443
367.61164648058326
-85.80600599938208
-97.74280951467415
-129.78138528338033
-81.02674130274113
227.09608734372682
-31.197009234918035
30.105977010366466
-39.57741273617464
-299.0481898223855
39.43649341571302
-219.1244831607951
237.9438059790431
129.13715478520834
78.81027097369662
8.51927149692173
-216.21874895515765
-43.67283807611173
-74.38615851552674
69.29230699050463
-44.03112646726777
68.8486356805608
151.45432795918958
164.64530110094054
-301.3017214959621
32.39496804378778
156.50460188890702
217.96063315327396
71.33623922925634
-55.93370773057826
-20.01319385260865
86.15967489100095
95.82467514099932
176.99286377003358
-111.53572066409606
261.15351330321045
-179.5452072339652
256.31880110842
225.685155690883
69.11542098145117
-37.67684261367626
-82.29594046194082
-117.33057344635081
259.12582624158716
122.12154691080325
115.01819194221466
-224.2482891834236
-132.573731932023
-158.13929815824085
-49.85417345469994
157.17072912432366
-127.76902698465834
-24.174632785946574
-50.07003073012544
92.78009346909741
11.694606983269848
-103.53743719687202
242.5758406840719
-29.38973898098382
12.967525806761705
-148.81285084326151
360.3726244995274
107.78215926997967
74.67692970618823
106.33423040922357
-227.00414028089887
-12.526708566056747
-44.7048848634426
10.822704126589798
169.65959181683363
61.43005222841898
168.2360987484467
390.9443371558287
1.9856716222142254
-12.167470679924083
-111.68483818576084
-157.1225443909375
-163.64374312855364
-113.71556111793917
100.60365112315546
-38.832984451128695
99.02837808592355
-240.38079165242664
5.240717443876027
-112.54005581063815
126.34475500229708
81.0629037737973
95.95238466325355
194.58025864884178
225.87777411429929
113.22410285101154
226.95094643173286
-141.8012778024382
-155.6933469798992
152.21224280652172
-144.87971550362778
18.220734525601245
-79.80683829011613
-160.83317432454695
-91.30895876949775
-46.87462268141276
113.77547759787167
-400.96400036972966
-92.10692037421772
170.05689005754712
234.51944601738614
-84.581499606615
254.59784572834025
-184.91734047513256
96.75153254262817
65.52217049822563
-4.102788429176293
-231.3110109369521
130.38489929240296
-3.572964235994043
447.6661199968299
51.81300002831274
-31.377644511961268
-202.06703845988326
-164.40941382305886
-106.84420041752172
43.36807007006211
56.03592293686761
-199.42178555656375
-62.304400585358195
-19.87582085838708
146.77048639272527
199.92542139987498
250.47906036167882
369.07796379573404
-239.76968151750742
-94.6627531389376
-94.47050082114762
50.073222073218865
-76.82593921295233
-138.60051768398966
5.567997719910756
170.26882081723264
-236.6531680391083
-14.790816790168213
-120.51852762480873
-260.6145288476388
13.850061214525992
-139.27304672129415
-94.20108850782727
-68.8396271661624
0.9864313838835057
246.03156454601515
-67.69191556041969
-89.15737718722897
-53.83968847211971
-23.380935774531032
-10.471557079037645
-79.644130420496
-305.6744054195256
27.499684356127638
284.39081272732034
-24.709175467410233
-387.827108280791
145.38591169435963
-29.887322457593044
8.453661296961421
-79.69064278273822
-325.69500318372496
-187.18829787264065
-220.63367893675567
-63.676577879839186
52.196594598657065
1.9626387555582578
-320.2779307799047
-125.46661109048193
29.150056688735503
29.211434672401285
-81.26552471873633
-44.93474804698022
67.25660731030779
-241.90563053066884
-119.04578077382513
-332.64414405970894
-376.3613190923765
-69.70277964523436
-213.64187019856084
91.08127331644297
67.90007210675341
-7.503403007183961
253.7530583141857
-128.57724362398577
-160.3128080948113
96.08876353563961
-61.010902003861595
-79.34295623534642
-148.40022649191374
142.933433712779
-12.697841601375757
-124.3445905973416
74.53734881183985
95.01568555447182
-73.11541144370221
50.87178637608207
3.034624976991224
-231.97754509672387
302.12288989766154
350.62211890470314
21.866723904580684
-397.88540954968647
242.33194785300114
241.77788349886416
-50.526885407756474
-25.93452379844124
-171.2342559033767
-53.38433939755846
195.61084740593788
258.1592995147472
113.75735597373787
-98.26579531731723
-133.75711862245865
109.78577782936983
-318.29653429633515
12.79998253941326
-70.41582960232118
-121.49275256105493
140.63471321296984
-9.657603861639435
-116.24154928978557
178.86574188125664
-96.24391056469855
262.3135613601351
-1.4033633795438043
117.2399471340313
-9.935327710789808
-78.91832382150363
-267.3346699224962
104.42038240588425
-242.18557686157422
41.448384292078316
76.94098392792947
-49.459870345042276
-31.35642627012622
29.582605607447277
205.91210793085193
-8.25082437453265
-335.8561642977247
135.43661690619848
-24.372096814336537
-21.353229057265366
-41.4612873775262
-52.260803611417
58.977288408786364
77.92612359993376
-74.81633979839444
7.245373039192401
-61.33561508429371
170.84542278282387
0.32627097896426593
143.49144419928362
-0.333984689395805
24.66551406058163
-11.85004458222132
-358.96174994064273
-16.024304238447876
-241.97227652755086
305.33996041050654
50.780746543857404
-220.66663725757346
-170.18804245026803
257.1177256242574
-24.75059866614235
61.758549641332294
161.03044508572322
73.32558577202823
-26.084655158386525
-115.50758857433439
-14.327304140721266
-73.86818505744674
164.59711945123908
-275.442656467314
228.64478757805875
6.958137877131306
-24.331459888436534
-92.77062019550809
103.70265369871527
-76.7580679451732
72.95418730665249
209.990990912864
103.0860113643389
-111.38448171689566
347.3428027873108
-110.1447150981353
-110.19956598009136
72.9055243350662
330.5966091213471
394.76637894408185
-83.6898823760606
38.42234873747778
-37.187637968732055
20.197476411787374
-9.735845808531069
22.567168818439125
-59.54136509826985
48.807197416423705
220.27068468221944
50.414638616178095
-303.6908485583984
222.98056988584662
44.79514652407625
-97.93535600206809
-104.11143560286989
289.0083281925256
89.37250600809718
-75.5997981334264
76.63738052100076
-7.282888923709698
-24.807244430003248
127.56879147882131
-94.77033694163532
37.11483453069093
-204.17962492958372
-239.26583569132535
325.5686952108751
118.10977260696231
83.20114318245324
-48.50275740410652
