179.24813047593378
-84.36628153785198
96.89760172097063
-12.182163500460302
-139.75113014583837
164.02726659807692
197.16890099711873
-61.63555528099545
192.22149128816116
-282.7398458075784
-139.5961272317084
250.84974084810074
-302.76318629744065
72.37910809293246
-164.8440518756472
62.61550250258706
-34.048907381901174
208.24585820163233
-93.15791462895886
240.12036583532992
-129.45402325948925
-116.067462079197
183.32454507304965
72.66001285221543
31.652306542056344
-186.08705334479527
-74.26210143228442
-185.10469074616503
-211.34171776120687
104.26910479515449
-189.7893984959817
-29.524499529492466
143.6054940233808
-3.1444934433512293
260.7605249406149
3.6157596074981644
48.38755193753869
-380.3807247689651
143.18864624766803
147.03484985896614
-53.55859554929476
-226.01823867947527
88.01000593065342
121.97518620413517
278.5589106430779
125.14376897883996
77.61240570611282
70.69930581885941
279.47865877129453
-73.60408220037698
60.84242343782624
205.26977873101228
-94.43736547013917
31.599403447173056
147.60672046413237
-72.66072999738195
106.26341129419343
117.8144460894057
-191.44406481784586
-96.84728259220198
46.701153179787596
46.03289964106102
51.14029267381225
-95.7251826898413
72.66580927458928
16.253316461897512
173.87021893965678
116.36626340923414
-177.21119371649505
-30.74451709558557
183.13517386943008
-144.7216057795944
-66.69798761975717
-140.71140310544877
176.6645504586548
118.2956871512459
-165.35431752329134
-240.84908948866453
158.2832030378157
205.60214288539638
220.78535409823274
58.18139040178708
150.24239341924815
125.17675197994424
-152.0716740439952
-121.61854126002427
-104.37308127595472
51.05245554173842
208.7462074003966
150.6233112372617
19.410662486108357
188.45484733804804
-34.82143041421126
39.808750992569415
374.20437433235594
233.65834155930412
320.5802182952547
193.53703318123812
74.10143230758018
39.31185319212981
152.55414677790276
-71.5513053138263
17.833518728674942
167.2564663025737
122.69069229206382
-14.631740982925653
-34.50120538883156
-461.2727432388629
211.96275768262637
-228.62758373862866
55.274084017371116
-23.202393979584457
27.296118207640884
-115.58550801797945
-3.8973353344396005
93.32859763359298
77.3412482234388
-51.15652389956118
16.789822504661423
-198.1452892281224
-59.919541648212174
-128.40446353572753
-166.93445020928965
239.14623690618305
-80.93005758562434
-104.8165252050001
-112.46304324745624
-86.74422034295657
158.79980411725808
-204.874332179057
35.58736023666892
185.85705841325034
-437.7669869263719
120.90051322980385
134.60725052670907
324.0710216358094
-34.93012304996592
-16.745379534069905
-2.2794521487050208
67.41957924005548
51.83112455186085
-167.9019462085083
144.96683287381788
-63.978187827927734
-113.70816037460504
-34.60217436319435
-189.91437640538612
-333.5944454002241
23.1423422918257
-171.8260312843906
53.26222875949393
-175.83351004160866
61.37528545519415
218.36854795234876
54.8567098777794
68.47636351494474
-299.7196086059737
-217.81638905291769
-72.0946993138099
-321.9068370496214
-77.34111336599763
278.66661809640453
96.9891529108364
141.8338017794337
-140.71018013486557
-95.32664930125355
126.20161427763587
66.6431548048927
69.79934585063474
52.477626484637454
299.58038031454953
-145.49237572956255
-147.41197986648413
97.14697383840506
-145.2307153302482
-4.738124809467227
-2.0090011676628916
-126.475875236339
193.1242503061426
-41.40506256543937
443.83003573095124
179.87837187218696
-85.69752871756174
148.52372266852754
-13.690966587417416
-226.68322568216226
87.21965855611533
-82.21597210873092
-99.06367034679721
63.18265903289489
157.2976190199592
-43.73411719529955
-53.36835875323418
124.43462224177648
-79.31343643864963
57.77001828739047
-29.11219628527543
45.77620600204696
-133.36949265468115
211.67348278921364
94.70527406526972
78.86976316665644
-205.6138191703038
-139.88455070183724
-28.65974400366992
372.8699980892199
93.33046061092419
-145.13360887196256
76.55910372365193
45.607279252854
25.28939995299578
172.14279046250763
323.50577559871795
-469.99685429762764
242.74372932788035
-264.4368148393424
-57.167778560418874
-512.3799507656386
-105.38911906427916
-10.954414963595138
-281.60814496790744
-71.78484290198037
-101.2255157733582
-197.77572207278155
-388.9895090057899
21.109872419102306
-161.3971737999035
93.98531126994826
-144.49404248296807
94.55919281767362
-77.9131694193537
16.492240339431515
-237.48715549475602
580.7304785808522
44.72064975580049
-63.35330971717544
-18.467268014563466
-106.57144062419036
237.0724625807883
-40.69614204689076
-202.69772507954704
176.10477776952024
82.82715464249826
-110.44503287785282
143.02188892397325
-120.4855929567805
-101.44830561970876
192.07429180716946
66.04266057541308
8.084890106102371
-191.25772649948354
-89.36326159336384
181.8055524977807
-39.73098558236355
20.796950285178188
145.73966571141057
28.56355784712687
217.50244129126438
-104.45180764572886
-375.4035102298371
-25.178875048940775
200.9218789607192
26.450182751260495
-195.5285502382393
-52.175835913430646
48.14724646619411
-330.99145967205607
316.4144294593781
-69.3621126185521
17.436641437398187
375.5458032589519
-295.7126931933566
-72.3779774401104
173.83383836541105
-153.36184718930002
174.73221897371337
-170.4843171115547
-70.77303527201413
253.4325070976551
103.07587917832727
-210.37476022246926
-277.40612650137734
169.06526432991123
-138.76699122552557
92.1553030271757
94.07619462628936
20.32372215073614
120.7787784491723
69.8868680970412
-12.88666644748936
-107.17752141279351
-319.6817468073405
33.07895041824086
-43.44068451371737
13.693610017651718
-64.36293780865122
-164.20489524574313
-94.53017301642616
313.3161090266428
174.33793951449243
-382.5720872008564
-6.295882122196181
299.9675615240053
364.28487176413347
132.14722381062836
150.41675408599338
-51.85132509631841
-158.46794710996556
253.7364729176759
9.408460470192136
89.76829885596263
-171.57568455228872
131.26614418915727
-57.59923944719849
288.9384829641232
-49.58697474111089
118.34785662389355
178.5916932974411
160.2450805289228
47.03681338362321
212.27980779727542
281.5366285766442
-106.53108258637737
-244.8965527110109
-31.38906572372487
22.108432121093422
126.29717071503411
68.14260878048285
-112.5113564389541
163.70657632633498
-44.409855619868594
-11.772421532554963
133.06325735198794
83.31777980206155
-152.91349055138102
-39.44401755817012
58.07692320076962
-332.8958462525539
-50.99403109006626
-50.417698027449106
-196.34332183971046
65.28982077560477
-122.50342054969937
176.77060229496252
130.2740436558903
-27.368232723736647
83.06732333834492
-156.23386888294746
-41.32191622203233
-121.48791502491468
143.4659896300618
-242.78185623329756
31.141722204312455
164.50114783568685
-202.05738984628647
65.56133949077207
-54.89102011593727
-378.3352961581555
38.784647030952435
303.3566409082829
3.75037954201016
126.26244813259576
-51.08284596889196
219.39156799549346
21.49812513522619
63.70342121637453
-64.83224023702702
-29.242287372669644
69.2712520051971
140.67833052211043
-235.33629012916512
1.8903378755379423
171.90071929159748
-183.24143595198913
-16.315866964272146
-281.07662678193265
147.63986132932314
-225.02531430394143
17.097918483651732
142.0133067797832
-9.206399358864804
154.34948381844757
-43.87897576045604
-311.6814238954592
301.8783197128175
133.30077994357976
138.15129303296678
-10.827033682891509
-23.037702262861277
108.11824677061958
-118.62264749074353
-211.87366042684448
391.32167862020776
78.0126408926903
71.76900220992299
-31.48264415016805
-16.772326081157438
-51.954277871493744
103.20921887955066
42.43238605979999
191.80979286175665
122.15818824775317
281.79942358885063
-7.139895546908702
-307.1555652118492
-174.83499591377674
-65.31505148329028
17.074883630044212
140.83784279357732
44.530308241460425
70.44579910268037
-117.90761005290291
241.25843181414672
120.52136625075946
16.59293679657016
147.15851887262986
-234.15100761755778
-4.530947994955241
329.86546365056336
65.89477055085608
99.35804013646174
112.73513620387232
-197.1221516123066
311.6806901250543
123.21274781341631
-293.28090963587965
130.7466243000227
-177.99657948195983
140.1801032672652
-27.35986738325333
-42.62117592746262
-33.92425036661999
-291.71980572793615
229.34827628709505
40.26659701612502
-224.446361554981
-378.57196601253105
-182.324155400582
137.9487317117678
-98.38032014485526
83.38547171326233
58.16927792350922
16.830689963067798
-15.580048213352256
85.16887025836742
344.7779298076585
-232.99171888536176
134.66559816679313
143.2073928802843
219.0470734414087
-162.68404409266213
-308.2192144289652
401.1156738857237
101.95537398614775
-40.96748399356439
14.343735759324518
282.09360440231006
-214.64710801208727
-266.3426749301108
-112.83816923213244
25.599442477947477
-150.213558626802
-129.88653975922045
52.127331513972784
36.303395072847266
161.1247153930472
123.45019111914743
-15.074151942181482
74.44841447944212
-132.14114962903022
3.6455696273617337
-47.474656797488606
-2.0593223975566337
118.4734100967488
-33.357774936936046
-163.08186963041302
-31.48094906175384
-23.380604309463216
96.73751196744357
278.2666874608358
-91.60743305671365
-37.33429256352021
-252.86510417328174
-340.74733906069775
135.50212315594632
-3.9173688102003883
-170.91800147573065
-248.64347795318383
-107.08398513412845
-129.2061170474898
-169.79254163105003
-150.5844347241592
-17.164846966953007
45.16156310010779
290.33411069238406
24.980216415064394
106.05920835308793
45.83876373160003
-392.8146717704345
196.59432479785232
-21.453010175667107
-326.5438059408577
217.95654111547304
234.1704865102142
185.47072408330394
-166.43528222874093
127.24720133334633
-95.86848384222918
-34.9318672037781
238.23639677006793
-168.61130372125575
-126.8349863874066
-245.9311269303773
-139.1839582919411
-87.72780913222827
-64.02218197467064
182.67994774728913
184.4799434930698
-153.71861510504655
-9.67645956803462
-78.78583766024887
146.02861863258786
50.39350463395003
-51.52095666842939
87.57091595903304
-16.017976824817943
-248.17948823352444
91.5468473400649
163.08541186490203
23.278540446504888
-41.52202758562163
-89.5356985331288
125.12651392432699
-5.708790896017879
-193.32928108947817
-8.820433957246086
62.99389655825453
74.60497732898011
-201.39367363933158
-12.203479030422063
-40.29835310760513
-198.28339278430437
-137.43719584394222
240.5881705367918
-22.393458863976893
147.31183748450604
88.78972267921309
-218.06666198776531
-49.599635300762856
-205.83510039669045
0.9354306863330679
-176.69617107151117
-159.79001922746173
46.62536798401515
7.546200380092871
216.6979736259257
-90.77653408401993
62.215607798807426
-51.260495052437335
-47.50499227551724
182.4807780155894
-11.444134221485339
-16.665220053382534
59.395840703391606
50.38746465488189
-119.13087736149211
-116.59234578124133
184.38933986009778
-77.63425563784129
64.00525802066603
-16.836484308083286
281.8738637669881
134.89469968206134
-301.9602152252878
-144.93916874235427
38.6503498266124
-232.63570667007875
13.757925695198995
-71.00051811864631
576.3447528464321
-115.02468151821078
118.17517912635628
41.99669250381536
264.8289820261403
-50.12610390255703
-338.37764679547064
40.06108233719673
-104.27306071606566
153.17852030017366
-144.31005679354283
-19.79621306172585
-109.90945220788872
78.42986474090132
79.63393212814832
-9.22166241076052
80.4557226998234
137.6654147045241
221.42541109424766
68.80126013857668
256.9204050977781
-112.54253022802028
161.9037196658707
-279.6072589319422
-217.78190226711337
14.490143435367223
-186.44648971558797
22.319502694841496
12.06673364372532
371.02661837203726
-215.5162960102639
-214.53352424858434
-267.7833507033115
-193.1614474790917
197.75590047384944
359.92742234743423
359.1069106291186
43.98210071347581
-168.24637796079438
131.81425681625703
137.74540419420111
443.6462761200628
25.384882476057594
37.23230136163662
-181.4763982457052
11.820150840500892
155.21750002003267
-82.27451206810036
-293.2422229177232
-40.74931109813143
-90.45840063539111
129.55208603606025
-33.94063750114646
-21.85426428006556
-21.502344352541787
-159.55239413691615
-58.856556643800886
206.097167428404
13.033401163970126
92.57520975707666
-147.1792495342179
0.7540987690623894
-119.09562700666152
295.7600859391505
271.62175584869374
-529.7150439727413
94.77544458362436
-246.32648582547466
-25.56528641430957
-252.95839272483641
-57.38816464438765
1.5930580277461843
-96.54572123825886
236.2715156275291
404.8278350829369
114.71232000408152
8.266405922344282
-130.38935714759285
-6.027582982471968
-262.6651256463263
6.324772491311699
20.47177775421996
85.86058734014416
152.27120528365018
45.68467350260958
75.45495913407086
-85.59127528093481
30.286876542839384
-316.11664627225593
264.0754449064275
96.90888355522077
-223.07311217299466
248.43272329850686
-35.280641869500634
90.11271218942646
175.85976866447652
-323.1732887111038
-234.06452264088688
150.65953992074307
157.75600185218545
138.38186236484646
-89.28098430888559
99.49293216216398
-126.24558650891869
153.58832135912232
-77.5694618835064
71.69578969069957
-181.68083797624948
251.23669793555032
-53.485615686961964
188.6032187940481
98.29592239459336
154.68608045598356
-38.73456074513103
180.1195954009882
186.4115622089597
-30.597488290882573
229.83480624023235
-246.05856469594747
425.61807327374856
180.4567582389341
287.345414369852
-21.235710554966744
-85.91902614466187
7.0436060738026836
-15.91820970685276
-4.202488533263353
63.591271127546825
75.04329654165063
-129.27848202939666
-262.0897039283334
-54.07702566605041
-241.1768158386444
74.4803472728674
-272.1514265614302
19.859549847431566
-128.5014226226775
18.043397493542916
6.937914386338433
-50.741665306778586
-0.4026932511019496
204.43439384310471
35.72334254297043
18.94834717333921
13.457402090311787
51.5711348497743
141.57470100445565
-33.57566543022191
-65.9403090308644
153.81883015570588
-105.73446017526688
22.156426088323183
-48.591304064099525
-174.32003010386637
182.14537235499066
-238.1514160110953
320.97276655902067
-253.01434858783745
42.538902001028816
43.04830361956247
14.48800037596759
277.47772474971026
181.31219373677325
-38.343818272975334
-174.29177109657428
83.39321505566987
39.56792453022325
-206.24004320042383
-353.0229490486569
-48.98827688353215
103.62613261033714
-138.5256777357979
0.19737746026296854
156.18162260909529
32.100143443695764
193.19512061232177
90.86243940796376
44.715639529122875
-67.57396971137764
363.7105702604755
-240.89874950201178
202.9561569230886
169.1196404884409
18.55702179986417
-159.6894576067033
-53.36083317046244
-223.9720684576029
0.6357915196374948
-16.701027923986818
219.00058357419977
-99.05625546675897
-310.12095785073836
49.65978036617174
117.64919668383966
-214.3128121042738
155.2164920188681
196.3026462967231
260.12446639382466
50.92964206925439
-20.92697783216972
73.75206016536767
67.28424982193297
93.68886438202763
190.0933737756704
-64.21942518550998
118.18633308390245
-332.8441113718569
32.94256777047941
-173.95800811565923
29.149877955315784
-79.64071582014635
69.61263882152264
81.00446335575303
-495.01221840614926
-265.5428968176897
193.86612786029215
47.98549051090635
-172.7233065629334
22.72335124176284
-135.20904664027358
169.89231986428493
41.05620443123239
-8.03242734542987
-119.02526084088225
217.08891491796183
67.8530481788903
12.794711560343123
151.8095359502352
-139.19133317054965
96.1804877172438
92.7138758295702
103.28378984299174
29.997902319684144
-31.474937085655895
32.11947571367361
-305.447561535073
-154.31669606171883
-42.68758325095443
-60.38224288325104
-160.42210105579554
10.441563067896427
78.08420924605724
110.60159939507332
49.71655259764492
150.73839105562388
-172.67428535565872
-112.92503470151964
-251.81772594019364
-173.5994927579289
491.422937424166
-43.80701205213121
-73.98846608035458
188.1741743766892
-257.6932932076794
276.4572023291114
-136.41576641661663
263.39112966058184
332.1531752795448
-157.94315421079781
399.22898068074977
-51.06385409853984
139.9538098658621
146.09873678736818
119.03648273298266
281.69614013311417
169.82881610344066
-104.7789801660362
-130.05319440230753
117.3891603773866
-287.9389880507399
95.54128505007698
133.39907373374936
-130.52886083092213
384.74755431180995
123.12886437947019
-17.17618805053962
109.56911555710317
19.15791614050707
84.87790582786243
-75.16800296583891
-137.7732109325104
446.1474699094088
-120.01599788142458
-45.04758350544609
-287.79456121987283
58.80146299288134
32.15423695209321
212.89397789947964
192.29757686573464
-161.0143143854792
-157.41124733044703
-13.567406249355948
-190.2323739113411
83.97157252945298
-239.5607366416515
-290.3040781146509
207.97963317876693
142.85892590991776
160.59932155557172
71.05150205324009
-14.034649588112138
-566.9287441123296
220.45656643835127
-8.910053942022945
104.79590614760767
-3.067466506088172
-58.71998885895967
217.26650226678495
-21.3281706602602
-65.96772497256566
190.71149030851072
-23.807190164706608
-427.2842234184115
-116.59238788919083
141.93085762403075
89.20199951425391
-131.077628486281
16.886085760337068
-233.87406215561734
176.70963262036406
-33.614674352798005
-3.491613088534085
190.5699145359064
-128.4796777349346
403.6476423919262
-148.2154588664111
-134.24297991696952
94.24977104530562
5.441738640444053
173.55523664727664
78.68114844358881
311.6241082623391
-323.66672556795316
-424.9986167392283
-40.687086909983755
-297.56552136236337
-136.68820813036584
-27.483040060431307
211.6981409711162
-153.83193580338548
29.54914302216708
-123.16012918205331
-52.74968318141191
-38.44060418400364
-97.8460913837392
153.3123370693565
173.18982685181172
107.70101410451669
9.85837124410463
103.97947644590332
-3.342429462028831
-136.2418499048235
37.253162907335835
49.00615578954307
18.74396259828749
156.81718561363934
-92.12438658926327
-160.84582713371023
584.9444908394386
228.16988467566168
-9.697846467974308
-238.8270380413404
-63.659925602083334
-108.10070123041778
82.36241703445566
9.27629954911466
421.7502127085252
149.44020310567828
195.1493967147556
-111.20846514378088
-216.3813474920954
-458.29138640148955
-208.2642217960718
-119.24122913794139
-73.75931357158744
324.8973268034861
117.19324897281088
-339.640420125632
-82.0277181007126
95.56935471718086
96.03562272577922
68.42293312585544
114.09800690857685
234.77301623270466
75.75231478289083
-175.859329301417
-63.02858709250978
-200.49915716893298
330.05737475328743
-487.54979942769205
211.78612574146837
170.6206387765782
-23.03085006418461
98.00173044222126
-162.86399312357014
-108.7387211370774
315.9540596614735
34.85343598699354
66.39276998206935
103.33780754724332
113.77681284498513
-131.316332291838
76.84202500783535
-151.47524172214096
198.0288950378988
293.96015834184834
-263.47612084843206
-297.0947588873068
-27.708251150169367
-173.8644935191761
95.08587697607408
-5.286962829623742
40.15903228682288
-246.56264734536077
149.59248003065898
275.8150321120877
269.6904919329264
64.25510341244161
-104.43314653561296
203.70347473006183
-43.83995204562135
