230.69026790704388
-237.53777855762175
106.09992856221808
-121.43200586136172
-13.942670006246615
46.7699329603913
267.89500286747085
-7.751550524943891
-26.695842490595073
-37.01359639969981
8.022829278487933
-230.78432349848197
-242.5300948063317
318.9306715998255
-322.5878008985471
149.06512737368885
-172.3782659901028
97.20817023059897
-86.05275756173245
196.18007400385164
-43.291782021283105
150.8637830759001
-35.78557198140607
150.86139514061173
-32.957781119876095
-137.9050183048868
82.45409384130139
17.681621167224584
-102.09228500466138
52.724813119492
179.5043665151067
166.88888090689017
89.54978414452285
-414.52467118023964
114.15387089001257
52.22086504848727
196.5927149629798
64.54238638658057
-134.79199041839317
285.3330537659277
-89.60246086609477
-237.03907251320572
3.826884284619808
121.39053510727454
93.86206735339344
-187.77008886550328
-124.14786855330001
49.91104687589825
-50.285375073486165
32.0281569335084
181.2898006189242
-203.47006024718874
55.62125481721011
106.08257720517662
-83.21646647435736
-132.83640799381035
35.29357774138284
68.08940055015022
-68.45007859816968
172.45645015094905
-34.41469724677079
-113.68968475038452
199.82337986490117
-30.595558738813516
-86.39746358764832
2.964682684789728
-272.9752171993894
-77.52745469735821
174.34069182327303
-139.1295710498301
103.94051184152626
-109.95186120594039
-24.528976040307995
231.0079954221399
38.59802146158518
-248.36800541523095
-37.55301901377234
23.093020737057802
167.5417250496862
-223.4944063143702
72.84072864299522
-215.55122714516676
9.322728563476726
64.55005855771847
-116.70591486399296
3.495813745563694
-0.8761786202195766
188.68649093872676
13.77140489470794
-193.04832625624888
9.846098386437578
62.349894279439084
-231.6000687065217
204.7742472438928
-185.99949348813342
100.29903069180645
-132.33107694803599
169.13200674988596
68.68763605642751
50.72036315522414
-27.558120610063003
3.974196930884954
245.63603261150445
-154.67686867048448
-199.975362785974
62.85283679390886
299.6656713208452
136.94417858179028
-125.11154595473363
-102.87255777055304
75.49206649084036
-124.91072990957463
-64.35432560860669
-195.9005528929127
123.77987210940401
-234.8476766609167
127.74408483326887
102.81279155994781
-29.438409045069182
177.54222238215786
40.439331229698794
154.16798160566356
-20.320240278772662
-157.7770779125904
449.6535769071281
-15.87227721130087
-25.62407432125473
-31.321177757828192
140.1046401944169
-66.52708683698371
284.830407534724
204.27549677301073
-40.332780646211376
30.540501207867802
142.13787796484343
76.92750154947346
53.6269016331137
177.61029375591886
-112.17650510094654
137.85995048238607
65.71227754624543
-258.39591220199196
433.4239727402109
-45.489207241788094
82.81062568602616
45.43527115822276
56.13603903204936
173.89512200574987
-176.90182874733986
114.77716888721807
-300.3713140050464
-311.0992300940519
217.59013299065248
-147.53463879926335
118.49747537519474
71.72043666498699
-168.24279558401383
-216.22165538450017
-158.1761360513501
-234.20531962111852
-93.33809000642049
-81.10765096935266
-269.89506354120743
110.5405168919496
-175.4683016484798
132.94242963342447
-90.88792830108946
60.73667114186692
-96.46490641289523
-34.365371342081055
51.2759920607308
256.1210961366836
372.5285282346985
-10.459650737692412
-99.41035236347136
60.75908358156365
92.08509204478699
178.88940773197672
155.37009930085927
142.84104575228278
-43.320350252641
89.40300264797185
150.4786630796481
-75.29871000573873
-31.651516786711014
95.64202607687454
-18.378684370630545
304.72176544191626
-65.87986403507763
335.6508011878914
195.3006546717563
296.5175211893173
26.757720520485478
-15.141552735921593
15.402183994508984
162.23166650173758
178.42963472005394
436.5775469798517
272.83457372715833
-287.45823658418004
-218.48609758660803
-46.54945511876437
11.878280015021296
-138.18004553406047
-89.0301150030387
25.012863990561375
30.198279169111995
7.851433245867948
-100.42527175471146
160.03063726307775
107.05711043086941
322.11488356965384
7.001504544950619
140.9232151864954
189.44784816816096
24.543465835435775
-11.130472007083396
227.97172055137273
-247.29484783915697
48.084381950568805
-70.09259397394932
-275.81902600030816
38.8670995338636
1.3878933410796765
177.55944248033725
17.387595228108196
233.74847883473973
-132.1511947406682
-187.91552038753125
-104.3300588089767
-155.40810588846793
88.69778132801002
140.14498615772726
-77.69701083378214
110.04738938297028
-342.9306470148041
-100.57364613801798
86.11665775816346
3.5322445937556357
269.11431967699303
-152.801410303013
127.56178894545431
-145.7583440876604
107.23923222780495
74.02867339340108
-55.501201796980425
63.383063750361906
-320.2864518822392
-192.29046483003611
125.82998570647231
173.05818604953322
92.92926471883013
2.015123742876174
-180.29287519684416
95.76691996718066
-237.58117792660295
74.06007369698747
68.50378398931969
-105.18019726052447
-219.11885420588797
282.78688538057503
144.57792831134572
-70.33876840249461
169.10163009695086
-358.33998470060635
-92.82940378376337
-204.90336655205996
48.139137803566
9.82512715410165
245.70866453870877
-92.39393615505277
80.796173815851
20.455441860601375
239.67424643219252
98.66688298653395
72.04215341298844
-180.53874609693256
146.90746797159963
50.358494171872714
-20.14690606038934
59.16828121183621
98.43258451495291
-169.43764132938344
196.40022084408392
-324.32306326384037
-133.7813278859902
280.31289568647736
109.54599311557789
255.75781504533606
-246.7455985771995
305.98466956061804
-309.4366840265975
-112.91788272892039
-102.53460933377721
-163.75717442241094
70.44848138628613
305.5882158590233
71.18827385337175
71.01494598420133
-52.218635077039536
108.78201556632042
149.92933507658483
155.999625688202
304.87830458857974
260.86441373490214
-270.1497093591024
151.27796455787757
-160.2092344110439
-39.62847845742794
-86.89480598864957
36.05048896288336
324.45565847420295
-30.564336852526193
-106.7363946553991
30.69929378720868
-7.475829625435936
-60.51923977496837
158.30608922284972
508.8393493105795
-161.8425683451642
-69.93635858084659
-14.220860249745266
216.72552103520192
134.7792217257804
-46.44241740660504
-292.55696878274193
-86.52882801730401
48.99389242375516
23.71246732754228
248.33563571260433
91.73941077672437
19.30900785281184
-271.31594954861896
-175.65609083328
-80.08959078412938
133.16569808016055
192.90740014554854
64.70239489981911
65.80649656381688
226.0995818735182
157.51625465795934
93.89160765699735
68.34504394367168
-19.999118310192852
4.172035950062661
54.1526118253126
124.44937253623179
-126.78174894479675
-109.02887128683084
-13.696716983230939
230.99741637486918
-192.33500953295584
-22.827962166119974
-24.171073979901216
-327.24131419392876
66.4749959038323
-121.07743044798208
5.521337159350688
-290.4406511957682
-114.46316615204518
-93.97422839909875
218.21971787079605
-23.36501849916445
-23.389173047586187
-124.68248488244193
45.679308461717184
42.651429846607954
107.80073694739247
-130.80525067532716
-227.07416625329483
-39.56507606429609
-11.21791545015509
257.05638081162203
-2.4387266110903205
-118.98206054242328
-268.2852837356312
92.3773723546721
75.49907610550206
224.36108059630666
30.438229953246807
-212.20742479127418
-199.910152544696
188.78851000625346
66.43893624379885
0.03093490201642579
171.98289123401867
13.305847955635246
-51.26625247113242
34.88852977945279
369.8166101161225
-84.82473879485164
63.62746253478083
-12.51782512275088
17.625976092220483
-99.38764115356749
-48.59859671548229
196.55974609112926
65.65191293512045
-83.22238334759028
36.94093198349802
182.07810655752192
-288.9971309031772
-101.51696627328336
161.65865041478233
61.686104284633764
-42.8889575649242
-225.83309731942126
189.44635194933142
-60.35157203286242
-50.378539752171875
58.978074195528436
63.102643214015046
-139.62029067270345
66.82208961459445
165.5456699024906
186.77365464181992
154.38487694321182
265.5860551375009
47.88058169145011
-184.42969334080675
-32.69232502911411
188.85893044936168
-11.603496079451421
102.14382742786518
-109.41892782774816
-39.30501648227736
-14.691387480897129
118.13578731015153
168.99806621002926
-128.99170557090304
40.85695261590886
-103.63145428417502
-63.98542106331851
-453.7712989080535
236.2830630096718
-273.5546248464344
52.264588645004224
-463.90119530699354
332.1201000529604
-56.062954674381736
-138.50025668693337
93.56707118172693
48.22295683030128
-87.62306744944996
50.39581136777957
-11.423786040650716
38.840767700001884
40.21161539029316
-160.81362793237022
426.4695403748239
127.54492135470902
-112.16738614748756
108.28879832080035
-71.78226998762236
-16.71691081338306
106.28034889561187
-138.77447780143743
-184.8013866312847
260.4495017212452
110.00133798644251
-64.26173264504573
84.70231749087536
117.93791921705851
-140.05200205397355
-67.0655164912684
-48.317532654914736
-205.56071228757932
282.2438040524352
94.87895543444439
-82.8374197170849
-25.08990217900828
-261.17104038566185
-49.09352572834438
12.259145794818563
-76.50634545356074
89.11242630662188
179.0609854155543
201.903050126086
226.66458744693384
79.01268504467407
0.3306767737804428
-176.77208247295147
-43.54828830176586
199.50818969310538
219.66860248961922
103.52771911049587
291.6932038764799
-269.9383173608409
9.563291840845173
-251.1915038408287
78.86910908749309
-170.72815643564664
-370.2337688286576
-124.31275630616622
-44.14488271657386
116.33529504345368
-252.7074602759288
-241.1408089862519
-106.93278191325622
65.55868470347164
21.76493903837846
-111.41104265294254
-97.20632143082139
43.10090981194494
-16.5141078978398
-333.6115814973807
140.78557883554345
-34.737274246641036
71.77092383439758
125.6119938713267
170.58676748268695
-11.380895499428311
150.77729177672762
-77.00294879051837
29.792232000962365
431.662813914755
-289.19036293728584
63.76800245757589
-73.61622896661106
-111.17719265715833
-317.6378488723805
-3.0104895540214276
2.994726861229893
-19.88298261738922
-110.48974184082425
-38.070055741017384
-251.77842779382894
0.48782739225797966
-99.67877243501223
-119.16107034669463
112.65328599272377
-189.03782820976872
122.38628416728423
42.11794249172165
101.27771923696051
42.0493807636361
-27.603327346474067
114.8933537857195
249.14031553138608
-37.8290492510811
131.57684898697437
252.02540971765
-269.7587976003308
113.37256072120539
-173.92504135029742
-128.63765914625182
134.12285182881908
34.591095019991315
-102.5811635669493
-297.88553663403746
35.035143070966036
59.92944365044426
-296.83464489733376
43.10593837121788
-39.18767034105726
-305.52045561920875
231.34817268136425
77.54111699749568
64.71838838637719
77.35350455646395
-193.81357463481265
-55.59781618666037
-54.97878024812411
-109.16170068754431
46.31550649903144
39.06695506672215
78.78912148221877
57.659103320252036
319.4481555068277
50.15775737392401
-100.98609122338964
-53.56579864872121
74.52741951887634
5.2543010598739395
48.04887578489065
65.93356142440138
-75.33610304326065
253.0139816709921
-11.727733132655139
234.17787056473446
-110.43992794518323
122.04516786381959
-65.383576713689
-40.96711746486176
-29.649283633729087
-217.85510382106466
100.16039294396741
171.1730574630625
-191.30816684854625
-173.3255364365983
-132.77250954476793
-13.258872511915605
250.27998079613448
-164.05383172739982
-15.036575000053137
-37.32246145354835
-243.66031714908607
-242.46602624588988
-134.8156695527978
-95.31707102066714
22.12599156636147
39.55925916935396
-30.18524278770797
-4.918398640141659
-57.31916222812412
192.01141357582515
152.94573217078047
-169.03090603770784
-72.16435977623689
13.140693602391334
142.60128692081568
153.75343770520885
-166.54096851402605
-105.36564949394048
-69.29600219575367
303.9402883673062
16.214865665252574
-81.33481225745837
-32.146879353544726
-20.955626998190155
104.38502585518741
8.615122109986538
14.656427851234705
65.9477395411865
-359.5124514641677
0.5975796479254712
-22.958594445497873
-27.38892860477833
84.75393664087414
-80.66452149131212
-221.36522370475546
98.23160738819928
-244.2926918147123
-1.8150164200550583
-203.79787853182398
-151.89193235550727
198.30172874199377
51.50976729786658
20.769350700888122
-88.26209165476118
193.66475423389065
-54.87898432786305
459.6001214871394
37.752679370299546
-112.9056112582779
-194.58303436933613
-193.0674474342714
72.38258313478622
-1.7598506541379424
-142.34480273511244
-33.932324830457176
72.5843112042394
26.540908660117225
49.30092437748456
-172.2676503786626
-83.21842158712603
-133.6205051235423
308.0734727253542
335.4096432872997
220.7969871116889
-14.56360259859496
-157.81965844415504
-213.14422072088178
-139.84967417636884
-74.04477262864928
325.10427615651446
81.86793307056364
-13.625821768875845
-164.23240573001513
72.0886870716785
-114.57171075494904
-167.5152241840797
-135.3566071101131
53.582801845632275
65.79965701286477
147.5083175431141
9.713335196892036
-127.7488211783527
19.910568410927443
-343.9293726584079
45.509861946016414
165.16646687815336
-283.3476461557729
-188.82583680702675
400.98306796526623
94.58547796852173
-66.5678178461808
-172.44450073726395
4.099302396467262
-4.920578274189068
-111.13830184549845
101.78641005860648
44.22653657577193
-165.50810243787333
-183.84162457229405
-229.02542349281435
48.49130139942163
117.14125466048779
10.783254488779201
-41.86925441072378
55.29661464367676
-289.8920239452548
-32.56141055797969
-371.52620600624664
107.62226665949193
57.77380582965337
118.390137810987
-113.99298722804876
107.35130289233386
239.37458101616963
116.09631388858412
-217.43600166360167
237.74309507265534
-13.87812000008815
38.407545968100756
248.7447673805003
-5.50769933762867
112.2009165296261
116.01759963712875
73.1277955671359
75.71147536128612
99.96026392231036
41.13227741853806
-90.28116132391362
-96.29506291506823
136.72928474410708
-104.44142456040888
273.6009183565931
8.83034009970916
149.0005276438486
-120.63225650445963
27.19589254014232
-191.64192350742962
244.1119404222486
225.95364140543936
8.33259803463704
-84.27892421073213
133.7164733000051
-54.56154133444508
254.3292940434549
-210.4942762910983
-137.50134595039376
-122.3133876659679
-40.55356387706071
190.60323041033948
-84.58023862267427
-76.13470676568386
-306.588284757873
384.3216154423115
-63.42061687710093
80.72410075338442
141.68590739750545
65.67322539577019
148.25772597601136
171.83825147975594
29.68590538843398
221.14283638864404
-181.4990465013839
165.90286739529037
-196.46883105229176
60.512431716920105
3.2279867836861107
12.638511404804715
-40.21056237586855
8.071612010879583
116.97628330444677
137.35594440293485
-103.76391169955728
-59.160752283058955
93.06537629069066
-52.40013421837955
185.6166752787756
-103.6274554467523
-253.6315875408604
-118.97505737959797
148.85897387628455
20.254631901845897
32.849064114349176
-281.45225460603973
-151.31705371303153
126.8902177785178
-23.309374543772744
-6.824586579963226
297.8557473205201
-22.49505993547079
-325.98277634996333
93.53631310742408
-46.578709076679885
-61.76312858595049
23.083602676006542
146.432073390863
-81.68090203873867
-24.96516689708859
-60.05247538604533
53.281459491128174
-3.7052841396057095
-253.31326231463268
76.32731430272294
239.72326135969422
94.98540021982993
276.4727184493051
168.10602369772906
94.49370995093959
-45.64003521422618
111.07274322007744
94.02499643567884
-121.08513915825999
-253.10811100237623
-21.444756039480556
-96.56655831732598
215.73680929866083
195.42312722192935
-18.826816450468286
-140.62412354480043
130.663504058865
19.91776935404722
-383.5243636957667
-33.09060836861922
-148.59261369531632
107.22207605714222
-14.23016970709345
-336.61424024599904
-62.170057151782565
214.35148527730271
46.31393962166615
-138.76657807577726
6.284429674103542
118.98077572727104
45.715562328775775
-99.95680003794817
234.00174481541137
-129.12135486680694
60.608274032334
103.24599763718783
123.79213004400455
-276.25745516588984
-74.47023367126837
234.18034545889358
-192.01222421703105
-1.1427922826131067
-2.966923719321488
181.00492498540075
100.51621644254386
45.984366150180925
-193.3464171766411
56.37456722946625
5.443311282057049
137.52588271881027
-346.53446381037696
206.4214422551843
230.50315333365276
71.73088520335818
-3.9068975612161485
40.469755531187076
-72.29214997559
47.779531401353296
-35.216159688943016
-167.9951835546834
-280.97913977493613
39.18073083773161
97.61554259086972
260.6375175754856
34.61977719343429
-254.78150055440574
43.24889106506681
115.1083299913246
36.74477775866858
89.33809153308208
-59.90217937096903
-10.222645852375821
88.76189150774339
124.76655613482151
-27.964128207425997
36.265473845517995
420.6222521858436
127.32046862585764
-136.24202398780713
-67.71162984786827
-30.68279633967347
-318.4501302718364
-165.10825148053468
209.77003535456987
22.92452968720259
-46.003296613642355
-28.026599513314764
106.80860650222509
71.0662295007294
121.90759692803353
17.45175804493592
101.18052148348276
41.98440265091197
227.3015052860163
125.89839233449769
-96.52481529121235
-173.67809098907944
-122.65012642825366
57.12925000189372
-218.8100512394127
13.6343128751248
32.18893226258638
158.3064946494553
-35.81825298502945
-41.88924192517186
46.419882656591035
109.97726394792633
265.1057484174357
-83.29649292733265
139.60571204731872
7.2685053410283
-185.82493294953858
-21.753625424035828
-115.18650659162444
-80.14407506946586
133.6457574664331
-73.23661786903823
80.77536493269186
-259.8411446571972
-18.882407400859734
-236.83173871593587
-282.24307780162
22.958385117870876
-33.408600051498254
-76.17809174905493
-71.69645996462887
-140.5495458772703
304.18966621117994
-248.5144402618837
-103.24465855458457
39.98289458773537
20.34814693706258
8.676223868395226
-45.01263494103095
-180.6332646361582
215.11294027259814
-151.1719326846765
75.12135145234993
-50.800289998308436
-190.70666230100426
69.71631797613796
-155.30057491879037
-111.94434399057886
-7.437566611740825
30.731935052654713
5.590713537847787
-203.96802759513065
246.74493358740276
-150.91890061163338
352.7556988562198
180.57061392855562
-217.85553115092696
70.39646698713915
-167.75850801448118
160.32414449066488
-141.04980250056443
-92.9114341306646
-45.77975774734151
87.2028285609251
49.39483414020954
174.77065579616104
-90.01656201552723
110.36697559934292
-52.61920104861354
-168.9524310559821
-82.94516481595831
113.29466664758579
11.450730643363977
153.66729487358694
-15.810405080889048
177.69969977141295
-66.98752463344579
-127.14144637979314
106.96554588773249
-103.9198026000124
202.31017811091664
-63.066753027703406
-248.53666355032104
-202.3134363809181
-105.57668423319473
-74.95866284584616
-66.29822701324781
-43.52230104654848
29.5645972287553
165.92502553734784
15.394495933638272
-153.2584213210234
84.1430283316415
-94.12706244398264
-38.354575928278656
-151.92329189999703
276.49676779463977
49.77535187267101
-391.90490085431173
-80.20456644177895
64.07903821642192
-286.6895063311591
-383.65357287107776
-32.31366202294341
-40.37693304172655
-120.35106550971805
52.39997244766295
