-114.02796526483941
168.22937378395386
60.6372705230767
-15.259615972216393
69.36383442963366
100.02513437736523
35.98697809455848
-10.65330774967564
52.47257780875056
-59.542265874224576
117.68772297274802
150.49687987370498
-87.19189464567107
157.3118147146337
76.1851308545501
-61.01625868937028
184.39390512381888
-67.37862910509682
-243.90613134382394
89.13904393499111
140.71521906763502
180.22088246929403
-45.96023501171084
-35.44181561965875
20.521049344794466
-5.790716224605932
93.30815693898744
39.40959147634049
321.37200358475246
-158.42915213254935
-76.48909348417254
-88.31323865021297
239.37279877163905
-111.57891768233085
-53.5425503962785
-153.81049906637855
90.44763792053388
-230.36501356538471
71.81386747571837
-74.38154196237426
195.4921225982402
-62.9310916258412
-105.17051738253038
1.7199414996912248
-43.47745870478561
-108.01650744120091
5.753214632212253
-220.33250185932363
99.65201300173567
-177.34938741604043
-207.4672528497834
123.96141182307908
101.03273575487067
96.76509831959766
-72.9651164518651
-120.69788167364473
-150.30024102371198
-27.894657170367104
103.70637146168485
-180.1132055726137
117.94122165749025
-45.71374828535635
32.68959885563111
-17.326275108521227
210.45449184671628
-34.92051710937461
-166.9302734198846
82.81125373462831
-85.39569738128537
3.5244678017598066
-7.3634741712906555
-109.12158639993557
58.69606752731557
-180.62831470272266
-38.50383545847855
105.99906712143576
-157.88244675830984
123.92327134354352
48.30459305416227
-95.28983614637686
-76.84846519113216
84.35124914089863
140.08401283106755
89.38002328311929
14.681495716690042
58.86296043009778
39.55488292369449
239.02948361018693
110.79992462716127
-176.00730236979896
-69.21077514073043
-205.74580907361064
-10.517506095409566
-177.94041461796897
-77.74602208124351
-85.52993445308535
95.9994892021395
-29.335304485128333
2.489612412727089
-92.3517094965163
203.04292320088288
-255.85149452017487
-156.34530104958696
50.67066187843401
93.81969121167134
-86.14408217146108
89.8951236775978
11.780319185466256
-138.54114161260426
169.20116957821418
-114.5271068227695
-119.6915875639016
196.8070852773201
-85.20272086481368
-92.25784375238575
-79.3185033278365
19.929312064613914
-12.597818395924989
4.31432974944119
-30.544279063548455
92.0849821022366
116.62577669293
155.66320849536172
41.774632536678176
-285.8688948638436
-121.99468192406454
-33.59989193892162
127.45123906220336
171.38131938528065
-99.27295557051917
-117.16059293363212
100.06350431164623
205.9736666638318
3.549927300353895
204.8899888247157
-84.72802182914972
-216.49268390184432
-58.41237283120332
-209.61662934900104
-171.10036877057775
-152.12852236623888
55.86728805816524
24.74470717607501
255.94918905982146
164.3533962901456
83.14282600626368
76.29368207025695
86.83890777212943
119.54082194969358
375.01986047215945
-26.206706353032395
-120.8603930369285
238.22218457233774
86.67132593918534
123.30836746860706
-1.960741505795626
79.54973864379512
130.16844018074903
-152.7642027713812
180.31011407154855
162.46584881122658
86.18380989646212
-40.858475795460095
2.47175087873085
29.602615582381624
155.39584903900993
-145.50577033376393
-212.66168476784284
-62.45265467640092
-104.91742758017617
-53.94166781068216
-105.76328159526174
101.94613966376467
-164.1415635836372
11.916737259689407
-100.59368377053009
163.94246846132887
-70.14008469088947
38.339422779492985
-80.14495198127227
101.04923198220975
102.72345831305175
-110.8162686483175
9.298030855076101
-108.35774291821278
256.86458436949073
180.44524454825435
59.564916035308144
3.1862344148101025
-186.5129986254291
-73.56599187886603
121.30264037987973
-41.75593042281647
-170.0650480369475
148.02447363755758
203.55642155816062
-34.03345780455406
151.20553893598776
-132.03424020613124
-171.80028799822838
-196.6429460265965
-178.0431882065801
-208.44944252799024
-184.6927463575137
-177.34443688972934
41.44996202755515
-63.79060745556758
260.193218597077
33.1390982051767
289.4253493237064
38.64274748875121
-42.61615736375705
28.860842167100483
128.49386398396425
274.7291007945483
-82.20663897558981
-44.644966990516195
-125.42756744460799
-226.57154898103644
23.683018257545157
206.01929397053738
80.02930451723601
-1.7334269963956364
-14.071348090106197
-8.150961923136071
74.59823695171845
-79.18842226113547
-42.27968426664921
-164.6373560240859
81.30434341629193
-68.52676250540424
109.2497691369469
-36.174389852265755
109.57690434776492
-135.24505168639988
-28.807559114538478
-78.29200949083683
83.99548663027069
-123.3450355136009
-77.16661084644424
22.254294480190786
-198.5204082238765
-164.90247903673696
-111.14070376603455
-122.81609436291856
40.468487790686744
89.62843627306411
-72.45722189139991
-85.51832799345824
42.01680275376284
132.6158332145629
202.15158563448938
-345.88243650534685
-94.7675320269798
-227.73801838359518
28.219591845726576
20.721853601653194
148.09529022875083
-97.76919876971681
461.2179489094762
140.7910979316164
63.57002098651004
328.85156515030917
2.3691508304471025
75.27899596230779
-87.0119650846783
58.282744800635
44.96763632762928
52.327918935551594
-36.071083258944185
169.9244828580149
121.32147408326112
146.31981416674887
157.95325531454154
-82.00304721298592
71.62068178489056
-50.86836215961887
-202.4908683041718
-200.21779225045017
390.7194937955503
-0.9462328429192283
-158.71860807045172
83.70818956035797
83.90373982963168
-118.01628935977011
-245.4478375239886
68.67983406977885
-49.86578065979379
-298.8410637497154
-69.34136190832179
82.90542116070054
159.57358872350684
178.78852557548413
-88.7565844999758
-209.78884900679196
-14.080615703930643
16.049698557630364
-103.00215153871932
-84.47401075161957
116.37692467423342
19.735264268305922
-30.957543686972155
5.812591429831595
78.84120141226684
3.19974038885439
-47.11859758576938
-137.56528996911578
-37.23947532602516
15.004373014504997
121.74190801631352
125.39947692432817
61.11552294220748
-121.21445071591953
236.08888753815722
73.32142990949396
98.58582609277276
-142.68883408246796
70.16761556936363
-59.305912840712345
-52.73958392761402
46.43638895602785
-206.88908398775263
99.87428803805909
-141.68314201460643
198.876749290542
155.18588023294004
237.68838047620693
180.03312010890414
16.225347665897456
-97.91967322765221
-54.39111878027429
358.219148528042
-56.076733872306306
131.30703191885573
228.2613001585057
-107.60700380591194
-101.09175698342318
-159.63379099701046
-148.45431573734777
26.631923645565568
68.51443012433151
244.19879709054604
-194.0355160016811
62.9579761597934
-155.92631372005695
-16.14932424484234
-41.506282258022836
140.7541989447331
-59.44811457796538
160.6137736638361
-6.765704613810186
225.41999937912823
4.0116194049777825
-39.19835025382922
30.166448888423375
-43.735161153347946
-23.739622394093924
-17.90295190616095
-238.6903139573376
50.84868640673896
-69.24122197620737
216.0655189204135
-29.10570598631185
-21.5397067678918
-205.71313430902043
24.628175787618545
238.83403460780264
-127.47397574880507
193.4771861886738
-151.60925086693777
216.43299795505354
-208.0288342466022
244.40744803196944
61.4552392437984
-57.60889350704242
137.69746929392204
9.770179880993746
-29.780521054935424
-29.837693522610955
42.843443303349105
-164.28259211947852
323.06388425973574
22.26547114823591
98.73765454894462
-83.28495075151041
85.79649291376236
-104.68979370808081
-173.721497014821
1.7831147129001654
-123.55537058732001
-42.096558792888224
-3.1176491762164527
-60.8093693859483
-50.924958195290465
127.43655217151216
260.24560813671826
20.235777998700414
63.09731802346663
-18.33152433048016
-32.42834589883107
-16.101763541886363
-213.30481540217679
-123.72985483033618
-198.64082744970133
111.54188845665274
17.558953048537486
-98.70797682228205
64.85457046423774
-418.1366652970215
98.24627702182794
145.9805013730825
8.484721839873533
-85.89195124939981
101.57088137278441
-144.54593533691178
151.45796928105824
249.96061205812663
142.35571400049872
-41.70705256693902
102.91341806719706
-223.57791010258128
-154.02349956116063
1.21486774061799
-134.6159644008058
-27.939952534835882
-178.42803698128398
30.21474945567883
-142.16445395406745
-60.5580071226433
113.16159397667762
39.83315569784814
-72.55118350929388
-117.98075044618975
-92.08913694397171
10.911904904208255
-7.875097175246678
131.3800940552847
-116.32996382674035
-178.46459709804498
166.9471773896821
257.37636989712877
-213.48040373437823
81.07099465992763
155.61345015362528
-21.808738518938583
68.10339986738074
-49.67764282771076
-56.524997262333066
238.93069447755468
-143.94364768941017
138.8725888116741
-5.34560654492614
157.83994154935394
89.6319101177054
-30.012451786088707
-145.64331654782086
-105.1267450545362
-149.55536200897498
-25.40285022745498
-75.34115148932379
42.467736930798296
33.4556382332154
-75.9705865514309
42.769056794305406
-98.17002362419697
-224.27039772788854
9.132415328958398
195.20578255619256
-14.083912345655676
49.680833057136134
88.37392629040039
65.65066328256123
108.19530439279427
71.22767599473138
102.25060691735204
32.1344858362205
13.88863332308871
-4.364079650356362
119.9229832850101
94.08903372096641
56.21042327947538
63.64434185926912
-30.329450060751608
-62.81812572342434
-138.89183712386586
117.20959278753448
32.448742504392605
-132.54415244139034
-119.75952422557
108.091902311872
-107.9356033718653
231.13368569625524
149.45667915650995
183.05167876121047
21.304777819658042
42.87450791313647
-0.9553311047094591
-226.9145378426489
-194.70895926429796
155.53181326689668
-5.753239986749973
265.4626548484999
119.81467270005312
-139.25132196984808
292.28231455101235
-196.69853524471299
137.23460710661809
-20.388905621258036
275.3037044681609
-203.96647773190884
-331.9093233836251
14.442833605579501
-40.57003093317191
-34.69704498460462
210.0369075530788
-83.4823711005713
-102.04889078193358
-97.91413443130224
-78.9795135412669
177.2025044215691
171.01760291301264
127.23826751111456
-117.82074478596097
290.83628378967603
33.90899616869607
83.72060135525848
95.61408515908926
5.696257864528032
-95.6309445028092
111.02688980585245
-159.3973298804242
78.77628283538442
-91.3083494292198
173.07555005666134
-62.335606045847804
-26.83947269531782
274.0801269233426
147.58396596829417
148.8388033861564
167.60755405581378
-102.45130660525182
11.89487254031482
-95.15930887955417
-32.068464038945145
60.42834511699241
91.21740579894926
75.49321883607588
-70.9744679900164
12.386476626150932
68.49927748208275
55.09652582782116
110.71849893813038
27.2206752302597
22.59987246255624
-16.122158169050167
53.456715865517005
-72.71955484376248
-76.07151411548108
-180.44671306022465
134.1290768835233
-55.09550505106473
-86.15584123928198
-19.479584320464635
-44.34288352222921
-88.28602579871509
34.84355131143661
-171.13553543975098
84.53112202174283
-21.188533196822
-31.24236880786869
126.88114302843444
-117.71798905389144
-262.93211349062153
16.195504600040156
-28.283806264661486
3.2842167840115
-95.17465286826109
-131.04894148310487
141.8579203606381
123.48861352275976
27.522607674777184
248.33266492944318
-196.66321535521368
-12.109493839726621
137.6090598027656
46.86492671629496
-254.27209636472207
-36.99558316392734
25.185475402803448
-95.05532397325103
-63.70101897458052
-23.35207678514287
20.541981091589008
77.8500092139043
114.74813544879541
84.86598297871612
154.26132567177658
-141.23749011817017
-16.074754746837257
256.02392942448427
98.59387554910909
-210.85779204172712
-84.1115299726602
-134.26745453903678
41.396755572164274
105.48050969106987
-216.13262564994125
8.965344171364789
110.14309218201112
42.10301825549783
48.96018316434576
-148.93963461989426
184.16138247659677
-34.211225593989056
103.49372399334645
115.71187711346246
-271.08297365167164
-100.69304293093256
81.53642905397979
-112.82873406416891
-80.13670917897979
1.7989311657056373
213.67489779964086
-56.45778572176404
-64.56006393764045
173.1784673054859
-333.58351453574693
-33.17521167815414
143.78323070637578
245.65247508708867
-153.25188088846772
-215.45297392604428
137.81086526156574
56.81084310920505
257.0121680415541
-93.38821215786881
-187.89977462381432
-106.19167050660604
-71.84361730251496
-92.27349420409472
-146.36917356485182
237.9456864723126
128.42313372994036
39.11726663387713
-82.3252921682669
-228.40861094573395
-119.37946939432084
-92.09086469397043
-180.9877756813872
-111.66578276678429
-105.09238819398462
-65.75754917162976
223.3711008871486
274.4961044390072
37.03851290979969
-160.94597609231
47.714202926809506
20.658403333165904
164.09310530139575
186.91571516382496
71.0667966840954
118.87426571388386
113.92977784088599
-165.96978360910336
-83.94053219542707
-120.74904638795182
5.619546641569013
141.30523019128316
-107.69501620713662
53.752271691044356
111.24066760421391
10.084453177557368
243.1832656847772
254.21660228258423
148.3222200771496
209.87975333471036
190.75256814623154
219.79962855006465
-237.98939083047702
-64.410682061233
182.22185247302303
-61.208311061708955
40.46752737445771
-130.18898059940818
-276.0207548189386
37.661482645262026
70.19258646080762
-137.1663066033352
32.3137885035778
57.406084282577176
-56.11998562709105
17.041697562522078
-165.17651392402422
-190.0989232008404
-94.20725512106004
-100.91675912560889
-72.45156694021236
58.41758396310821
-11.05075404179695
-40.99400808651639
-61.49867165247801
39.473913532439354
-98.48527543241951
64.74156989844707
128.67698723640595
202.9535124530712
-15.910631139854923
-34.7576702167352
-45.34738337268209
-95.62285308050026
-137.8717585296229
-75.1880774118913
-105.6905837642577
-119.14679359365023
-106.26183252217142
-130.6286802088199
-22.36778712948499
-104.27772338956659
115.75520759949964
-148.45245480501242
-3.743320618073735
78.26020913133405
-129.6866373899949
5.45809684491592
200.98345613530745
44.15344954719647
87.70454483033473
55.529203386228716
-51.110808047632595
167.0410744727653
153.96184555872313
330.98121350617185
32.45296786093141
-117.65730594341177
78.15606164056736
-21.026859274634642
-107.67972858090887
302.2321279341127
108.80284391959809
102.92791119361966
-325.2103445980785
-84.55234161171452
35.97328399994252
111.94540767706833
-127.52442929413255
329.8794073644403
75.05412493845715
150.31296573273048
-189.49728517326386
80.17470872072909
129.97526483905526
-251.96536565231102
1.801818500138832
71.51599090475503
-38.14416498834445
106.62916897484251
162.64404367562778
-150.1271162495468
57.07598892254572
338.32106006109944
-60.08507060767872
222.838674550667
-172.6170887774024
46.513132268003964
-98.10905666364927
58.48325256740717
133.25132623602812
226.04062855404194
-24.56600101779969
5.9128246586076685
150.630554499708
23.341289134872
-83.32691180308835
-113.28415345594927
124.12701067480967
-304.6299497449823
86.70480457688684
-25.379123366968972
-100.08432467976034
199.7307735266295
-151.0554325881044
174.066550222978
-233.39555293307387
23.573337564859408
-172.33376663553574
-31.507319956869626
11.742505894332027
-311.8298342419012
31.346773664707722
-6.486183527012168
13.557209178002458
-274.4262045648435
-180.72598573948136
69.34747932251825
-169.86601778016944
86.22920690543374
120.7653863378316
183.183018962546
-143.20370243193446
98.69294488136413
77.75674027803595
-110.83917064455984
-135.8432419251105
108.76854125738849
96.0872318994005
-230.97270565511093
-4.588920189854715
358.97506406425174
204.52544409612182
-139.9282214664175
-35.56525367594651
-53.526357761299565
104.02867575633714
340.00503925151946
-12.278084518858039
-1.8179267756103514
-114.52046908313079
92.46914633549231
-95.42172782045401
81.39362223078295
53.721334466434975
-91.79824987280696
41.48539123681577
-65.42774127160891
-98.44381020758323
-56.09523357531183
-75.81882559932593
-70.93442472175849
-266.2598505012651
22.27318733343332
-59.351606044123045
-65.71882547728056
-71.37741729707705
-3.218621000909037
-43.934845851905436
-56.95576777780685
62.46723856402855
206.29956287832536
66.03965651358261
-54.981412324390725
-108.25196473922749
-304.45476884520855
-280.25093528955716
52.76649807007273
148.6895292289954
-134.53531593584324
135.85207849935256
-69.41832837121667
276.8093395615172
-88.20908613672417
-36.59589558198173
241.141141705887
126.72855048155661
-75.47654799055329
137.80960325759287
86.46596438700536
217.14596777269355
34.26719221491707
162.2374975149846
-17.72889513897027
126.92700919116515
-138.52691526002081
-114.23674865578279
-48.18712730298489
317.32016617804373
29.634543953037216
-216.63162981662913
21.81586959105704
-97.75928838773629
124.35013481653402
142.97089563766113
-6.615725851508948
212.99685205843474
35.464159812847825
54.08783646245489
137.2098167657057
223.99252589151888
-191.0381185816593
-15.127337788436172
67.25798435050068
-145.15858378581268
79.43061769944563
385.04855865764245
113.9394973509191
-22.82192620974259
15.12169019766569
-61.501537927754725
14.769286101972856
-61.578521644309994
2.1974768261392548
20.129612486770437
-176.39878935299086
130.63226666828723
90.34650849897487
-2.837764498393942
-72.00075229120355
-292.065724454647
3.39127554527374
-34.799243636776055
145.72518046630577
13.051290091959912
241.7682747833744
-153.73032319579275
-170.0530996919357
78.82361993238662
42.03762910816573
-108.18192730015629
1.7477705926413505
203.4713481776609
121.08220768030658
-78.82103866979517
-119.19871320228744
175.98501673961732
288.64416346600575
-241.32598343311227
-82.66265472810825
-125.6844167799543
207.66123944387192
-92.10661912250404
-29.43702144906354
32.63798394288912
-142.59712968594016
-187.80592000045417
-243.1764323988592
48.23635424485036
108.98252746345365
171.49894556115146
291.2996370521868
47.46402755839528
-157.34892971177098
36.38654174346502
-15.949373292749975
-14.794609502564128
41.536178135029836
171.97771754227549
107.50004231581535
-93.35170020312623
-25.692505892080657
-89.59156960533824
75.24758387453146
-43.907741724637965
-45.51712419439566
60.633154556368524
172.4745039576072
185.55944408018317
129.22719100024088
215.2488839984524
53.128339510438536
-28.16026739584747
-217.13734147087666
-85.85434247591132
278.2106390039213
259.5397084845583
-112.68410529842822
-60.85033287787976
165.0928133950967
243.18161226369318
-240.8643738758144
86.97248947963149
13.457812888937672
32.34895849167611
-43.73501899944464
193.52125764787183
269.05462137442373
-106.28560048125284
-128.10542749476122
307.6728548555322
-16.487265256232806
-79.00208451622683
-79.68814486508535
47.068275929666704
85.86997073415903
135.39665265534123
28.48256336836977
-112.18241668020548
-174.92482909193077
-24.004162592958526
45.94121928540461
298.72784902492276
-92.68312977220876
-22.38001195757837
114.78859283802228
-42.895817031075836
226.67036397909092
-86.64686039175773
-137.6899809743774
-92.75716558522461
201.75832096206938
-183.04851613633292
-113.3970668382771
47.860504175086305
172.87016156758452
23.192793058002046
-18.68872676070135
-133.5940087496411
186.57769913018836
-173.22637599714952
65.22286052444134
-33.37300613996229
231.6382828372676
