-120.9593295965463
186.9718994380109
40.237744360761475
-53.74576323857058
47.49928464482143
-124.12789869855882
-97.78200900257914
97.08476516245972
-269.43896939500746
83.32944477457755
-137.87535564078152
-37.2118776772932
271.4171529786553
-18.977502602393745
-80.29099091927367
-51.025239793078285
65.2120374794791
218.51620136523948
425.9912189575645
137.56129365670475
-1.2096749595467307
272.9155816554653
55.0153219423415
-31.84217275430067
-11.040260603054422
-191.58791861803624
135.73278782726288
-41.27925045211735
221.6984961730786
13.63050958664168
171.44786529782394
-237.75223058435512
-114.07112582350548
99.40965125321341
65.60976218701104
108.17622002921775
131.44626550152586
246.49582951565552
133.57265509848344
190.4643646337998
128.13520351945246
-306.9466188607459
1.6821195203550867
279.2425392567799
-21.848625094083758
-102.83052632381099
92.62117541016573
-195.08919336463694
-195.29690021071107
125.01505292396698
255.77987689709335
463.5321660862695
185.6309471441612
110.82921050322024
35.608832725598106
-60.268284745744374
-155.7729275836061
499.4074517269654
-58.74644699914627
-78.28755059696549
412.3826148287772
-122.05387586242685
-40.40494455516977
207.1004120839445
-12.81970376280857
236.502900205672
158.88954142119377
1.5301458779732444
-25.178247260282593
-268.884514713031
-149.2104131114105
-4.424961658698161
-84.90837708063091
117.34346389193992
-3.35702575834404
-53.134316271930636
380.0188613360088
39.64845188005573
-47.863206164187496
-215.25289114536653
-147.83133072305847
-7.366342147881612
-7.20548300261375
29.36907568394673
6.32463611757098
-5.6706798176168425
-113.42466331166742
-164.7524434807846
-229.61886053296772
-97.9967564294491
106.58473933574817
62.490610938001254
43.70282802047995
-139.27079471027878
56.5251191692578
-252.13413816383397
-278.2423007260893
290.70415292323946
-157.84813270391155
12.433753019008812
38.165910323659496
38.11475452901803
58.691371878615406
100.46701919125204
10.035774201722981
-179.20767514570335
22.371573714234312
-115.93960393827096
-3.4874913234093134
15.846219827657329
108.25408336477386
-177.0150563292891
113.08902941425788
-165.36878358240392
-59.01329363546178
-72.71380195069311
-130.32103504874897
39.92349535476969
-28.544790074415296
73.64248498324558
16.07484460071087
-258.9023282252466
20.70087360584728
-184.89206303495686
14.67876996498294
42.51898129702499
-63.67228915224766
178.37080660462908
-291.6914807220324
102.70979529051922
202.24436468680165
152.0301813396882
195.92319893727097
-201.38209710024083
214.0234573433981
-69.8491664374508
-204.13662377284123
134.87554019542733
78.14232036680552
296.5641207250437
91.11443925938008
-379.77657118295383
16.471972596135135
-27.618258668356738
68.3001198240948
-25.385251109840798
-232.81664856605875
-21.49282370383561
168.53747296930396
137.27257599499697
-137.69737427139052
138.9479904632409
-175.80600919180637
-93.96203145242218
-70.25262257006632
73.50484035010649
-152.7127484922955
65.13117624582225
-109.45555628952849
-15.941816324110558
-165.62825012745827
-32.366265095155434
-19.111083487963256
-19.279843862986176
163.22390312257534
-49.578484205640656
-105.98443871830476
80.45112299401771
65.78711773426183
-103.04889355465795
-0.8884440407825025
194.1726755045691
-89.36598901484372
-108.78149400777598
77.70976779418856
72.960041334
249.2202044320585
-9.402694926224834
173.4482845903952
66.36170828340451
-71.37560477205156
-141.2263696164481
7.4335489614437655
-30.34573843390479
-335.6261529089866
-372.55076429394796
11.839521052172948
-33.24792264208
117.3529354225264
235.54384254580006
-299.56563948253313
-2.7685683945224415
342.57315976778125
167.13108992361515
-171.12602417296517
-74.84697390484466
-100.43909936466909
39.92659152213906
-293.5958721345052
105.0387596268986
151.32350194789598
27.826734894260525
15.497261848447227
327.717283800734
-50.86058615857404
125.69613172445864
143.89413981562043
175.74178258546144
270.1560742174562
-138.59533966544035
-23.820842511077675
-55.46720385198055
-200.586914569191
-171.15404134607707
-112.30068109057821
-86.94129876028211
-10.985011530979289
-142.89995256051577
-154.88003684241002
-126.28578818073494
-213.29115319068652
-265.2262245905303
11.087805769603026
-13.436652037468988
201.28461032826277
-24.814895244614398
188.13415529126547
5.265933587298014
-170.3757740075864
-157.63496297100812
106.24678208594193
150.60440742179154
88.85643044356749
220.23088313047376
119.43446961403237
-141.90048358861256
-85.71700856432642
-33.388568898980566
-170.34488653515422
107.98556155052243
-198.1486924217237
147.12977838373638
-229.31849821047223
153.34434544186274
71.83185405729296
78.80960590733199
31.301563592504674
-201.22423234623724
-395.7836424064272
-302.0447246369081
55.25354199690342
120.6885815170538
58.15495568895093
103.07579777448812
-52.71920299039643
168.38815413500197
220.29705155685522
13.712629002949813
-56.144375951877194
-88.99092021444498
-58.01182719158262
-78.7232708009034
132.74111536550214
-16.73429267786382
63.87272892324968
24.802158264090764
-127.0423209774789
24.271041352294496
55.010260888427155
93.67604656253474
-6.6603445361162805
24.939695001851025
-156.80799494763446
-11.947569644575289
256.1336739386143
-211.66678029493264
-147.5564697619629
60.504295491232355
9.484087466490383
13.279367714293194
131.85510012268008
-182.59347785224682
42.761958360875504
133.36195221590148
21.842043542268833
179.12864515551684
22.51683007471727
27.254578642988115
239.75132857434537
-156.90893524318835
37.478210282820115
150.09229398380143
200.5054119966134
33.16392038839703
-48.38943319199971
270.12758819537953
169.33361540456636
146.8863081958931
-135.67812202401618
-52.67785618876523
2.8879507404014744
165.2771564604431
13.711544613972547
-168.90682095793343
194.75078060730692
408.2016040493167
156.45801155021996
12.348762532221514
158.0159837645335
131.86325926833803
11.828871194549293
-39.80288735517571
-184.3687813569403
155.0590395422138
84.80068298639264
191.43940479364332
-171.97695424031318
-1.4940190330278917
124.97063088283231
159.42570169108498
-27.928752891124518
-26.21297610229558
-220.57738280473697
-7.4797792976635655
-76.88693803496942
-392.12588344970794
40.76408683459708
-161.12554815201167
-73.92291725967367
-86.6801156616034
-208.4973518309652
11.997732715739069
64.41439337374052
396.17236781187074
119.52759241500753
243.08359094801145
230.2239622568769
-178.21614533323805
-379.59820624477703
59.12294634035208
108.64715104963199
-223.30213739352823
-41.20156580569595
190.891695858207
-131.65964845299214
-249.84909329540977
-237.79191603437943
120.41452161095854
140.46401620566084
-48.35941214113001
-188.3310053077324
1.1058341649038428
-1.8958315964318553
53.37712137841819
100.17114717701806
25.173324427506472
-194.05993284972394
14.284199028650313
-161.0508205053515
129.93692504023974
73.79700981781296
-28.370011587008293
160.63595358443683
324.1982190998598
65.7665579692218
-110.68852810515969
10.275565790111212
278.7970789913484
-103.79199787460529
127.3135325834348
45.77721060128839
-6.2912646629694935
220.06680241156198
-188.63071326975404
11.63975879865458
204.76116254816787
9.21339063371873
-405.4049136637305
115.11364534274097
-338.0478723757161
56.24857062174608
-82.2257915486643
269.1418493423728
143.79926371160255
233.54356310948407
211.10470637232234
-123.62942769730478
26.077041053759984
-4.144083997022924
95.83969044797742
48.26762911267582
7.2072621436452575
152.51679775296148
2.2551318094327817
26.436244868003254
-89.36668781242408
39.95513525434811
181.2686631075155
-403.6536451228889
-22.476582885711004
-316.68429618900643
152.56208291351922
9.00220286072225
-468.0366293505728
-187.6287386453848
-127.52879590790623
31.60978541901043
-37.130576708487936
-55.583406315803146
94.69726199139579
-157.0142430623301
-365.0439389144728
-32.47918732280991
-126.33697323413556
-12.860081507293943
151.34659489266377
114.40081913834682
146.4286579584981
197.55334801457644
123.56252019439194
-44.89027409504015
63.57943758035529
-264.47055583579385
111.4421523791023
130.01675977242374
28.38160162707386
-71.28152137369324
-321.85258273289617
-96.98450499648273
-66.91289201646596
95.72631413091126
88.89414757910986
213.39988208095647
143.8380075957637
-272.8017380371617
-123.31321603152432
-45.47971036989705
53.03278000251526
95.79147834699789
-116.81373258405965
249.17426771621408
-165.95297156817992
-102.88821426873017
-156.53318177299354
-132.02743838906167
244.9359383210325
-149.99278340731652
18.661461378453644
-76.65287267883701
282.7153409710275
40.26861888810844
139.30394072073133
101.77449389418287
-29.24376630227521
44.63274248032852
-6.51076457952115
81.15938042331219
-121.82237990390826
222.76782948039107
203.03114979271788
213.8342652024717
276.78086149093684
-99.09973817241793
63.59670758741976
-137.50014416171027
-329.7671073762843
-261.99949545994343
21.622935514888887
-160.56193168965873
35.5395771133652
67.1709145779817
-128.061040761615
-261.6495622057307
-35.61717189127183
-29.69861838348693
-274.6671587305979
25.80485774238811
-282.7718604744089
-288.52566387036745
97.18935039120952
101.60641011789002
-173.53497705590524
45.50108803662594
-54.6539987375444
435.53396251072905
67.97983496645861
-133.23829824371765
-9.011908379450755
305.11339762952394
-108.51581663085001
-169.8958881697122
-200.4906170434726
196.3925024519401
13.078239524412718
80.65626663045649
15.797316384924223
253.5111694465328
-178.54806783476175
-110.97256935754521
-22.356284395344506
14.742976194959775
-261.8562651509686
-79.18571535226899
-110.38517125435648
304.90343074495263
-95.803740095619
-20.379112988259564
68.6185455117629
206.70895217762285
222.52345556812008
83.5474192966927
108.08859621509444
176.1800522431906
169.767471900378
170.07936203019312
-60.20280050669871
288.1960509447144
125.46753254830148
-228.10560614637023
-154.65772796546165
-74.19816976203435
36.50071851854139
-99.80097756957038
158.00398295593342
154.22661772804693
-66.38800912975192
248.88790684317885
350.8090589024091
20.821854570278763
2.1410859595305163
142.0869993141986
57.931256313629824
-319.4804577068223
240.69141621977025
-85.43246336822796
434.4186759340438
79.37835184670551
-109.58847587028582
-203.10328174567638
-4.245336426345325
105.70378390995998
185.9401798697164
61.48967372644184
-169.8091073967149
112.80763092573812
-7.164942758515064
-132.80538133512965
88.16197295212382
-24.94821924029017
206.62854451637565
-168.45420659032305
158.73196128662545
1.3070348519320836
57.95705957941038
260.10850737593785
34.07991828257261
-96.27880678651957
56.55208365166786
-187.39617035524597
-98.79684117949303
-57.03311792295494
-62.30477647930143
-193.26570941371736
-60.45305887613648
-37.40202631027592
-267.6816682531948
77.60576153142884
110.83350092009326
-7.453598915602132
-176.37681081956285
33.9662372561426
27.883307600277227
7.963641458024596
87.69717278074549
-87.03497344608994
-122.28810637316413
-174.70708555456213
177.0061395905679
145.92046710248985
-217.20716259388817
228.58351319049154
111.40637078508117
50.34694611191632
183.37279858887896
132.2560781543538
176.21835684135272
184.32307444197684
108.06341112422844
57.85353150910339
379.9672863133532
124.05289754059932
-7.5237858860960145
12.97490822527039
-119.00453388920563
-97.64025194694928
-150.29710813519185
-17.96246859604621
246.31473335194343
-31.736407500829557
-199.48544033981202
55.151027040806824
22.492792714410882
-84.73641363162476
-72.50930181447049
160.76729807715788
84.13876650556911
292.0121363511437
469.51588038196866
-197.66548145974502
38.545264760262405
25.107595943320334
-87.60053690182176
68.7763481225363
-394.29129225319633
141.0499094605723
-29.017672299905453
203.14949388244088
158.27687283345836
183.29781669160846
68.32729418985838
-125.90998281992348
9.19302623807883
-250.48579906968453
-17.517229978098037
-204.06938745904685
-246.995725481747
48.18077381255272
4.711475640389992
23.250571684694105
131.91483826783974
-54.43602863163037
-110.80071066076363
228.74350493540672
41.646677287983714
261.6597202988484
-15.330822923060142
157.49796187985794
106.47137144809471
-27.75477855496828
42.71616698513363
-33.50549395619475
-234.19601861000334
259.28210346741054
-1.9959729509465285
276.8066418584904
-69.32643754942745
107.75304402192639
383.8325642182737
-105.57729626676694
-374.96670552126056
-93.80352237379357
-146.65847231279628
15.314845547246833
425.3860810412965
-145.97210792533173
98.18274732807117
50.039975710676565
-143.35204489664454
102.09220564089723
51.61763881065586
-242.7833276816576
109.37423853897043
70.77490036514028
89.36151066942851
-35.80917120614855
-61.14728510690711
276.4188753264301
-17.832848188301814
-31.572606238552584
-266.78917323318706
78.08354680225285
-240.6475811623283
122.4434323249485
-16.076451844096233
77.77095376071533
1.2350015131848462
-238.6721149636765
148.24347280932054
-91.26715150353766
56.34902678298744
11.09795746228992
99.29995788393659
50.801533246325974
340.6805362176601
184.25841652235476
257.17837739830156
-201.51397512097464
-149.99207292545518
-98.58623175768011
-27.827017151011518
12.521722091774706
246.1538715925393
71.38506841077486
84.94001042947578
-343.1492153622142
-104.84603119796449
276.4197024098593
32.5283335869874
-137.61533047689824
-232.12092427714708
-28.64548173151559
59.70870380350024
97.27903944792685
53.069689000343054
66.71851929345307
166.48807785265953
-109.65996643434956
28.68126658895126
204.4447421296966
71.65966473053946
-140.39881878914605
180.26380061941748
40.90220561040632
-45.574965381210106
142.00984342893165
-85.10089833992033
3.772920425464482
54.254713852048496
-6.30578686573161
83.43973144866008
-16.419943922200147
-57.91466783722981
48.16344097314788
52.710581270413115
148.74793778214325
243.90703446584106
76.20069748395413
-80.71822164591094
87.51263476308694
37.26345701168341
-227.5300306156837
-226.38986491381272
88.66197924014166
-263.3110799981942
-43.30760136865123
-149.25786833381875
129.13947797868383
136.2377593930113
-44.51641839775328
36.74318554795253
108.17727712996793
16.824813024144397
162.02010819812392
35.36104213983566
109.67878883045633
85.22792741962984
65.63815000612315
-150.54816107824672
-75.83545339146706
44.34313407819975
-64.86380606217264
-106.47715736364621
154.16162791457796
418.58259149896
-209.26473218798466
48.74858020156023
51.18021473365862
-150.29654327114213
-38.237608348693996
-180.96205970565921
-85.10618497457247
203.1836646604214
52.3527666927108
90.08011578267212
-65.76671820090229
-227.3214378976162
351.1173987598409
93.24710645199627
-20.867268514176505
-316.11059967862616
-147.01210023644612
-60.90322082010272
48.35830881334721
254.99980428120122
-342.2786968543187
-34.980655665667165
-293.7074169869078
-5.995896605183963
-299.5370738861803
-327.6196683075398
156.41287927517968
-26.003692933538332
-49.448746232310825
132.99928315942003
251.76952190599883
-104.7292928669249
-174.39086072895165
88.82775144605077
186.22436869135421
85.27575700370042
9.310844698256927
-123.14277220079153
-71.23064327316555
99.29428418001838
-69.52740046506425
35.30471441794064
-79.24364569642242
91.1045270607561
-21.396756437643162
-52.50406135521255
-133.96243570443698
33.913774555082504
72.31105106478068
122.63520005824007
165.40165667523124
173.67801892155458
-203.99393063571364
161.21051861932546
-168.49552916864647
409.1669601699348
115.39721934800524
155.91220898252232
286.3299484448829
136.2327222698507
248.21728502175654
-15.084198513548316
-96.99009520036269
16.65587231525615
151.3937143857873
-130.98626938564
82.19114506851164
-48.96704507133137
71.89978663279292
-66.7347149638146
-39.97883006022065
93.13615488628142
17.995370627204696
185.69261522053134
-162.08553340183684
52.32935565504821
61.369738653611556
181.44303289072127
-189.4235733240192
4.274693646522213
-72.27117029439606
-72.08595572736934
-110.09377242117482
-53.07587764818172
37.405370775720066
-157.27382943527797
182.52146944929018
275.55923471823485
-75.79622363296157
108.21047376375044
-12.095761855516677
-245.527757975237
-121.83075878310913
160.53806016152876
-28.477828067009103
190.29078837343394
-18.726170040730675
-118.1838629426156
-34.82667294036789
-192.16151165680162
-110.60999499621657
34.39258743360429
-109.9526089191695
-170.64729575568907
-260.8409660123801
-91.92936937459552
-16.812248327108644
7.994377977960866
-29.115280037600925
9.868296268727386
-48.22923108901864
308.38993622118664
234.56399008202118
110.43019843555582
29.114427705255192
-21.49626993719549
160.5115352854007
-122.55038442252909
24.980854884271366
175.18115915963915
80.90333450511842
-93.42436172585435
188.35390073612766
59.41910249578248
-134.8883251621359
-97.16844266882065
-23.43689016371481
112.49590579073104
135.8257415475226
-38.8401834788809
186.33167260763292
237.6592373759684
-139.9374710741242
6.552571869775489
-163.4713155901682
47.787688709164094
78.72967887444142
-286.6863420183177
13.81384642812633
208.3478090299398
-16.99733773976256
350.8940896677822
60.64303403213955
93.66920478308401
-2.858148417762919
132.97131112631044
113.51892144046064
67.9205771272613
80.49555106617115
-58.095266122378696
-250.08148822905426
47.04101792943462
-93.75116527440245
29.669503584059626
-132.26150196455882
-32.10034441557817
102.29127118633345
-3.7695578172455004
140.6377126546305
-15.56225725897096
285.98360829762896
33.20184079415844
189.00957556972608
87.41554964809644
350.6319994836424
85.45929896870258
299.1797833408837
99.6718393996529
18.628487183023008
106.04792421535204
-109.12892405580625
-21.871034339591574
92.5519438764153
-170.2213033056958
-232.52207811954722
-232.2093073521169
-56.77030628981609
-62.562964812523774
33.53045311723669
-10.196190928803212
366.33390536967653
-43.69887991751869
-81.8870195872449
-110.71327359572417
114.6538256665878
107.29955663261484
-69.42137159622544
-6.677267761220269
-357.72574633259467
148.96791246371237
72.47865552108533
230.69036597479027
-71.62078776981957
254.88661064081603
-314.80446445491515
167.67266381951643
-37.82074286276072
131.07975370430458
77.76943861629563
-123.91524449857465
335.52914045205097
-29.18295236528813
-124.88641963143374
-149.92631987004697
0.315328978145875
-62.12769180392728
187.4311280002049
-9.813186677060465
88.35343757189584
0.9719494160477002
-224.60354829573032
-43.59098787297665
-83.12620909449203
-90.4394961123451
-110.79057621979135
-61.008113745298274
108.53894357714657
-29.92147659717493
-77.87183771508359
-21.126191796648747
-57.84814025257165
-102.44026390304484
87.00347993365625
142.6861317743509
-33.111373730329404
-182.58749329845543
-93.90549035609943
41.94504479281253
-6.601196369404893
31.253013704212364
-132.82641823280156
35.521460537800685
179.8088532227678
212.8623258324294
-45.420405365470714
56.39858333320234
-62.57733548743833
-201.381942083106
-352.71490902379657
74.72785456681247
-150.24018059337405
171.47028265265024
176.48867611142882
-114.13903345826259
-33.29344556181584
-134.129765427494
