-57.58872635165624
-33.15171883609349
9.916204785670644
-14.317490741713662
-83.21624335252146
-64.53039396089636
-70.49366110561675
-101.79030490923826
-58.032616604450425
-51.35208925623356
-32.46732863760248
-33.51074845885912
-40.52034457454909
29.208871297799224
-71.90252667123181
8.790361188958626
53.55554198435534
4.198126025699161
-33.390783880300305
-65.06602519313795
-33.811339782742564
-27.997329047035016
-28.198076098284794
-53.54146959072736
-111.95756087923954
-74.56333312664013
-32.023024724618075
-75.62670566960959
106.8583039611191
38.590136564781695
-31.28855869724602
-6.207137241148822
19.097705236139948
18.266892896818035
-0.36686817089807383
-24.937483426576858
-12.886465587582109
-20.088790528308117
69.29725257203627
31.20410650271439
-144.745399293949
-77.735529242272
41.20290718481566
4.134370780013049
-107.55385063286657
-126.56218621570041
-95.13172780665136
-112.67358022751783
-88.19705107962247
49.98911698264954
-100.70353459848886
-62.51941982797361
-119.63471072294661
56.215433951248734
-0.7206790405796317
11.935649587799057
-0.9701721793817745
-76.51009629966008
-58.26952350817336
-6.491873228560939
6.02802287500715
62.01501378304188
-1.8234373142227929
-45.86785669785223
28.902344995948567
22.21574184568975
47.25748718986948
-9.13264025153923
-79.4722121006183
-98.94934098706986
-42.39825550328496
38.95852292941951
-24.231489477505356
26.81530970793594
83.58925375181695
9.107860743812603
16.576191365442817
54.98875707323931
36.2287038564755
48.77412704847525
-44.97541684091239
43.11014350953091
120.42984386404903
-4.5272431442367855
-54.58924429167788
120.7418090104264
103.47275453057904
-22.15431590364791
-15.802834597336677
14.86785064962175
58.25126412642648
-35.66968576928174
-29.002206556983733
-3.32423432338686
53.24985109898607
40.833168526951475
72.47001732036279
22.21736393800483
97.60129615574752
141.76227538485253
-27.54405972790521
23.182134139733083
5.41816926416585
-13.511435687504019
9.234142221726188
3.082016081677937
85.32835632873729
10.08681413616194
54.22176690039114
22.516323802660096
84.60943500928218
9.2214775680467
-40.126533101831555
60.46403458670108
-10.093905508484045
33.95194569449427
78.30652021616899
66.884226047337
-14.30940235414356
42.96483504397003
17.85724961281205
81.49887426768508
43.23590526250772
49.16329160519349
18.253911816341905
-25.649441970708146
37.11889950521102
36.849003151313156
61.03939638376217
79.73169857674698
35.98017434645978
-7.582308541276566
24.48891588008013
92.4863079620759
17.894822398619322
21.994381085310653
3.745216370718549
16.810337205790017
47.5154948464669
-52.619076830826096
-26.012284101460168
36.887383677938864
111.84333230643409
41.84801396045519
-27.326414068768795
-1.4711222840870095
54.25700444604133
-14.315805055563064
11.059356735311246
-113.69733145408411
-32.72630806230238
-45.39047122901652
49.038844357540235
-57.9986749366357
80.07611049442453
-8.663294682332605
-52.10319405231594
-24.21099246780368
-12.188072612683435
-32.886947685903166
-31.66764564878938
6.215885179091651
74.60107515663731
-51.95771468886884
63.890124669406525
45.52487922503132
-48.02251581282541
20.397285337299124
108.4551054435304
19.929193902776177
-43.47161220188671
-36.75104036863167
50.492626965689944
-5.9406562596604795
-6.203264285775864
-12.626648129678733
-93.8043903991366
49.99956607184519
69.75496971610296
-30.060931335872706
15.022246286896909
-135.6266195705084
-111.96563703385604
45.90846898774323
27.166633534618864
27.315149524272176
-16.209363829626778
21.16398664615388
-28.83615808719712
35.00490664006162
34.350351360151805
53.598842153519556
-115.65429980368265
5.056644215830446
67.43733142691822
86.53577532350643
86.574082219375
16.846159792025027
9.814059522180896
116.71966326358098
15.857641316257483
3.4011230130034287
104.1718697360907
2.7526206325073406
53.299553012751815
-6.483516368818579
51.36595266813186
51.89025802002538
20.17130751079513
20.692094453191963
33.7419795992238
-54.830588619993776
-5.026440348471912
-67.72451148696025
-42.25274121368176
-10.898719601388791
-49.10762913591849
-36.07792160981031
133.19892756063203
45.4963729107378
-17.308007350667104
-85.59457524099915
-35.1679237228327
-41.01181649461539
8.281071533645456
-2.985766566951712
84.31992942721376
-16.51081605020397
-29.211970256478804
25.958583888751473
-30.699305940484155
-11.276609841230892
1.6799592825031535
-55.35581032467496
-29.938787187153643
52.366908125095016
-29.461058641756765
-48.744486947633426
-124.98972051170153
11.838249432756964
-51.368312048017785
-45.05300036055986
3.778174750451246
-26.847828260276906
10.710575320111928
-6.142650010785143
-37.04936597397524
56.86974450910443
-30.570474776825066
-42.23165580277029
-7.3354441998058295
-26.280835152413584
-39.8046189800473
-65.60030230091589
-51.94655972497683
-8.156340809475887
-89.84878948957399
-51.19250106993101
-38.51976245681343
30.696963321470008
-51.02317827712273
-13.856057295892043
86.83692989324183
94.04244066854217
32.22985600942475
-80.37791767868822
-61.25635361529752
-29.883763075620582
77.44273789869612
83.73283721346913
108.77136808075656
1.0873642307997173
-30.025917775068947
-105.41238384187831
27.325413975858417
20.45758977029072
21.063666247346255
57.632472654770815
-23.668814943426252
32.36113061840553
83.34887933918
14.198356435996976
77.05291106426445
62.29139632863535
-77.80231005362488
-2.325964805742112
28.832554786965435
-53.36855507474779
-22.012549333382953
-35.22072601315321
-92.70117490534567
-61.03357685167008
1.7559291904199856
-35.03357872257796
-41.603294507462024
72.00904398610895
-85.3708946507964
41.02445275097281
9.223641513406077
-66.77439912386703
-3.0951337154958996
-60.92628660288651
26.542184800930748
14.279280578180037
-23.923489032596596
-30.551787620428012
-17.747537704963722
68.9145353879617
-12.694319836937295
25.186610071560192
-24.920505178663657
-11.941194413560599
-49.931997370707364
-43.62318303611253
131.84468377416414
-87.07668895518702
12.554341181242762
100.11855312640665
-119.1186731498654
62.725834615846935
75.0833748064787
16.40980936166672
-89.38441495300964
-45.476189380174475
-8.181172623342565
-0.9240277535570675
-0.08044055737046668
-11.864708511402096
32.4452065723629
-11.922173281856338
56.6450151552709
100.925729559817
-36.399513620561194
-48.69207598140106
13.487769357454045
82.31141900326062
106.3549127968513
-12.743181632027733
6.173714198950397
-18.43980428439967
-5.257410585773691
-17.95665882685894
7.794668879684465
13.381662685671643
-25.705819269597203
-89.35247320553495
-0.8527061380572102
92.5934681411048
48.59931695570365
-13.862245329796297
-65.13393205531484
-47.74341185191166
-53.53502678715504
-52.996827869651995
30.19996972155525
30.72672783243081
80.1157388100847
22.562638347665708
29.37674015826802
55.62462017076472
111.5944714578085
43.71052321737446
88.29164869888433
102.12812683927336
-30.409799819457465
0.9567531161009879
-80.31494318341527
57.97078284283548
-31.394666514580102
88.0270628356987
-6.552497413210104
-31.770150004930098
-92.84943696411656
-29.88612503271253
-10.625231074759306
-65.9249395663593
47.00916167191874
84.97111836999191
34.510850159135316
10.05184920039236
-15.38419857598649
42.201140648494714
67.67717556477675
61.464057347544795
5.886729300925829
32.58600203458116
-23.763959077193118
14.032180152476563
-48.027032069303154
33.91413843000483
-33.80312527203659
-65.90351018285588
-64.85029015826466
-53.39927576645068
-34.84190643623429
52.23143693121556
-22.569349407043738
-35.44985055220342
52.8646000989807
-40.79136173452909
-47.43121270001381
-27.139950275197954
-90.08252272590724
3.8618938288247318
16.626790915375945
48.14882047007115
-152.59203514750376
47.71654771785144
-102.43996770497293
35.02429414499775
-77.33207458082285
-44.50183328767474
-43.121744677664076
-11.9781820153807
-31.40514964174269
-100.60549869225821
13.031286907117964
-49.05015886457957
7.885316235300885
-35.91499055024314
-23.86119294933665
101.95247495086622
51.914113813034184
-48.887288796951836
-17.636117013077985
38.96011959580353
71.66696042917427
52.87492925814212
21.744346753699624
-28.576407652730165
-59.15116479893706
-108.42147562260247
16.732388009276967
-88.87375824108685
-13.27590440708685
10.883776092464787
41.92016126680248
18.162181774071
12.23878744002183
75.09872603387161
24.311661468694844
-13.59263455484588
130.4687564299231
112.24157382176277
37.56879076329367
68.97698845390065
-68.4602664546923
-32.439535209629646
49.55612302631749
-0.9302438046539141
-7.273193788466444
92.61465014517997
-26.95386142093502
73.68107218739138
5.810011007826745
75.02582449831824
-138.37758616556428
48.54502649900144
-52.43538753187317
-90.04332082131208
41.67922051399922
-14.352026577757016
50.579485409162764
-18.44754304045366
26.23370672151289
6.910973522288474
-56.742746161321726
18.70703599846883
74.09370595633438
-20.76306463552203
65.69078555211664
51.88256838036364
147.51893059116796
33.87593471959686
-10.710595387832988
-42.752920249133794
-50.235265468731924
50.510070068081774
-5.5100626884227575
-41.42458016959928
-34.026958484651864
-79.22951212356982
-46.541800261926234
53.629606824494566
35.04985128703345
129.1051480865196
3.24532621809681
53.3202739776115
-85.3115325780475
-35.20206623915658
-22.453832439544513
-16.091945369434285
-9.303676775785153
-91.81435688152894
-35.86590803409163
20.9915463302721
40.32728048938214
21.346712910098972
-72.90683930631204
3.6088158316780965
-108.71280033893618
-65.84594062573517
-28.29457409356469
-59.78181397037968
-15.180881848233204
14.89500478975544
-66.0585979487929
82.83472428935124
-42.828989129900904
-116.81558945401792
-60.952597879146055
-80.12386524354847
-54.40322556828748
-22.32087993391616
-85.42018626509578
58.78888802357958
-60.734124908831866
52.687836301316054
53.20864710395914
53.325367568830345
9.975518532197228
-1.7389154012168617
-8.00031101028014
-20.577844049690032
34.420595419702074
27.627017997533624
-73.12896777477006
52.27430243232497
-78.54421796124728
-47.580822796312944
-79.35420328863447
15.119305793298624
20.045854614573038
-81.28551721175171
12.362033469514726
94.39111253980177
-24.806000807889184
-4.982563123772853
46.26980073353769
77.59323462695178
65.28107992370873
95.78029406493997
39.50579061693007
5.667106894822339
93.0905070738587
106.0944446893031
6.044935618657864
-13.41237195847756
18.02010513554813
24.610450129897476
-43.673575150095736
37.418569690636176
49.77606670939333
125.28989337285138
25.7136683409242
-74.76940903383118
-30.473977860846055
-88.20260866484814
-57.07138586361534
75.22779051414079
-13.076516186601053
69.08848099027252
24.50436370993962
24.582343753372115
-19.249413766057422
-0.5555263457834552
30.24780073917828
-32.750731454463065
-114.70376171357968
-50.769097727111756
-37.44219488249129
7.259632624474685
-43.85975358973773
-12.327750506183975
-38.12722493936405
-26.301326856354855
5.506821637165679
-8.25052959319125
29.194905321498055
30.0935080772046
54.635828204533354
-41.34926068535062
20.83590348973615
-116.68384757280178
-60.08590254232633
-97.48192078155456
-60.37833883364566
-22.42315465154248
-84.20403606341227
15.578471473496261
60.8637393822428
-26.67464731214154
-45.28236931625148
11.598237412656788
-10.359637435718088
-10.031409921701407
-104.02077504894278
3.315570119837432
-65.37380537971114
-78.13978379201161
-21.010618118958323
-2.9606295690301656
-65.47813589313218
4.136721913717147
60.14574634536025
-51.765440662197065
-39.354597224652046
24.30442285803678
125.20086091500693
81.24026860263405
24.81305517404091
12.03066822666997
74.1860486159589
4.283854716724811
78.91856745450642
41.02941542741871
-35.5661663045685
96.43630404413759
19.8915297657352
-86.84560118714788
25.44216095706405
-6.963365539723194
-20.21518823261962
105.53055500951191
49.37555565541452
-51.315165480223044
80.69140373370747
156.22303771973318
49.46279888987028
24.266122711456237
-20.054424916144026
74.25735377461984
23.63506431967121
30.9349764179934
-19.67095775992883
105.0232029155396
42.93524271902585
-0.4537980381945875
-0.4909271935046599
-37.47981993224257
-26.032268992399693
12.501750468824193
76.89556298217803
51.74535683452664
-11.988752182140438
-25.482880728808837
-43.779775821093764
-50.278066612912184
19.823582244917578
-18.016979059155087
-12.643509067824368
37.85412472292023
163.991753162385
76.9190061067442
71.34778033222675
115.19799807351654
20.893280833886493
2.2133895486704667
69.7795039354233
-22.8697836316569
39.404573274606335
-55.47922057119681
-83.72094977598682
-115.24989778572403
-20.732518708585268
-32.09761895336244
24.081036955349468
-51.50898459548241
-132.39105829060406
68.49700561252668
-63.16369784494339
-51.80565862244369
10.514552793750466
-89.66702681333308
-90.73204184761032
60.92318943656405
-21.48232892977323
10.127095196159098
-9.036757314875251
23.33750214272676
-13.414113025593014
24.593070259934255
5.868592810504322
18.69342794028975
-31.15250991064617
19.922048903529042
-36.455843606077835
32.24220393267475
51.06262349272354
-24.241151336207956
38.5720794502162
-16.001251192800673
14.36028420064235
7.693831776917701
-23.380542593375747
114.21499857621369
14.075052363413256
83.07907319733619
-44.030169929043936
-37.782115689787744
5.596097820552134
17.401540266826984
35.51574455806926
-39.535580259771976
-2.575398004650711
-14.825506322858475
-5.887184314374131
-11.943401702793421
57.27730422478781
13.466372598289828
-43.27222343344923
-23.00302785042808
-16.470592046039677
70.91006959881702
20.184054943044746
70.64292943634217
-81.3013161904957
-100.63594992639649
-95.09981014267302
-50.88992864269483
-145.65839735138982
48.41931338040633
-1.183361857573924
12.282358218838827
-71.13139610628411
60.84756345432999
-89.97681983988515
92.2532178765883
-14.916423776753415
28.707102160695985
27.827739256813583
-9.211751894961282
-60.06773866308751
-28.710491960658704
39.705064560192305
-54.802221236668665
-42.81416024255495
-0.11358472932518127
86.86500804486322
68.15292615083257
74.72053674042253
44.392282458615064
6.711739407679465
-31.853775022328417
-63.35652320766683
-25.597165285698015
31.00711614443728
98.86462995968239
-7.483912086285047
-7.19413849454822
56.632068465944826
-25.294971705573133
-12.431303672126539
81.940341864505
30.9822253478692
-7.218517396195194
-7.178282781926792
99.58140819635112
36.75987867343189
86.19801702808549
-8.87458501604154
54.03257682256182
136.74611730412718
99.71534884443258
17.235872803069693
-14.292928407109844
-13.2085971065699
74.9348604597956
-81.4057913194801
-24.824225285766573
-99.20516352529458
33.3547936194991
39.39367017192227
140.3343021523887
-4.449552868543852
-67.15027717337799
26.348595908673953
-17.31678286255816
-106.44254144259774
32.04220779076514
62.71906341191024
80.79294040585424
-26.047944959150627
-21.76639537133899
21.774763487017267
-59.98684666023535
1.551105154978456
-41.54647327459192
26.809051586418626
-35.54861979421051
-135.04592136604083
103.81444193454139
46.793714903194875
110.06920361915128
-9.298504060237486
9.25764515462459
29.206637259909996
-40.264551640708994
91.04032354796054
60.15128731024767
48.83580177044815
-107.98872732973662
69.54793301106535
-11.876909963747707
-29.76271465435082
51.606010589590014
58.29426790391485
8.259520724912678
33.44163983821782
51.04379086198223
-67.77640215699027
32.88989843537476
45.62976853277216
-68.87085018956395
32.21631208900215
20.451060459209863
45.05041789412993
44.7495998178413
32.72117288364141
14.257805712344414
46.08188778131504
70.20195695024591
-54.96731733224777
-17.48728547514647
-87.19721326133696
-31.634643479720406
-13.414748890662592
63.12077599591978
-30.35758195681905
13.281461855829132
-69.04988559423208
-44.692364710055536
-51.55847992073119
-45.11313161645474
24.329754143196066
-75.40907971386308
-49.1164084794799
-96.90115897075312
-57.91816617748531
-34.806025070475776
65.33082917124914
-42.819488404007146
-30.673223979746446
-81.3174460176402
-12.860895189986124
-76.4780546482703
35.64415790535756
-27.72503750222699
16.954707480511715
48.823256743912815
117.5000585223221
-26.555902762494693
5.930830656172959
-53.10846804334952
-60.71323581267895
-91.67860750562039
15.18533753518986
-9.797813881389533
-10.303930301910373
-73.26373774110614
-10.668079586585018
32.79427079973845
-10.379425176283563
-55.964317093372635
-30.967733336424274
-59.36694776564005
-8.787447147923242
104.61680998948232
-39.3970807755494
-5.01570366272326
169.02717430464085
68.29089041747271
5.307063149766277
11.568429140905666
-39.38048859810849
-39.52213550959217
-21.7370958890846
-9.082833720310413
-16.277771321785032
-18.302078351865205
-112.45495727839433
-130.28577886390784
-30.429680332786962
44.775888185810004
38.88622983177771
-43.21721679592424
25.538686309449705
19.833783534522198
-18.050242586098836
-11.96803261569808
0.49493955895405894
-36.48527589465945
51.095773906714825
-66.83882904171628
27.46446420292569
-35.49001918500965
21.470247198592205
-34.91728814048923
-48.180927719818165
8.475677827086617
-67.20899207738786
14.422547504424767
-48.51254119838512
27.077047912801408
-143.0630361302444
-55.87725910456471
76.35355793958291
7.021837462094279
-11.920941078276833
17.320342203583746
-45.26570779247222
-0.5757770116581887
-31.71349243033313
-32.372419998540266
-20.893089846032872
-1.977830293213348
123.40447152329325
-83.23838300647867
3.378983637369819
90.61338402567314
21.370557955062576
-23.557181229913073
-99.38816167438048
-87.2927115515344
-151.12673401617326
29.639782707469873
-32.86903385243333
-6.698501084049665
-37.1150779076236
69.90463686114349
50.786261333382555
1.5946767451645867
-99.05012984021947
-99.149759850991
7.537776406057256
8.31737884389659
26.770224065446417
-35.66854534888392
-86.11990290308107
-41.88224561407413
164.04011375184152
-5.191809816173434
7.526398438971206
-35.632876623740515
-104.18783140490588
-92.46974069359726
-4.096172049829836
-104.09550591210903
-92.02076052352662
-117.17914918748605
-28.772396436830142
-16.38450164498836
-28.916419199655923
-117.28498779901999
34.61396114836961
85.49547654805262
48.08925762222848
10.587127094328482
-27.755812672846126
-15.748655068959236
97.29619000841929
15.129257057051714
-22.769692624517276
-16.76379868945342
-54.25025116716303
-54.71848780496123
27.268280821505922
1.7266583574786476
-4.915296616501942
-42.8537958524336
-68.80419970813213
-72.52683794066661
-85.74879345840864
-73.56822241091864
-16.890155154418544
-18.014893191898867
62.6950458311049
6.065313308832056
25.043825576108606
81.41940034009518
-31.484957861144068
-37.7000019223086
-8.074348966688014
-7.543770130854172
-20.75454664249093
-1.0880303043740303
93.5218570357194
-94.16815839283413
44.97373364516496
-106.46850483610912
-63.05744824347588
0.6464476577047009
88.82047994473652
56.55231917870458
-57.20041628632567
19.19788753134054
31.44381012113254
31.013456039959134
-37.8176209442799
-13.593131873704962
