58.05311353199325
-162.91187388461933
252.71226335442208
65.85106805277361
4.880002810621428
12.176885936544387
-221.23947597890492
26.02348700745491
-11.959213803932077
-62.1486214980498
-105.37400148260579
60.19795829151732
-148.07100163456502
14.585079927447058
-148.45234193167343
-86.38476314784685
17.137818910289482
-94.87848182746158
-208.35255862390264
105.52521301128598
-80.26431659147988
134.84031944269248
86.06668665427469
-92.6485041595065
-66.97719701637514
173.279211357474
15.869742297026962
66.88517447623852
-19.784822283557332
79.67346217816758
29.024908571031165
33.73406380724181
-6.809799736381646
-59.698558285974734
85.07820441704982
-19.633220791324085
-114.07848176066521
-44.46075372824117
128.8624772403823
67.17033850551155
117.39901409693387
-62.33185728095592
-79.26436125307558
9.466104235220204
21.619668838806405
-46.80743696668294
-303.4232555511405
-27.224231710942572
-159.65622380382084
-241.7337026723033
-66.34677263623469
3.726778440064257
-96.55633145886294
-10.352424853559475
32.55570405363041
164.94373486208
27.32093523287325
-52.74734491956333
90.08721414572612
175.65848015362653
37.10264429772592
-69.35381719281457
6.646832662397618
100.68917952828873
-7.532629546784228
-310.5205776139867
77.51223296371049
83.24162452576486
-48.06624069648543
133.8141664587157
-76.83782478404969
5.233352475847369
17.094457518920024
-81.55095886869316
88.71212043462586
21.123563747887523
-135.2355649849129
-123.05325706282584
-77.93274693080154
-3.046382347853549
-178.99677929277044
-179.66745821051887
59.05619993890818
-9.56813931154593
139.7361819909676
-49.62742837253599
-9.258107619037023
99.23845739459436
42.850844009320916
66.1572701592226
158.5011981229294
127.78981440732731
-54.67984526672387
-102.14254549918003
73.76162742709386
12.153406540365255
-55.17692333934667
-30.679356980506956
220.52508118858728
-175.83024704955395
-36.90838835790973
194.63307951297125
-150.1802729374646
59.87375029953257
64.313560850083
101.1431909894296
150.3728287229314
43.15811712116178
-76.32353667892274
74.97799880367597
0.08554817170775086
15.161307724761505
-116.94562359654498
53.548136793491864
67.44276757169752
-96.37239670686283
-110.03368164072332
20.00704770901685
-209.32912042559983
-38.34702768125101
10.008830485166426
-70.24021789812204
-12.827086079741632
-19.695653660816287
-102.96461497281437
-115.11673446510738
80.19653580909299
-7.025480034413082
21.737014890866728
-66.43549765284443
-161.50732128631094
90.9649318126563
156.064178509686
106.60536716297717
33.023267315486514
0.3614125949277809
-96.68739292756558
15.8698901854204
-66.88598954629661
13.542062868492302
-29.199580083617782
112.7886625600916
44.74980502166096
88.38812088399466
-0.2958439714990523
-20.14524290353952
-83.34387612547766
111.79769671397533
-0.6108788959261604
169.4558439628604
0.6197780919795854
-31.247282909620584
-87.53136597598814
57.44382374648846
-54.46198336171041
101.90701957340421
57.90060229065239
84.07848842571465
-2.426313149314652
41.410522012292304
-87.03938568506304
-124.95169087631233
-19.536183567992403
66.91760630835758
118.62448661381248
-116.7633194069785
40.957565835118245
28.432005069268932
115.09877657638299
-117.88058987233937
-185.30877448656236
-22.113656811316815
47.36094292228268
62.59140345578903
38.354081423231015
109.32927545278848
52.65971559128762
158.46350931520735
-36.75922823928521
-175.97113715833396
-92.19947968971798
-161.76412334105368
-181.47854008981997
-79.49981967296395
57.494305606151784
246.76066811158924
-37.447321654340854
-50.6878999520027
126.72306837046463
78.98660052351946
1.9722217653101557
-168.97152805080844
-174.58340916934307
-74.09978624403502
145.82411495892404
27.095775529096112
-91.07248638120042
-173.38195462804404
-41.166893496714955
22.99882914559795
-47.59049157359265
193.06654624391953
-25.163002780899113
113.63038811230544
119.52225634761948
-150.97903934754268
-112.51796755652445
42.99503472995733
74.65114120950051
-69.39549600073806
107.42258836019273
105.36962999612953
-241.04616191350584
123.0982976014948
129.1473572040851
-84.72020743789191
15.772606547038922
-144.0798750694001
-33.600919387055654
-7.76709062442785
-121.18382375613254
-54.81486694083855
62.508285545487496
36.44577001023283
-109.43795032425612
167.72806713132735
-202.70448334754244
-95.79235169139525
49.24451708642454
18.481808359214217
175.2125365540571
187.0255321925963
88.33322567508965
13.653530157111037
214.77091018808775
220.17100903112782
107.28017244689569
51.45953827458878
-47.35733311083714
-199.7280803704846
-29.78336262754073
46.5163820850161
97.55658973491349
1.8257125909058005
171.59879042716236
7.684710544900039
72.05507695206212
-147.8650541117715
83.0390076401129
-70.65083030790812
-19.850282262728733
19.12642495574398
32.26911635534651
-124.27805517332517
-99.29240966325868
24.175325818319294
-18.575805784562988
-98.99717057481654
283.2457466713891
95.60301654195702
158.98358994481188
-104.62765274397579
97.95441227815112
23.302300363405735
-13.719901355419907
3.6405688113913
84.81681219864757
161.54410182015567
-21.04626538988951
-127.72189764956998
-20.980017199921306
278.59201589698137
-143.5001630923888
-29.652745089320884
7.697665024257455
-29.9238897316536
126.76377806463944
113.64398532713194
-25.528367575874626
-7.438969221201473
-83.77428528899073
41.13272369879774
8.329186372298683
203.4543682560046
21.521675491529557
8.527697284563292
-85.35471509321057
66.22445261321494
93.26677567529504
-89.1926951020506
-258.87875246913825
-114.19947622512929
123.43191514120231
-8.9449793467144
-121.85130086481902
52.188404400144705
-13.283573317037824
231.92938540243725
-26.746337896932886
42.35129657011625
35.46164406521437
-76.96702476198395
-178.2695362491419
-39.310043231907656
48.741496010381105
93.79187770480728
87.14722029492383
5.717150750445684
13.325118717627875
76.16446151635797
183.0165261817835
-145.16545456956771
105.75561421242597
-9.687801685851207
-98.26242668367603
196.62158432836245
25.795590333775266
-1.6576843890862905
-184.0890720168571
41.385465198151124
-77.26826342665493
-21.059638201012895
-192.6100209937493
-252.38907964605283
-71.27686909255986
60.303477126150796
-174.08611532030497
70.42374561278417
-38.048873626634304
27.195784848985074
-22.834521784363602
183.917919954453
-124.12412390928706
-85.5750301041321
90.06386753840394
-91.16183966055213
-65.96758418898828
-58.62110514903889
-70.6779589077921
-56.79202415270182
60.60723444248204
72.34854979903918
74.8702697234974
-134.8008295483241
-203.42432776909837
-2.3037045216545122
-21.25774801017174
190.72808347121835
215.65388771779135
-72.8947585872357
166.71199628076022
79.53062980814575
-8.029606242066206
80.82665263484041
11.353825415545083
-142.34590384485062
-115.4881951045296
16.685779370098317
-217.8681687933887
-118.39976127393153
-181.08980699087624
-5.216193066932514
169.25907787586695
-13.84635798768237
212.38127149417858
45.202403779125994
80.40151450037642
-28.707638010530523
-60.02613658403063
-54.129724606337405
-8.066954018226154
27.866425640763588
41.727334824747814
-46.35901242749641
8.578062041494531
-46.69377107681027
72.32902390762092
-61.72180406349884
-111.66862680033603
27.620815705661403
35.326872126613765
-106.36643137014423
-94.36162932971186
41.11571713575716
-46.30176640940907
-100.84584392484953
-0.7027068616712262
207.4453928538377
-37.22152291959659
144.62912110312436
44.75030812725351
107.78861135292918
-42.46733507924163
-93.9505620534371
46.062672453280896
-142.34440557964408
52.38877704105073
-121.63198370705238
-58.3551406632679
182.38674102680238
-24.927024456896948
-61.401023099608956
56.8861396400036
-113.94139033382342
118.72045804252694
-22.18663153676616
11.259064409505973
46.681122025859075
-135.3701760867058
-40.295568385141905
-39.6625093654334
-13.54956986581581
35.20129224068635
41.29130557443892
67.77232059046307
89.8159549749357
55.06581747877068
-127.59259888101538
99.10810530698214
13.877969364454849
70.86390447757076
82.67564545361263
18.408532130793283
149.48008069004769
17.103570409676262
-50.0713471782154
32.95385976673528
139.542312603628
-97.22114951366837
48.37557824393865
-9.492820009096036
115.26591994409947
39.12624365471663
-34.96918917503875
-104.36241751732466
134.04686913271058
172.80148815367568
-121.56246719190887
-146.57171831811527
-139.74516638846262
-238.5473173383435
20.030306286994353
100.20409118008033
131.9959712004569
-5.1822227767233535
-131.48293023048146
-11.261531449242264
-24.870540450374143
-157.32582006995545
122.80127940240524
-178.95461382065037
-118.20090832539707
-42.68521617721184
35.04823136200446
-9.155801994512718
109.80623259634788
3.7881313008196797
5.220113246853764
135.60328327314673
52.37957596839596
41.62506540701721
-128.10739926375066
4.605460247964468
49.42016145089934
-76.45273092814834
62.17051225133383
69.3665326273077
-118.7894131561205
44.63965284374486
130.98015330801633
-6.133759425045028
-87.01605597005319
19.470329424999726
-107.29671795673188
-55.23391209220302
-56.49199716005427
81.60260954226506
137.76711896327387
-31.81770340932359
-83.82937247873025
49.56125289520447
-26.039098619194036
-152.01571858040322
38.8421432397912
-6.696276559547696
281.8159098315026
-39.28546022489772
225.36785975990796
73.83233522151701
-96.74436595717076
197.92804384184728
167.13629163226832
-121.2752265351845
-58.355788126049966
9.268074587310947
135.73291195529364
30.067465057359065
245.35979113874996
27.13630016198164
40.081700629599766
89.64573337226028
68.18141232748907
-279.46170274535524
-15.15775590757988
84.0084979707108
-79.00865010964249
146.73568460812578
45.80793275650687
83.09101319518565
25.165425774111252
-7.3386307007419305
-10.132170268139369
-71.93057238988287
-60.55714770354764
-84.569355131198
-52.53236547498233
-54.266682681051456
-122.81676655565458
-77.94483613009999
111.56217821797783
-171.06676686239476
161.99299120483496
-25.512946719130575
75.33545871621197
12.734251166166537
-75.77520668533833
88.30237303367662
11.297716257088753
-0.858157657309166
225.95165572286723
-12.414844621036227
-124.08729441850689
146.14800804142246
-93.59816291692916
86.23908911145556
141.48196602636514
-11.137707081366496
19.55603992166286
192.13535093802923
86.5988459435275
82.25554035062972
85.10402366682248
-8.785719800526973
111.09627409273187
42.722962221347764
330.73756754902695
22.097499607151633
30.118334592178996
-32.9008020099431
137.1273260491016
80.68971874428789
148.36165015924774
29.055859668773742
100.07453915960997
-94.85155657475354
64.4948978043964
254.4703954415558
96.96461116001379
102.2157427710362
-72.71992918858976
323.9057413121538
-2.8781130679579956
121.69314118957611
-14.44685585573931
219.95569771341016
-6.2500781260221405
162.42832255664703
-51.4707810669127
49.75076281986797
-139.0629626615444
-129.63158772414502
154.11707228564154
27.240182773941342
-36.20668981767991
57.82859240202254
-343.591010144132
-118.37368420454142
-30.74065044585211
38.51905116553409
-18.468244453816222
31.049697324626614
74.9462009169862
-76.8853008456342
97.46509850756443
69.23431653642696
18.006901305914536
106.35335232760296
-55.90942040411755
125.13195982972488
-143.81024326334762
-29.607098283813258
-86.65991337409875
222.3178375408724
95.15803212870631
24.16354379083373
75.71416085898694
12.002283714012625
-96.53716097294792
2.655907122517066
-60.18738240442522
-154.4991419857072
102.29942272266919
-154.65088193442293
-73.75440057722044
13.719547621270493
-62.30628214615887
118.40616512997954
170.04653513450737
31.140231647529934
99.55163286167067
155.17181862680465
55.15798436728865
135.64379277958298
-148.80456595557936
52.91490031936346
70.25918197502149
-8.595384664326335
91.9342312321549
-65.60694615986128
-23.038565971683145
153.36691802537106
32.302593899968834
7.273745657916495
102.30310527089956
47.10903000673962
-28.793148307375848
146.80906884686294
34.27769747979709
-231.32712143900974
-56.728505279156174
136.9516476722847
9.462124359640615
149.8837743438804
-32.700178970128285
-93.2321220787441
26.365405387839235
43.47336310597614
144.72606252237728
-77.30557657324229
-33.831728376072306
75.24228573499553
75.76570082577315
-250.94022602068375
72.0495988026492
30.204726862081237
42.06880782892041
-155.23707591336742
-35.55187039961091
-68.89105342399785
-23.300448914590728
217.0555617721432
224.93888417737622
-12.848883027784733
-264.6501104478162
38.18152181348931
36.84687977425626
5.555896529630992
-22.36119297090604
36.14816689919381
-59.44193811444191
-228.701661769516
-90.13113292197741
-116.76139173653718
79.9420988778133
262.14717114910184
201.9677266892225
44.45395236959867
75.48029846896566
-0.50804754745461
219.78941225086368
161.2257305132069
-41.144021358636564
115.87918997071579
-99.94856209687084
-155.1543884130322
-50.601585245022264
-13.901174097961558
125.36343030840696
-171.05064415118713
-27.299060966414874
84.48566315931656
-47.11817916255361
-267.43328497236536
-74.0406683372913
-94.23805689270829
251.5268341087465
-18.95002864614204
89.33080024901084
-5.5295883803974935
-124.02951063678653
-57.44123549051523
-124.65969136473238
57.07285707634055
52.71795020440227
-187.09153661210107
28.166954598745924
-246.20552731497702
10.60375518005876
-34.48031776540243
-84.79996850196825
-41.28851888777227
-4.0106740930064015
-147.53068357602825
-72.67561557282889
-15.312934304702543
-191.87855578736793
85.59532154989766
-64.99355375254285
36.319173032752154
86.12212672464936
-170.66915322267744
-79.47816987562267
-160.29547004496376
-260.1703868826877
174.17816447261563
-77.88898347548324
-48.36751834257082
-246.77866409682352
54.62036299633526
-63.42471678503992
201.07210134189856
80.23252057671941
-152.5686961513437
-25.97473891791331
98.3898730731498
-114.97477830812166
286.63105167636877
-9.206397991657084
10.011123748339854
-119.01436353953673
-145.84109097339254
24.935559872006767
-4.953659582002285
-24.22136393081877
-107.20312943514014
-80.39078937351078
51.262966980698046
-123.32050249746725
-78.7675748428921
122.72114575673962
-27.848607001872683
90.93007519993573
141.26783352522975
-166.37067024402756
135.6848384935195
-21.58978419413801
-109.91391586740203
-122.9238477829802
125.62627106861508
-36.22958778672099
33.5676192116934
52.70771402031053
-65.63825108813435
-58.679287046171375
-96.58569580119548
109.0180164519109
61.6874235672947
182.66260879754955
84.8761092936673
121.06453121869201
-54.59649022692481
-137.54157722841938
77.35323593247664
-81.05149202723112
-13.016681893899117
30.917117242364505
155.43726458674206
-2.4826964481825318
23.367806055788606
153.5730575333767
59.705204264289705
-140.18987477706187
54.334065347297894
135.23557166428412
-185.7965245312192
-78.322877920519
58.81947436594096
-117.8022241062559
-40.9065314397493
43.75676459975997
55.661350681929406
38.05832568787213
113.0652448976034
-181.4537451322892
89.18730868874027
-162.90299770327718
-30.605097524755767
106.09597551839754
188.73488794773365
-86.51786386715429
-26.107291355551617
-41.29452016780317
14.830152098813603
4.990052337411797
47.805814141629185
-65.20296489932349
86.547042425947
-5.19804443150572
19.85198231308309
-118.83117132207312
-28.727709835804493
159.24696578919787
95.54149727272323
-119.45085816118089
-201.21853629087428
-54.80039367688468
-23.453319068061596
-66.42765331041096
-84.49296833669584
-181.78023933880843
44.377157809457486
-68.05942866012839
2.0127250627617177
44.78778393716473
-96.75112703284483
-69.33640209356378
-119.66890557236194
37.06915448524201
70.244200348278
-187.6082797825612
56.266236443870284
-135.6967121359148
-116.38346552312254
27.534246899602888
-134.769082700798
230.4182858165353
45.16986336140672
200.84680932292764
-168.49808358977586
-31.296367282766514
19.858747657887314
-101.55783349950819
-31.648991611592567
-25.899328638184144
-50.38827623042694
-38.50072478321296
56.712121657236246
135.27875164825699
-108.6056277016586
-6.98041451875393
54.459157765014346
72.21810542121446
-41.12867532128691
90.46699718882057
108.95674420046812
83.15627255073078
89.90755560454919
101.089063722541
-93.04878796750342
-148.04818919077178
33.66864314019197
51.8932952748184
52.3512484750459
-105.43848927413522
5.937050368086817
92.5781282483996
72.7819239005662
115.84764450335426
15.106796521523682
-160.6841549997149
29.44792643512509
91.28620351343822
-84.37399429284852
21.932084873913755
-91.34594684965258
-162.29037868422813
-169.42812708359742
20.493277465930085
-7.721351982482469
-112.65097923740167
-12.756785451293126
-67.95273091634327
-50.096985801691545
131.19669236781343
-75.00873428111244
-49.10885962825636
-100.03285261973322
-23.990533910588606
-67.44645295514903
7.103987968108844
93.96227517262969
-12.897839394355492
12.916444881223875
-57.009211802019585
-100.01357537569193
25.188289849692868
56.99864280632751
5.2303485173738
203.89469434458312
-138.3136149189781
-25.97839061963644
112.21744096160033
143.43623099788792
180.68390458129284
6.14713171272626
49.97468132905121
-156.93276304692282
-37.65998293159632
23.850913553250884
-99.80135653052815
195.27718514566718
-125.19827066801085
33.61675662043447
-78.40993645285783
-75.3930551511068
-118.7028436309002
90.21072645520692
-41.61274525248995
-110.87624144834486
24.63882557764061
59.328113896640524
153.80022383213895
21.915647164623486
36.17639255596407
41.39168552073801
65.83181974699991
63.946674384412496
29.748547140962977
124.4335427281701
105.03916152277158
129.46006814945807
179.61455405533604
-222.463670525958
-82.71337710366349
-61.85411989027413
-29.269677254492024
-40.220704307359995
54.08218314723168
123.39949332672545
-147.45865939591593
-18.34906654426211
-79.3153404423387
73.34565796911826
-128.28936619895666
218.33841758799838
67.66094087390223
74.39184811208315
107.6400170341642
-91.73932350835446
-15.441867143690885
15.657889095578478
15.69496431446807
-55.17626370452118
97.63480096353963
-82.9854347391725
-24.87681240840962
68.87773169635709
37.892143718836195
-139.35430305173952
-13.226126422826736
-1.6752133678766037
3.1902976722601473
64.86598202658826
-40.725552221000854
-33.45572883774345
29.66044421760099
-159.51853453797386
35.49700154354978
42.21940728137183
-109.38392418987421
-7.57529407709997
42.65583041209961
-158.06657987605465
-176.97329317217842
-201.4288375164851
-22.74579270680222
-59.78418302573373
73.02363359846235
-44.93459461295443
-183.70155059064749
-86.72488322708007
-120.46558340134398
19.42091141466806
-143.27831522845017
131.3045312030365
40.442168112241646
-186.01616272470957
-74.85988165803771
-0.923403308115406
174.0943523393805
-95.83103970573983
75.23870850210419
189.3145878630551
-113.20006429442851
-74.06789434023841
-72.37441442180936
163.4125097128923
-13.012430622758563
21.909929884888626
39.703829991025486
-33.99015499170199
-35.19055702626062
-59.08755262737481
133.82784595145145
229.67233620115778
-59.03342215624097
-7.582127394614662
44.558271182179155
-24.126314285332263
55.613007900180854
