249.67646258577574
-233.76695492153186
56.235390693346886
-195.10975785872927
21.54109247888766
77.78832547318994
260.16128723277075
37.732840958352135
-35.55276774488121
-55.70376243208067
-30.609862203138217
-287.65471502493523
-261.19675010465977
317.19992766178154
-302.8612144259048
188.96827312570653
-237.1146161872355
113.6809300804064
-81.27603976923196
130.39393376444082
-65.695694981585
222.93452688172567
4.355616859835474
136.62398269699742
-9.571174765987184
-128.00560686698628
90.59043343521529
13.557448455565526
-136.83340560930506
78.50641335208996
116.14110925922297
242.1003655321951
67.37522324226683
-458.36631336773405
71.2275781746565
-18.219926427941928
202.28439066218078
15.627922263375583
-127.8921644912483
339.5173856952942
-48.31591365197691
-219.08242136772984
38.28378239757265
89.80431615652414
13.356401087478245
-189.87681381438045
-213.44950286901732
100.15021445667887
-41.46123802219315
81.14841020177565
193.75838065554478
-262.85682532408845
71.51295324745885
104.57779939632474
-79.43544054585507
-184.62533344875712
52.94494633018126
108.83086253744274
-105.35925281122285
130.54792163520008
4.163560750331804
-133.57914946883824
150.08619459672704
-66.42329701923067
-134.59161266359615
70.32338841489636
-300.6934049430236
-10.821162382701045
161.252782823469
-166.08754466628932
78.73342631537304
-97.17338212722512
-47.058993722387285
211.7387567694102
8.833068724680444
-281.03801883188083
-29.017935219326517
85.71443335115207
220.5976121984645
-209.79204516632913
46.307528204408186
-224.89686506991947
-50.459027545649235
82.95241073724448
-134.53078289506826
58.53438036631555
-51.98511995454755
163.86805809167421
45.133975757563974
-264.53665457499534
-58.890688014500455
16.773171756889823
-185.19007561074395
235.42006038069496
-167.29925934306814
42.2142493112182
-120.81093615885653
154.33075715279972
17.823672534927464
47.3974498956442
-24.65573325989564
18.52684253069113
283.4885313876572
-166.78460663396712
-207.42077734701562
56.57025203634517
309.2319822127357
160.6211748051505
-170.31406663968437
-125.33723673189323
42.17015022328701
-153.88283090750613
-117.9973558108437
-200.9600133475802
156.96896330468562
-189.08625240493205
157.68559961507952
130.89615027132868
48.13027312843274
182.20193208743495
92.93767951447245
146.060688478797
-42.957173982623274
-184.36376296423157
394.7742987590047
-8.869055605752806
-68.27267601016169
-49.45628405397546
142.95916572841634
-32.83770576876942
261.95922401580157
195.92679881686252
-35.73612551020983
84.78020897809544
129.40230047025418
62.12354419317021
19.723645469434736
203.410298421286
-58.31430448654601
60.03068431145772
71.00983572045382
-202.24122340178198
441.6222480181009
-44.69200552271097
136.83475992541543
67.90022390946153
59.53917849657007
91.40420012535513
-143.13065900476
69.77969055706635
-302.95339494095845
-361.98379323701533
187.28919550380186
-166.09321757306097
90.36007184276949
43.66075108326079
-175.49703803972676
-189.00793139908185
-135.22603088103818
-241.35653000858395
-117.17700676030607
-96.71112266226594
-234.7721400793009
87.7285852870692
-220.82136628751496
148.57273396380828
-114.20074006322758
92.1341122138192
-80.27030078104724
-53.20847330105723
47.846652656578456
166.95514947033269
413.0360309182538
-20.486929256777994
-86.99618904113443
49.16509855853984
141.3199216415841
177.71923681266577
151.54985937487268
44.62233233941227
-94.50758115249504
88.72568995154306
183.11250629707166
-32.47011993925273
12.772999510799744
62.65760007287802
16.762346253892662
337.5896855304592
-132.3062342660088
337.219348125657
172.41494511149574
293.5958327471102
10.814541837616247
-36.23782601446486
25.346241871037858
161.0582329982401
155.58704668228722
487.2710524387124
186.1421819393579
-257.9375522210067
-176.70039227964756
-43.82088180941806
10.061317429024541
-105.73529915120321
-102.12253261800471
-4.2984946595237705
-10.571825253292545
8.055601532185353
-74.92154988043646
160.34532049902276
86.89004298993986
364.1458268372894
-0.6051794560271844
187.69901112713282
248.70139399252142
30.21935180944692
28.399642581452277
159.50668015018715
-201.62846352584626
-11.925445660717775
-11.915257506205972
-211.27535324475733
120.32084787598353
0.6502526148214368
145.152803927682
57.8228679913106
203.8197537922914
-106.84585271548227
-227.3942243593477
-49.05312563828819
-190.3101760560912
86.21139049235148
184.5904650704628
-83.7304833469899
49.69187808956293
-326.0902330001824
-43.58542200947108
59.5389633350247
-27.506289226015152
292.03030260894184
-176.19582477737367
112.96690923833225
-152.37572797307632
86.88560541637665
68.31144269710202
-69.79484564893613
103.28824234322514
-301.4318002744325
-167.15281079845482
157.18546428778703
149.96161167723113
11.260783167641847
-50.88619613115749
-164.46282914098458
101.34038456757527
-206.9702192908878
96.94963065385218
57.416750747840865
-81.4619582788184
-204.95093382940394
200.68327818307893
155.06266694184137
-117.8144327626631
99.34546283092261
-282.18362394972917
-121.11957681033223
-199.9144828053051
99.85905151509714
2.180810485268851
224.03455861157204
-102.19616463273773
72.25701627153914
3.7885066090386976
210.73568774527135
144.38615047425077
2.272274240901595
-194.49707719277154
117.37982853185102
51.4174152116794
-90.96198045542835
69.17232244039094
59.27149004177821
-145.68671470859147
214.99815599057712
-395.5815455535333
-126.94769909633976
318.6219163341107
99.98369451293321
180.64574478357088
-281.4766815163337
233.53261540976482
-269.70816509031465
-141.29972008536302
-115.47353236269647
-213.9590681488356
37.62332923039508
263.2732634366653
30.85148825519656
81.20927670137966
-70.72371775862482
114.28417746694662
151.11759507700623
157.37163343344167
337.23659553815526
237.55996521935563
-310.07457896503007
100.70541376428221
-185.82389878584485
-92.72216622097847
-84.56820415988828
3.9920787761523884
311.46550779091257
-103.44447575561426
-63.70974975928556
0.5569030279482188
-16.526714747271733
-98.63656684776575
222.22786630603622
457.46008841221675
-139.97802972706236
-102.7259023834682
-0.29125544238545764
261.5437004805216
136.95187177379424
-38.80067929801534
-272.1439302986508
-111.96921588498826
59.29268469892372
-17.421264822979353
227.95300664055017
91.21266497585209
60.992684713971045
-258.27024634705396
-150.01539993574866
-88.12886921488503
82.602663584355
212.37416839327287
93.9380657236522
215.94634397478066
301.55886896957276
119.66290330388829
76.1809541865753
-19.795879759686194
-54.11173764217009
29.540639868022552
40.22478703903599
140.15375992001552
-106.56690413338666
-109.01973072262365
-57.13966977164007
268.40936039842694
-225.22107001682093
-14.503839580577425
43.126242626405634
-326.3410651342907
44.1105868933428
-49.32579967559739
-16.956794348881218
-312.4362317002524
-94.37117377514141
-128.85025650303447
240.59066794921662
-106.0475010457662
43.744178665591456
-122.8723574478181
65.25570122289614
-4.51427484982608
125.19119529152829
-133.91389206986105
-239.85196254550294
-50.87142387139258
-19.793561616440833
289.6735815322173
-8.984023810789866
-88.54424938869072
-269.5921509156571
41.657347739144626
91.77847225517539
194.16058280612472
15.056969780823458
-210.62971822891765
-217.00107124186897
176.54321932099293
56.375813229002944
-48.78259575513524
240.55494162613073
-20.97161525046249
-42.973518121537936
39.28165547686481
384.3881023879792
-87.75642288534033
6.778783417467264
-13.253397640121717
21.397425078634846
-55.67079080718412
19.726520724917464
165.3261922076336
101.41744247285527
-2.287117244628444
28.634198049673863
165.90007771601
-298.923131853799
-95.6948364962623
194.30695495647714
65.6056414523849
-17.187849543189145
-229.13939372532715
212.61258168474603
-63.093938095798784
-1.474063877727438
66.63795006235608
89.02867935557875
-141.95683509912033
100.36467919056491
181.98666178936764
185.25668268633095
167.16544434744506
248.30715377576615
-18.301317257141488
-212.78416579295413
-22.693505904725914
219.66936625998778
-13.422652085844563
124.72618740662548
-70.84468195039025
-25.38882506777919
-19.727854361303237
188.25272632007585
131.00337218503893
-148.8460701335066
54.48348388902031
-97.18080703478238
-67.71256881426571
-464.1443991354367
276.00588765628794
-265.65743161259854
-1.4785127984821702
-447.64748082852816
345.27444378223134
-104.60270937384743
-107.92917079099955
129.98943659691255
-11.298487521714017
-53.25387158919999
23.918264282887645
-5.997528814528759
64.62769122124057
89.24143846809882
-124.07702244937514
439.48448868454307
126.19468693735787
-138.99339358510974
140.69435813653655
-96.5084243750822
-27.01521792513939
166.0191699070567
-152.33035828071291
-216.47914274471003
297.9719414798311
116.23233597908835
-48.276815621789595
108.18259877287868
139.48534978806535
-195.24316795642576
-80.91923589683843
-46.34116070271053
-231.233303060498
351.1938680196298
112.86392433522629
-108.33034170505488
-58.08395350240118
-316.63265902014365
-21.01306073242206
-65.69159563492128
-77.60307703465816
136.78951839088901
160.52671110804502
242.69862948082738
276.4704866278613
135.45072140997186
37.82645234723545
-187.60981350441597
-93.99769990097195
270.4730088639799
213.142414605919
122.07899388980184
325.6303956019518
-271.43188313026604
38.02874037799228
-326.6082072457908
66.03806228435342
-145.64787550450995
-361.68980452368237
-156.25264969105882
-54.94442282474193
113.3435062557017
-285.2712797767443
-240.40775474352216
-126.96500676271958
65.70088686873967
105.08021886339279
-147.199394356868
-69.47384050172006
0.9575281503985331
-25.92663507469744
-370.95227032030647
126.23950264452749
-31.273200934968447
6.674164772476814
181.51671529991876
210.93647018652945
-24.068637683303617
137.41940458580382
-63.365242715383225
23.17993808938397
506.9954991257068
-369.48803457715974
60.12123663824036
-38.15624683610859
-144.69462141252913
-306.4452705072046
-65.9426616335105
1.0069458212925668
35.822447267683785
-133.95539847677247
-12.414636549347923
-303.5712500711936
36.45974628114928
-152.43953284125413
-110.16953367779634
151.51732167304826
-190.45654765371586
107.0724906270774
73.78822272984178
114.1674785414278
7.075963229627991
-7.448117768290094
95.01571937996644
274.7890614694545
-54.27568462859936
101.08341533665245
250.1448100359344
-244.12563531087818
135.39699962526544
-259.3322337715827
-135.86480729806158
155.13344794028257
35.18385042150713
-171.98364666312295
-336.89377445147045
61.86140831400953
53.106391360638334
-318.2048825288555
59.23539565417745
-28.10967258101222
-266.294175053891
280.55176083965875
86.62046214068933
30.520258558674453
19.26882383956853
-201.3992841341694
-21.073528537444805
-57.587264509658944
-90.35764245692974
79.33595619763283
44.1349198624322
112.5158288329005
25.544850487248425
336.26854287451573
27.00559485561722
-167.96476700966466
-56.49733101352376
45.58822253503167
21.79951010302277
74.53940907807936
32.945741612479964
-142.31388208641593
282.5581350006454
80.63159169966463
250.1158660736797
-68.29623230124376
109.48456710110014
-148.3055470824654
1.9096450081918794
-48.52895731690766
-238.0537765790185
195.5485831497991
94.81262000515513
-189.46144727578374
-149.59782000207264
-141.65330167955315
51.469687582094934
284.3737005314142
-191.28318664897475
-56.49733649162419
-62.45653513889548
-210.3302116625953
-297.3577569195967
-183.10515442554205
-32.835391648687214
-55.95400231726043
32.05507286520695
-44.29335379732516
-54.706332811693876
-109.97781744511482
115.06347201709491
191.33177036304133
-163.60453261476343
-79.4204984674731
54.11387918519991
129.06529233944602
79.38524267101593
-133.40757504577073
-37.86527694149736
-63.39849632313074
331.5040299575834
43.78359244979227
-27.872698723610345
-15.540668703258717
-46.20598848329975
166.49450142133182
25.37872676952089
11.622145341058454
10.15203811700021
-395.1801943612428
40.213651406984106
-66.41991159879485
15.12466111730204
103.14284839983681
-41.58099062540553
-260.8433675102059
96.66223535238682
-256.20329234265296
-8.893646213786461
-178.40105350969975
-212.28649530232363
169.23029598658206
12.790312358529054
-46.83276033127055
-115.81545630749854
192.48248513148852
-89.47257812310369
489.9601301300291
62.42582783753043
-127.34836065747916
-178.80597119363432
-220.79820955856172
74.84473525486925
-40.182301704900695
-141.63177434288997
-2.438585039322645
57.83749473844113
54.295331828307184
75.58730488674657
-163.25141632685276
-29.863487111829325
-93.21273165332548
321.4967782568664
342.59323431384047
205.33251922616495
29.454444266728665
-180.47148239123078
-239.72624693154177
-102.36145905931134
-93.38160619244846
371.55156524025705
34.50075852777455
20.614517542456717
-148.6496246893175
64.29612912109535
-80.97399759886406
-185.10169805763414
-143.7655563666731
20.367853427052395
7.0923258952833
147.36551671828224
38.25816463420572
-173.5255096240743
23.499375503344847
-334.6810970697009
23.5261634328697
212.39116659822852
-348.83096157596174
-236.90066572519825
371.80773743440255
92.02791767408603
-130.2371848732411
-154.69834798688441
46.18380462112732
31.369736119501678
-85.95815627052379
123.79030291832
-14.114703887427153
-144.54321078977028
-94.04107185900794
-146.09765690562045
-0.8674568810953853
116.51536118418642
73.43285255001383
-83.40687707304662
84.32524496045023
-242.50371418394894
-24.172077939355233
-303.43977227412626
91.03697951123185
-11.742053370152941
122.62673746579503
-87.41475110604114
130.47069543021607
213.8108124368835
16.173667317691997
-221.9052087028889
261.4015431376003
-2.041134722288339
12.29819028861254
198.84855398125256
-24.45187756572036
107.9505296081602
45.869168180030876
69.25221224326538
81.8758512573528
77.75109117887968
53.04508973377379
-128.01209009011842
-74.11103397096781
162.54927044711863
-149.32649443183084
275.0485373508279
30.68961232203915
168.0754532633398
-112.74291770733208
57.35304433184877
-225.99676004467383
269.4045384955588
206.6927698565328
74.61871147121325
-83.77103701851271
126.34786876046259
-15.101225252822479
209.61669704487932
-239.4476861117378
-96.19923403421653
-178.1474104211994
29.40277291355103
219.5497733796684
-56.44097729127938
-70.67850791777377
-345.59513592604367
420.33186474702705
-30.89551038217913
36.83837067509734
161.88839010730172
-12.811857599516467
194.47807487239348
93.04731190390818
15.100755902551398
191.84034029814464
-166.76109167328525
198.83001070944374
-189.8669065212533
23.28491750398795
-32.187426496356416
-29.313314811196452
-109.89206652125671
-52.59019775293771
161.84958601207052
42.52560496820253
-68.68786453466446
-119.86179443639278
48.06068069487372
-116.68946606668355
192.78279833514082
-90.79673268344418
-234.3224926724903
-141.51309312298793
168.91482397833548
67.31949204405525
74.72319359043274
-324.66792747256636
-101.3981131470476
145.44430595016507
27.102690194221108
-55.401376995860396
286.64557424671074
17.09495145000036
-339.92385814319186
123.67272439634404
-129.0323489784235
-47.67067538615344
24.816590080995862
111.78683902613454
-51.30150457897874
15.633496090912214
-47.81463139933659
65.81623812410058
51.12162681713777
-211.45812722928753
102.70010846001199
180.75471118753066
142.12837987732908
343.68717287370725
217.52757753204128
98.86577247985265
1.2437314436055136
70.92335619458079
150.0620064310159
-140.23432694266873
-238.6868588041072
-69.6559292585345
-99.74918760689789
84.00109669382611
191.55424140367955
-46.20283189059259
-62.58683740468651
102.26992958768481
51.14903320156427
-384.10365476461624
-30.42544984990583
-168.52981576004075
165.56917717770375
8.419724919182245
-374.0160457627766
1.8056408983227081
189.25964492252217
42.69234070642312
-218.18039342647944
26.766881798272394
177.76262964087348
70.87028487635779
-120.31111383041956
250.2399335111263
-69.34699803260384
39.519936946147055
73.4466991329718
72.824932751463
-279.6221389680629
-158.1935155236546
261.16169309023115
-142.80249177653351
-4.663566898968828
-66.4929591896177
131.00510552949103
121.70639770758714
36.193481429642745
-223.76823144326076
69.06155823100458
-50.88204228668124
129.46425240342109
-343.2546969980811
225.80488818901463
216.0169148007744
46.67341560564121
40.24390365708123
-38.30854321108738
-12.91314452827871
38.59349029364958
-88.71121209625059
-246.58646268351066
-242.35740822643436
-11.851887766570199
88.72672146213885
278.48699084656573
79.21445384744223
-247.80696310600064
-31.509600139969603
87.51228578951965
18.805901977665155
102.35918801264377
-79.77404529613085
27.147156868959144
91.32087384880582
108.4115878893048
-21.994981517923993
97.13161550774231
377.61173980182355
76.91370233946995
-144.34288100952978
-95.9614921469787
-2.1555152875564936
-271.5258392935679
-210.75391296683512
151.78699006977004
25.827271424126835
-55.21800671137658
-42.72170864122484
124.53567146183495
31.80246512948057
104.36596573942766
98.02116121456096
197.0191249308461
-0.9506910304373115
236.5748087180158
146.37145517292672
-106.27224394688157
-169.77609687779506
-107.39710422480657
88.15768848205737
-264.41462604043045
41.499319966266874
-6.770943439848379
88.53338461149959
-44.68266846276099
-47.42485803807615
83.00925510043544
156.48740262012808
334.6115958413757
-140.63124846167534
65.25469925255578
28.35203286998345
-197.55137273383542
5.452582344182736
-89.19518454366485
-35.6106067565729
146.479011427015
-30.18624118974187
89.74892871714172
-288.0634597879729
-32.72541557873999
-216.6209649237341
-307.2358147811404
13.284602881260193
-10.415399982538693
-62.43298453630175
-100.7680047350461
-115.37187264612221
279.235333060404
-264.54803312983466
-86.52135525180167
1.3186678841475454
20.344747516851967
20.153871836180144
-62.91425811994941
-219.78256867459726
238.70687976440593
-138.83852551249274
77.25989033233706
-37.82114683653937
-201.61005630002472
82.77007938736307
-193.94275177221635
-112.34078353104655
59.66291534142606
29.57964406297816
49.637878691805305
-193.92835721408105
239.19992925384835
-192.37105064915073
310.54773381842625
218.92235340259643
-269.2474138051345
115.14945682312329
-199.3588093178576
156.1434352986501
-118.37861082260612
-102.17279861587377
-48.50276401847524
89.35245637442574
52.001454859154464
210.60796038138866
-53.09338626875179
133.7236037323776
-42.80393532129929
-205.6065647960959
-112.85811459864138
54.2164201510915
-1.4344111993712476
224.78020206486704
-18.727808785070163
147.34655829262437
-60.35659388836942
-118.37753534832495
134.79193633408576
-77.31807471287577
179.07927032887494
-141.13109729697558
-253.30879192036164
-195.9832730424593
-150.53011021691077
-55.34249555320094
-92.81267475884113
-38.834964440416414
51.635950976536556
185.88927579019088
53.67646808860465
-141.28440904278582
127.52491554875873
-89.43232963107315
-24.625755623609354
-198.40330234814638
247.9096567327517
52.19879228358908
-311.6953624338961
-117.11974098561859
74.43150485773174
-298.26171507984213
-396.3603107956722
-17.15834172527945
-11.62392016109159
-162.9446851246383
42.789531377980225
