95.34425186622299
-7.457580496565058
-37.45054284096714
-113.86164204801872
-249.3065081121953
10.0423288341618
200.4116922285901
175.6264003411361
65.98822284287067
73.80790858979846
13.563134061433528
106.83643931528694
95.82363585569527
100.99351109721793
-278.07767374688615
173.95791628619983
-79.11157145366232
-159.68073214605337
142.02818417579405
306.2601926901268
69.46815707274978
-18.21335274652791
166.73022467152762
3.2953767646029184
-81.98398415870743
-25.381565322274806
-50.71582725163501
255.56040993843553
-145.16616702956134
-13.872930951659495
-280.331420513942
-275.6926338013506
-64.71491367475058
141.75050598980275
-205.33935475612554
-236.35844912715194
149.0094328076879
-275.23276046414003
215.97657784218316
-167.86452620481077
265.5875585157637
262.0936639793381
-114.80957484146374
237.9617520664143
-185.14905334676763
-130.08669903952915
-101.31637459569369
-174.070132488665
-31.65217837165664
-323.0719448965945
94.58392378975637
139.66518171876226
279.6936776092731
-115.4809970887263
-151.37813198507152
6.107208027701968
158.1993202544377
-357.01202429390815
118.55726742544755
169.38226240214334
-80.54287237599853
-76.57816047433832
-136.7435894914196
-131.45174230677569
104.62684678406373
250.67437583000597
227.70564066405575
15.13695730361085
59.95669255911654
260.0872459776523
-60.54275838151049
80.29853747327014
-54.64055144598229
-78.94957596578801
-98.32881551960084
114.58702618390663
-35.183452397903594
-3.3422342586824145
513.1816758808993
287.0252012889988
-16.808112362466584
-74.02713533865112
254.90375101678717
89.42199603219265
84.24190662635328
22.172912950707293
-115.00450855333607
23.73751351912803
51.08993646013459
55.89442046138191
-94.40785700605392
-249.61777359358877
-86.58771498647819
284.1378083123105
-58.503237375518886
-8.776613288066871
-25.069126762433754
133.10005467098676
65.75172935273392
164.97363697386746
26.819943563220622
378.18333485902303
-13.305631689762674
2.026711437688573
8.286818376383414
259.20133579865956
265.90249921297436
262.97042691190165
42.45784988153047
-58.724391923637995
151.19867298821177
25.904804002364113
-175.3760367912107
-87.21491225066316
114.90556710915344
177.4665727134394
3.9202922073900166
219.94480916474166
-32.45590811096945
126.01874297472591
-107.0936373354143
180.523300475474
32.15248093858697
162.49992102790608
151.5353457073
-143.0600653129668
72.02420488784487
176.60712907642971
-65.16336625411773
45.76040384719961
58.78985486019307
-86.15232592368235
4.152077623279434
-1.676973875390587
-157.07709980020863
31.40300318005889
-1.4530765969575004
-113.0416247614332
107.62240618777143
90.60551656513094
84.48619345866263
-30.26990985205736
62.67693261832236
94.23832604610023
-35.08819265146656
29.332303863189576
-34.59394940643882
260.21532855751633
-137.79619011886714
10.257699553956723
17.777295118368368
-121.72310188602862
118.50396911716086
-92.74491790768424
340.9718314197917
47.0881809454483
85.62030474177985
231.66253048911216
288.5542489895963
-42.85240408699039
60.986062462416626
-165.20921951685156
-0.1936378181712337
-76.67538091517305
181.99469915535778
136.1976078773322
189.38131013457004
-5.317651312391064
119.99447836872633
-159.1333540276253
184.27551145566952
-9.556434407909105
53.52702690074381
-186.53386015263018
82.8606057844081
-128.44199385336276
170.75000709982194
17.816519909206257
-128.6975626848463
-78.77259559355895
109.82025642668262
40.37956053506953
-135.15680755789546
-54.864728300705806
-25.762086482040175
103.02198979415046
-252.34652067789656
12.098453453337084
112.00718278981932
56.55728304901451
188.12731620900317
-115.93514795342196
-169.35719501937055
30.56295014072657
-95.52289098515955
-273.38148062162963
43.66018831574965
-223.48086779367137
287.03003441663157
-74.15556273267735
38.688247062788435
-115.56772418119225
-276.10142572942556
3.0323073121520134
41.497748253938106
-249.2287853977432
234.56502392602806
36.06518135308257
52.107411828535206
203.35208346157563
-92.48376309784753
50.63421820637459
161.46359303971747
-2.82911442773283
326.9907948704278
-146.19496108714566
12.903044893917095
-99.20108184083418
112.98927641469618
-180.74072757255735
-65.37674213002008
123.08468362269905
-103.16059697761078
-38.694968727433874
79.6052618286217
-70.61636023067136
-25.092587902033305
-101.45390420622084
-90.63753279057842
54.70694804898558
-17.365934414860163
-143.23022528114595
100.18158441729913
-277.8581809919174
252.4636277922892
-40.46508636561393
-148.50512873755721
10.088116128872812
-90.20656911426428
-8.771774689182454
-90.62708513525435
-149.56540906989503
29.718397830969877
37.71018535421553
86.97197571763179
227.84426450271505
131.80364624974132
-91.2590345469018
246.2491800542946
0.9613885621177704
81.92825802235947
78.55514749090709
-135.54440716456338
186.96796318806898
25.934462587578818
34.988955073319175
150.84702288038088
43.14550468511756
-91.3916025549271
-83.34325509445492
63.41767926686556
9.638121762462793
-23.642200256277338
-111.86619689426186
63.896728597650174
-101.20490897793913
65.18547203044251
-12.838252919601233
-56.98594325528947
-106.78949288796505
118.57566502692512
193.62218259849203
-120.09381406329629
-0.1037072050644352
72.30154142544973
216.23798595116062
105.0853614645641
35.99443880141075
-55.724003419995405
68.75667501438218
51.621518252159625
147.79786563155952
127.96773704951939
-66.347529733066
-294.0722309037743
129.36189135152367
-147.41894324881247
79.5802536708747
97.6475819869709
101.45451592524935
-124.61874171102
-107.78067373824696
-19.480210897658967
-157.2215471429726
-258.03550826604345
14.081511283983955
202.03963052461074
69.53562579102376
144.9519163535826
9.880848123233267
124.9870078861269
-32.880410381357976
47.44505747130764
-74.40485476071987
191.45826446483954
110.39960519109721
65.2983656979354
46.404669097722135
-102.56687974556321
135.2032953475427
-215.35238996702256
299.2885552881607
-134.81704971312416
110.3757782004235
-9.143103901710832
-2.8865437535115666
-210.33714727317644
-26.911368432201733
247.55607180452537
205.8348397315675
-49.18421432022802
-18.070824497081624
-80.13594814168616
-32.98037179501838
-17.916272413383723
221.7901708199072
76.21554207271139
89.53038991309747
-64.32608860531998
200.83614758427746
-88.24686685681426
-147.6599551803353
51.49672761897473
3.7105443698600538
-161.86679260800847
20.73458669630182
-180.25301575520197
-142.14194178459798
122.96304525604516
-367.4568233356725
-42.51540249455199
75.13720050744988
-1.1495211095657738
150.13801282048152
-88.79585888398599
158.5277734393909
-146.65469025874094
-6.665865140079201
-277.9135265889179
87.37860776635932
-132.0911533828321
90.53696500663541
220.20770091355874
183.62052592513965
117.62261040833322
85.35986549015426
143.70192738949495
42.25634775289249
267.58939488126487
307.26499611955785
-132.59554633680472
170.54998734985742
-127.61353492782249
178.09084042632284
-111.09208096340113
-9.241378460029354
231.2372393089698
-183.01489626716636
63.64664676178532
-156.3668234483939
-77.79113790757982
-223.9309784784466
-170.1229666930306
120.12319208606091
151.49020192503707
-68.27602623639605
-68.80241208556578
-284.5965236742209
-108.3337686765336
13.238049538141635
43.21808409034997
23.162849286880117
-70.83346398329898
118.52081876900108
210.92582794123396
-40.588789500308586
-43.39357131625169
35.455004075019225
10.829418412935283
-52.84904569131285
-37.08347843578049
98.25076178416775
257.13322671378523
138.77526775053278
210.10404510168968
-21.27562734195774
-0.7607911358683301
-127.28857551332506
-190.63338440041298
-288.91919572920403
-185.2089389605638
210.14594709355828
257.2949790154191
-213.5964460747558
-46.07917254735052
23.719715270265755
43.09385949629019
197.6681292282196
-297.8636146200361
-31.6232930880492
-74.81967144533455
-25.926529796080445
-81.13268106343617
-212.50662350468266
12.790174036127073
-64.60596082632026
-26.269345687288723
-12.714144655700922
-8.108666469479509
-76.30188527105277
-139.18100769955325
2.2400817293702815
-12.04943645057093
157.11552415896958
5.6956882381466745
-189.33251234244304
-175.65030816314723
-122.4977198697637
-27.042149772079178
66.70109811377245
-236.01181537655972
109.22745182844982
-223.85664289303637
362.6602534612419
-112.27327912217092
-122.26774418303381
273.87183646289225
36.629342673164736
143.11852678555067
22.369094915916612
-150.79040145676453
-119.16894167269436
-193.9016086793717
-73.39818009132316
-27.172839653565443
180.0986701527521
391.0484889810847
221.0124457136251
278.5830017626969
27.916649213009993
201.02876770309246
125.44609111787615
-26.31787038857133
214.45274652298022
-265.4206270254984
-271.40092435439635
233.01670765946517
11.505415759670347
13.52896661120702
-173.83018152507688
-0.1127345440711367
132.5402274978195
-86.81905083461565
57.69278898898484
-72.57616251397387
26.9363567441336
104.27663795265455
76.19234792947618
-232.74355766704946
-123.0315946234659
-29.301425120404538
174.86331067752772
-13.8013702837251
76.80911361468414
141.17190519433223
356.90882994985265
137.1360478841756
34.14824990798252
-377.1629475543354
-34.230695304145655
67.11357622497069
0.8100350693564925
-269.8823330677214
-165.6250574358976
-135.28053862324418
-494.4124291470612
26.027202196742564
6.093342711149997
-144.771891283499
134.20519452335992
134.52891511661437
349.991854280916
-7.418730003883679
86.6650565968934
27.55603519856036
340.08366256516166
-49.032108114919
62.50392089209269
110.16944169361749
318.842561384067
151.30317492545274
220.822870809046
-213.16404572287496
153.80888440457326
216.0225937440464
292.88645312087607
266.65562976605105
135.078498597738
-84.5545695636926
275.9897600461966
-3.2748504278216766
-227.52072570419733
-41.354638690779595
30.78686830943571
297.8678039636995
322.88174792363674
-40.125778714958024
104.59652739059057
-145.90990918852194
-197.94750022619536
-27.884691513574385
-35.74093831134829
236.5787021299446
-96.58443226908916
61.31936088726028
-91.07060296674491
-141.62071549857666
61.494480556719864
-0.942915433057328
-206.5162831694471
-18.048551250499564
6.316885905733999
140.75894097261968
200.21613750477687
-208.5493563142304
15.328640004249278
-9.064073955768908
4.3880530501691135
84.62872120553186
72.66276130495744
4.031218905109064
212.9592123239886
46.97069923374134
-84.53945772979907
48.86405046277575
-182.07550999459463
-200.8356242845082
10.527268844970513
252.22172253985556
-103.47874357682687
-29.4593237328297
-22.434045253205493
87.54242533216814
-137.97048185762478
73.53179216718
-7.386678975467387
-64.32475509041673
203.57383524569653
-12.31528128503722
91.19860200556751
327.1897386345318
47.16958295124182
143.46659428203293
-4.632811915989805
-155.03636836230672
390.14814065086136
-40.74978170115981
107.81583587238762
-147.30624291990623
126.18933553700721
114.85682693742206
-336.58301066539644
53.12221251212087
34.4791589589456
128.551220998384
46.04830566695963
120.50255282814085
186.60521709681495
244.51926909427624
27.407479342875842
-39.04278023009075
115.44853829051294
-51.61845151492659
126.69701682729789
31.960902871099993
144.35260638702397
130.8884515390189
-31.888958933068036
-99.91389175565132
-261.85646268621554
-93.35827024079528
149.45012327003317
-22.950636678740377
-196.92449319198997
115.32344082141245
-143.46201379976702
289.94151588896847
191.1095488473529
-98.85472732431012
175.01836103240478
-21.243847649695947
28.425606912127904
14.403166108605882
20.09963922696581
69.08305059342639
-85.9027024711006
-129.8431254631522
-54.17490079949216
-240.21942189347828
54.896169760485854
125.57919287078164
135.49172043126725
-191.56845221074545
-19.699486055702888
152.59631772500703
201.43237704182752
212.06422211290297
-7.589913045512914
-52.967877984139236
-97.39547077744197
-30.443547907045705
133.77143775876414
95.10223454874001
-107.56944036749469
-141.13464717681245
98.72818623890038
182.73544256192187
82.58591985581313
-33.30622691786193
106.40186199345051
-283.367419483124
-170.52774496259855
-269.5314524095137
279.40365334600824
70.59963666736148
233.1379308805914
-104.08363300408725
-9.785600796857569
-42.677843605238095
-322.1161538000201
88.10561707042915
193.55861715502155
-52.53309337409898
-154.4288201978068
-235.11544487509443
187.95834305451666
134.318142341027
-250.8678956619511
-75.32899394713705
360.9633756870987
-58.30837070649631
37.29727291677412
151.51413665381298
-14.839759372982924
-138.74732634906536
11.712710411035086
-371.2399242720221
-20.074949472908827
171.58649053666886
36.468072280724456
-82.65469298959232
2.5999232990865933
-179.83666654155147
150.040176803654
-42.549025750157796
-180.83204525250744
-95.71852272834626
137.9826984206021
-46.408277357290025
-40.68277411029833
-314.77451616181503
-25.900355934516703
-121.0095188598122
-64.26868892960448
-165.21769304422253
130.9283869873561
39.586532911953235
-187.31628382151996
167.22548393365082
123.480057615217
-43.35834114284434
12.092926865724095
58.933721752997826
-109.64900613753846
121.97975518560261
91.94801409436293
-231.33276853665953
66.0284811468069
63.20463463498804
-90.94534820436576
56.049829159941595
94.8236630746142
-45.14631693046054
-144.05732696190185
146.80947857992481
77.29480746108257
72.69751885352458
-74.20253295006344
238.99758849732422
-37.645080783707435
94.4372627868408
32.85447700775211
-137.90644287227676
-194.53192282311082
192.95635206254673
35.628166176623466
-264.15801003354585
63.8155477449083
117.48657559188071
115.70942448542242
-72.98488075861572
-176.75833301992714
100.39089199809848
-31.580428898407515
-75.32548136128388
50.0186864658002
246.8157745201318
-229.29594938155356
-160.02015530533907
-160.51690521042136
-107.74486953330776
-82.24755348133976
30.958101073102977
86.39004314687372
-30.826017280192318
45.449310741741876
-209.1409767487318
-129.05197182645264
92.91857444555437
-54.76463654780665
-75.17767790828402
-234.9868508371654
-101.28369217295601
-252.3996086115427
151.37125846508144
-52.13929431497768
-122.15731631945661
-143.29949159277416
49.28596415812971
25.539099102837454
12.59383782462241
-9.079556765488269
8.578781342878687
-40.362310521113876
127.1071370924846
-57.7782934431625
-145.84562513027348
-53.09764399233675
206.32219087729408
-182.6943129934585
-199.69911687810873
-136.76602870302224
-43.59784558865447
10.965821639703051
203.80343050865287
106.61748334778417
-278.3328419738925
105.04516792939951
249.09503262234878
312.4076012680891
-14.338419598915337
146.6166405708905
104.94098970343272
-5.041038502704902
-42.46299430234748
-117.81154679418196
-212.86356585883556
46.46718179641392
115.93180621991283
-180.12607027645052
152.20243826451656
-61.90322895862531
-165.20126997883665
72.05725205918833
-6.899549758140122
47.97890557827349
210.74638056075457
-178.29327133331788
-14.662341040810514
209.183571209309
-114.99956500154057
43.53817941832272
28.749592370454117
-99.11153798629329
-5.36140491408428
249.00924255056373
-139.39246430811156
-119.82192083411103
-44.677456650649326
301.184928910498
85.84050860042612
103.85533760451531
1.3416564442546761
-193.352386366917
74.68689745327485
20.31395370254302
108.72684854164086
199.88965059297587
9.462820581870155
153.48585578816173
84.48272957753673
-53.45594727832851
-144.61730392577064
115.66977393405811
73.10092571875794
-192.6025261022506
-84.43535648619375
197.8137649151797
-189.30725688136278
135.88219937628656
-111.58634311120797
158.95946201848955
-50.97964798059141
-302.0730071056139
62.17999763189569
119.14087906278989
-81.66011888588264
-112.69959293482347
9.600676057940177
149.54560126684578
205.64969104068862
174.49480466679887
7.946211959290489
-30.999385485640346
18.300811004312294
-5.960535636700178
-177.8713960859675
-37.50000661402423
-16.533500368925672
141.38303753475284
73.21570330347632
33.37459216678498
52.58895969421484
115.57691347567636
7.638000136095279
-8.46849909014632
32.60441807819695
-105.77598609285972
300.3794988842663
90.71012188274099
-47.281457804834446
47.84587634383263
142.05612634883553
-136.87273897842854
-155.7938491902958
20.585695539602675
-216.32902755999612
-138.30624120093526
-132.83124665732456
103.01889603900308
62.30286166586083
102.05789548374943
-278.13409255587885
-73.62290582081661
-248.70811536601732
83.48670286894861
-158.72890257282248
57.45248933876905
-45.20554139632914
-65.51568070400012
-78.97361960738736
156.5009559071899
-206.34828979883272
238.72573140595657
-53.242573802570064
-110.53676612628512
141.38297209535705
-71.9485937965842
59.630559342403295
-2.1695382641505634
-31.095613628872186
232.664660382334
0.5012036501889408
-136.47098451384096
-69.19075806210294
233.30120835534217
115.78232320521617
140.80067709171362
-355.6847381410679
-84.88835008457018
122.49533810771135
-325.853514528921
-200.9527602431845
-135.44776338904688
-52.712188856380294
-27.308457334811706
-196.85213838119216
-195.7715685707874
-70.40874863599647
-18.444215453051285
45.049048124175705
65.89379483999639
112.43086166851721
-72.74098469586185
50.96642756103715
16.946613572508088
150.86931703304353
15.122970303395691
32.52374100462733
184.79108657195434
121.5473497594577
20.140008212349848
-4.381231390112952
159.51351987103914
79.99830608594613
-83.47197170581083
246.88866396660845
9.247505144170297
-223.21241653434893
-64.13040712992614
-125.72604378538225
5.074119537335123
-31.713270252263946
78.86576885837991
-66.66099441147765
246.80465364400743
107.58176194158237
-166.7448006538712
-71.30169685218755
16.479951912797446
-163.28445237406757
124.78975791638513
-109.73951907353414
-85.46775978028457
-280.7627472645454
-218.42297170138346
-216.2363599614127
-189.65034542325623
92.7359514928449
124.79070889190433
-29.514884281407497
-300.18471203090184
179.94346150216737
204.463890358923
35.129921323085235
-30.41341713610407
90.19692993494965
22.591509292056276
-1.0913558727289578
213.059443283204
-37.702487778461204
76.8850691713225
-64.72685140480088
-173.71745312073128
152.74048412195393
-73.12808753797171
158.27628541687346
12.553459075827517
-360.2854383503791
195.2246064338611
-97.24389669103189
-141.03669954827203
-74.09162997600433
114.7067329276556
-61.31435395123992
-11.010071792108413
134.30441544984214
-20.38635465547282
-185.63465948178913
-52.17975501185227
78.83834240786958
-38.098096015749796
62.64487328635345
-143.56473228464768
147.30356745205484
-64.57172249843966
-164.98997918329835
120.163044075368
222.77270115817643
62.22051847716407
-25.61402436705976
-1.2495155431125617
110.54430259967847
-273.5087639617456
203.80572982406278
-84.65630153250379
-173.32744627862064
280.7552562981708
-23.387372787974257
-33.724347654325825
-97.36019180187189
340.27205766388175
-118.96168994917785
185.21885223028696
196.15743402815264
-93.68649130813918
-227.9762763849734
160.4170399469034
107.84991893748703
114.32195015860485
-111.7051535969719
328.5259149125839
151.44161609215894
166.7997220596739
159.4624454158069
-191.36454173724476
141.74452335188943
-213.1723094283821
1.6793764544289616
-52.517659964929315
