74.67142510888904
61.628600272132395
32.35981087943262
-169.04358686511753
-344.5889604693901
-20.62915341602497
103.74845069592808
143.42356189374047
-72.54971304839185
22.88676669356325
145.8315878739799
102.32924793158087
43.51295951927001
-130.45892119117622
-193.45676915270278
38.59121682949315
-23.34274207884925
-30.602286794666018
-24.890496370583488
86.61992112533902
-117.02164580455128
-41.301244380999215
72.92688750197314
-0.6701629787197099
227.90807038994367
2.7272083925849655
70.81446889776099
-4.151708159163467
71.2837368841223
-11.554313202318912
215.11326607343625
86.03049881175261
102.88572775663476
120.44582251435702
-97.75125388466039
54.43005074228361
53.87380983583337
-4.9315900826725425
0.3974475892702669
109.86598641877359
-54.49754637784026
135.88162928347668
152.19581377549932
-210.24650140669434
155.35621835709887
-85.68241733270301
81.00846674074747
-132.26338480992666
-289.2771997831296
37.59203664524387
-124.76604992453422
186.65901143581647
240.89225209778454
-105.62351620526354
-18.098116632959233
-75.36031470650273
88.83366584257233
-174.8444879034406
215.8688901307054
15.988085622056571
122.74957851061332
134.0099948631139
-61.796862759013365
-126.41440673127023
-25.867734970834274
-123.26633977596526
85.87063734318565
-30.085127868509012
-11.254676693921258
40.07426675631383
-38.510921103023456
-59.820812553902165
-129.84030076678386
65.97819297321985
-52.23261526944154
80.2416100569791
80.72383225120745
86.82753167339365
119.46676652528741
-287.7181224150016
-10.928373357661439
-25.179844927968897
-200.65627114136913
34.61458630703855
177.61100570087237
7.289540454583829
-207.66164369206996
-83.59862772099775
-164.90381923062387
286.94095833281835
-120.34477830017578
48.98103292706942
-4.275131792330828
50.843934944829144
-130.98423313117556
-131.6462945730531
-79.58608074727154
-47.31806540115153
-134.88015282929118
99.32210632020531
-146.19391347277633
-121.29750857848579
-26.6744507647467
-44.05592186068938
-75.79938346190144
74.03939509297935
-202.57188014901237
-127.0180477425268
32.82884340747274
-65.68431617975882
-67.37940984669515
-30.968698326193824
-151.64730635569177
-95.15000245430299
-299.4942485051392
-152.60446022207967
-85.14167276296786
-193.65439589788406
-54.451636822548686
196.11472665140522
86.84961986815678
-64.20093772611979
-57.33167405370938
286.4247162951892
-93.39318962389358
-206.2295668239684
44.72307094646883
87.44720411250775
-54.52934441667251
-29.54483801265829
-266.47479401146836
-3.7949868754766527
40.955859886970636
-127.28205709383033
-113.31866725287075
37.05195327633258
-118.63788236090019
66.36475836922058
-9.073294013162263
-102.50589468950008
-34.746541489600816
44.72920694551345
-50.52023973369653
-133.74663284208663
-120.25983821747084
34.822324272486625
-52.77549034962594
11.753147370028401
-120.63986807588148
37.62263967305856
-57.69195014904105
-20.40653099765446
-41.062379225341516
58.350446383736184
175.15096686542103
-62.630279146141
159.64158825201602
-22.060936215065258
-71.06401439017061
-239.39680618097196
118.9786770301788
-37.52191293497364
184.92902513850956
142.50391517719103
334.31549530295786
208.68821981589846
138.82089510913073
-153.43256977114217
-23.214991108059632
-292.2886971927566
40.76301032699172
45.21654885686384
-271.19397346546714
37.15268579142118
59.888128926505566
137.75981404265508
349.0096064844079
70.4740027411615
-30.413977190457548
-7.3767714559983775
-181.1028396096408
-4.593193516807436
63.499779720247865
-31.244413096732142
-107.74323142217013
-189.7210545133612
63.4169136535859
-12.040144061012153
-121.90932757288951
-10.214014414644584
-128.8591785453383
109.81156727361761
-9.592612019321267
28.77506363529833
-165.50029803584192
-88.36323813327665
90.78294652643099
-150.17599937691986
-140.43104354177473
-99.21974368644254
-187.0064619161102
-137.23761822750984
76.95170530582784
-237.90295377234924
-119.82034956695482
-213.2901208029382
53.99641207462931
-166.44970571939487
18.102998628723213
130.58792032106507
-203.75134819754638
122.66606550329102
52.661620418675895
181.72196166845038
-28.786134863493867
33.509461674611174
-136.5032451129628
-104.81769472400147
203.7113575779667
2.9081793469954307
80.45647132615079
156.2588975589513
-133.5416903144212
57.41301276520008
-90.33055128051227
-74.67856622422659
-31.06145404406117
-145.10938220217005
14.031187244474248
-67.88959069162445
-305.4404828199425
154.0442548649447
160.00814680504794
-117.40239256074179
115.44473377423819
-68.08016241373146
43.82258548917451
358.42479175945004
-27.92515180305473
129.18364866647704
-191.08226697226087
-59.19112622365719
-64.54208393080575
24.480673896757924
20.820963006439005
2.4501820970581702
-94.58655575515293
61.929730935907585
-64.17749496547314
-137.82218968220332
-53.680661727065065
90.57154483815368
-170.61719110714117
36.50741429142929
-33.0290836337593
256.7099582542551
-6.092176187465016
123.6907634241028
-97.67372946938704
119.80486141453699
0.7296112360765741
-33.941255364624034
223.44553399142396
347.6675341892394
-11.3571037608496
-35.50454710746966
65.1410139538431
-91.25423376910308
148.43464105323812
-170.76720627076304
-15.227792795587602
-107.59143010953782
134.51522365564628
-153.04356048447585
75.90713085531647
-69.1564144538662
83.76516332518761
303.21748823667104
91.65130019913465
15.85796790002614
18.817542105300507
182.82890262871857
-287.57369208113363
-129.58554854630341
-123.17845257396124
40.794823548448456
64.83163483255127
23.105130327376628
-98.44759816737294
-7.54376961730749
-187.20984567023947
-45.12001944388392
-266.7524092038561
99.37850918339602
-116.21849476329874
162.02869715844568
-234.15119571235653
385.134206243773
-76.94740496383592
174.41329871933561
64.70636658950346
131.0306611771174
-114.00743647357103
-226.66164892942902
172.69797576794383
-8.849106954725835
-7.426404368122003
463.79938637225837
-54.80811788068446
-15.273274429070224
-199.24358080435607
-142.27932431195035
-168.06247181139312
-66.304094185081
166.1281246412927
-23.580022826259267
150.00624077118175
20.281970339556988
-135.62265504261293
90.77375757163152
96.6660187389267
17.04651389984515
-22.267375432326837
33.501209850157764
243.95428193365512
-13.391200309949257
-172.28255949191123
-107.19045263382421
-71.66599323055547
-168.4803657702577
-39.00571827485443
136.23741710681665
101.8961829443647
-73.46650027233305
-29.60851859012949
77.01997327714751
52.70640956418924
211.01907675556518
-256.59242694279186
88.38748321978541
186.7554548818043
181.45799623447147
266.1161828348124
-99.6037618530762
-195.02147085273864
233.55561493583252
-176.24945962943514
-24.446914856956145
70.47035587788028
-24.96574666305976
-157.25882609174997
18.419131725084938
12.772300321370933
83.4762657984447
299.92290857778823
117.38974973051239
-70.02153799345817
-18.672180157481485
0.15973169117065633
-173.38464571639008
117.81770556827642
44.024751548996726
22.76342622963577
90.92769143701686
-22.237459692028875
-13.01685813966202
124.61770833614443
-70.08398551566583
-169.75529422899214
220.29746378117727
81.63380359686148
-144.5437798565799
-38.660078571987015
35.835387080258414
-233.57607319116872
-170.2237252209588
156.62811363032202
229.34785671185878
-108.98760174694546
111.32412960703128
168.4652051861779
-159.17061084161313
-128.40589253523524
-90.41625992382421
-74.89790707215354
-35.848525014294125
-98.70518245709857
88.02560382788913
-113.2376960485136
48.467454905148635
191.86406657005188
20.675685523161356
42.97226092406016
-134.68955844575243
-2.1024250451594337
-217.52295169879886
-93.97918983926392
-24.205394013566767
32.83379824374154
20.699564218104243
-36.67748623551629
-244.7225038487859
-89.54509274568643
-50.60722671575324
240.1081213220218
-148.79060404569017
-36.5923899756538
-83.0644408910385
42.67893254884078
93.33748349259196
-69.08111659443746
-31.024394070400756
-93.49313900739851
-56.049031084457546
-45.272833735744484
-152.0316372987742
-47.350168059762154
-130.09040134065484
183.36472473476732
37.18519390564295
-227.1935565330901
-68.16379299604071
56.73347598159008
100.74350778992093
-189.80540149018998
110.48625348363547
103.87432859075179
-246.63441092177754
-57.2980414465121
106.53515830206943
-100.6773796537056
-140.93823622566313
255.82186006456027
-1.316719317810264
67.54236451486231
5.006119355304231
-97.30898120442734
-216.5692854592161
-147.29121314252595
-191.39473119001255
196.6603130956598
-87.29014010436765
25.655241477375245
259.4150861837953
-31.607752522704207
37.20555754721772
174.88366335232539
72.49118840070996
-23.640199985729456
-4.886798613859868
-53.80262641981852
182.78632894674507
173.89796770023764
129.3813983293356
126.4722664763151
144.1665647633902
-106.21066176189863
57.39004088375888
190.07775816799298
29.88558452632726
79.33544711025962
186.7831952995308
97.39614008367484
123.72834197569898
55.33960242913765
-184.12882261731437
-152.72471132056074
-71.37387635042558
-13.839127368229832
-209.17846351978238
-98.63715536401558
33.167529828506595
126.01262224112969
57.480370223503186
26.66950142820631
-25.097954032113556
-138.8640770295323
163.58608592083348
-193.74655749031143
212.49930039370892
35.09462656178125
-304.7222889073285
316.49171239596353
-241.57691525653104
-46.56762992724896
52.58602791743543
-5.8465430452927
6.460680218540864
-49.84999266203385
-129.50449206030726
-162.28244329699555
91.54680923302351
33.255219128118505
-93.48177030538099
20.353392603074845
-91.58068195330668
-191.3245422306765
99.12079712807514
31.74523431099249
160.41020127032112
-114.89387691442985
-115.05448670199857
70.85837286373287
85.07181386514948
-1.5933506273842364
-68.11975509317212
161.6921780971844
-204.96647424977226
-1.9467128985987827
-76.10894759448053
180.63842151440062
-53.001453576081474
-109.59150289376716
73.50355098624769
-221.45772139834753
-126.94151282433448
-22.52294930024443
-133.28536428467066
173.30471190298164
31.680803242422954
-160.5183663121534
56.56805550611051
82.22640469088626
7.176787130056422
138.65043539937557
77.87357432804589
-119.13183122607889
30.61797527555797
70.33180283108673
96.56949679353536
-97.15092963387602
-118.84527196240859
-3.6864669863643664
253.40434411014715
71.34738688452917
-42.74690572994556
109.3033965389147
-159.2829075475601
-152.73780782103498
179.72225673567695
175.98282907226718
-74.20653711427387
-98.40323789317465
-9.440895331179824
-207.29267152578115
99.9005591716127
-379.0804102071126
47.07947994962199
-33.554016914034726
-41.14761546303385
-346.21909518607265
29.8660730343893
265.53042011293394
146.2423200157268
-171.89596985420184
75.42038976939958
-206.43282789884296
118.00226097565374
26.735071082254464
52.1274293017549
-78.81346023024888
-134.52566812048474
105.56322049479675
-13.83880228793186
-8.572403904155113
-203.06146982506533
119.1373633428266
-5.340104368693586
63.494258207060234
-122.55203557343165
12.925855402375786
93.06161010107665
40.97120946877863
-27.600755504828758
-2.3144494437918226
-222.9059868414057
-63.96217861389758
-92.42139118724123
-125.73037503118269
-250.36123393931865
-17.45218396683261
-104.43677000666075
-42.608708922347354
182.67713720084475
34.67319982983876
-14.800816011096941
228.87674702337958
-142.54395564300756
-47.529927415193285
-86.43264994640236
-99.9354667841489
43.37833753850721
3.727932406015645
86.08886067117494
143.5571948555223
136.41133351922946
-159.01625055808032
-219.31738880823144
-369.185863946355
-85.17319064108763
-33.21248923594372
88.84679953968013
-18.902453313313625
-28.874775943918866
34.92600287491628
101.8397699696932
177.36279313120076
82.18843505023858
56.79299571354833
113.45243469280396
-35.86176197586641
-26.035284760163105
-196.09781352182543
156.48110571165975
152.58948699798054
-208.93740425448897
-189.57730622865927
315.6353567459119
-29.717848680651365
51.48582471652058
35.24731636958974
-26.77794996545447
52.05750266956269
61.584704486044366
-170.24460780218624
12.781082193869914
76.62545565818075
81.62448937211408
-18.992995786616248
108.06705688242998
3.2672719996695827
33.84891483505017
-86.04819631988069
-105.6271608996617
90.60966399141245
-41.48225038066294
-62.939365049788265
43.01884775682989
16.749538036029595
-69.88972956044216
99.5858932556915
31.869558278276827
33.85413662576299
-3.746937987899818
-36.024338390523205
-200.62867774497494
69.45755483201388
-39.78698389453617
-29.595017979042865
19.99727254212112
-181.12870744531475
169.30363634639124
124.60381550543647
83.44110670617357
64.88895211705017
-216.04259284074269
85.80402918095315
108.89399592469961
-178.4114479376094
214.78610078246922
-207.0053786082157
-57.274792969220854
-117.90809019536415
85.40907688559487
124.33564307338139
11.573143789371642
369.1749360229649
-98.43008419678253
157.2667448780178
-276.09269018060604
-124.51322176227987
-86.20371791359976
-1.2669191804816742
202.01282779990547
-63.14577213638976
144.82747706558598
58.31875509946418
81.23828316309049
224.47786546864864
10.650850440157754
276.047774779636
137.26914855369878
-108.18366196269659
-101.373168483147
173.14247966149622
-70.10051813842792
-51.05648451505326
244.7035296110668
-146.75760686407295
-3.2048043234775947
-71.57317566767787
73.58958166678882
230.36716779135995
85.37041018997523
64.04399137388535
-87.47562750629275
-90.39231711983078
34.70278800105706
-73.66996941156984
-50.40126605928277
-30.684829411457795
158.32425081724583
-154.26002064404372
75.65438116859735
-63.87967350939043
93.72876420997295
249.58823272073292
41.10212630460165
-74.05868298397553
63.51452595716339
183.5599810666207
-60.303871619533936
194.25520075652724
-59.71567060766681
-11.658059648724509
-61.765617626527636
101.69263348501734
-124.05079986555265
-135.20490659700206
-285.8702634697481
16.51554191464441
-88.36565487721668
112.5791627070662
-200.4980403053087
159.14964728928328
-72.00045155374899
83.26210981672529
-36.904921489923254
155.3146485829285
-116.66768789187765
70.36604878589995
170.925812032624
-156.01636325145205
139.28632285057765
-145.21820179450958
0.6367658964488632
34.05441991899473
61.06428020714075
199.95661346055877
-43.73089014163733
-241.89739374204217
84.13295514330119
-158.9914023567498
-91.45097377583312
28.577663598384074
-221.17408997201923
41.30117511474899
12.877196110176934
138.78926610276753
2.2641987072867895
139.85245033358567
89.44901277202197
95.32658561281
119.37175591351682
-103.03874381046765
-114.16816887151307
40.07316524068832
179.90879575275133
204.62503970269472
-20.39770926522045
-20.599041128114035
-71.73845037459743
9.20040826493243
126.00865020450318
-233.95546456719924
87.23712988664315
-269.40901666677524
-143.8177854794971
48.49782344269893
-73.03965358691649
-92.9128457443448
46.4775133516944
-183.92504173005486
-26.138810987496097
-89.18195869792979
17.156650970845938
45.55881898805034
-99.32257392324564
-6.633307394532219
-41.76471350167819
52.24523138059773
-27.401849601548033
53.1848985653293
178.57974324675607
206.782898307285
229.4088493500931
-108.91005857004905
93.96589673425204
-20.515657159976733
73.56904587397122
4.9021696459772635
-107.65809200032245
158.27296596577077
63.7102049798026
-1.003514432840851
2.1933557701779804
55.893352587514926
-25.572797070105217
-192.58019827287816
-104.59873199560724
-185.95596279845972
53.09199548252361
85.13761619151995
103.663164329015
84.52464567518129
117.79023856364265
112.12854462199405
-70.18554708931802
27.218548001314794
18.136098334558152
202.41576000541755
-43.296393368539235
-25.854004434079727
2.9235675436182635
-42.022595501161916
-103.28800714264545
144.37360384381807
-170.51118216953265
-137.38869432864706
87.26038692691418
-2.8482110139729384
7.243844701564176
115.2431815805643
-23.221261938208194
178.10427620351555
10.555240395169964
-27.95367136745668
-163.0798138805663
98.90213267524017
219.433605342272
427.17651413345874
108.59492670222711
-219.71459494370023
18.229238255066413
-204.57474136275798
-105.07445644079138
-237.202588769103
-5.349609492033074
64.56801525847757
39.357628931220454
57.82550847604391
39.83036903111943
-67.65780598337753
127.61072969597221
46.434050268981665
11.11116550448395
83.94534624242708
-127.44663718438674
-318.33085622440314
132.2673715297189
91.94306805615481
-25.558410161598328
123.61905473225286
-198.72756326391135
-101.89514869010155
198.2993236029436
-9.996191554594109
-72.61890522969283
82.57087307897966
154.25707649025932
44.797592316608075
25.040264479498735
60.684399052012765
88.9304118325775
-98.12390947266744
-5.153381618344439
17.282485430168762
-172.64520675774884
-197.32581653139616
-89.89488819122633
-79.65695140764878
-113.97304415802974
179.58347595000174
161.52297129452398
-83.04006960225931
-40.155320104509265
-117.4148365038519
165.77181127446912
187.77418747979138
17.71021540638524
-20.66505631287659
-127.77866077840919
96.39647598131302
-5.595542420578861
149.89700189088586
-109.40156511492974
84.6733154254455
-194.2738513885859
63.71198279182847
131.8866383090263
-54.96295036863052
90.8872825364364
27.936962653017233
105.50084072668912
-20.016023046908984
-120.93369995547454
-76.08078831467165
-78.32142599202592
-15.975221893226795
-167.11572809696395
-70.68455576547461
72.62862065950532
86.83753517397378
-188.09867412726967
-251.55426474064487
-127.48732679510898
25.992438053534446
-42.60968754980153
82.69372250438839
166.80282394016038
-318.7716208698049
-91.74906944230258
147.3189021180993
196.03921659230568
-43.094434027452955
-10.529695684567068
-102.70448844424597
222.88603390156092
-202.60162406878248
-163.7938592933461
-183.07604447320017
-20.41018878031989
63.243256027824245
10.965451565277117
131.8903086658049
159.3099725935797
-34.868920537745296
183.91387889507791
-154.90790273368032
102.10704008962102
270.9450611817921
-83.6338913836687
-228.23350766122377
-33.31255315368667
83.8300997821275
-140.88226806006477
-69.96823053112725
-53.600817333957906
-125.63808501372311
61.93853447634428
-134.09441878568055
20.534040689013562
63.62545607028897
25.39872034465143
-25.87278985097347
36.048663838574946
14.613888018432673
21.80097479072403
51.537493602010606
49.30032690921773
102.20520814149673
219.05246291479747
-151.79964040312467
112.49293625471641
30.118204610582726
-113.76576674443024
121.86264773128043
-433.72041028374053
-32.478493356202584
110.84163885328641
-8.631184690554248
-477.62371219801446
-38.736375377048674
-47.95984040863101
-68.68725126889231
261.2365937156439
-4.212014253182728
105.65970292014553
-38.08921089457696
178.49000719350158
178.62668135898596
35.198919950625886
48.93002833696266
98.11665999041506
29.502663310651716
154.2159210373652
3.3871935468192005
-128.40330640025385
39.86288480396605
-222.3795660755332
-115.36036034779853
-114.06161923041972
-0.2942133627993335
256.4122417815298
62.16734797106452
-21.936686159351204
25.07249566613558
125.2428090695476
-110.89772691220648
-41.9215633586229
-240.78431060263463
-196.67845306609672
-161.13517495766376
-8.96034244819013
-36.92187346942416
-63.9633208021382
50.016907079450135
175.68476846296352
63.225275038897124
80.41388407372962
