-44.32210041781047
212.3871561972774
-46.28203317803914
-1.835974760518455
147.08426954822068
-110.20961823313965
23.06374416248
122.45308194664852
-187.10491336517487
119.06008969518216
-37.32672431480817
-89.11635563492106
59.72074252572516
-66.981346943283
-148.66477926571062
-35.27484734090595
-8.975995557678676
206.19018126006756
344.6570382492675
101.38131882995003
125.24842305362316
111.68370682735089
-46.13577170115373
18.917102272183183
-12.797557037298109
-154.77088192262744
-29.22497189353087
-49.72782035653725
195.53129665876835
76.08463936708547
145.03330934455155
-11.344901036299039
-54.075240863990146
28.272208048148375
39.618930676369864
183.95680934768762
46.98979292150652
116.43134245333799
160.88766266958794
91.41866851522626
190.8998907452153
-200.50707592496127
-28.289509719296174
85.88800353965317
129.69070438447443
73.24853266782834
18.051272605832914
-152.04575879497128
-108.4919493096229
58.51772470015996
260.54684306457455
141.75547194313143
171.16643363405842
107.89022290493082
-10.794215978954897
-5.133924895050418
-37.626826559630594
312.5987204942227
61.85713274573484
-118.08336339596671
187.12083721987153
-158.3021146006141
36.487211933066966
150.40818173842098
73.74082536811387
136.13535427111825
167.2278694839061
-17.997617352185053
-18.381213418006304
-182.85107428308814
-150.01618241215888
50.984016739192256
-52.675691449393064
174.28750461418554
43.002964491926335
-25.5198104212117
339.99729025013943
-24.235545599742768
-0.3501677857387715
-170.32871717136484
-144.62222524036068
195.5363346806304
-116.83606755574284
103.11310606115408
77.255622518433
96.93506146081073
33.74244953343978
-85.26647774669655
-29.384033676925693
-138.94645154057616
74.36977717063526
-6.6566775195064825
98.23254787851857
55.16939303352279
-84.92318227200606
-205.24738924351675
-323.1449133419324
198.42886252028075
21.44019830178291
32.81609977594873
62.57536365166384
223.37187540033136
-19.831945518220977
94.50872548809478
-12.417092192985212
-211.87596108851415
71.41430484781064
-74.50719934246635
35.19331512808334
28.312157540241135
14.328497610927506
-130.8616352133797
15.240409409378094
-88.31900186793948
69.67137272254685
106.40893922257293
-33.088969909183135
41.66168910679343
115.83508721655289
115.15308559795135
25.926478697029513
-99.20087757438166
38.74691815719942
-181.82727453533587
-13.120975501592051
-80.89088222025747
-35.695577918095395
265.42880974311464
-173.48791754078763
-19.558900658434847
182.7778615259054
239.0687432258968
168.75396567822938
-282.2032223287026
111.97022168177327
91.82302090670721
-102.55119165577612
115.77041000232683
54.836553169332845
14.129018426512541
125.39383187322946
-151.24169788349118
111.74123344920007
-53.356711271825475
28.5296004452954
77.85376923703652
-160.5875998989457
-103.99551881382254
96.29238214031466
85.53145396543853
-2.7693837408119633
186.5894026354546
-71.93874636340966
-109.77175727393823
-20.938950927051163
23.866982363977623
-103.52088958983867
-40.929980223477365
-28.025768065081213
-90.80429855809211
54.99777169533931
-36.85778727365314
32.400886543391714
-48.22259936736426
125.82590333404661
-99.56716044327831
-24.008301613489582
82.83076760867388
-23.17964778623935
-198.2839153707023
-127.97879877710514
207.9035050923962
-92.38744367233946
-67.72658294032546
45.77232361306147
-48.169815842738885
152.91539095343146
56.31900621131309
75.6492766977054
66.90173940456403
-142.49726161570632
-123.35290670693
35.19707245435322
-45.36761165397879
-208.2046102310276
-184.66093682359553
16.76855397979631
-77.17313186587225
68.56048086430012
108.05608213021857
-204.44872586157942
-185.52293239663504
109.02161613873254
32.79364130370024
-187.45524400668396
-101.21778752329904
-144.69067357776953
-57.384225869467215
-106.62261890856153
25.134408605283678
151.35560569722054
112.6517629243188
-14.512745971711336
167.16544383191112
67.15615574233804
129.24300828178622
128.89064600738683
114.57019942360216
171.29295286535577
-154.68306660979883
-167.56262537137655
20.84928668336907
-123.31438101775323
-16.791861144528355
-97.97031912588751
-85.16627978049358
114.35272024077265
-105.48249120061905
-98.68350606255153
-183.38188065050628
-233.35476639061818
-289.9122354284028
-25.23014123670759
-100.3181843571035
214.20418450844963
-157.33706457305513
29.7716377421374
-11.328227870991906
-38.171015436612294
80.88072402290237
74.97747628681243
134.6209964447006
141.72746469241466
31.97809151507704
112.15018578143871
-108.02953090869457
-96.1095339928167
47.683137421708174
-42.04139388406561
145.4393713664964
-30.621792698926804
105.24483970120251
-13.108989869231188
177.02199354694625
214.89265406905878
-31.230833170001617
75.84122977511313
-218.17930905714616
-355.47079473323583
-297.32077633453724
47.88335441193997
68.4394276901553
0.7046211967204408
141.51772382230652
-106.39392414266054
125.39601302306693
37.97784669563827
-121.55721473852509
-34.6532059734487
-29.254417215835904
-23.36417883583116
-10.347189660864377
110.02052385087836
-41.64575517210877
-4.311406316717563
32.02581686387552
-112.00741070746874
105.07321556062851
-63.799394004123286
31.592756143616114
-80.74516276049226
-4.282801788377058
-160.43881590521
28.492872957357307
205.44140141203735
-108.2576950631536
-241.80483813937906
97.61835433755009
91.28733725236313
3.7616430285058593
38.80573180482844
-169.3817343717544
20.46034886083347
101.51840278477573
37.95896800317645
143.0666172703606
-102.24451091524249
-30.04681918509285
239.83840425529755
-138.6554861882565
148.7312699228161
8.530193797569341
93.77913169926066
66.2844580710994
-42.32349850304592
122.16819466704224
-78.99809825233268
93.8126005955271
34.81800503883429
-210.12222819892497
27.765105881805205
54.75710174132248
106.1650376662765
-139.45305483457616
104.7101064071271
140.97623176170273
150.63002591918473
2.1433854728843706
116.39300798046753
-73.16586434908137
54.18696444175656
-135.8075579474902
-224.5320782866441
52.117728701836754
-17.954145844867803
144.0226685771799
-169.83264640154425
-36.468929496142636
150.84579840996346
155.93144322221477
-101.64239990264939
-29.974610072542248
-129.55037257539504
14.36039125969598
45.18857295874878
-314.608893653309
131.50170958108657
-24.093070385402743
-130.35842678459346
-178.12783041883625
-133.46549633902657
54.864181275307224
46.97862955781828
340.6121535869194
153.51576185768383
117.34986285657608
125.15360347785219
-252.11227051525125
-333.51464919258405
113.91104750920054
70.63060582047636
-320.93633185789173
-1.5034077461258795
118.47952887235047
-76.03974580710795
-251.05761124400522
-356.26616994602506
54.98534184184944
55.67917031198748
30.205246284111883
-87.96337530889635
-9.774111328206617
-4.395492278948429
91.2501915713284
122.45494856793088
72.93842303340979
-146.61607732836248
117.67347410400724
-140.3002979323463
79.71171033199684
5.370253312699085
-173.25213685277114
83.91271048684864
161.15213046539435
67.26880084294088
-1.4534308280639143
-40.19491961514813
171.99207986181818
-108.5242237183478
100.91914909625841
-69.7896457353425
-26.11472601551728
169.55440989461243
-9.853676588134329
81.33050525163544
101.37068245589589
-49.80335544343526
-274.71964817281076
70.41181934384065
-241.57891225810044
41.29172242736725
56.368869563516625
101.82215326509684
28.785438684696256
229.8084563397252
184.50085566600552
-59.89183950736322
-61.73589279966585
152.92396923749004
63.8784665924936
-30.808657084156305
-187.11707495256334
88.66131411811935
24.27547133336436
30.672442353694436
-20.639148086512346
-22.28514498446476
147.14468266087718
-338.2670079156427
-29.513805800084473
-256.6002243676071
-41.35191652873583
-15.731051489427443
-398.3418956376805
-45.75335976921381
-33.16527505010552
91.05161341849124
62.382119528722626
-42.75393866969363
1.781261298438834
-181.71907912505134
-268.6202406738887
-0.4684572262439526
-68.49640951403498
-76.39026300641451
81.25970803118302
80.04538014064242
154.81666710144165
131.07993699550016
184.44672504402573
39.5746091484595
58.843393602670105
-192.26314237963882
-45.78989579265742
-12.209991088788838
44.476443028385134
-11.630924998782186
-279.04435029334564
-109.42926475231144
-128.960326216166
65.5047588866144
77.6636288556619
247.11911695214894
251.92397627368535
-214.07555833475507
-67.28458555666066
24.89269576657935
62.94984059118792
57.35508912056915
1.0985595621399087
49.96848290274439
-79.92554535113885
-4.223188422163726
-62.86721579350642
-144.66284080721303
159.26033096743427
-142.44528911462862
-67.40885860253954
-90.40617403274481
88.55138964138536
-164.65070786462056
106.28410429069567
118.88581591053735
-7.388214036578831
169.05191173571595
11.099393038471835
59.20223964434313
22.535487971007342
179.25217886828804
122.70692500030562
118.1955994022971
41.85020655868975
-108.12909255953069
-1.5343412596467128
-51.58066329585063
-157.0634040239275
-139.25739671214708
130.76700995742277
-58.199016872777605
-58.36441289040037
-26.77006440084235
-17.33418754493118
-281.87129710366264
-12.545606881140039
-43.876058453093705
-200.3237061559647
27.32197708031781
-217.20602432432983
-256.55048436839246
106.77525667967991
65.22614196509953
-66.79022932005317
135.00094607787344
-28.33255475794145
197.4638833331682
33.335672651611446
-200.27948614390152
112.65188622575994
258.47010758301104
-9.689724986639394
-90.42106877570272
-127.85491200925567
93.1519222405507
33.249179861317806
39.882574971957816
84.31408846861724
298.1977546415812
-93.34891381747347
-49.78049999961396
-17.77504791734396
39.37133143948539
-293.7606316621271
19.20441517411313
6.544251674417589
285.16244807949704
15.256481180466546
11.08144865472787
118.15297288474943
202.7024832180943
121.65023266420165
-60.875372665305434
-5.424508246238118
56.87225069199961
117.97129029016448
42.251430982319775
49.03937149502892
120.7806340404143
19.405480664172845
-189.87089979750527
-142.68833983951222
-47.4320332045586
33.401200904406245
-4.684104221358545
-53.21451265753723
-66.49096399374058
-71.19125361482924
-52.68436728304661
274.97040670843677
33.80611978837135
116.92639225421361
243.63962960006995
121.8396858168498
-176.31464629009085
181.8185645436719
11.018597169274805
297.9795419077399
59.09910153224698
-42.61900547816371
-188.06147634250252
-158.59934874929715
63.55564816092849
150.32680133410656
138.6216512628438
-163.65839308887814
19.506594132586415
-34.71549059054817
-69.73569009376422
190.98085864971694
46.92335289301579
212.19087033111444
-70.41529546955434
122.77117002586503
-9.777705838830416
-64.78405648900879
50.02842028018377
-11.644803357356432
-88.9485259798014
62.26860276685551
-104.15595951347456
3.6026514366999014
67.15810046461691
-77.37405674111842
5.828074074494048
-38.78364443161168
17.990522428213197
-227.604445009465
143.82387710901182
66.66966594146588
60.46343166165819
-127.24480676326641
42.50327305426411
18.073157919373948
-87.39685878043097
73.02188005898961
94.09137473673327
-110.70037997682729
-28.36970791791252
-3.139142633431052
140.00545750355423
-204.29053371357514
76.22222303919878
84.6566654431317
40.3628737417739
101.5599341290688
101.03259210090208
140.84616530530735
137.21384435636884
81.0573125899411
-1.3618158201255643
232.35112471705486
31.526740024074073
19.71375031858364
-135.28404467847815
-1.8998850852461149
26.370731428337763
29.024983075237667
73.47764174629714
222.28684528981444
-180.8374367480599
-187.67810570462532
154.1370189947321
-73.03068825515314
-60.647301962462215
-23.577971286461608
-60.62024752670188
-4.731747822006948
63.84114934104162
329.00497772003376
-82.42288000713977
83.38968509060165
170.2958050849845
-31.477474679119613
32.98709027966371
-382.2288473966457
10.349628586745313
47.63432530858882
126.16460030256994
164.03458399366053
-6.640935081967141
-18.969199206122685
-103.13502012594209
-22.35543271421019
-287.0257847916533
46.088090195952255
-186.41853369596512
-118.9498882997047
38.3750980698667
82.43187889702314
132.83972071003268
-42.9807593266395
41.44500670219865
-60.0022719469539
66.53188565841637
4.4292509926341905
192.14326448020708
48.03738817488013
40.74460460620495
48.29363097574052
-7.2225580076499005
-64.95775046398174
-62.683708964398946
-121.2112292537173
149.92110399514206
-44.66221753784101
128.78392933614955
-127.65739995338532
81.78062946552315
94.23751735560558
-71.67271185604079
-207.72273252402596
-69.30371482537356
-95.13907484198207
-14.275608258402421
230.21098286552348
-26.281431351394815
89.87091680546192
40.78148102270168
-97.59497665869674
62.374426963697616
92.83805115497283
-409.3851091484767
59.2906738051907
-41.85385996376275
85.24452234692303
60.939006121072914
-44.66773116202595
92.52007854226521
54.641350659181825
-135.3346769117582
-274.0058270434712
-9.442687776442384
-166.72940660590535
108.66381870721023
-4.193586339584067
57.32524721917617
104.0302651979215
-146.9521690621157
54.30167899480737
10.659583957133766
53.987311352374014
45.33948837413005
105.97855989878026
105.73300259523229
138.41366844972646
156.52247098552817
167.5725220386254
-132.0402467876491
-61.68085897946846
-87.51217095911346
26.435572114272993
69.79437672359556
157.56046036585218
157.57541818609195
50.80368022359055
-206.04046548094237
-159.07969932408787
163.08795464669495
75.43521838470558
-88.2184570256462
-0.24498822265080733
-112.86017948575649
2.088896907277182
57.30290010156754
12.765330865860069
-15.477100446407906
15.912599220709135
-17.582048854332996
73.52904264706555
139.03624588995578
39.59162897879202
104.75603124693886
58.42520028563127
59.34697225163519
44.71810937559871
96.1117486789628
-114.29874815452847
-8.414611947027051
96.97034744596844
152.20906784911668
58.27863363716379
106.52505098920761
-126.33459212587795
-31.855445997771675
-29.37975093212658
8.772376740276407
115.95516005295188
242.53759042949318
-152.582120688316
68.7760178937552
-44.352302334874985
12.002545801954719
-102.79636289124142
-0.5895488597173582
87.69184774889881
39.23841502653057
-123.76094345959912
130.62518188218507
2.7503619072004337
21.44735867046472
-59.152427868225
29.99618360552961
-6.096014667573191
17.972407240500125
14.855963841181307
98.07725808923885
-163.89554385650695
57.07809675151595
-224.9854503190831
14.081913850586135
-30.624828419873566
-35.90926738701257
-28.581768338994912
27.090525664371796
109.86429037935932
-122.87056671413411
53.78060674478162
-84.43770083941166
-68.58057983828269
-64.96443619416385
-204.05519865171422
47.56434562271593
77.46861328493384
22.20044419676229
22.503931317719832
-259.7585813534838
-54.485569713139725
227.07781640082072
-99.56080479821155
87.64543230287636
-212.1768330777588
-86.77719884984757
19.902302376590665
15.009100840891673
340.2964622514522
-118.38934322653294
-56.39187875139477
-180.70005943858916
-219.8652977007918
-242.7243527761387
-267.3780526221156
21.685074075537905
-98.9305414758816
-24.060859997698184
138.1220239769814
121.04900650223458
-137.50207226654217
12.23272257858986
238.2513890090149
126.25008980164117
126.63601470731724
64.12985004725168
-162.74102257889436
87.8591964949652
-11.6187384931398
-124.04438193471624
-24.472368865151015
-147.73964522743339
48.47676794873932
-95.4182844147326
-208.82228241492214
-71.64024914962427
-98.91589856910971
71.05097476053982
42.79685893701939
176.1253943968296
125.50875350605581
-176.9709982577697
187.6645605405616
-75.58550230064698
356.51107612581205
19.085580389455153
80.93794743349527
217.91810461997997
66.54618383620019
97.87618862424094
-12.821914114260077
-25.931659987936914
-34.61724399182921
299.4692291324276
-158.42493205407388
14.811342442173052
30.985413801084274
57.18344616947608
-100.40961109396868
6.346824017006979
151.73273410420728
33.50260843594772
-17.498163914745824
-127.3906404292573
79.50246399780967
153.48238952426328
92.18172156902911
-165.90875999988552
129.70273351352066
-70.9907072601282
-128.09997512817515
-102.79444283977405
11.456359348001827
-6.376193883691334
-137.3721220901115
272.5910751411169
84.70419908118801
4.919732581602251
4.037021059106237
-33.41622039800971
-220.28918205376021
-187.6962131510332
11.061723368182797
-20.74579575906536
194.3589542192748
-61.31188229977241
-59.58247890788587
22.121248473968357
-189.77238345374624
-258.42085245448726
55.40001604154382
-60.07398163845743
-110.52888044001814
-199.35884120074095
56.37209470244194
88.01796557673065
-187.93262886078887
38.383385747555415
77.32034196450793
-130.4169263394414
171.9038640738972
267.21402469676644
35.17107616821591
129.21924282853195
-80.5493442748761
130.94125205372538
-8.042457013334364
-39.18336993507439
194.2338397619537
123.29636595784707
-188.64878152636723
124.13444356788938
68.94839497512804
-69.79577650967879
-57.89199798505114
22.814930909164246
162.00932830470325
51.71897308103147
-75.08734980809662
153.1566310550271
70.83696212958434
-15.69867287663155
-19.98408783752648
-45.7877686514537
-95.37230863196118
132.03742535045083
-232.51894531888553
62.724115549161915
137.16115231181897
27.47037347746133
252.39531443063728
105.77425333527205
-58.7209814221286
62.67267249549355
93.98145542185677
42.39137363761942
104.27460512739263
53.308630618997746
-153.78364131571544
-201.44329356565297
29.1761157183024
-149.86949298734575
7.552841592885134
-24.141088689144176
30.7163751389242
-26.243849310800762
29.154067757821487
100.42996992984314
-77.72997310100654
159.5277669408835
40.692337705461284
243.4031933143588
103.30093735512544
285.4344087931465
84.7219309684869
203.22022596980088
131.0163290023158
106.75233563681509
18.79041166975994
1.3780435079163138
-25.121262542068845
69.49206615414586
-113.09325898601409
-195.89813185017547
-218.73470997829128
-27.905168117762
-33.714106872052795
42.8314170892514
74.05660670355739
286.4982461733024
-18.274680138485383
-125.41145911342585
-12.044551265633215
12.476127243190716
51.47913202599472
-5.128683038411931
47.73611011523697
-255.2694484364001
101.96301569943122
-8.272495166488543
211.83066874072364
-158.24142662056371
181.167622279108
-103.02171621493865
113.63474239495972
-1.8260613056870545
154.27730760986714
36.01119693816337
-139.03878377371288
278.62280696217465
-50.21122082058653
-97.0352487968451
-94.42449651636723
-12.953363130659936
-11.078616542105049
157.22637286205773
-33.981178369217425
12.463841934293303
16.854903834647715
-102.8878754165184
28.792633361545555
68.60591735165504
-38.7000915080971
-131.34334284062516
-22.414260828844494
69.2313285811895
108.09955927779517
-66.97026726227602
-137.8773692377986
-74.77168723321182
-36.13898415374004
153.11280795465473
108.27162521793804
-6.145535701109452
-163.0539134819864
-93.43380627310738
57.55250517482588
-19.125017113747514
165.03673634738078
-68.94704788215927
74.61347250794759
100.61277563751194
175.0181731029315
11.272359994644791
-3.0432197359641866
14.812724957791877
-59.11686177975682
-197.85652387185687
39.923123075539245
-72.55585235182085
235.05492459135493
-22.673799314249276
-171.1145569422318
85.57814615343443
-114.67091280896236
