-83.30052124817625
-131.93610116979704
44.158551663214304
-86.04338088775845
217.1132642285258
110.28045105581167
167.10983029905915
29.997605712342057
-73.75196833953453
-121.24141915008595
-349.0607624901634
109.18906092755043
140.30183478105585
111.01329947506298
-46.2063325967101
-10.90888515718834
42.14784666841301
81.99937589454228
-73.82635494219784
6.801133571669135
-185.44330904337332
-89.34105331781576
-90.18514336031788
-91.54036081503959
-233.05097554057488
155.0313147930357
-85.02476060160292
-247.04071325305623
11.99372498220858
-37.05294948740892
18.82366368429237
-98.92611092377535
-185.02024361424796
171.9508644319946
189.0894070795111
-118.68834672288938
53.20737590907672
101.65536120448294
69.06989323014459
-178.15993482197555
98.43646861320809
-4.2214489252988825
159.53841677246848
-22.345558281567243
66.49744662104013
-111.58596483654047
57.18070907364246
-189.6434149498325
-16.398575495922834
-158.88712185529715
-6.308283089653453
-281.25414201702375
-174.31170556221915
159.55728625500944
-40.75511038872651
277.9037137374143
168.3024102886564
-156.7631612981749
70.95640313668981
-36.88198439624071
132.24895830514038
-133.33799567616123
-333.3385188972167
-199.0088584740109
49.58164993768083
-37.321231146506115
-48.28184657553432
-141.63092391169835
-198.94083246607897
303.603442953501
-2.7022374473763837
-176.57677509849123
102.62835498563057
-255.23599721624078
-185.19867043885563
59.16131776347846
247.1402459574851
-251.0406729074998
185.28408434599768
-159.7011410112585
-241.26824348312448
178.69039190508204
-48.472671671208396
49.684033437181306
-158.99467246589052
-107.56950917695855
86.84921051826319
140.1472468062732
-153.43630881742249
-85.01001573988682
-139.1512775902473
-72.53582323168342
-95.36617841979351
75.36146886552133
-110.53567060021396
-35.56785444739719
138.3200906962721
143.01888441841214
94.49648401690558
-78.68398067315862
-154.39904398048435
167.52666442193762
-43.72030587265649
9.267386764085217
-35.05589323767917
52.98078401854524
-117.06935543182122
-66.66752706294339
39.29624924902356
-51.54089395135739
-164.11058001638185
165.54688706520446
214.4899445576196
-144.4398632823304
-80.64552919410733
-49.08740029310891
62.560465215731334
-48.49574805982875
-200.98275572026654
-31.722723449818005
49.221979966103234
-69.67987082609585
89.93193692878678
-50.56486363203839
7.07424851182712
-149.58733277458296
-63.977552185393655
117.86602101123495
177.32767178849747
259.71029080044724
-44.14245802379827
-0.2703990271784029
207.05895594115853
92.9530043461762
139.85789762074253
106.58340513779261
102.63215080194871
109.17544865416018
-43.10856355348455
-75.47521331504389
37.107621474020995
-176.3465049193729
152.56094872491084
-60.94039165050585
239.32253739188903
8.078997567200014
-155.93686739629908
119.99592649536473
-116.93287930321478
127.17706841921662
82.65930843845692
-102.52238285841341
236.76325747769553
111.82921733997136
-72.90671409642114
179.47318686706421
-208.17629507418428
-41.05357740736838
123.65936671093517
286.00216872013254
86.71237596464566
-56.852529324191856
301.39072782240794
13.255788934786668
2.8396249276816494
-110.33699910535026
33.51606379623768
-6.618486308137537
26.320550368748926
-281.4314649718344
-137.64348383655522
26.910574207470184
14.359207182787607
-92.19745124710828
-135.6146713679313
-110.17348443539689
-190.63265644318585
174.07891446406433
-145.3839458918761
35.27363783186324
-110.72106351665549
34.180716150046536
-165.92270066628694
-240.7489071101179
-99.98551676677576
70.76783873763705
37.52919713600274
-123.512152904292
87.24990939454938
82.48623505569704
-62.455022149101055
-71.0966200928853
-76.55988035121221
-360.86990582321783
70.9014295969071
103.05529834636039
114.39402946239323
-240.67832485613604
63.75868071354122
-284.72022529553544
-4.142303464221072
162.82322699241385
106.81374392586024
77.92153481803133
120.56720752950532
45.920590281018924
-284.3470288972002
16.351669619478066
-232.82945437067278
-20.836937392027597
71.95521429908183
255.86936616543136
-90.31574623316234
-159.45025928752568
57.167330174485876
-253.91821068773635
-156.9154624203608
-94.01705141776026
-12.458885601581299
-13.080467299849337
-134.17665771595358
-26.26499224719546
35.79741018433948
147.19924130445958
98.8523250733222
-8.413299224477829
-139.8878193339216
-42.436357357485605
60.981227205728864
-27.195956389810352
109.62188394846385
98.3981112627921
-196.8961159989284
-14.94064451509609
-13.924470644068455
-251.82911792781908
176.53033082172794
-153.94379407029217
59.47866853194778
32.17946652438223
212.67644769663283
90.53929351150167
171.7833875121012
-160.79967037902475
-39.38647554747227
237.28141892705887
-51.26453270060578
35.907024976292504
104.99794018766477
130.833323545324
21.067337112508714
-210.15007837458987
11.225051291012681
-112.63151674676446
-123.83668039093277
-44.06018017208025
40.00133398342333
52.51606825359061
8.697350534634955
102.17716876820101
-11.223087513703918
-43.09275886836327
-138.60265694221422
1.40176743979154
2.639772658151333
159.69868273633406
158.24897959112903
25.66887348741726
100.86115043839271
-100.46437451863407
17.128058324103243
-240.364637420025
-245.83738229049843
-204.59396695712553
-179.0009589486401
123.49545559275866
-34.19875740657502
93.43126317922719
16.08226512483379
-38.57988144432368
243.15785601383308
-102.4038880560183
-51.93665631907879
-34.06211202700142
-11.206454477361762
-55.855797715321295
116.08014971514731
195.92641338549518
152.76588232246218
310.04264071786776
280.37461732685983
-86.07610846931566
-171.44045889188897
-176.5221939647591
267.6495341950534
-5.251244189575461
81.65574251964422
21.10364551636889
-20.80941298634361
73.48149531631088
50.663023816158756
-20.173909299134564
-73.19179560249192
13.743444770506798
-198.62069591853404
-255.10647779407506
-10.630681728039594
-52.678450643904185
-37.102204243970704
30.704112218794137
126.41393386020758
340.4033643835427
-86.6626369227884
-251.47927781458037
-5.255189312470648
194.3743220356239
363.72948306779534
141.52961325987437
112.92158290112211
118.56856679442747
-292.5592902050803
-255.00274452986835
-57.03074319874584
-31.769450667667073
92.20418236064533
-29.129857540530214
-166.2848526300183
168.17742160322058
70.10136258531334
114.36078048223447
113.73005790272425
-199.9096704316923
42.84003384672006
174.29777081349343
-14.896786805278195
73.26089886085339
-76.2614878718582
146.5543260022773
-129.13234564382148
-71.57364027339558
146.75885216152247
81.65355743821642
-82.50633365004678
94.49335309873058
53.24120229640614
-71.11091404381621
21.784696681040366
-8.294230486455396
-38.69732567602056
165.3972508148994
-136.70094066168443
-145.26708190337163
64.74856380577312
202.86974800566102
-60.408341727409564
116.27723339904294
183.95235018379083
-49.44603767488783
33.294948630361695
-46.651892606807536
95.16490873728351
5.066945259118641
-162.68842266246511
-173.54230452990222
19.504427745443124
242.03554874965272
-32.20670253011859
62.98049293986047
-96.50776557913429
-7.55618742252649
-15.26991967970443
-197.41728898336873
28.15946860647742
-35.83403203971609
-0.19482657761589506
-56.34890047611823
30.35067989672213
-126.09815081063279
-120.50169205668247
-326.14169928590115
142.7024689172397
-419.0435044847731
-138.5723047717749
51.513486628772014
-35.61584940581162
143.5669841551076
-12.345333454296021
100.96693994805956
97.58351264748534
-6.940529403024007
-14.09197471761305
-122.79080378055214
-154.25331252741208
196.5161997770255
23.236047407175906
80.87933512276683
64.15064914492555
40.16318212304359
33.72268331637821
-37.6607045831028
-107.49819952837412
144.05024291668235
73.39628306400508
-133.24467907023873
396.55791265188276
-74.29167360077732
-188.56235019953712
-38.29045533767558
125.64949164659917
56.372678138749556
233.567272628234
-0.12197897165114269
-189.5066156952537
12.133416475805932
7.27686964803404
-25.873155173984454
302.966736569725
-193.7415471256794
-162.84556367964004
-1.4612265584667221
22.79525311775472
-85.62473378317598
102.16147055594703
-125.24429954268727
-132.4813471377561
344.5840289529633
-18.144384889205472
-150.8073496185914
-199.79944198227244
-343.9032235147112
-120.87653538718956
-211.06681422209712
-22.77610553956597
-158.46913587378017
-96.55112061053627
189.67224378900045
95.00726096001016
7.599483346889085
-54.97522313816246
314.2162808276746
-69.64046732956598
157.26431633838448
208.21112329287683
6.614538038337706
-55.50443428055005
279.55292655582645
169.75807145744716
78.55261535046388
-84.00887886818992
-98.93505656439888
-198.66723322914072
-9.739368027790889
-45.103724549411325
-161.09800287450247
-81.24837221646754
197.6864116296133
-180.9108648246058
-42.93441301698854
-73.41497347511299
-301.06335643424717
-5.708152444999401
-68.61275826869152
-132.01112514636617
49.2069102399841
257.50032393857674
-49.39466295463389
205.0907844190324
-90.864758322239
324.320055325644
23.74005202612266
72.9204258249816
-97.2061993820998
249.20173521715597
-45.77638144092644
91.98987972877718
91.31347762290184
-22.642487284662696
146.47398499113197
221.1739953505042
57.46156354634769
-94.19350028631409
258.85058991884296
26.207171995175432
153.66763856782492
-50.330367046447826
180.9105134293809
-77.14230335679287
-55.35998802579422
240.6346034783984
-141.6811023112845
97.45325990599851
85.03748347415339
80.75290715890445
-202.6696764973045
-100.76320663546554
141.74189754164908
179.19430473218077
-229.53646711075012
-12.940435024512265
173.46127527917565
-288.21142685274094
151.68305597232953
131.95658209895862
10.029451434712378
399.64085715699775
0.2558069802077392
-99.69656684668983
-236.1079763266307
41.13142614641152
8.93099631210398
131.08011763550357
29.061380435583125
-8.286793705454874
-16.0703909829734
-15.916250619538408
-10.045378429637061
21.126166451292562
50.34834769652893
66.66458171027763
67.20082964552087
245.284582830738
-185.73645474542346
3.3288042878756148
67.33577776225327
367.6906215862476
172.3260763858953
45.95369172856229
-69.48195061254305
54.05951842146803
92.39565659438225
137.04454804009077
218.07754451826992
262.2049219370946
-22.16351053940943
-51.677620141303365
24.122361570260832
5.690585472840843
6.803902232401096
-124.48110350433238
58.43281794448951
281.20696191966726
-88.93569505831294
28.8843150683677
-39.863643565717354
170.65691655766287
10.37733409577425
86.62233675233526
-85.18344314052524
115.21175543804142
-11.620027811000162
-48.368405799593795
209.67375566199067
-67.01671893482086
192.99057065600314
-5.387713186747366
-150.0167186181021
-74.5751314140871
379.0710112091454
8.342274561927516
7.696042829665588
-74.52240210584982
-105.71880688843675
-124.90546872006064
-192.93167356168706
39.3243446550558
163.1851582162098
184.40105801500283
60.596190224394746
-212.3295682161177
15.331985694107152
-248.45624789099656
333.8843964304233
167.88649667712795
9.783086370036509
56.81145995034922
419.3222978503809
-69.57384050981275
-44.71544159986544
137.94710164665096
-240.89682212399936
-6.214162965604656
37.20595184387525
18.690319226718284
-106.21616892296849
44.38794881099455
51.95530972331463
-27.032894946354382
-32.682726896633135
15.666086841008925
-52.546830825041
-166.2059239376136
2.0203898218916327
-91.79220715742395
-9.398927865994077
4.9598329908196055
5.6696211254459215
-122.14906092363586
15.750046293006992
15.072334449661138
194.5400652604734
77.27588483620741
34.09123174760235
-144.67983779425333
113.02246590241401
-37.69534735393952
161.08178026396675
279.092446833612
128.71455746217956
52.98216926714867
-84.34222302768694
97.9863258928655
-41.99764175533855
-9.521939320730294
-30.06869917434944
-161.73890528258084
87.67094342307853
149.22641514170536
-78.27344413339054
119.42195762448799
35.3668080669307
-9.974585625396834
-66.29272405781505
-31.513748702946152
12.088094623622727
205.4737248557154
235.8094514708366
38.0542134919175
273.1891454297059
-3.3976091137369684
-201.85090046774278
99.28317999946768
35.44926936975956
70.9668833015097
-134.27235887179162
-71.37831044636746
-121.91957129995025
-21.346689001488663
54.7774517235333
124.15017041114014
-74.18684717669997
-12.959024424513716
-38.50895734697002
-252.8559007134095
17.166606810414418
68.82104213007592
-17.741221838743265
-142.8128873568189
-136.066559949009
95.62448085729505
108.6822422855212
113.63810695796857
-74.0649914865905
10.868414257533885
-22.825343475145267
8.138952959602845
-129.32348664834007
-203.540687842854
197.97815322315455
-1.1583545091769252
-119.90939744480684
-16.52433910660385
-23.86462825620016
-51.38846918748719
99.97592009375842
-15.09690057414583
-5.711507591510265
-213.89669707173334
54.53835926666064
177.1289990058621
118.91586227619212
161.58181625038023
224.7725199050409
155.27910675453194
-62.6090178262852
201.2358663723358
-182.1741427706628
-125.63007366932152
-76.453692389024
309.0134790938736
-2.4233865140742097
42.41409145106526
95.93680878768933
7.217597017505991
-188.831886131685
-237.86791877093816
145.82196364718175
-35.36042237276041
45.08539200147229
-16.472295198621303
323.3315864700307
-41.23952220115768
215.78297999659603
-207.73298985715607
-211.90696447376456
114.19395241269514
-239.63829974025836
55.5937157729422
16.452589767937113
122.49082715453677
77.88490651771521
-9.379141950306586
47.52389163949688
114.9046865639195
208.5412013824765
-146.34778828214334
102.77447835801068
178.12374380747997
13.716909807066168
-77.68040853877642
97.95287495376672
-33.88485888945106
109.05535603595261
72.01410120241837
55.883798503077145
-0.209284671325207
75.77595923147982
-35.367512637997365
260.6521238599568
17.388633567063252
-55.277228313764674
257.9384321537717
-137.15057274797675
-12.291716829212135
-23.61392821761522
100.38904596077361
87.39343018312924
144.67571570664137
43.6782370670039
-34.80955033603466
58.340984056916966
150.43895530326716
50.80264123809946
-55.26771196885168
64.833145695055
395.48315529115115
107.56618259357535
133.09912152454916
158.72305422296648
-245.61641024558025
-142.71072895319813
258.8491430568713
-235.86388396424772
-28.91500533637755
-99.37066100680579
-28.362902694429202
22.45542465491848
-191.53211515202847
-146.7803553026046
144.8408977109298
-87.72651942446434
-42.598818149512816
-269.0618885393324
-142.54735920794948
-72.01983678648608
69.37279974811622
39.551212610387125
153.16486045629134
247.1454821532726
67.01637684955067
-153.7682526554309
45.16106000586211
76.49418051289831
16.41760552815947
29.559511473547293
59.81146194964814
-197.47946808718564
12.191769035153902
223.70745920008187
24.2960451213184
-8.4913742417539
-2.468838275822955
-0.5876907173813027
-16.59032443733694
316.65902523553393
12.11429499620405
282.4744691483776
-71.59207290878179
-27.02249513607951
-44.22397194696336
112.55488871239864
-146.3833466440316
45.82332867068055
15.874216415668236
11.226219304342198
37.332141266304404
-11.632873066130177
-4.720767592444801
-78.64101107555561
117.11389972666329
-78.11633374060786
255.7952933922525
157.48965066517286
107.53790206770665
-124.81386322077712
-169.22258632193333
-130.3959356081207
-104.79674521784997
90.36937602164447
89.93531692352607
215.49716056005644
246.81175733322803
-189.1615195678699
-184.68814114097464
166.63910534280626
108.68053199784048
-130.1578893838945
-67.73491507150469
-125.27987287690824
-126.4792413028396
98.20151101151019
-279.5737366700565
-85.64286857064265
-117.21908665442041
153.09791960634612
59.20279883166918
-105.12743562723719
-19.577679260802853
29.747010216450462
4.447034670780562
4.074587706014001
-328.8332173365352
53.998749258149346
2.2921060277107195
53.892924276769534
185.7519612647331
34.7765401767659
86.2389058895528
-171.31051285505438
76.74070212127494
100.39830835227725
73.8884858354806
-103.90290633815214
104.20094344818702
-129.48144426638868
59.25148210970945
141.78200957454837
-144.094505630047
-2.11425412802161
16.420660426483778
-39.42128011666649
-165.08502722663695
17.730770272013995
-24.74408657708008
200.9820692857797
25.23863506022622
286.9640551530459
136.99066768963024
33.60405154147764
47.56373579125021
92.31929082278404
180.00648473586725
242.04919113129563
-83.29176050622323
-116.1221698173494
275.51598471961364
-5.674967798894354
-15.210544102950115
-84.18252565483193
300.1587962071147
80.4978846400083
-219.9249786654354
-99.5537417128257
87.5620820202441
43.876012767931904
64.44172202088095
270.80436060458436
182.46101072967417
224.24657564741727
-196.57914592821143
-89.66318258232775
-139.7296525326855
-135.09055268095327
-77.26080513902767
-237.0265094367856
-5.246562743460057
43.33008732866999
295.5341770823586
56.641452624349675
-36.64598432931112
29.60826634181015
-154.79086203585263
88.82951648626276
19.548709421255523
141.6740871151804
-105.9364107992883
70.89821573967714
-21.66132424464972
-72.47546767482866
172.86453079074624
-72.01194354974913
323.1527568722645
-44.648168807421
-132.04562867127433
108.1048160596146
-75.00369001456507
-72.47925969367338
27.130122305863704
124.3326586366749
-23.491372131948083
-28.530742085924118
-330.4291422917898
-125.29342374008124
57.69643083509941
-30.40182055214667
120.35771373233254
-422.3429111693961
-195.02230875185725
-67.61134593387186
114.27960978004198
175.19363484563436
-245.64004672039204
19.280956756679004
138.76583624627878
105.32480208013241
281.39101190884514
-63.93332762359223
-79.44267692129732
-31.720097366359795
376.1546419226377
-44.005884270333304
200.85849196090908
56.50090917436299
12.496631240446582
41.11639776547862
-79.0107438912022
-22.235450222547723
-93.59761647004296
-105.84564342146977
88.54697707539735
43.088403911764125
30.542501173549034
-159.50500916733586
-10.85312032710651
202.0723099928582
-176.55029836830283
-257.78353272785006
138.4554366703151
62.12899208624554
204.90649713291734
-71.11138972303698
-138.9215740036765
7.669521929904406
-73.4812040501891
111.37002628616175
-14.650816184166683
-266.98801311196246
36.841935486111
-20.8305073372595
-89.84175384982937
-101.97884762901305
-245.80863790196366
12.69704699377552
-187.59427267262927
-101.8763720835778
-5.329365287542927
49.15754256345469
-81.92433790986243
19.67864152293506
-234.11422504929376
-51.67296561721137
61.05381721456202
-65.45796113154307
-5.309248037275219
260.2893124178584
3.3028985369427972
-43.49095140869092
194.38028930536206
-32.589915342346444
74.13294006043404
49.91442537727462
216.28804435259948
140.12722102885266
-146.63815339780786
86.43084575394406
31.337179814663056
84.24704252429295
101.57014473717737
230.1034064954114
222.14987040691653
70.91482620464572
-4.05231165881689
27.990175020334906
-45.005129428898194
-23.10404077739099
286.5058544080537
3.357050556295243
336.2694102538944
-125.23372959728947
109.6218388075649
-180.42755663485548
-106.53030642890181
-131.26542579466957
-57.163964014879404
-88.03817694742624
19.096640912105567
20.158844553628203
-172.94492912562177
330.10529029151456
123.52603235169714
268.1974207700149
