5.536329579251646
5.696145385507902
11.787339007773044
6.120484751367041
0.10650503159879571
0.5434161230849255
13.555575743921825
-0.2324564085118357
6.853032159313566
0.7351442709144583
12.972337491241863
-5.187794293477688
-5.975748341853281
-24.809236063692218
-11.918918938050826
-5.733040146211418
-24.197285917447054
-4.837133017789769
-23.866410087310154
-11.36370128504754
-11.838977435733991
-18.498279017266817
-6.471437812562131
-6.823195174961072
-0.4769134737134625
-12.744014076168476
-12.386992234617239
0.1674246045949747
0.13958373712356853
-6.11921127036223
-6.16980398596079
-0.7193863610847608
-13.330419159547654
-7.145300993888134
-6.93468151221001
-6.288479199906228
-6.1265138859933215
-5.939469867280851
-12.317970497169815
-6.601069914603166
0.3579025475996308
0.30744998128116185
-0.6221578467753661
-0.7410162170972886
-0.9579255451191977
-1.7576013350870507
17.422265419736508
-1.0407655665917608
-0.5425652542401236
0.08092930246758223
12.372971937949073
12.16346339073481
5.874973286794736
-0.7576751456959594
-7.808967246309266
-1.3398837873216867
-13.164601553739459
11.074855047671711
4.525238272215348
-1.3877746584059265
-7.31682732413704
5.247603252458468
-0.45315122926875534
-0.5592523370393379
-7.526458587202554
-6.983707945962194
-6.920605011667259
-0.5429110345845443
0.20812576019896045
-0.2699001394203522
6.180602637183997
-0.264262998182196
-6.280221514907528
-6.358275502358039
-0.059197992461932636
-11.83336817227967
6.983610296951879
13.210919385492215
14.352831148999543
14.23644447179622
19.94353264123206
13.44595769158733
7.0311095838065745
13.129488219721393
7.139107028864231
14.131154459887826
21.259849254950783
2.551515868650055
2.9833654386704547
15.98175840263333
9.204465440714245
9.123553144609163
3.847133963269111
3.251943886686819
-3.002374333664788
-9.688189432012651
-3.4623607473635727
-3.175033954435529
2.901804683588048
-3.846626698647832
7.76327454594409
-4.805375817980582
0.6552556852427219
-11.329784501806598
-11.217263590347299
-5.2248295582253546
-5.065485404120067
-4.9713791792099045
-17.953029003516928
-5.279139614985641
1.200079170262471
1.4384462968053984
1.7597949155458443
-5.356063491195423
-5.846281365513053
1.2710435480649458
-5.284557104572327
7.434201418527248
-4.971219132143218
-5.050946670572908
14.035662361942068
7.758835684883629
-11.75715992428988
-5.331624651114752
-6.373157489145396
0.22598218094107786
-6.110579111097115
-6.267494458496334
-6.149365623670827
-18.40142879319011
-18.291004468771863
-5.345048045537673
0.9381147255947623
-5.306168360305361
-5.916534643362278
-13.181860085113641
5.530075710991408
-0.8570699053283825
6.074008278415155
-1.332461699279473
10.932735444106136
4.893798884474987
-2.02144463632066
-15.203116126632736
-22.35618665872845
-15.907312052283162
-15.908989255200128
-8.975618343781235
-14.885828616964293
-8.675841704979039
9.871607597450799
-3.226459628688206
-9.129639506944555
-8.660943242042512
-2.5600434879976373
10.037533470877868
3.860369430859072
3.373217000533269
-9.845223440089644
-10.089771150673593
-3.572014253378209
-3.0917494737341453
-9.465552212771668
-8.513317464827441
-8.42356864135533
-2.0472857539335223
-14.831536250891627
-9.199800551732132
-2.383012297824099
-9.07084573601775
-9.858958099381383
-9.6370779240528
-15.846229064754636
-9.773519297890422
-3.402225778174965
3.2793276689622135
3.8102200118367753
10.099977851095927
3.097416913108454
-3.167261642534389
10.855358037532364
11.496228733314906
12.099566922685478
18.966354961303807
13.27147779532902
26.13316252100773
20.617329764109545
-4.656856922558748
13.64017348978237
13.50577762974546
13.157229809767982
13.313607557902975
6.5594575282597924
6.222935237053212
6.371618692238967
7.025736835386023
0.8577457536426059
1.1069284730231854
1.1377427760507925
-12.292834371763945
-5.887251170339779
-5.316450665472179
-5.220110751335812
-5.351460861812567
-10.811669129227115
14.02806729576861
26.578780303716016
20.673286552164015
27.384111953891377
27.048610883917785
14.588130315671004
13.857487575669113
26.56817012624967
1.7158863327567397
9.049022103312986
9.038912439570032
28.030201289549545
22.485090356126268
23.842728112658982
22.96158847541599
16.9031400748735
10.59472056085192
10.412175343915163
10.88000385874978
16.739502971384308
10.240687333053291
3.871306267938481
-2.5396570681216684
-9.440788389234353
-16.316740008145477
-4.112761657669351
2.42893298745759
2.3359310230257844
2.6760654904413634
2.9613131654943223
9.550748131945634
-9.309113271417633
-3.1843836641857166
8.78378855074165
14.931310161505774
14.326014301205436
1.3042810461584786
-5.170381960420337
-11.045304834251732
-10.557946731971812
-3.5186824161333985
2.9260174404578354
-15.478027148364022
3.3378902275738174
16.57259130916302
10.596836391888981
23.29915255808796
23.48578737020927
23.449543857770692
4.308759432045434
4.8423239646133505
-2.4771994615165007
10.404977477173887
22.963735780176897
22.988828596252482
22.774387538392435
16.723832960380086
17.13751429752746
17.46186976979747
29.83947374825247
17.894459549361066
30.88755139189
25.158511978561165
30.740517267116232
30.250796931337536
49.68414089510365
30.50022312858072
23.813194202879032
24.18300354406271
18.117403933814945
18.64359922196082
32.01430422361648
12.487361310762937
11.887535360202039
24.74543002277283
18.60361311905356
18.262308400156538
18.379338180404023
18.286517510110702
5.5743626804430235
24.347495767881245
16.62469099363607
17.032299784336253
10.24383641761205
5.381290043490498
11.840191504791646
25.004921766536395
5.9977151794913866
12.607724021728497
18.627840420612117
12.118016316991875
12.141380507150744
18.040751900792
18.354534557256684
17.405151664915554
17.331515446538933
24.060905998378356
16.928997861651006
17.00214799815768
16.54437313823348
12.038472071188428
7.052165617077872
7.091578729766417
20.185435120266895
26.522146044734637
1.6301917617080406
-5.07838198570708
-4.768339381905863
1.7417095599641927
-10.503304532251615
-3.8253729950940505
-10.717064834654119
-5.435220937638082
1.2217023076199676
1.8761232771090557
1.1481589195766508
19.865588076066057
13.950957891992767
20.15153164737822
20.063768658284214
13.067583755848233
12.63339078103086
12.764488906247774
19.38724195251084
24.75149835263708
12.186317859932117
12.12805612581727
12.077167077147218
6.21146750858285
0.47055492822281186
12.533641175207922
19.021920612052813
12.866027901868026
20.06054226471969
26.295955836508583
20.128094733815423
20.351190018460915
26.774489553253066
19.863898177826005
26.473419255850136
26.534735358401313
33.41938899995606
33.59216234295227
20.695411757075565
26.836713015265968
26.75779799953586
27.39557293317662
27.11107171939315
32.99854299163896
33.211751455742316
14.17619529485257
7.322889683756609
13.409970373321714
-0.2795076246574946
0.8006000265097395
1.0429885064235738
-4.904519434923865
1.2349424905866955
-5.394713719517767
-4.912699103055999
1.4837354494073627
1.821114282642907
2.045245867381168
2.0307691201717843
2.261978865610054
8.901387086098325
8.52347217785385
8.255900291720224
8.167714158154475
1.6998410602988894
1.1057510238337351
0.9443233235728226
7.328671900417489
0.660747802122947
-11.968525816567594
18.651938892086477
11.971645706913163
-0.7703386622689514
18.236827335157
36.88289972686249
43.31153072694595
30.583809101964004
36.316679106612774
36.44451472214235
23.888739541467967
29.9862269659605
35.84317262264079
35.559420207981944
28.78899955805386
22.074537542555216
22.39380157294163
28.793515344730572
34.54667264209715
21.911985527115814
34.89511192219966
28.67499183850969
35.33656270420966
29.451802225947937
36.775113528705305
37.26209712175302
37.94794963548491
32.0760308571336
32.36278830250266
26.241541254321497
32.25135925861084
38.459698009587285
38.78275044630943
37.90267969003149
43.307341257995716
16.74158646812334
23.63720785151107
23.904024979006106
11.74654632639357
17.870018794148717
11.709775583431856
5.973983995267659
-13.413976705998778
-7.325456303924872
-7.446367308898719
-7.881500768533901
-1.7282221014841792
4.745592235403128
-1.4619415928056503
-1.0581796690907757
-0.7174526459508955
5.787118606409112
5.763231352184775
11.840977300050998
-0.3061694088201524
-0.05058574941187591
-0.6184773025335177
4.89466130393503
5.028477575968218
11.740382841653876
11.436851989432748
11.50758362038
11.514148723968907
5.833037353320535
12.418627677002965
6.538863484383771
6.617245534561658
6.7336632795292095
0.528222149941569
7.296683485221086
1.161718032083694
6.543774966114212
-12.38561825432706
6.074437649687154
5.895940138474928
5.8257905555653124
19.080863260295363
6.5847778768545195
12.602792394409342
13.121516636718656
12.731327844662934
12.548171726249098
13.850073706695675
13.201575167830589
13.119484704978147
0.9093483764102689
0.6750021511937112
-6.253092297418814
0.16173099425776982
-6.019167686876965
-5.90450969419126
-5.492144587529129
-6.176117784636133
-0.3029036630601159
-6.394067320637991
-12.7405761211819
-12.628786686168507
-11.56721627572749
-5.644226154904678
-5.60632651408441
-11.667534992045306
-10.71905609511261
-4.094709898702071
-10.47149419295119
-4.502011844157216
-4.819833329887434
-4.5832414565318125
1.1154736814166506
7.80481682611704
7.699226465128338
7.803066950597639
7.608756346666707
8.02549886702691
1.5470962377315558
-4.7165255349078254
1.5263242428529127
-5.156315606819037
19.970790332643695
14.111297352222863
14.110146934131382
8.05940196533452
20.85124134276179
14.752684174705538
3.1498543381978314
3.8828549572384667
16.58590173019295
3.814996102188791
3.383158380633132
3.1097461141640164
-3.7940562170484786
9.33533001822405
9.729057646636708
3.11671409691829
3.070782713173341
-3.3130464456281503
2.8996784888704585
-16.06919235430895
2.923971622049318
4.082194369943322
-3.0241769619005434
15.045890257845533
8.68895669340189
8.427536022054221
21.22789484231195
14.252497956803392
-5.141649736036183
32.48391968537688
14.283867439506977
15.276200729816228
2.868000875848275
3.086300945912054
21.769011388703255
22.14576577818646
21.867143370441088
-3.1337684124525076
9.845021437712413
10.34521401840156
3.4696066517338036
3.5559321247577236
15.836965313098164
9.222796196506486
9.150523269783593
16.089882191711332
9.982346140698548
10.331902903272674
11.036936916411026
10.790459851210402
23.247881587804883
3.538974835770726
9.895904755988827
-3.0091140130165868
9.02499705847326
2.0941208790865784
1.9095675081472525
-4.149976188879463
2.0799460771564346
2.2494545460740554
-10.017122757016477
8.18745897229482
7.690787242506159
-4.090928321650846
-4.036084329724814
-3.6251019321051157
-3.5768252437736106
-9.845784567993789
-16.253414761204116
-16.826349209227804
-10.52636196322578
-22.239649439331107
-9.555893286063943
-15.42501257702997
-21.307159506870494
-15.697092230856361
-9.836790280706355
-9.742771102819281
-2.812944685129137
-2.449414938073207
-2.952814619396157
-3.2963491819696955
-2.7677373752913996
-2.2027390269689193
-2.0386171908218826
-8.565562374296867
10.342182151605554
4.852652323250056
5.9132246395170345
13.089187328285437
7.0665936341213165
6.838165892856619
6.959126224419292
7.189311475097836
7.840000057213857
13.6091893460312
13.84254820754782
14.253972987411824
2.410550362660863
8.902321980723414
9.115868889249388
14.755082854053732
14.701763376882361
15.47374471092648
2.7971195272671703
8.8107158845243
8.339497482569401
7.77017590259737
7.667989805001349
7.060752418210174
7.0269803930433685
6.855907486330596
19.14223800678058
0.5101098840319942
6.171436277034956
12.383569899462696
12.199975616375909
18.639169792419562
12.561371500234467
-1.0113367722137294
23.673988916938264
17.626208196689365
17.93434452432592
17.81927135371581
17.18755346168425
16.52641904541627
23.178196263117478
23.158886908298193
23.1560055763795
23.78869645670724
23.64878253308909
17.99862743865419
18.269273379214162
17.89302881843482
5.088177066915114
4.718257488959883
4.65203736897187
16.62574433018282
4.044298145268787
3.639738962411859
9.643108193033944
-2.540386585827898
3.6988498983171247
9.755292989999042
9.798823658077206
9.57904852031563
10.095133968489916
10.190111929903493
10.149291516197932
-2.299382994583498
-1.852400863688835
-1.9648510748571055
10.180059249695857
3.5870172907964823
17.45438880193889
10.781325557525504
11.056260262962162
16.84285439807997
11.281881161897559
10.840911374960815
10.980420222442493
10.407163500314967
4.484794528926785
-13.789876378626964
-12.760159672692183
-18.533745565235687
-6.775042124752771
-5.679945586226871
0.20641944260655326
-0.551159079605589
-6.543550948738661
-13.205778998834013
-19.577755777394405
-6.784379551663044
-6.452246114900359
0.07035105640600386
0.31474030110198803
-0.07457491969818017
0.1582328719024908
6.642616428229702
0.9634542049611476
-5.222429712487121
0.794842734778776
6.783559627418642
7.562006174477078
7.1528403307458905
-5.621271209705077
7.191675808409082
-11.822748316848193
-17.172746547270485
-5.228480964250315
0.6212763957368248
12.226071447503097
12.72484445241143
19.742039037522
-5.616486855099182
0.17842261180846286
-0.014077989346264141
-12.326961721435191
-12.655893664610517
-12.891779451680943
-6.433360394746298
-12.714526413989672
-0.07109211453550252
-12.463698992243316
-0.26449945265030606
12.641577525134474
6.874585397686595
0.687330858946201
13.742699872871755
20.526842079871678
14.178844931795469
20.024673931410156
6.64184586399106
13.545921444697216
12.889494954669228
7.236406031451259
7.223800237027119
1.1308327520950732
-5.00276176278432
-4.331966721641212
8.398519131732929
8.467086911624332
2.0082501913142154
7.933612215264576
1.1930386186993271
-5.764170715031039
7.6693272621892215
-4.713092322970894
-4.366865044159035
-4.284162617912737
-10.339831836852662
-11.24431423161092
-24.50080017271134
-17.721069047970033
-5.005142392109814
-11.395874545483018
-5.951151845512918
-18.67797100244522
-12.09819747751975
-18.65159098121759
-18.761761196163565
-18.609428534092316
-18.43982775695205
-19.201946203272563
-0.07849370426761593
-12.19900727992076
-6.415882921271779
-0.6628744707878159
-7.252078661186085
-1.2335487521311812
-13.391601017036876
-6.434955112991527
-6.129117590990598
-6.092944599831648
0.16779140617085286
6.284677150567773
0.9797275851534921
13.151723990701194
0.04313156797284884
-0.5716162435284666
-0.43454117904745326
6.411846989914595
19.479726649130445
6.910501829740064
7.1373544994669365
19.890589405349207
0.23680037494592265
6.6993071128937265
-0.12468342391159026
-6.3281668163583085
-5.985422261375628
6.049319937062172
12.778432230836698
-6.215147304079353
-6.21960366977902
5.197999619210569
-8.126096016110132
-14.105915458903892
-7.3191721198047315
-13.119220250684974
-26.65740929406886
-20.3369272708316
-26.706734426105264
-20.805881175140538
-33.04781784977513
-27.548653432743368
-15.737154466425903
-21.635381943532526
-20.798236030289285
-14.40766784504554
-14.538496660669587
-8.66586676283152
10.870865193288486
-1.4448973079691008
5.2723547786630816
-0.2878460222417989
-0.2633328769965023
-6.939553594330892
-6.909354147149303
-6.5396515825999
-6.759459768605986
-6.1249073772921365
-12.175490026180393
-6.1737086640770835
-7.1927020471978125
-13.194090317783488
-13.15732696913737
-13.093911785339277
-13.204488184852892
-13.339319081491045
-25.641535232409055
-13.22782664985328
-18.655841011162494
-13.210476040160152
-13.99992643669073
-19.901627389141964
-31.719170753602366
-12.312209149688979
-18.494248718614777
-18.074852251507693
-17.713357912996177
-12.308398492906045
-12.278873387519507
-12.446125835574094
-0.2931839953929839
-6.310905187299224
-6.720311050214068
5.585212769242115
-0.7661478713432993
-0.09055871528969323
0.05884534365263627
-12.295933719026655
-6.139278155951054
0.41434964173039057
-4.985321567274583
1.3885121262263753
1.0187196989851601
1.1015524329465045
-5.059664121659487
-4.964783848120651
2.5234880001556146
-3.738391299775912
2.2544431420926494
8.493616864978236
7.859782340674428
2.4164786424728586
9.098235863382554
8.782835712799937
2.957863522498452
2.425704889147048
-3.9854642718735613
-4.414313895551105
1.3422382159475956
-4.539000916555259
1.5104026209802281
7.665866561505947
-11.762041229319056
0.6828637544897912
0.7898005475946979
7.144923544984489
-4.797501924092993
-11.09610138066179
-17.76653436725461
-4.611690591147441
-5.1031053207657475
-5.11161075466969
-4.699932592112976
-16.98439234838944
-3.814096537840469
8.678012766695701
9.346363253118703
2.6782884609529276
-3.5762277215139844
3.0904536637594635
-10.128618604053452
-4.41890945235816
-10.486665995143426
-10.502871386607417
-10.8441947887133
-16.803313468964745
-10.610348136861575
8.270257388123284
1.9480114795443169
-4.613738765326456
1.1799332652844752
1.41951539662701
-17.666716593354696
0.9739042098371675
0.44301540264476874
-0.19075181105212052
0.24612472167978183
0.11831713574177743
6.427916762634704
12.455245482878318
13.486601942591875
19.9174001624355
13.815288812189886
14.992162274551239
8.776962447749447
2.9491404486222415
3.053509121760109
22.10220731609313
16.226151613608028
2.5971895763255657
14.87241469672114
21.063178473102322
13.954482581909112
20.36081454681919
20.54334389360837
39.07384751281062
20.771949630591735
7.632871132116857
7.614529315182965
7.407225781328105
20.68043382178813
19.43419408718827
18.528509432066322
12.313012805575706
18.20154689808198
5.90071682992322
12.503598129961537
18.45285601643742
12.116264583257419
5.326590115397011
5.899531709316648
6.360094116827631
-7.038643042904896
-0.6718980631333289
6.030215090309118
6.870480816287337
6.196055012745227
-18.55141194033488
-5.895586967677592
-0.44430138564176547
-7.371944660312784
-6.719611080331636
-12.560373104790704
5.686373173346535
-0.3563455091113837
-6.3317551842682915
0.6127175700360038
0.3520569406097436
6.404243207731553
0.11276766357029805
6.702974412000229
0.9149233184038936
13.926678840984287
1.782573402304748
1.7415785152582104
-4.557034815686371
14.61980215076844
2.304158147495885
-10.884682641686524
-4.422014251372774
-4.811111797444024
-11.356557968501676
-4.480506737287548
1.8853478543582498
-3.810775538707524
-3.864320358820125
2.6066178277140324
2.436761481238606
-4.173242563304888
-16.750445013079688
-11.268923755785512
-10.77234926645141
-16.545653630668653
-10.52037632451246
-16.556012231192422
-3.907180829769956
-16.247159304257238
-3.241626233524434
-3.110366111690979
-1.946218607316593
4.181444692788173
3.8889308692598
-1.7319578197508205
-7.944309341782023
-1.6098447801658093
-0.23199050734218435
-8.195374391636733
-14.259586530703146
-8.032003219411195
-1.2117322187708375
-0.8235288087332766
11.265737226316778
10.1771391887411
16.898773553271784
23.31317128905403
24.433097326285655
25.0282952510032
18.851207521393018
12.538959946605468
19.13585913888819
19.399548973585187
12.724989136330189
6.281625579975385
6.271601451031517
5.271000016125852
5.022218577836126
5.491862649179534
-1.5741312931958649
5.191024068770788
