111.0829400541304
144.10158094477228
-68.29064042205223
166.02102472768533
-218.75745724107634
-150.2382777842008
-57.60376452515505
62.42870457068457
50.13894531723499
64.69203199514118
46.9210788847072
-135.5284479799222
79.40907939985378
-322.96861054594143
-93.99481183479185
-260.88202794223
-65.71808218744792
-51.130208086574896
-125.50142127123137
-138.68497554883075
-121.56471039576097
238.95174286901715
-22.866769497593175
-47.24625238571809
171.31507151871168
47.59973602294287
9.890942791007785
14.971743013677164
186.64269061049725
222.8142989947975
87.83239919904108
192.3314681105777
-145.99057257216703
-57.48234647854765
-40.92651662039937
-77.58876532428057
-191.8658249112113
201.2918448924203
-56.304937390283534
-49.86268219090559
65.40939232395726
-148.25157803673872
-42.13788877998654
-162.8483204656445
-112.62014168028729
-144.33641992896162
-43.76412950137116
-238.68184401467545
-151.89447204494894
75.19519950355136
-234.67529736617112
-40.11729742268746
-78.43613448773482
-117.32757773808657
-135.31269866276506
-58.57028410800248
-2.219631155447743
-21.126756942410896
-190.07602813095087
29.620070272945032
4.4889686008564
20.759846869390277
46.50350135475354
-69.84502021120795
-156.30961483605068
-111.02450579074602
-4.255121577083457
-150.95552194984722
-33.10867847679836
17.5197433081329
99.63200245425759
-170.42498254556764
-44.95845045924612
60.92826727756602
136.53613771218693
-59.77030224449309
122.65162417317288
15.669889812061975
-34.963267142903476
61.39631489826615
66.9489465234697
270.5539833410361
152.00176898608427
-13.304764683819096
118.12151128509795
90.85051761334381
-56.937223180448356
20.803632644237023
-35.254371840143065
290.90632690025916
124.98601285713701
-62.44897822607591
-56.511362904120176
-293.9843799458724
78.09613488303452
-31.330380089159792
-87.00609810928937
49.9973633031098
-64.286622938384
-302.97450117558367
164.27859688686704
-117.8266896968483
-137.4082833384921
160.20044119780587
27.739136511698057
259.76690304443946
46.036168859455124
265.6627000908481
78.60920448060492
44.17115126561135
-85.56323678680135
-284.35351059674514
-152.1668085468963
41.667005415906225
137.59079717405072
18.23453050457586
-148.15061954470136
-124.2629560392264
310.5882836751806
-177.36258366221978
92.39658214626452
-102.17881275258813
215.89249648523804
166.03491851529643
-66.5499321326351
-288.35351095992075
19.52041646075386
146.4465595827693
-116.04883469770184
40.45606823131659
92.77440344174822
-116.46432414023423
154.56911108372176
-209.21714287080457
8.31353889962083
-38.3651699294342
-122.47630508794087
-289.4356558565042
20.71265096304593
-5.000249554370975
-20.73922279284439
-171.0332672867244
-44.32978060427611
4.262133298038858
22.910870218595647
-100.91875299078333
-210.06982627357257
-245.25572377371452
-142.92539013119455
-223.38296538039373
59.83961270162578
185.870894477349
173.14466399243742
-112.3236008891988
38.43280701360462
-43.05184923466993
196.9502676105228
-95.93220869178536
-37.75479399977199
11.22165879795419
86.31708837671358
-153.2948144865558
166.7548658704661
-38.12674527426381
148.99614404360437
-134.58303351880969
-71.97007923896358
-9.480345664073704
-10.350202899707048
8.660949903561253
-27.82897198987796
-84.98060090486851
10.192465842853487
312.7681662474044
-78.2885650493996
45.4538060578133
-38.39027797440545
-24.21016488023755
-307.6834491058605
-310.7521744503626
162.67232588142988
-328.3944951263017
97.23860714190027
-34.35695763378986
118.25257187984201
9.850859753070742
-30.71247672013376
-163.36946519329658
-100.950103114101
11.096730047519536
368.68041159660174
-46.69166503524676
97.3390401705568
129.72787439982355
229.1682684746458
51.68854080614338
61.47100684631632
-35.92676620949646
-279.1781270858254
177.6022580024021
-77.68396181311242
211.13441204940793
-21.642186697098943
-65.31818984356423
97.79259543123845
233.48618438486866
-291.26414021866066
-78.86237097228711
152.57502748941815
82.99773534986632
-87.51726243241468
133.35473132028176
481.9719309771171
294.75640391733106
0.20521413999208038
255.59664254429893
154.0851531795022
12.39314855923082
4.68536902309755
-50.95491510681394
49.25332706096059
98.02243436466011
-5.106704044743619
-41.256503199707524
265.77866200029007
20.5409958695399
26.418528855542466
-92.28870079340135
-142.29005699107728
40.745936995708185
-65.69292871381975
-103.9822437788235
234.92439853039167
-99.64948474934303
-31.316726033490305
-12.298714429245454
27.153513825346515
26.444911831852057
-199.77887099580843
-211.0945888093092
-53.62084303823264
-98.40000946690957
-34.911008383952904
-55.602952570404504
-29.72314255367515
199.86385854150765
-5.957133425593237
125.90985543738766
-221.03577007993476
-141.12399477256798
-158.41585054246175
173.86750707591045
-170.87465931556363
32.02445162632151
62.407127203650106
88.67263372845395
195.1572854346262
195.33212081486425
144.0399983681594
-49.516811246044114
-9.848779080365896
-162.24893495078385
103.32878780607892
-51.05285761591317
-165.2212426461993
-220.98884319645904
-219.5530898332224
-129.94334325739155
-179.99298310867087
96.56613224855992
227.90898854010027
-55.980604827630074
22.573831631568023
-30.171322935161193
-338.95701929228176
77.04903617306903
93.39495886623553
82.98984562864938
55.24314907681593
-40.28020873263375
273.2036624056362
-171.8105339935207
187.56550223810285
200.93764111566915
-112.7324211197834
108.28851765370331
136.98138759358423
31.825157915568656
229.88163977625766
60.77233203520781
-91.8967973735507
204.13311697160006
-38.68497540749094
38.4513010497128
-162.6591289141104
74.75809218037425
-295.5905481369656
227.9522314963304
69.65841682523894
-228.11897920301854
76.56250200086009
-27.79796999772956
-303.9216967992802
-133.86140673724256
188.15080182981404
45.824107877007485
-67.63846939967412
-115.02231504299291
54.822350740450126
-68.09493026475342
151.0933474540488
-292.35650078638014
67.0916107105321
-92.30823403877791
-17.396493972089484
-196.8821142990217
-159.57652228511893
-51.79812509818548
99.18350665552167
-81.99557228959476
88.44471179692142
-380.660348400739
-125.16934754749522
90.66068800152637
221.89174113453183
195.06653275856792
80.1627255984567
-44.255471817797066
-132.36719508815767
-118.19244926533563
-91.95648977951234
-146.5871377430778
44.02748736911166
99.65976141547664
-26.558385448268684
124.69473702212147
-18.7690429188211
240.36943203561333
-168.03527199303355
139.3450296765263
-137.7121231385387
182.62128564310632
-5.642919152508405
-37.531189803673165
-188.5870552533641
12.755067243804996
-201.84029369978123
44.418201686319875
-36.87274694779436
-177.32355123606703
-38.75773050890016
301.3635412908752
227.77966221623043
-23.363724356356563
334.7314926376276
-55.01760117159722
-324.972617578187
265.6310334274491
137.9867239685532
-194.86688097922203
-181.39775337401642
-178.43817725000022
134.76702817475146
-66.3771734369666
-20.526828418029428
11.454770781756428
187.89442783284113
-149.99427939430504
132.63809399381898
165.46560101950197
57.453347652933516
-18.38816616595455
1.1691589753854275
158.2724776626974
100.915461812388
43.2081356471914
-213.33397957090355
-58.53526156831107
47.97480542738204
219.36575942903812
-100.85668468931854
-157.90593527294007
-71.67123367722841
337.84836377697303
330.7826635256586
141.9060929236312
-7.385287256947077
-196.01288683118676
-44.47111635232794
5.115027169228165
17.762869397302254
9.351570311861094
-27.778796414674552
118.42524784226532
218.83291442059635
-50.0915703297918
-143.15050404626334
260.9693044909028
-105.16134556914443
-129.84855790196298
108.35850283214805
80.59595512476783
102.7706570251436
20.754306988024595
49.59051138584706
-0.6898463968609574
44.317163262932084
36.92907967176357
362.3412881268097
-5.066703618230313
87.46317422625309
138.16969248508354
121.63434015930869
17.137776855678915
256.9069720118543
-90.0120149956817
186.95003244493756
87.43460998716346
146.56438873552307
-180.00770957370582
-193.37296224189794
64.74245012546486
102.8118426150005
-72.21536395836479
218.35535433474053
-74.0030451926705
101.07379716870628
-134.77974261470294
-9.43829802743532
-61.708361846178306
-29.7900035001956
-237.1372956141429
-83.93800918392304
-97.22717309627215
11.436266714468967
139.24944850453377
153.09845334622418
-143.67807196673175
83.5202106136117
61.7927653217289
312.43196046557216
-45.16576513033482
-95.3203869256581
-247.7615799765885
59.956274666139414
-153.7992508251092
-87.3599224418067
-69.29167263919881
5.918450273818444
-18.92460572289826
167.00721404846928
-130.39668954909766
-43.65900157633223
-49.019312192921404
63.74176476752609
-114.62899730691593
86.5968024000144
129.66594905835274
144.2569989084994
10.061752278019577
65.45963675711243
-53.41834073440308
-184.06540697409707
-75.64604876159329
-233.12996515108094
-41.01651001897096
-113.76716197480884
-105.99067404540158
-155.99832295846872
170.9195719231835
-105.27744545570664
132.73301763690586
57.43617871892542
-129.54481734747915
-41.68948397247695
-155.65359719360544
-2.832953469214621
79.76415244004771
-135.88004154807373
-135.7946548555065
-218.2055250696903
-27.60749207230689
-416.642680887628
-48.555916260607624
-92.48092622450184
-8.834746949276633
86.30220960475357
48.466736032383
173.43773220537412
250.81633450502386
71.61149568070972
380.19399460822484
84.40781623516698
-82.90865628681205
-37.045773547286096
261.08839046578225
-253.9573723435643
-61.13259797727603
83.33275478651706
-117.44502835746684
105.15441489463906
-77.33778073690225
57.47979215125704
-92.65873495587724
33.336191024588445
-130.14591845471912
-115.68266845722843
95.52603287151827
-167.69078912861377
-98.14792949930262
-39.55058868301098
224.670498668981
-8.612392196297042
77.83639779978041
34.54165081135549
228.14850608943456
-36.104787666076355
-100.07422390674144
-169.50482200646948
-54.019442654623575
-159.36894635981824
72.9455590402374
48.49440534068776
-27.05940175861221
98.0420899951662
54.30515095472085
-75.43242436445428
276.09488797048897
376.8042237629295
126.86513602210326
110.41628266302581
98.10395940251206
28.130116064999548
261.0232927566102
-136.81421917504002
-74.95944096923486
133.0639409892701
481.3891787488585
193.23506557765893
33.65745713346123
-32.74019722787327
16.842920449585545
162.4224826420277
-58.969011205206094
21.675128408549334
-192.5432449931744
-53.81447474544732
-92.64315678844928
284.31422018337577
27.648564494257467
-136.38864023108184
83.61998674426387
103.58303930150869
42.27134573314847
34.22607628048309
58.92916198752345
-256.7618791091532
-223.8571041315103
-140.4078724190536
-139.18903330518205
-17.284054528443573
-141.5300598196892
-204.73551505429398
95.94123078040235
-55.65828122163897
241.51072646399246
47.18111702384172
-39.8925258324201
72.85411610614672
67.81325944341091
193.29416206423326
84.52189893561179
257.15798705350727
85.63007059088409
180.03127794120243
-28.605040018466745
-55.156851252681776
71.11306356113953
95.90486504292728
80.80208309561407
180.05129753132195
95.93539331571174
171.4427043304011
-116.26582072498374
96.48131443444204
65.06820583043127
-107.39447418379663
-182.96590402114185
215.43430773176166
17.216341255502474
124.01932869286024
-129.57780227213445
196.6136920258042
202.34611140013726
-33.57748042415216
25.870614851952748
24.29237310558899
252.06529766481614
-69.77245801241189
-75.49774639942105
125.34685769499754
11.586696162513686
-224.84820713331032
-35.20321186310919
116.75522214599683
-34.433991252703855
10.163459629378423
-153.6424679476767
21.904550871239376
164.80010898577441
-99.93216882214817
32.0885131711043
48.12553981236959
-265.883874162626
-84.97541918007282
240.5815681877656
384.8226111434831
120.26522764254743
132.1892325573631
59.94135204538381
27.85238866546364
-13.598072035571981
114.79322487906367
35.63060914246656
-28.64948984462934
-230.79422457777397
149.37488487106882
-163.74327093141386
-32.721507128283456
141.1286358165661
39.51931287640199
-147.94043214740688
260.3945010735856
196.82916960498815
-21.572645108994116
34.81428154998774
-208.7689443236117
-133.69806556902552
310.942175507769
213.84351268586707
107.34542159423526
197.13306259163804
-378.31682963861823
249.32701624057043
-121.13580949917014
-261.3077566628319
141.314308175829
-209.30401597345255
307.32579837501424
308.3647653020813
51.33040068234111
-176.1957761449433
118.81618791768364
-212.7935659437858
12.971553616771487
170.58009547559737
-16.797719537488035
72.58531894798432
58.9309719369767
-28.183628357411337
184.5910998307494
0.6461506046399612
112.67204533499032
137.10153724761602
-206.9556649110132
-69.68582941291135
4.258450497351366
-59.44379854378479
-121.30252986236745
-54.138286808554696
-217.5728024924218
340.6726007147777
-203.40517862156062
-13.440195213011314
60.31193214222679
-34.27947674968151
30.14258347869759
-151.82997660149334
-92.65030613383514
-25.695594506830528
62.377721202529756
131.0215153798273
-31.77979384455402
43.587187490285395
-31.00191804275276
123.59985650371479
-100.9623073114997
73.72541053399546
-2.118571720846735
-119.42428011432142
182.0738530150003
-94.9637001512668
-47.02724283336834
1.1188875352154142
-35.768466610570115
214.20448693452317
63.16736768686241
63.14241951104263
-23.734903747034608
72.06639840461828
319.49537789647997
204.99389429169366
22.126616916248036
272.58208274287927
276.76799256059127
-66.2757093835407
-95.92578100032928
-31.84930685676807
18.749277611585775
170.48536941952767
120.8686954425018
200.4176140749879
-14.673259166498356
-98.7795743593734
-67.3621299976347
-54.038495092197415
20.433648470734113
25.50153984037536
-97.32772879121568
64.95584555720751
-212.86601602216285
163.40722729862765
265.2043677536388
-115.41445006095965
140.16031492669748
-299.3330120631283
-153.24041996593797
9.277644010393931
23.20294203902283
16.911031757917247
-184.7719342855633
-78.37327735549054
-270.0010670632279
199.19008555799152
-136.72425646279007
-32.16894103517999
59.58844088138252
71.43241507812108
66.62475091475814
73.73005579480957
-145.60151319664624
-162.87415649068032
-137.4971832461462
113.4617578393766
20.035801507761104
208.85212105132644
-48.49764097137505
-269.8171643172195
-75.84769712396219
-107.14061344473956
95.12461777804766
42.016391517263116
-133.47251792545225
-128.53798208699345
21.538958720849607
108.48347161393534
279.93092945526615
1.6504937274766136
99.95181804534903
-39.97806330643227
12.081446433298474
-56.71913554911617
-456.2740536686194
-115.9501843708665
-121.36688019961662
-326.4067443007637
231.93014017617446
25.08496579146794
-170.98434978911186
125.14459227417841
-150.07335246888866
-17.684332225654003
-288.4894121333376
-92.12723198629241
272.5472136330501
-193.3072612073662
-204.95612261123281
-34.05881029488047
-78.21914756995481
123.45154811863446
-32.37643678737049
179.26717873897272
-349.42476567702585
-46.563230557783584
204.57348849333184
-366.012453052624
262.6031381908595
35.774755508090884
-183.10864897071923
61.61608866756247
-145.35861362775586
-107.22871751737954
-322.1160051239916
8.292133824641159
-46.91554714575075
19.59738786424434
-36.88579298470229
-53.030810185490445
-94.33220800126111
-96.1776202761465
-234.52292843177764
44.6198968810604
-139.27695873550005
179.78443690226771
50.7444720896627
-55.558306854383986
76.14281747580465
96.4716597103619
138.99208238920312
94.27378023069899
44.35717879393376
154.3023455969023
-118.72600538781957
168.35819807874836
-124.56654400331189
-161.14289809278657
-72.0124135294878
-189.48002393332678
-253.5096149657864
60.785145122391086
249.63772270285352
-148.52393309966317
-117.33151349966589
-113.34337192653433
49.126045406049506
362.36979434282233
-103.29169691675858
160.9143752866402
-19.041564549399798
24.647512859702708
87.42448535816342
148.4483251207106
-331.0661803868858
-48.29226828256229
19.990320749718595
-3.088463525799603
-12.426710527383028
144.69268940105565
-55.91831571117675
73.42118406110274
161.25931328206278
18.64371132371938
143.73042126392602
-127.4923185955572
-77.92345437341102
-123.39422649729623
75.7259431987575
32.709401817419746
253.911628009939
-180.63243436666758
-80.46734720040986
63.96372678564164
-81.91782569891818
12.496364034725548
-251.9765969577246
103.68883115338286
-184.08179785512226
69.42426292906801
173.24373568816384
-102.6983423013591
-127.76247996039682
-309.65806396585873
-32.53205063377037
149.41988797810097
-215.27616723470103
10.751325193721343
-233.90288908402258
-221.99067050432876
-122.45613470910381
-216.27610968424906
-166.7776833211145
-167.320422435841
-68.75908365058349
-116.74982098104854
-179.23099331579283
146.55172902161348
-130.47746571443037
143.94101419581187
-121.75940036217679
13.938788586177093
82.5737023599169
-38.38672266073914
55.56196259850414
-25.0826301593007
110.27477339159266
-56.90963053809141
6.339748647218
4.294007419131848
-56.51569719844201
-43.03112765054118
25.212464538377407
-277.60345875436417
-52.77691272283261
-109.95692912233783
28.14827815504468
-121.44652557078965
138.5251937040169
-1.406860602130541
-129.12912525720378
41.34942591505551
-181.81887757457454
-226.72069816071897
-209.7624825213638
112.53965617144344
-410.64038857414874
-191.42267417997283
-23.676180392916418
26.90459000188965
195.98502699520287
-237.69290989503747
391.19328792785655
127.37623425828333
25.424740475152593
-129.8579116053183
-16.1974850482227
86.09641881477033
-58.41939152167396
-304.63698847941964
-128.051721405513
-266.0862907941393
-304.3572255887478
-88.99096659337371
-122.11199838260536
50.38742448341939
37.32785089981044
49.65191704840858
45.59275064545392
-170.69903127170758
105.23138434607637
180.23272025067766
136.2382677212238
92.17429138527238
-83.824063466271
-56.788328883350836
-12.370431947237062
-219.41056647104514
-22.1413779916388
-85.35100547656617
-188.93518954441683
-56.77174610184462
-194.08284301356352
-16.07626685600804
-41.60392458811487
39.775748531825286
-248.04661482669727
-80.15931772016745
-5.8483495497965565
272.3278505124778
97.1873536400363
92.48134197547384
-28.134148665190896
61.032530666347725
343.7738340836236
116.88466245560423
-15.493921051390046
242.4853470215195
-74.2469374218461
145.04837166491507
-67.16036376411353
7.486110840574386
-18.110229374003403
-142.7348388034083
135.61158051935544
-103.38645696973056
-52.602879592069186
-43.61758537234731
-251.88695055315716
199.99132851181747
30.01053203592519
-56.80996838275947
-109.27850477295227
60.65744345533845
-21.62945255141913
-340.3923336885156
-6.308045445864238
12.761366416978973
-26.436621413479052
199.745337976743
-21.074685471310165
5.140273388396968
337.224806207298
-148.86316386307743
-186.19210040028835
-73.16590119748851
-237.0123778584285
-145.75175438087166
122.68477118699683
92.91430502892676
53.10281715548595
-160.6970582142127
65.93006515623695
-16.182325322214368
-162.53265174883728
208.94304623921468
45.13659553695993
76.67576805713458
141.70946702703992
292.67788974553616
-145.7448806706793
-103.04490498610569
