324.3483399392183
-356.8518695958012
158.39817897862403
224.87064742820377
243.5952306215431
344.2367558907118
-41.03760372216895
-330.52800692558463
33.68820872004167
-191.74972423826077
59.39679111347444
325.3648772698775
146.20747778711893
6.601323767720835
345.2608491482671
95.54876746682808
82.44449788736917
78.16109091229713
72.71157146162493
-64.59295722650911
-131.29231235649098
117.80450904351731
174.74384769724506
76.15668500527391
-192.84662545643536
-183.69138601673478
33.78635494959579
-303.4451895324212
-179.43222199447993
290.630031954047
-28.944325821903657
66.82671386166288
258.30931884238004
-140.33889634697266
-311.07045070516267
-91.3852073712569
282.66066990273276
-169.08789673026988
-149.48337304075812
-32.43805299216637
-112.06400379132413
-139.53974142766168
36.57927962482947
36.7427717944404
7.296805588410164
-219.39018914596346
-49.97817955378588
86.54696454473351
-153.35331092439503
-67.72844055338926
-137.16630390343147
-28.080634115510463
-77.55915971264157
217.75866007912413
-96.32248017625123
-310.4963544288241
-19.423625149469274
116.26448110128236
193.88016152317533
-104.20107680972995
275.3238370180887
137.92519319372633
-120.77683241824708
214.21426438065146
-53.94913257164524
150.0488785820656
50.92539542087838
-74.86480397832027
-425.8135182495284
202.00325150005315
52.18990384663447
-65.11773219158542
-13.906133640163759
-49.33693714665764
-50.611583772220925
232.95633425211489
192.77817579198606
102.44224419671498
-267.9010177357049
151.2852638868131
-17.169684889727495
15.410301784472733
-255.3879568733669
-314.64127795526895
-105.56127406245419
54.65502992924
41.16819704390097
160.97501826135624
-90.24256151116921
-162.9369891975646
-131.86645602365954
-111.91999364533774
318.2771908583855
55.31799527646909
-199.01701968345358
-21.605827486069927
-31.26220692080832
227.6495122642863
-116.5457568262032
-81.94189022197408
348.45594530701476
-49.05988160858561
-31.042148964675377
-135.93590014559274
-228.9556353417532
321.96211351708985
-206.70055831165104
-5.287395074512964
-117.17712016482291
146.78523770604573
-9.967145062589234
-290.2400865147823
97.78374331129922
-261.2419316367572
282.16210873727783
126.38195453243
46.588351583405625
-50.84459708578048
18.779472298526954
37.857532091106556
-65.73101458516153
3.8050545525187505
24.469025118075532
112.64353088511946
76.46236496203399
21.678138146169985
-216.66000318882286
-269.985280992326
28.776905790141182
75.0852587391871
135.970537401341
7.302644032340325
144.33379411751307
-75.49259306477683
18.38989695195338
-114.36059258496863
-212.3660032136069
176.19304445171957
-23.268396896990417
-104.03305472363844
51.4998237985723
-110.98054222645158
90.77266236113503
-165.08088837009166
-201.23060803724337
91.39183238321304
64.88462031948205
-81.5753072767497
148.43560511728083
-23.897122220854
-16.455045773828594
-43.380326434508156
-230.6781809249594
-419.89468713942216
-158.64752890291385
157.38424423141237
-5.133324812457504
-26.402194664844966
263.75252452558703
-57.61975059600743
36.169630312812075
-79.10036919173398
-17.171456774575713
-160.4983576621944
180.59930627067314
-32.22092828830188
-109.58040103161741
-115.37109298300528
-69.49724057682644
110.51630936911087
-153.217109728206
-68.46562745546959
5.688884034525563
245.24005764858398
119.29787901508713
96.33665976366572
-35.41659244386235
-75.92231761129567
-128.33739356052178
105.14079720029065
174.72152401869772
-387.8104441201026
75.16571930813573
307.58898572687536
-84.28372122944775
97.68682701895602
-48.76344670065391
54.79368860161772
-267.5824479500822
-189.6928990481084
-138.01904895443855
136.67015695086351
-342.4856136123602
-34.85157252938132
-204.48028475228614
145.45874111661928
89.28849186932538
-208.0379704237183
-321.69393802901715
12.968226853178983
-46.16404224794942
5.995681235502949
213.10041990503905
-86.46090773503352
34.061906347541886
-24.281966303379683
-19.214757564206842
222.75423834548536
240.80729928085
337.94692804998454
238.77850746811845
173.8797057870334
-255.20427585481625
23.970859481019765
-289.2802239390811
-171.02002697324292
185.81375052733998
109.6644844412709
193.48492701056566
211.1553885178918
142.68797152913524
-52.266696430875115
38.17854104844143
-194.6514957666196
67.6455779139065
194.07867122247612
-27.200884020661896
169.2754903654619
-46.082743638169774
-42.83695151472345
351.27345795757117
19.088041857025573
346.13824628667027
-208.989953109581
-45.33638202271213
-276.82113147669224
39.263106862239454
113.88201559446497
145.12942133337427
-240.8385818335555
-36.09740857277483
159.6121468356606
115.73115047165598
-52.18347706251393
148.96622235823844
135.35260254812457
207.5099043814675
56.325393828500694
28.75971497456372
-148.6124048263349
76.1501903965922
-271.1220913707363
-101.32888577463338
-253.09341865168352
-233.28065366696194
-49.53245265355886
-166.32426115467933
243.70055983745064
188.03775899380375
-143.90606761219624
-75.48334838603353
-91.41217169862038
121.72377851322916
7.745458666594332
100.13906489155231
-132.74241351531091
159.83492721674605
209.4275351500261
235.57483978235274
83.46628839718585
-210.261670025041
275.8522641406283
71.22662433811385
-118.29097467525156
-219.3695163311068
216.85925003378523
137.8531155542889
400.82564779306955
-196.91026075703337
-131.79547794187218
2.008890912281546
-77.12109367926256
127.6771615398292
-57.03837810154119
-143.74840339852835
78.50069731067123
-133.92023183150653
216.3512146439806
-107.16799766359651
163.3600548575999
6.921797485640394
92.86742427476825
15.500020672004565
-161.00928817117827
96.31782914762304
24.639714283093884
-233.99783406758525
42.683360188523096
40.86900768643075
-77.76441874495458
-10.306579060525491
-5.607318337822191
-288.1671828448433
-31.10465088979004
-25.978796280375086
-195.95899681503982
-378.08813500552276
-266.3176727549497
233.9552733686939
38.56738035118808
-302.2924446722395
53.160385215316154
-118.12504978402167
-112.80796699672176
23.66487125376715
-246.24247135016145
-70.17266719711064
183.0764244610392
89.95105604599952
13.14472682044305
-303.8733069719368
-187.22896441327515
43.51224421433871
68.33237302518411
387.4419507998149
-160.37298938212015
218.65018958260282
77.45712992338392
67.26536561770256
-124.34729712875689
285.25016331588614
-178.46613244633124
-147.4566006758143
18.33349948216003
301.14422871703573
20.074270276889415
10.31836897867949
-36.20690725681882
128.70431199997165
-292.16340462263645
-21.752438958378214
86.07981209615194
96.27382894572936
284.5895448631621
-77.54254108590318
37.960242896609294
-52.411120193182306
-188.05796273697544
-15.861128806015886
90.83369785400389
84.92100057520472
33.568656371587196
51.332957834244134
258.3479724012335
-41.45321505057049
-63.75267276326694
-64.58234689252616
-131.2591299230551
-209.96276044482852
107.72689915561567
143.3077854493719
-82.52892379252069
-94.1911824117337
-329.1409899573052
376.33070117533975
-261.1497288471402
70.23352250504864
-387.9699622178903
-103.86270869512113
32.99235721891234
-70.62308480859554
-112.04025253374803
110.86921130416313
90.96667278924062
48.112799666890254
-30.857379444074372
62.1172094938058
-12.913711768781608
-97.72121960533038
-385.5412692349696
7.992804113334698
-37.54440394323411
108.44958189264578
-131.92866834406192
-66.69209225926255
145.51979137453682
15.555863471568424
19.070374690297736
58.491030253525196
105.62222254260082
194.12552179860415
208.1096190045329
83.9151176396006
-37.27385189936876
265.845261571611
-89.88203134028007
99.08088379522657
-66.64183702026155
-125.22207319472822
-110.1531307007934
60.38638473296753
-78.18217534749017
104.89054470554166
-47.01363983613152
-37.1969580880407
-9.85802867577885
-263.3412829880772
310.7822467923516
61.72155486634365
-350.1067867506087
157.24984376948456
-75.4166065094843
-9.92514803090622
12.494735418366927
123.19248940901382
-137.30932051387228
312.38678147509347
-156.31693559428695
298.74584486867946
-58.95695554540639
81.75385432790631
294.9410786893586
-420.56176085388097
-241.48821323706173
-77.6787267286729
-105.86980031629139
-86.29545658915194
75.11168548333069
174.49667046184902
-103.56779147277233
-35.41271641886463
-235.62084638161588
166.20695472014685
-181.93766469249073
72.1984232785599
23.530062459941313
-83.47048623891772
-118.62594695043998
26.28091840225744
99.64423153996617
221.8144834744493
-34.76146629900544
15.71848127484929
153.37266160236362
312.37606340517976
-202.0976104553553
-90.83959110831377
536.8720711227643
188.32943777599615
46.318979848568894
129.45624832204098
-304.1343085076613
254.0451577968244
286.5784176871415
-190.11547502146456
-358.2310801214035
54.345823524037776
178.24992051593122
-327.8842586069902
145.21219186472234
73.87510277551061
42.450316393176166
-102.55698366151253
67.65496824214871
134.7161879950253
243.8973573354678
145.75062471003423
-30.01890326512275
209.72261871831273
21.496074828641262
202.11517965445364
25.03621643781393
167.3997723799099
253.04925147304527
133.0011221790689
-34.19644915518773
-88.57241728140521
177.60771337668658
153.9226698322438
-167.31837130917108
-235.18530665764118
-29.85480787942198
218.46753956714213
-119.51989648696295
-223.7686715281746
-23.00712655736534
176.5657173458839
-71.35368559725474
-173.53317876725106
-72.81216538554125
288.4290533352111
199.0403746864241
390.3022213854384
200.57619298729585
103.16538969766576
50.4563164452627
94.22478168690222
28.723090554249225
86.06461233967148
191.4516028488493
-29.945649738023036
155.4326025798752
113.03625094899397
-145.6188330596208
115.3922142732517
-71.80289258510318
-22.606444354932716
181.2788143024469
-220.28555973625132
4.737730115945448
-16.97737687138946
-229.55396158802571
157.22339192718158
369.6421295579331
-78.92244104537488
82.64668705548712
113.16845805276996
-170.06213461911295
217.88067169720676
294.1752173959849
307.7745804311346
121.92718081644593
-7.267230312483587
-181.1079922593839
-60.794175344094015
-9.628364960815876
7.609173323367254
-96.37706391237231
34.40918855768685
147.8745195233105
3.959470081773051
-152.80299799247655
36.23454446133399
44.142377786336766
5.342799804969281
-221.16581920664677
-15.820634319346889
-83.97063180047293
1.844932365456387
44.83966011809985
45.59778605727612
-116.26361861491768
-321.97446690084945
31.671335853425795
-2.0367916252270843
-13.942888681789732
-176.96034357780837
-309.61291473265817
111.95912682071283
-62.52758781848586
128.83287625628876
-192.64001081812566
71.88550379323326
-129.3799028714892
97.19555852963298
116.34496194931478
51.67302535633718
-81.55488622736515
-62.662356945496185
-129.78407711430955
-10.063897859568781
-12.008759373930292
322.0061976565301
7.051114616646186
4.015175271543876
284.9898309943289
361.76508880255477
192.46338621748208
-162.46346810297578
368.9515349489861
227.09711911873572
152.67978254217851
-79.7479619979507
34.085976582671634
-106.45354638986828
396.6247372435682
-473.89709282515395
-30.619940874720037
-140.8242632905115
-68.02126821152537
104.65614819507962
306.97460667324816
25.361405735117177
-110.51879763252147
241.62531364696585
165.5281509247379
-246.1215478632422
-267.27846897989826
43.55725161334764
-5.0394916690828655
192.25406422888528
-98.83072304716205
-131.81232121626286
124.68354982671062
42.76664777867216
-141.36223641946418
-100.84046246577762
1.6750800791018587
-80.47756316095604
109.88795067051757
-236.14098750347432
-76.97695768669296
-199.6086979534321
84.83592762522838
-85.49742477757304
-16.290363487730353
79.06552677748216
154.27510069917108
133.5548715619131
-123.39211375040057
105.4109304556205
121.03915727092068
9.97287141198624
59.26095404787164
97.16765347992462
-160.45434117398077
-18.280495172331026
84.478296398558
76.84835932952946
-65.5995991426059
224.96826679083773
78.48460810750261
-68.4990915489001
-160.10100592363452
-94.11604089778304
-146.50553876539522
185.9863992590358
13.080272931673997
-0.24530618792655368
44.55594897788583
-23.429027617489066
236.7237921067057
279.42450718024367
-13.732807702037407
260.0376259335703
98.87568125188034
-109.65582415836184
-170.21608319750024
-113.95721635641178
-226.2515398237
109.97998971694625
158.89426450442315
32.57935014691953
-256.0164212174248
37.08730824335716
361.37627550520295
-155.70125303308203
-37.48444023323517
75.30038411085941
56.85276918098311
76.23711102914731
-189.62387955496177
285.52437841377224
92.94513958382164
6.716214986585878
478.50299509924105
-286.5282895371226
-155.6155996236914
92.43140560703434
116.17167975479974
48.8029912944813
175.51493726829733
120.4375588309391
216.11823532320705
-156.81378119266017
-179.41762068252325
-122.346998594209
33.3162167563374
-16.191502303617874
318.1569924910087
12.623600458094616
-173.10635458970248
184.27427374619558
-170.8886919715635
-43.64448470809075
113.46589314409304
295.3260478957008
-54.92503183164664
52.09616038498587
73.87995077034216
66.00538225605605
309.7302646358342
353.2886142319593
-25.384134895448312
125.46488583019661
-36.401778740896646
-167.710258569529
186.937210666172
-185.5917163758979
-60.66711607037434
-184.65127010221659
3.7801674923677377
-150.53050026964158
229.65700832078215
78.06782780879146
-11.917902126666204
-63.91053591015038
190.01456103872945
-307.41670260636425
131.17277859241804
-30.22438436297886
171.09767597517086
-75.37594163293792
-51.17962045983939
115.26475996216988
-413.2293860884554
-92.3649351653117
-75.33569788623099
183.74648801704004
42.75419220779765
150.8958865787086
-269.89605613850296
-6.884179131712412
-130.35882402590624
203.4383184958589
-156.54447710394584
89.60997311882367
-74.96698940811294
114.98787217361463
278.64871649932945
91.07772474736525
28.284575796193117
131.7169922340869
-113.3276985516254
88.6212166087534
-97.46153410544575
-51.80929066407904
-97.15296225875112
-430.4155228823207
115.84832019010895
54.395356078548986
164.03525075299746
-126.92110959500215
63.59175194357635
69.43557654952075
-286.9240542167652
254.1487896919324
316.49177458122654
27.020027949839026
151.8540637951567
229.22816624231078
63.905158669771694
355.0043217271456
-18.667994228046183
11.554383996666422
212.62954406347365
94.20994153198897
71.41311884313706
-31.805801255263688
-139.2583453435347
404.20993441022824
148.84826239739832
94.91612602246657
-48.76180150332423
33.3195241885989
-53.32233939048993
-213.13542446448534
393.0038219694378
-301.000878624186
-1.3628001695834147
56.46521818802277
-39.080930349771954
42.472239491068486
-42.17998932827309
-203.95733549626925
130.45885058555623
-36.51365868125564
-88.42928938315065
106.72255706358686
-55.839893865816094
-12.87188363959827
81.09667381529965
-276.68981153332334
-77.31468916716715
113.62150139150027
19.154013154660078
-156.59379766955354
171.39019495424358
-91.90528995941138
44.03015712699892
86.6122899821245
-230.67429317764675
-100.46763314571217
-254.53669136863596
-95.72865284449718
209.3892809409665
135.80435090314776
56.91642604289794
-10.437729178345286
-52.625820749243886
-115.29746981517626
-2.995443677454148
496.1701170885832
373.46340092821606
3.136934908565449
105.62645083160967
-326.4030589283469
122.46917867649896
139.04143114823475
-47.187297062254835
91.62585237010236
183.25260338196662
172.714165083887
-205.37321377619858
-85.90377947612453
-269.4400094357466
-120.90357609150945
13.076713591276569
107.41617201886838
-222.32963220047142
-211.2187461575267
-154.7392538050601
108.12326217519168
-297.101079772965
0.017120449945679184
253.43043418168367
-129.9098192696898
232.7315233329594
239.18363588357715
89.69284296208998
169.1506723240565
44.7497249405616
-213.8000904079613
177.5982951654326
-260.3404177932823
-63.64034803879723
179.0041515781667
-166.77810983065353
-279.39159869288903
-142.02905285961666
291.92532642137235
-161.55819954773793
-224.76775313695907
101.95717923282042
-120.24546416561785
-86.16605074872659
53.07435795674719
-162.06414549655435
320.67474569768257
290.69893491994094
42.29905118430206
-27.99368967002802
-102.4528958142069
136.84559291036794
-58.729336501361665
184.41072731909654
-325.82380225205037
-147.8058236908519
308.24966091829435
-190.7945398446849
76.14635284739984
47.517853718208364
248.17349908739445
124.25748239146031
115.98045860517387
278.9198953074369
-80.42849273605007
114.3499002311802
-182.18580899547965
-52.39834987705375
130.53151003069652
-6.3000377297394685
86.07581456100837
30.44485950414559
-74.78107176415953
-399.5865008280187
2.466758060180086
4.469601960203454
115.57423621032898
29.787218048822297
149.28883489216474
324.41851754290775
-84.96770003610315
13.458260853934009
125.8041238082384
78.07395322074863
-45.80157696135372
103.76692295502487
44.03022798560879
8.471349766808128
98.39329371652524
-38.78286508188252
116.97393058543639
124.09579758240675
107.67641898660357
225.06508013766924
-80.72450158962125
254.15554129392646
-1.2546644251632288
59.52527648357838
141.17850924121257
11.254270906498363
-22.985732697181504
234.21141104743432
-92.42370979967528
174.49151001720173
-140.38990336036684
52.5319834528021
-250.76976566963512
96.9579374667749
-54.26293773913246
44.21254862792729
158.76698625648964
-217.87165532460583
-357.5238165406367
-22.565634555455638
244.51851673853912
-3.8061411361299786
28.378087355292433
-33.73186676201524
-184.53386392010728
29.79197756269691
-160.01864381971149
-146.91937068552397
29.052694825390297
-41.1412019985795
75.99875898224437
172.57008812706025
185.62269480594827
146.65145183823637
6.95106841539906
-144.8794835376199
237.28313359575716
-29.296849184768046
-63.18137791147668
-122.21849310905581
57.86142122650681
187.2062367237852
-18.21726670146462
-97.6113984220161
95.53866278617998
-0.4403471119186535
-31.7640813681103
118.06488273291343
-39.80980485337618
-343.44250905863885
132.47537225982197
11.667479963044634
173.1276286713336
-114.18119432469176
-21.995444580466653
120.59129267866322
93.06848573426564
114.55399964694087
-327.7403849805952
-73.9044270830331
0.33586546749606994
-262.7250769241468
168.1926306695577
-253.77716103308788
-2.782981367671644
10.407976750229258
-159.92881982450308
185.40878984438936
370.88336807944364
31.7682778992594
17.474827910626665
-98.96285084995138
26.847555916622188
-97.59921846088413
154.04376116891558
-99.50310834475081
-188.64844503503818
162.1809611299181
126.41292408737533
283.74565966139784
-299.51781600735853
20.741670941135077
-239.63623468464343
-15.124796397901145
-13.129833682625929
-220.19175990933786
-121.64149484082596
97.08162347785444
68.35954299853314
272.77900330919607
-30.287526899752248
41.124404064803684
-390.64417881925084
-75.62776598194901
-93.48067479826669
27.632104617817312
-80.90002686493763
140.0876529715646
-224.41568675724113
439.82878156571746
71.61983664427774
232.2378143514121
-41.96583694309546
-87.5485340911897
156.33884301027697
191.82632032484392
82.32606362408822
-86.03127712292445
-259.42842003540864
-4.849750798374062
-120.14570862681057
-257.98860433246625
-29.539762907876543
-61.671990827343954
