-18.409398990743682
211.5528100539086
-14.372088152219431
5.4482786632756675
102.67200769820707
-133.12764989134405
-8.386108428691763
41.0014372017571
-228.06460423586464
167.6123070836646
-88.89543029298393
-131.91873905188626
192.9716511981965
-83.73161332320348
-89.91440860190829
-11.05366087764941
-71.7397458898699
225.70430587702128
365.17350365224013
208.46658910228248
127.49993934792138
153.94411246050916
3.7515415869314643
85.1062450264952
22.732877401826222
-222.13620994676847
-21.173398263827973
-12.372338240172912
224.65397159214075
141.35632032444616
135.99010625670581
-27.53894584998835
-56.68678797565107
43.31684180176094
39.627910618574816
187.91250976210725
13.956114164228085
157.77603949329307
204.80299972414494
103.16457233229454
153.1619416594858
-310.34479713131657
4.535039123277865
167.43947863377855
110.82040342019359
78.53138636508375
28.42830927311193
-166.5648948496471
-161.4903576960765
54.17405284691203
225.6929628994617
300.8853938876801
224.01348078802857
136.947598448913
36.5535902371677
18.302203437277722
2.096001860099753
375.7308843900241
-27.413093282865805
-146.90908658473606
291.9254652361433
-234.94708405900084
42.013632473068064
122.54968282039421
22.211686221283973
124.6337447617611
151.00864600895346
-39.20087339590656
-48.26232414857579
-274.6901589849785
-179.25084199542727
21.145151735994908
-8.051853951366885
187.98185535624535
-2.385589871544915
22.768171801160708
265.7889947462987
35.93730133034278
-37.489780916526946
-123.22070378328675
-106.12040885876331
158.54199077501286
-112.61581638463083
30.03029336276174
123.0370612000904
116.10939369662484
-23.02775728038898
-43.48438983610046
-64.08021857427144
-195.84747324800372
11.077949485295402
-20.842452627490587
63.35963381355953
-23.629187783451567
-68.75899493587121
-243.95459574322842
-312.06178061439346
266.4348861701688
-35.94343678453269
64.1897361528683
84.0145674665018
153.3548931045704
40.861277879140765
105.95029397491865
46.339255413392664
-148.08145948054596
108.84711119165
-100.43696336826343
46.535837894213095
150.57077332980097
31.279571379613916
-166.29561441444517
60.896183457411155
-97.29643333560574
-53.86790351598413
54.436196733079306
-160.0216126173801
29.083065761544148
-12.212390069830176
2.325400496888752
-10.15411529392946
-99.62029001340959
45.43792190629779
-148.9175479124599
32.64488276468052
-13.789307589580936
-101.18143013564271
233.2522077535682
-184.81034493710126
-14.706960489315748
135.10135032419507
154.8112856218148
198.13982237016018
-266.91160513058145
177.58234480640877
138.33286966235306
-152.22587196778184
101.6394045424094
80.49694944360006
156.19636707673632
80.54665977744656
-248.59209184916767
78.20341250868434
-24.799060416429
2.607773126005089
45.962962256889035
-122.79308465950177
-59.754570660555785
84.9939721358456
140.12696731549596
-72.91214681264564
159.63368745845293
-96.79372077431563
-112.96747844233059
19.863068533878128
33.179763027831854
-153.8079192788429
30.650720860279336
-63.28401763901772
-75.13097980958969
15.644919898450993
-96.69470254800947
-9.296166255971798
-27.957280137344796
135.55565964792234
-79.33261371143159
-60.10384319443045
120.35168783946271
-12.173441987436748
-101.60778616515012
-76.56910561630872
136.94565085441826
-31.921565566335055
-45.379477026527404
-26.41189540174348
-65.96650356708687
171.6664217494659
33.20327289807302
85.50937399686956
109.7926947846004
-190.09042117854756
-202.0669919969724
48.736597418183095
4.749152972066127
-289.47265146145895
-195.48163653158858
-19.02209499829087
-88.0711632079714
92.58437854055231
117.17586423825888
-297.0449405556135
-114.5151994580436
147.8770515422138
45.66464319922903
-140.2545609805639
-66.43210104236081
-149.25713687067358
-36.22920528135905
-109.51924691153597
41.094454654767496
204.04756996487816
116.9341199844699
-34.102302094229415
324.20923395550204
-21.513952549670314
228.43602047382424
151.17052557079992
164.01319517508546
244.77298661319935
-118.72990350834205
-95.0702414550804
13.6088988490535
-182.44438604576908
-82.21908795852349
-126.88450799411122
-59.96849594675633
46.80575360444716
-108.91384829456881
-134.9485247873008
-191.93562648386822
-235.91242123130957
-274.65545150320827
-71.67411994280904
-96.84913882606592
129.51752847815405
-38.78102190153921
79.1256623488024
-27.128177009241416
-111.66934497989696
-4.184533102997024
63.021863777050264
113.36365807976013
126.63739704690455
138.28009868039206
201.43320887935135
-106.73702088755641
-100.26157171664562
63.9189577712417
-131.75745721403885
170.39011606243503
0.1841144304349529
58.023698703042285
-98.71515793262692
148.1220295278902
217.56722195043795
54.27183839672178
86.57836710065347
-270.65231052671976
-426.98442597523945
-340.1647765074887
81.03639208711125
118.36668538641405
23.004658474559456
125.23414837186797
-6.148644638908634
193.34641481512386
99.43230660051809
-14.011836315555387
-96.71071640210646
-12.770494246242528
40.34759657341107
-36.663941709760756
139.46751863181765
-29.835501027803442
-36.34518456690633
52.948587468875935
-135.92756968325392
50.20876860448064
-56.50610522888051
106.73487213910563
-44.188435139784694
5.959672233849836
-225.76181787397215
17.61189179976862
150.1456720400747
-183.11368209388883
-245.36477703601082
129.87341234262652
125.24307240926703
-18.18052475675766
114.97643470378522
-156.9832428115629
50.66097947283286
99.93691083098427
-24.654343097614195
156.3111900382806
-19.343684166627607
-58.264076887547574
191.87254039115254
-149.4192994789171
140.45623571760265
56.38351481712216
194.98856055603767
120.01999887811294
-81.5463874195427
163.28608519508268
-44.54694467740178
62.93480157155203
-40.083718726698464
-121.86549967055768
75.83817383123348
126.83224615901514
119.31928364296515
-112.9431344065723
146.88643389275344
303.25454263444425
229.22749432671532
9.624108258372472
160.54764151536028
-21.307183090572863
53.44911308863643
-88.31950232673641
-195.36965893148485
-30.25458984432524
-43.30404338862221
158.8330674286905
-183.25352953592534
-68.83840812132769
165.34637932104303
78.88097739242248
-41.74764448853888
8.936213252952461
-65.13111120387802
41.50514585131343
7.881449819479202
-318.6465639039228
122.13190748286513
-102.8788468525323
-120.70849146025748
-108.68966736984704
-107.77091350287454
59.697512887044404
27.41415354618755
297.1533494469848
175.81300878643356
134.2003609842685
184.79182642122075
-248.8470136251541
-313.93258393236954
76.28390405994519
113.7045440402786
-279.5466653338989
-41.80114589114808
84.8267179911654
-96.24084113320555
-246.4129772166376
-305.3987897554249
85.43200984058284
65.3888058893053
11.277739758189645
-173.84280977779082
-21.28492759691941
54.88970272001365
104.58324331656726
121.8844014361628
47.3458041803393
-140.09862833639238
154.86419600670806
-95.45974037684519
144.38586174770336
38.512040841759664
-168.5809856533755
107.65712117582385
69.87658584223891
12.59040051652522
-24.26945302282223
-43.969226193340965
219.58733179944346
-81.73722607987325
162.6178772108792
5.2634068309552315
-63.979362525038795
199.11507453996467
-34.35888701676609
90.90519009242328
58.84135205454616
-80.42307571975229
-319.31568861248536
77.38844129912609
-203.60048849800154
-8.750670553453087
-15.903253376461855
69.04381142659317
62.55042545773851
188.13721427728674
227.25809650869073
-99.23972786458727
-23.56392191936149
158.37352886398088
50.802964054187775
-20.221772045340757
-139.40813959270403
105.49734930238994
33.01076262080721
1.6850716776765728
-45.725527135861284
55.08034520413391
179.11224550277367
-342.155581434562
-6.900466361716069
-188.50207719195478
18.09701565525624
-39.56452032927068
-479.2171395763129
-57.47529210992747
-52.09691392981445
118.04968132352711
62.67287578178067
-100.03007078830815
-10.45455521906773
-178.18360096122439
-335.3098938581351
17.811435961931867
-20.707857287659202
-64.81323835924816
71.67191543511575
123.5724559483576
187.78667815334583
74.80799772190589
156.84211689441435
7.411222744294012
13.326891555228151
-155.93362349137897
20.18039568406823
104.00784973257981
99.39244646552241
55.31333323962784
-197.43597174037544
-118.97492333083817
-72.18630442830639
64.96235770178329
82.23596834346431
214.9549394745462
219.4863264717416
-248.15721769582885
-108.934067784535
-14.885744421352785
59.218377243172704
8.566010465762487
-30.450727564908505
139.77370834453293
-53.01992882570856
-104.25281979364543
-96.03254125076806
-158.70010769304565
218.3075770153072
-244.80783574602776
41.24571118342345
-111.58580270101679
197.7903152844672
-160.81998317428616
60.906122060602875
51.46410590656383
-7.196343319506809
149.42443914784272
-0.5851780684355713
62.55517072745315
-50.643252139534944
194.24442648403902
171.35273169199098
173.05361666450662
67.63505486740218
-100.83081453875718
-36.674410246712036
-124.06555366963939
-287.8184715594719
-205.8668966890712
117.19094958358852
-103.69387757549818
-10.45156931821782
-62.01247337414897
-104.26042899003234
-269.6073777834441
-50.82172046152884
-42.143104279843456
-278.63657710037126
-21.43430116924487
-283.67971781206285
-197.03882980595
112.04984600858812
108.19557957335635
-19.26369224190608
98.09014177039367
-19.850058979741835
246.15304758976671
51.98931271602538
-130.70255334324025
38.62866981424105
289.2772542275951
15.377413271599066
-192.36134012034094
-148.55833576475803
139.65275193521018
-12.055492683174466
38.05599986804277
75.3320586156116
359.83908556732416
-111.87414007203564
-123.89945517197012
40.19998601891815
41.37879956361504
-335.17041272006776
4.180033062639057
-26.836812968725276
323.7375014868542
-34.6548218822591
21.577929754716358
78.63900422634606
165.91207573111348
199.19413807090646
-70.71448317965344
-3.8267449173252253
47.54380507066137
100.59292317041326
118.7261797233922
50.37262422188378
164.01222385018855
87.56287193819922
-163.96531757192076
-151.0901705558454
-43.49766417595439
-0.6448682617477283
-22.239740838570338
29.111202710443084
21.99715048488228
-41.79578467080216
26.606243556910957
286.5088854236346
67.29206162617167
116.66184359026835
240.83862414310403
140.21608612590035
-179.6437278310045
209.5552238207025
-2.603780499352231
350.3704680011972
69.68990811449366
-9.942324917014393
-137.34282792482975
-74.38378597111365
51.84241258916319
198.01475947916998
62.66693872653195
-147.71224642036734
5.587351866080067
-50.02719400618732
-126.58045447220151
176.34400261207452
-17.783528802167837
195.37819430366284
-88.45775957815148
86.0345837753212
-48.93163173493958
-48.58704611587014
89.85673390627308
-20.405622346498337
-67.71619278412244
95.37571863851892
-150.31771710015943
42.67788365211284
19.880729692123502
-61.51513222402099
-121.42279994210905
-56.866727165036494
-1.050916886077475
-220.27973258187285
92.24438008996427
66.81050522907765
36.41935538159396
-120.12807404462664
24.833036805045325
11.97135461965558
-51.123942314957176
124.28846530381222
48.9080326127826
-157.91398528686648
-114.17731489525252
11.58019418383232
175.641673960368
-233.9576687143237
127.02742690558337
151.13120542864087
31.965856505866014
102.53862632937451
51.235255045645374
169.44059703212625
50.71614143046588
132.38970720124775
11.881980829487265
226.8931297172515
119.26136994153231
-12.20303619984039
-153.61548705535395
-62.3395674638356
22.88387355939475
-70.13780267453225
39.21561411502917
226.4305027222878
-120.5673347639591
-255.96566324733544
85.54969427458308
-108.62172510596176
-53.02959066355236
10.166332797310687
12.779937311327991
-25.23916189582237
77.75871003124448
347.49039171483173
-55.0744752326174
66.43455306855395
108.69181998930159
-41.47608388231551
53.94497994913379
-369.259704440856
108.04155338952987
-13.40090968010779
176.51895299545532
182.78227631406813
-0.4780604403073627
51.84545812623345
-96.4808933417975
-57.78511591309016
-187.56569494938992
83.23504427450807
-198.92433354712853
-169.4092290205811
-20.329905145089555
67.82860306943729
155.10250885907507
54.740658401792125
46.712159675875775
-66.6906599946528
89.47334973034562
38.70119473413993
221.35962426804394
-17.71583136548544
95.0202036696502
61.14997691153925
-133.7865800393516
-44.7921523127797
-70.1928874729443
-158.9699003935526
206.47314330064998
56.582884854364515
151.69096352107988
-99.15159941821413
106.96877687298009
230.69398428327247
-139.84310375574202
-229.73361418948423
-64.17228357007328
-120.80658540139666
-11.743297212691571
293.1289273389606
-57.90183104750961
81.339171530241
41.51538331996421
-165.95988179364545
65.49954655643485
70.26478742464737
-391.09416754809536
11.50331653977298
31.126591294298088
106.97162935576515
12.804441648857614
-60.21402256046351
139.99274340264282
76.92533766561952
-199.36038565337077
-231.14489030520906
33.685769004354306
-167.71867483599382
145.1469161542225
14.027248579169461
114.4500743088106
122.22981735496049
-104.09657685503394
64.26638030994167
-45.78155881104619
100.81138339943159
44.64156877996789
129.782459250967
47.47362397297413
179.35837429113653
196.79277936103534
228.11730154109273
-128.86607234772737
-54.50274499411136
26.731199425750393
1.2852155228576354
27.41265353951408
158.4753163689397
88.68639518719601
75.4380242143743
-301.69470406223934
-118.76793803419467
186.8189470063839
149.02512120161472
-115.45430439697095
-71.20083208616573
-128.12674392413905
-7.974883977479596
78.48718954504362
-27.755703811510188
38.39163797259632
72.10755156938517
-9.345830562994124
80.51861953220083
98.5572301970137
35.29880863336821
86.07837470699327
71.85711350293234
136.3590867299615
-71.36451498874335
28.291211592706105
-108.20608273271114
30.755935943849597
54.59932961048052
85.72065353023984
58.85112798785645
28.532842349606103
-90.1904738783879
58.12088489262164
-28.64023409911149
72.39034759548282
149.47346771538653
212.16321356924462
-141.16744241857117
106.4122734390131
14.521651549750398
-79.86137810374217
-237.53690896411285
7.13226481446002
-42.84516808263874
47.65199548750191
-129.25807183872038
93.18400590139996
78.17364922739188
39.14131603073068
47.164961014716994
27.74973021864899
-11.126417259920032
120.94696473855123
-8.934811669934957
123.948336705666
-90.1377105726406
4.2998269327425165
-220.3018893152818
10.71066011860177
-52.43123106070451
-40.92275385939109
-65.53027280862709
47.80492551081884
244.0586568618109
-80.59142942084074
12.832097864506611
-77.19102272084355
-107.8327705512674
-19.99444809851806
-152.04208174152296
66.72806975306963
72.97688529015177
-26.866323892652463
101.57536883375144
-187.77922982080148
-99.2203470487553
269.6839706309831
-20.064973293452827
9.277717110481273
-242.00045921823653
-59.6020115202404
-90.14148300571185
60.29209897671322
313.2906535326935
-241.08800742406785
-3.031261170691874
-260.8044846068355
-161.5721068446019
-298.9013079250045
-280.01468727999173
47.21968017731395
-77.01736799978462
-25.779950632350733
193.57569493347282
137.32631612698532
-83.80782009912446
-65.23766751301794
206.48979090100062
188.69001783066062
81.93217441059927
76.76414578885978
-144.4669737534843
31.150117031329174
68.33774722415997
-68.8983951101327
65.43839112442274
-151.30692210962218
55.67400110600752
-64.68980237986939
-159.34954463765837
-85.10742391564688
-46.2475058445733
41.54722380435293
35.320439700995024
227.29928815354262
83.24505921942969
-264.45606760266077
158.83456649066693
-98.77148535605725
402.77344383287755
60.98357819838134
186.0836205128782
232.81777426753857
26.04427973601575
156.26022096835058
-21.634464664025593
-76.24055067187602
-50.937044817931714
212.60087620066597
-144.3197030224932
44.27494198799584
31.33513157260489
56.44759716373468
-68.58580595116855
-36.923183955667184
143.69045565896766
-51.00197810066342
68.10041374248219
-167.42152850777777
39.172461896096095
38.289433481109064
108.42048229405873
-191.90576500505765
147.0538205234467
-92.72865126873458
-77.65453508406254
-123.95222715343014
27.171203843271783
-49.76251290765439
-89.61487561661632
331.82572865741656
149.9101214732628
-50.04127947076722
11.456333126067824
-83.6067048747414
-171.88305470847598
-227.30705697255212
45.30543256373045
-56.25405423859559
197.87512752216978
17.70342197189442
-90.13649770494679
11.9074645279342
-120.27054542904045
-167.6778417187591
17.819772000561585
-66.91425450116681
-34.56128588974014
-228.78637201099713
73.16537998228354
-6.352135862795951
-143.46755933114238
6.517508460343546
64.6634884345217
-85.98930589958057
196.59168345043076
227.88351967353617
114.6772956830803
171.43449717201696
-118.4191644452357
107.32140905715401
0.6495348625525301
18.70436731817096
166.38893498465129
114.78019682858398
-181.94736674633762
188.5101622549179
43.33137012142862
-54.879869728356354
-104.25022137481712
33.6310887157936
223.90338031692474
61.73410542855883
-100.74637527868789
195.30372690926018
108.7030216037063
-48.88333381974254
-91.65919870988381
-65.72741004538565
-70.3273268348235
129.23994004635858
-203.22588915714985
57.07553956595894
132.29349274832876
31.608890184141845
241.35120424794113
135.4285148931205
3.196729155605899
19.714915289751627
219.23666894470807
105.41025149247601
28.379969860713977
71.93715695620732
-87.96313162077102
-188.4058690957816
100.73957095310597
-125.25314004272067
53.65269560461761
-27.31361650393509
45.04904535593569
32.99867174424222
77.98620986614443
77.96436670827252
-110.40192731706485
159.33805138899885
115.80723510147139
253.08673033333164
109.75457577727062
323.1885742988766
15.416236933642455
305.4926287433028
129.73979293556152
149.56540853622863
54.80011249236219
-20.852964860896012
-58.72856435474937
66.63167116527103
-96.69814868972253
-229.76591811740627
-201.20875199066887
-64.65633878393844
-97.80161515518294
70.37016941270544
83.44541232801403
360.02447129104354
-60.03262035538436
-60.54883065578313
34.06657947384222
34.38900178767187
134.33534009592984
-103.8284226485657
77.97916045718033
-316.8679523857187
115.59288502855097
40.83381670746493
265.57036314511595
-168.1030630512049
152.49448957008667
-160.37435985596298
127.15446200070829
-43.261012946589645
171.49638451350407
62.025399994169064
-189.9997870686768
320.7395045843136
8.991138595616071
-162.16377074600916
-75.96567348282292
-0.4280099446794482
-1.389933140916499
117.06587772358421
-39.624375111229426
29.641405981532976
34.827459826132575
-126.82946067164882
-8.578423142172525
14.897239118646043
-127.0441723497171
-100.76489282398013
-26.47546348197033
23.604906500441064
73.02163399452152
-97.11366665756475
-27.271914129442933
-77.40471453334452
-25.395939912749032
124.52696683226722
105.72913946392414
42.688552918342666
-125.59666572637326
-36.69275712510182
51.65262824212089
47.072975423635775
110.32979164725923
-35.85459491693046
31.68601881613876
91.72908763789344
137.23968158135284
16.401029590072394
21.931827816440492
-27.910621202497847
-96.58412984871576
-222.43348061374746
-8.998002634827795
-77.84367726011821
354.46087297686546
20.731663350477717
-136.64934332570252
75.40668069416101
-156.56669670314633
