167.93636355904493
39.854955984706656
44.48565785895897
-221.29091018498806
-204.2020590307818
-71.79639815985854
245.3111837763159
234.6828867251295
-48.92161136649193
129.174555764784
228.70244850381658
54.38785358160855
163.75698811356887
-18.726423905972958
-303.0188768344802
19.57251951015982
-178.62924852644898
-26.742442217717727
41.294695307558094
69.07605015892969
-106.79938955804175
-50.30951912035916
67.80635273934122
-102.26681749306782
221.3255741690511
-35.674456258005236
97.59146568861118
-8.696010399228907
70.81777342456682
46.45423920195149
176.5887598306092
193.52327360732173
-15.593217539753855
66.18251751960852
-75.4810159880804
172.11920900374008
228.42144934779535
-8.04661305472406
-3.0004794540316624
113.62499491742999
-43.46060899959159
30.11461237072446
127.99254223678788
-199.48397449269532
191.11238712914056
-153.44076780282953
89.84164169526687
-72.50326734861949
-275.13080231433156
66.69659276743914
-147.71038335108057
70.93228457672652
241.9743920715341
-51.31430790497832
10.353739532629184
-63.302291347869655
86.27458253464316
-148.6239182270602
245.35900457742324
32.7990496402152
183.8062714948711
183.28025634030084
-60.44347749981278
-118.8296283321798
-44.56663399676215
-260.2815838153116
34.368197511570145
-73.32220952316334
5.894948289141139
56.91642755400275
15.882414570458835
-72.43286430437777
-104.46936273184411
224.70767709794885
-34.710435189765334
22.385600305199524
150.9847368693022
-25.721712348904237
147.95835830861324
-200.99310917774875
-67.94939978795125
-58.532632776979334
-298.9630450092187
47.48519347415045
154.77593702665337
-11.676225253242453
-282.53848921102895
-61.691988230316475
-121.3265236826118
352.1792050296793
-67.75712155750972
117.21531956824089
18.616197911636213
-39.412596472069474
-40.84631955839924
-156.54604940633246
25.85635387901369
-230.65856979373208
-168.60411677351453
202.29640537171983
-128.84609755238725
-180.10329371161419
-87.43244915188664
-119.1871521097699
-189.3731400935648
-64.46178579400525
-109.14957262417674
-102.3370936381451
-118.44040438542078
-45.421253003443
-88.42068147279137
87.19375950231348
-193.06260263254094
-162.2815603520185
-367.1994912337443
-166.04392554963397
42.06054570404668
-257.0266867763164
-108.16166559100165
274.21144292878034
222.92910249313172
-64.17397630827324
16.624987155937692
319.2846886352716
-137.63166389456975
-249.8092144212419
-6.090493909364614
112.33404451348586
-92.01402683962412
-30.607472425435834
-190.88251304432214
-63.161683384751335
25.56250961993739
-91.32245592320847
-135.7072551107154
61.427050603411544
31.564704054043997
37.994948081780656
-171.03046548886462
-81.99929225639463
-155.5959200886942
116.68285522626898
-105.33297158445298
-293.4972141236715
-172.86917094225294
-71.66891901606772
-71.26942674398407
103.56221592160269
12.744843292631884
-188.84620464892075
-150.7567569497976
-30.9316049499934
-169.7935403046079
87.71557193706373
201.62370470405222
-168.81813563108614
176.87560521616007
19.317313630010926
-6.103917256239797
-238.5177598766832
80.56993955062164
-43.84829002644204
56.552651469843404
31.993639536530786
321.2180407459826
228.18598621262046
54.58198054197548
-129.19836067935626
33.439552213634286
-224.3554223648747
49.63650976888707
44.705055354981496
-300.17921740244793
58.10937902810842
-75.28079652102807
164.99376190286836
373.97203105849144
-74.92845677396824
43.63145598985493
87.73982495031969
14.580321265280455
3.344693653572724
110.22111509510495
-83.12229846231124
-221.7682986642787
-290.81536032245424
124.76537273717464
-69.75300266360483
-70.67054132025544
55.65799242503819
-125.85562063874532
18.525164343798203
60.2286310531253
-53.0741859169469
-148.03012602163435
-56.8351458144637
-88.3511036933329
-196.08498887115957
-76.80889352443366
-144.29025449861743
-295.11522822816625
-220.784141392514
-49.384068324037116
-352.87138844626503
-80.4708712089246
-180.74579963259333
87.04901688077055
-237.52522074804799
2.1568843317449597
221.7562655670799
-134.28425097459754
264.8555934188142
91.1738255116923
147.45633895851194
-160.36695592935726
138.01657665368268
-148.3718230256175
-167.77517995178678
198.97123026882755
-18.164242055189394
238.55261415702654
198.0803895850251
-178.80594835816106
-52.10750702486913
-33.99101047101139
-66.1141336082684
-41.93110719413272
-168.7440764967308
71.74014617118434
-95.52325033898184
-191.69269336856826
90.92389449913098
166.31118795910487
-56.13201418706628
130.60080965573758
-141.0787992820383
54.68635381635909
259.1900441945238
55.265439569879256
237.94868021655583
-157.1666015423549
-99.80436378293987
-38.15084086613828
114.6991067502454
161.80225178219607
-32.44645779099745
-63.83822830233831
62.40962820341429
-101.51721338452914
-91.35673076096333
-118.179527322611
90.01672765704133
-161.7662170643655
-12.098708138515219
50.210698279580676
296.6638928766579
-28.751705961349828
-13.668951551403437
-126.10663087662627
144.6328718146937
69.18503296135265
-5.894803827389179
274.8008015568377
351.99063164629774
44.98763540656425
-86.83621032510108
-36.20412166401566
-205.63083133057697
117.47894601831239
-298.039961209932
-34.77014815883168
-15.004326030526359
157.6983095738216
-256.06738336347036
131.51164219020714
-82.97792201842378
54.96272366432741
309.2194661108829
8.835802565088196
-16.059525810356952
-67.13262717316027
163.39452620839256
-378.78501826140615
-38.237212902864215
-108.82889232444484
10.922143766054251
54.511448824652355
55.68232046642728
-102.45772109441526
-18.382657101198017
-161.34258829837174
-7.346404871758641
-283.05985107814183
131.15386913313193
-22.34449572895836
119.10558280213826
-208.7107580312546
281.6309975658542
-148.39437392382757
175.37372701670043
131.983010622115
96.36595972756268
-110.50889908096042
-303.55555116899063
268.96834044576457
-36.43260398871058
101.43663078051036
609.9884378371528
-55.542929596550564
36.49588787455989
-208.38915348496153
-145.10081246489048
-208.24909733654658
-124.30522960142493
283.6017229484482
-71.60215516654547
175.12873530713867
130.7294838480891
-285.6409872023502
-15.243091236778806
36.2096084576683
59.64668317496195
29.346898971082574
-124.73059947287777
152.23650274923529
65.6056986297925
-153.5917307427222
-45.10018112176036
-340.86470176216113
-258.88364718903966
-89.73533131344804
193.78300205075777
41.25433421278953
-83.71264562778568
-136.29534103389508
129.82660733990943
165.990347008391
341.2263935872769
-204.96228559858577
-34.45860539106954
286.36415864180265
60.065698424334244
191.80776079322936
-64.20300309209146
-194.57547764190508
240.31715944916942
-90.89204682585382
-16.804603897356362
158.88241603757066
68.87165202249213
-238.42942897848542
-107.5315791382722
45.93067359602673
134.9055788506615
254.16691198201812
204.28518689570654
-39.698576528055135
-54.292099195376295
-34.42432140250847
-234.3409875017059
99.27298840774628
11.829375188517895
69.79973527650043
179.0283303868904
-73.79748479853933
-50.520999029800635
22.553783677301265
-100.81022539801668
-86.80191736810323
63.309761171705034
46.31284074543132
-115.8750937166024
-174.0993622513169
27.550600766177162
-333.531075282411
-222.3433576961283
227.88229926688152
212.61030016072812
-196.42923880050458
85.0716476809191
208.43931317488457
-92.03288377500054
-84.92254080730011
-91.73342748658877
-97.60852738666163
77.83719578424906
-116.238797318203
156.8305699593664
-156.00487970991406
115.75514830414652
185.87600475910818
-37.76108718918116
-50.269902258020146
-76.5782577466973
-55.64327622814956
-33.542616840831485
-92.73145526328743
13.380546351178708
-9.650988314216312
77.17176755741136
-94.36239760540576
-162.46466875605168
-78.52604315355765
-70.51368636995623
122.38408181935608
-158.51046505079154
24.221626951394647
11.673962662868899
43.329177878636216
11.743441094174806
-58.18765020853972
150.4104588029469
-129.75844684132005
-43.423768879205696
35.189068650463774
15.089460438343306
-91.06464789793372
-205.18556820423453
151.869204762513
122.96556097863727
-253.98058186675206
-60.05371330892834
-26.773797513133683
116.6901872808165
-147.1067433719238
129.65648881603434
79.78221016875347
-89.16105124956773
-73.55785309865904
269.04096123112214
-121.03990457290487
-4.145509104317691
362.28090227792757
-26.97796144970507
174.5604437272586
-100.96997841919759
-96.92547351602431
-108.8202006112666
-95.75468412616873
-163.2133564807379
228.38973957967255
-117.42809864451428
1.2604510092513879
279.2766690316674
-85.83826355830075
-21.51903873391786
324.960578463118
108.35671373474186
-201.9424746079107
-153.80009100699192
-179.18504102304848
110.58166751362369
47.60201990284245
164.91026784859474
63.89202052046425
58.643516250783456
-30.00615132977927
53.72819637868326
189.89553266345962
95.44716235783405
-44.00227610516794
155.49306607399146
63.30898334749752
171.94219398797685
-56.42281457102304
-239.82900010801708
-102.0076411837743
-76.84730885477609
-108.39344908431056
-66.37185532535698
-142.19790913949657
-10.643422376878824
157.35569497082324
31.180615937326976
31.005456872097962
0.3888185102487287
-131.54156749296996
223.97507597911994
-187.550912813325
159.63282272646893
21.556785204765614
-324.24327437430645
346.9291204243495
-227.02218883287935
63.01344873372159
58.30705182210975
5.831689560054141
-5.745799688483419
-82.6989908761723
-121.95539855795522
-299.53376061059845
102.98832195641342
-45.80428254958814
-120.86886572084448
187.79280355766267
-82.04443770467324
-266.5294922091152
4.519517260940193
-1.3927842954599443
118.62846448734305
-10.979844647389838
-172.78744548006372
52.74824689510852
58.43123983812726
-165.56025893741636
-147.17705152386353
72.87612685457968
-95.99571847996924
-52.428325223096955
-144.74529286166765
85.93149299030037
-135.13201108383134
-54.74434514576022
0.6570999142514493
-273.37472020216813
-111.81280324946954
-86.48532861646765
-76.69535928440344
89.19523841673245
25.50154202466017
-174.45073668465392
234.10852956128872
45.22854200716891
-100.35560752571575
201.32711202696836
79.91840551932808
-51.86868337574636
77.2060850752849
66.0406370107254
130.00355228229654
-128.0694163882035
-120.75007731385256
-29.497135415348296
235.07632750299123
145.98053762543358
-33.776230285670096
-4.337461719575629
-147.8563089610072
-158.8665233203268
178.66246227042467
155.0816798592145
83.36601975393395
-81.4347360121004
-81.21906345103096
-212.96109973360728
128.92680183537826
-276.00074730101505
124.77388983959139
52.71007407601688
-16.040215905819842
-455.09550695911213
-100.14370190376293
274.7646256945639
281.70149957248407
-204.88568412415643
127.6651781039353
-166.54171756649072
255.82767301784435
44.80267073550175
0.5839800762176619
-120.73545957566583
-180.56389968152024
128.82433783866097
-16.651448485147846
31.43741012931061
-231.12610978522213
74.03966035356287
-30.487795309145277
-36.340582131698696
-319.120143943326
-5.961750301465268
54.70724227342593
99.38724546615606
92.0748292568894
-115.77488658195062
-239.90859528401782
-0.9215501357512463
-130.2264996141465
-48.1865071418944
-260.4305260545645
-53.90422121015188
26.922907610500722
-19.514545272440508
251.9685011607763
35.120576334303095
-49.514630859678135
214.55815627930812
-205.18718065701233
-63.3956574248495
-97.15302638058841
-116.03526523203931
28.092043727097057
129.1029733501938
173.75663400914968
137.96746187716283
134.36177769747982
-60.66422495507113
-249.68981772052862
-449.91459750263374
-45.84004135608925
102.35939775507612
104.88397952173095
24.543935267176533
50.21514768426623
86.25420561431008
149.3115819082868
213.53197189202666
106.70937365895897
176.46833036344776
38.184927656064055
86.94719947718423
-18.857698000954183
-257.0585411049012
1.4024272082573357
87.42857400435521
-240.0942426508811
-82.6000475590226
419.71337848215586
-71.30738497633428
97.10130268873283
70.57870716806842
-79.63235565182303
121.52639204506396
33.97073087268149
-104.61817737940966
20.25044236118555
77.61839234373986
102.67179283774331
29.69856775913878
211.40939192891477
7.557129783675433
129.24533254329725
-152.43931144164296
-211.84792055232708
33.40227979567094
-113.00706799614714
-66.94204258837071
78.5013312795107
-56.28216486516433
-161.3797003138167
147.14431428790206
-27.035023519499077
225.30759935488246
-76.55614014037295
-103.07011309483848
-293.1772032698827
58.346237316969194
-72.82961824983931
-3.9641397968397682
-10.394351559646525
-249.30790595041478
135.48990608842223
152.25780617499643
99.78250654375898
45.36965501975564
-139.35951356828699
-139.10980018601242
95.0046426375502
-119.89136536321986
215.91178890825236
-164.13866158439905
24.18362812224492
-101.8221008336765
113.79686710945293
56.35663215674437
2.5364557134031616
327.531614716811
-37.47305979125444
73.05694812485174
-155.51949587853284
-195.03137708934835
-43.135662644711886
-18.04870924846788
267.9338690513298
-115.23527426906809
140.51122441651836
36.30440114758999
105.49356301294274
397.33047262661114
-2.6533240246104386
272.77267922563124
267.5606693931335
-120.45793305577645
-113.21058466688261
256.07810632024234
-95.64082543865824
-145.19637200232094
225.4475354275748
-101.99023012841478
-37.35037146856973
-100.81703543885982
43.009742022585144
174.16603824515843
218.87276814020686
-14.200590469213136
-49.574209202756585
-137.76799847222887
-119.6100030919497
-148.19568105033557
13.646675249281092
-104.66646667706465
218.39885157985032
-133.55834342556597
44.01400247975926
59.68252446356481
47.890117158906946
126.95550673148819
138.52267255087673
-75.93838115383143
27.338838496070586
251.78252952719643
-230.17303040283556
240.6769555682246
-5.66189008923795
37.20530178205616
43.71555449803263
108.9343642769537
-136.60127109014104
-44.10039464198395
-269.683649433288
-143.14895221589924
-104.78553127039523
-42.38056162106774
-92.2810280764156
183.86301946261344
-243.20275976677397
89.19208576250155
38.387703014862076
-17.6864192716247
-3.8335879318673367
95.94466750587154
150.2682247433403
-125.73852635605253
99.49906063569881
-166.99341048276162
-108.6409625447084
116.67456790739561
223.65234807313908
233.78095891638407
12.146346139776345
-28.907454258035344
61.736302965194405
-222.6067631947818
-174.90419772428763
72.82284302307671
-152.68856646844984
-13.867536111869748
12.890059577175629
84.2875882818584
27.905304725839088
96.37319934965777
-29.84567750781571
8.62379234173347
144.84278338999144
-75.13895551605508
-141.93674569245843
98.69425444635328
293.32251206860235
265.1659091641794
27.980741973253267
8.007402198756838
-43.38832396268726
-57.45394728420234
141.89313719501584
-268.34869022086343
-4.890301030240079
-288.39728315819195
-203.7465807628838
18.336481501629066
-159.82741787955098
-249.43938379921488
50.87758761748854
-150.3946155909756
-32.86266847704869
-232.48085257256088
50.849418706189084
86.60527339611274
-51.28736930311164
59.409260533730446
52.92549944173176
77.69663016641172
-168.637686323882
76.47547703412758
339.54649332498997
233.2174510692931
10.072855629655104
-157.13857682401454
93.86644579815622
-16.612185448846777
53.53985602282283
73.14558217046351
-29.666087871394332
284.5742496075629
-28.377767873289116
-27.99858770124249
-26.171952097384803
140.6372157225786
34.75883797562143
-179.6783389977852
-248.81704675844833
-173.63568743626877
70.83914711813028
236.65442950915175
176.39345058418297
111.57883499581173
85.08885577426044
30.57620552697023
-175.36533119201522
19.38455134485148
89.8340318403773
144.75504166207799
-21.00490101292938
61.31342549757836
100.29491391582972
-51.68355776458643
35.98327645296999
331.99115596399434
-53.48383092577122
-181.06889062998712
208.75203921520819
48.985669665951676
55.83517617322287
61.647899199933995
-81.52317243157466
117.2694441526069
28.43501210481991
136.8715568886315
-184.6067933011655
101.91727338830486
203.6909833537576
323.9034207949954
65.74622647647709
-116.60147402268501
-31.502651595410658
-226.5758562517369
-101.36950240868002
-107.1973766680635
100.95405712014825
-24.479909075485
-5.576200922649416
71.29858911953713
-28.100351398425005
-28.000478862941918
262.06727915525227
-52.890765020607446
3.15874751007898
111.85535258636716
-137.79088721442346
-385.9007125758238
85.00791198821297
15.036393046643829
28.790324224232066
260.82628247824675
-189.7842826839504
-117.20392855676678
183.44082286284004
-80.43570393010182
-139.20032021809618
-50.890466855376076
180.66254669605476
-13.894690522191986
-32.379578867997715
8.542951292083044
61.72528148147923
-97.82752285572636
72.24160247387816
89.32337230628902
-188.31796644704147
-272.32374876802265
-158.94413936494226
-11.731948266576717
12.55996547176052
236.84627757794112
232.7557461567152
74.56603076025124
-40.85281567219558
-222.67376151806005
218.94152104887257
277.05791034303644
49.51744353891468
177.48753797263768
-209.03833349445907
5.384758618525499
65.6399230631406
214.02042347297746
-205.18006641439268
84.51054619990465
-242.67541329418233
-130.04716229340792
195.91395737045693
-27.76228044263972
30.45042700200616
-26.822496882658584
168.75446110038482
-7.024029131716427
-61.29994781471695
-31.09043960685244
-84.68847328732595
-41.82704301237722
-179.82188908196915
-175.67677029423768
149.54143641471745
68.97992748682736
-311.26433550798527
-292.07948868639676
-164.0244345908759
103.9165152896485
-68.27678761091829
90.32428372462518
218.48087125243907
-301.9692428873055
-89.01344075320058
189.34843276231976
180.35061573272594
-70.0852203428456
11.545888014794292
-38.46980838025308
131.4318024305947
-239.27782957460605
-100.4492379518102
-182.58894944639482
19.394522846272547
98.10812137530081
-80.56780009696718
230.96717748945076
42.25129415376189
-100.27719393783765
240.29132877335135
-248.80258775245383
-4.145657767126998
314.2807527864027
43.456374606054794
-197.67273552696474
26.94645168855147
63.84280515640426
-293.50700640128605
-11.494953635749047
-56.16826484888633
-193.92608277656151
51.72944953664259
-215.29134448586444
-27.211941487996974
106.73524247797319
2.1654027606248505
-5.046409083789705
-59.23921872138759
11.715149350092807
-26.294893077265236
-8.973708168320083
12.304289405429039
116.30428634741808
260.1747205622666
-250.4534559783203
9.878822946564657
-82.88028588887927
-107.69306629708123
206.66793082826038
-548.478604048499
-65.8838467938558
78.37059745026201
-40.10453394451649
-550.3914229656358
-152.8238324187418
-39.894683475463424
-0.45721966989858953
215.65491021706592
-56.615740677158485
58.04312287610161
-29.813708089282052
148.42086379835473
218.90496243500985
-60.99980956992247
-107.89935784534912
142.91780843884095
24.44577681410006
180.09199622045517
-61.98197623248331
-132.55124709197895
23.865072115989186
-177.89754791140433
-203.06853347060917
19.27544385901839
32.04511643858517
277.7338569502842
116.30460421478976
-125.75451724392047
-195.42534791697875
157.33283921214493
-24.614251115001483
-109.39844433768262
-246.22920450536213
-264.6814309912303
-215.81652110172288
-9.097032641113774
-59.14460492597077
-33.81338631939903
16.123170395747074
145.95182865239644
79.6973874745879
274.74363027980615
