29.5698225302355
23.55455513165699
-130.11916447086483
8.597253762586307
-328.6993191647998
-485.12068089933496
-47.2812802357879
126.15620348264338
82.074397753113
68.83682803582465
24.784506435901147
-304.22089166170423
122.6854562835118
45.01397332696528
123.79794304299573
28.73885649315752
-177.95748553826468
231.95146412135665
-206.1118651070088
150.05050463023676
-364.6951605850892
228.38369706471482
-48.10608272876273
-44.17589877421027
-61.96884200923219
168.56070249351677
60.25743848703556
73.28522890702934
-96.94959189066573
67.70660471694903
-77.79152957986926
-119.95604793677914
-244.59538254873834
73.42119820336417
-245.8725709714076
76.17857707030252
-34.699620299624726
-88.401442567719
61.339245418962
-169.32743940139972
-131.75204441525304
227.80415319387606
-166.39739651771524
38.3666155978664
-181.06281261736876
63.84081044918796
112.54598565352714
174.54555901545845
-276.8357873164786
153.37881791989727
46.69252131076762
-168.93866716780275
-26.09512674957418
-8.776620798122343
13.618072614783907
-320.7316365840445
120.92470475186046
-164.80659846349275
168.2876667411253
-85.95998006546581
198.59622509831422
102.75176591398122
-56.42237302410298
-38.10503179598455
319.1693248978496
-136.67493189626146
-77.82305081731062
-195.98285871649202
30.63384760174685
-162.5851737284705
-39.25690417430845
24.190251080339518
17.35673257943113
-118.47191318968504
20.894615204490375
-50.256103038822474
100.34769905539696
-266.7278774446539
-31.786284287024817
-139.09184611269254
281.3107125602289
22.198223885238182
220.26183503482955
145.33012306333157
13.945367869448857
-39.23061692625797
-7.019799213842365
-69.2724217116131
-242.1214854719216
157.9180709835766
110.60776458044877
16.740815909474755
-38.71676895391092
17.54399406779687
98.78218037117503
51.175939838050134
164.55673584363382
7.679230158947238
1.5866605414744002
-49.56683969850257
126.96290074669008
122.07597314858607
87.33348565948369
-39.11819345746173
4.987560420215996
-177.6845576753902
-231.55613053311197
-54.947540764748894
-7.632672428031334
242.68763619040288
23.276795626990648
-130.0439822951304
156.08537785285998
-59.12906090956967
-29.801555861358622
13.644544133261897
209.36560690898565
-148.8064345259549
65.57038446103941
124.52984518438686
-170.63670886776248
387.4875061106004
-220.55861104219588
202.52951145037508
-258.78881480072295
-8.575343582551708
30.974852569560237
56.367774707402724
-150.38474308865437
-149.57381096485733
-167.85433941692412
271.5662463024872
-38.30498327179067
-183.79468555938428
-151.82636486514943
-1.0631684267047716
-182.13211633488928
32.47791981084168
265.00013458622016
-3.6055713838457435
-32.926390564484635
-157.64385008847105
155.66547311952465
122.51899856134462
-423.7785079120941
-186.61917666061973
-171.67587510508142
-44.117470381526346
-280.30808792781033
-22.776723339361144
65.52249771502767
133.99477427139146
28.62688045340672
-242.7898151390873
-5.873824619941443
133.86428238380202
98.93540786484175
82.23830750983758
-208.394802917424
54.79914981527743
-143.4612558647194
290.46309112201294
-28.20587639563845
-113.64594424143019
133.69098793085914
39.80010540031241
-79.74138377368635
348.6915228846516
-54.799450662586075
73.38874323309994
134.68991612087655
-53.05228252785309
-102.8387705696063
-61.24403749648606
-79.61927627467304
134.7521989520308
-171.399295494418
-80.38733897668295
96.57975641154232
-119.73197196647654
-73.54614691195013
-117.17055000524387
85.48955140290178
96.19609864408038
89.07301735917582
351.04287319023825
-75.89157240237837
-0.5042803106638929
165.86322878312512
34.01548897024649
40.332506150750824
-143.34199666757632
158.5574855678582
-216.48768222125656
105.29191467523347
77.69077690747145
100.87029329930458
107.85405558757176
-11.57281315698814
-107.7499138467511
266.77583159589307
-9.504874166777142
81.57223262218069
253.72928585772507
-267.9579663043518
175.56664633064855
287.6367623643469
202.03255579567343
104.43245482787931
-137.15939556335832
-281.5523652967528
146.8543663884793
177.4953529466339
371.8021987292616
-146.11565803007423
-74.49742242513359
161.0355057805974
-96.24823446247821
84.53837177188333
78.15291552976879
-15.654933462750058
-235.48124065774965
-27.735438705145967
94.65734842402742
93.83664925833654
128.09887334483534
-126.11812978167016
-206.5512506473357
248.6660877900766
-110.04590251350818
184.2101312776878
56.219658823821064
84.94056478654419
153.4065482559166
-430.81520867763305
13.921172501656317
-206.79612928283223
219.24556316622576
90.41187261824099
52.1149087879818
-42.86529744227335
3.1089355765036295
-128.4277715549953
-265.8061806823841
-320.0936620141846
337.5991167792353
-147.83209795209265
-192.94290211258107
190.12665089267054
-76.3784228125887
-120.50959211491381
-90.45644563217324
-32.15865228670164
76.04163277174612
132.7606566684337
-23.629642096635152
-64.8283508178023
273.60095652134464
-142.28830064057792
34.3988426811461
72.05394358420017
35.24284055081821
-95.36996753756357
117.1470772880483
40.15611189566099
-1.24150505858842
-239.09388894337962
206.9549128871751
211.97850269121335
-63.74897338403739
-109.6887050145634
59.52218138148456
34.26524587621876
122.49890598333138
-184.52210788843635
16.759911775710982
-148.78350775591994
148.23915476038604
-179.73512619065426
68.97823931381558
-132.43069195088015
2.7063837489612945
-56.21575040879159
-57.37070699630659
-31.307959738379726
99.30437630491355
71.36230123228059
-66.58003334437927
-252.44972749607356
169.2217320463276
9.04868217642701
-6.2923906209326645
124.67836061085698
-38.933881641650906
-227.1013608008486
-6.318590582014957
-74.42921654561167
-335.71970029609025
192.1740828488173
-104.4192662976013
-3.0494831776504467
-156.14582307568537
-240.9541316121716
-17.542936577464825
226.21352722639656
-18.161403724423458
77.06178817413307
52.92177537940951
38.82535572062778
101.27451522488127
-142.37555027240876
-109.39611644249166
-144.89521931521722
-113.20647397579701
-225.08389466646705
-225.96856451018485
-145.53292901044088
155.45194085148046
-73.82446571628103
72.02649550867555
-31.488034998743508
-4.610210975431553
-47.03256369459207
-53.10759958127689
39.500707163731896
133.7783432062129
259.30501180821267
-164.16596590763194
-23.744361691540647
83.09539744150601
-306.65527230771534
320.9975763601252
177.53008936306315
113.93621916507688
17.95360174346089
329.8337267161118
-87.82570718581978
270.795956445457
30.107829302912087
-61.6084231033135
-72.43740345961594
-70.698398238004
-1.4605277800730776
-53.16677149592253
155.8762251470567
-39.396539294541775
68.23252467861022
36.02808895563313
63.435599163257734
74.05977474092228
-109.48203547208138
81.65551689357586
-150.19095780900454
-12.622880411709676
-98.16857692983957
63.17530749472178
-67.89277416209755
-244.14652538844555
4.481829798972235
34.06710000861757
343.19483856951166
13.763973648577739
101.11266551227781
254.4129460782118
127.92683773414342
-181.83740964100585
-77.34684573652945
-58.28468440441223
-104.72098292055321
28.177660681845005
-78.35502898716314
-6.935182941238951
-6.594489177272869
321.2954913382471
-299.60066455218555
-9.21879037347208
54.105283353072004
7.405066653361864
-136.45885048581698
-388.45134436416015
-195.30997721732345
87.93434052766835
-19.959001956220227
112.60256727634281
-112.45983061757718
-26.1635849400312
245.41479599357262
11.134916911050498
-34.664803859096565
137.29926387824958
72.93354504949738
35.30277959743515
-200.48734192428708
21.2576463900802
235.20375739498152
89.57177673125531
98.3890610792233
33.938550013785644
75.82867083551069
-182.15777615017242
35.090939328982
-344.24033649330056
6.960601566889569
-99.38885472054848
-271.8100267017415
187.1206383884654
7.267508806223345
-100.09298658170616
-234.4536915222878
-177.68919941773282
-271.08400710913924
161.02473418400075
-130.34428111395783
-143.3428988570416
-98.53297298162988
-324.44729978048184
25.518146718854457
-86.2948528343365
-247.96946630116193
97.59332451924682
14.676639563722823
-131.70789266253854
25.31678683110598
156.4992198093881
273.4555916182333
-98.23108153199051
0.813046896062736
103.59600374839977
14.317288904069887
-36.02988262925498
-43.02983298232526
-224.75974407295192
177.8132511741324
240.71837406504653
128.39850386619997
-150.25673556208193
-308.9261122551269
-79.18757757729387
-223.61114301711035
105.83640376734218
51.50131241565624
-302.4559599301317
-163.86105524324708
176.19947548913015
293.7812624568541
171.02602708921202
104.96477984038316
-33.02026405088692
104.15839594951103
-229.62012749421575
-90.35969775841643
36.88055613185055
-83.71094440745124
217.0391317633993
89.93410615267177
36.38223720359544
42.7998886936961
90.85121354364972
-209.974013222381
192.69908513927834
-71.23475932472557
117.3793424790502
-83.53808679050643
15.220629884551872
-112.64742865661273
11.15616929189117
96.5868113505599
31.23355905015663
-258.5623437110441
144.60446364984006
-329.68386074517815
16.030615687518413
135.39280497200625
-132.3987749826383
-49.8763969551028
-24.80731491616612
-26.28697258870725
111.13654975572655
94.86565366533088
33.85025889642369
-88.97536855043704
-175.83158153707103
-22.005773310597093
-76.31617291018618
242.9478179894513
-36.8558596049563
75.36880517948775
18.367027760640006
-191.1662776972653
49.03253888484178
-88.0963724090454
11.724025646059252
-132.3789204786408
-7.2523045874954875
-32.33406693368052
58.788469933780064
-60.98416212666247
-83.6274800272864
-2.2671323835456483
-39.210551984377695
-101.90401081136892
-51.74682262470863
297.4495104948879
-21.46200264176134
235.16679942266921
97.22730814684988
49.66354032279235
-369.81104853034606
-239.23280894066593
-30.681580478462852
-17.907418221348998
-72.2666507317787
84.07809114199793
125.03765738195503
36.46408317249582
-104.21780472569947
-160.19295544569695
46.12183980471487
99.8084184026374
-114.41766394403498
184.51295685732552
-43.65707389047473
-2.727657829148842
124.12486964183934
-7.412589845944526
82.97833771983663
-177.40906378889926
-195.8442113621086
76.83469111074895
172.06812715199837
-46.99590462820995
-37.26449620447209
-213.0488078817331
117.04648096150291
152.78262023167582
-279.5529723003509
147.79511654464068
-78.27051421535937
101.87402524966667
-2.730982619281658
-229.16028799163934
-13.339118252779478
383.7758562949432
-45.46879757404104
29.00371552807968
2.829219318093374
-211.487962104305
-178.76263114451248
-109.06491316168754
123.23674319125202
-46.29564832491611
108.29509452902492
213.42059398002363
120.53959062190607
-48.585971696985375
165.5142367498206
-74.42875445124088
-74.6872441750823
180.82622432324277
98.30601670443018
133.3248910686334
-42.64594995346357
56.99015215685485
192.4493509120877
186.94630012006056
-124.71100377049727
48.48924476103737
-1.3593318738260824
138.22499545735064
-163.89923667354384
112.34328105854274
-200.37916839431284
-26.17822727114791
-112.45311768584895
113.9300912582706
-42.039141658295726
108.0047255512225
145.11500152137276
38.851248284150465
100.75314428496496
15.45409722972273
-23.074838091444835
95.88942425968774
-73.65060215671588
84.49928809808121
-30.846613837354603
74.7649908062389
30.775924873402484
-163.68175326310714
-91.38175007985315
96.50754222805355
-42.18222871213378
35.76482683341525
480.1838859517712
-139.68816933473985
-50.28821501272557
-49.68209161825078
169.5917687314174
-163.45115674703396
-23.10062266656287
-124.61965620328053
-59.92875621340473
-97.99325930699781
64.76603739644946
-313.42633580638864
-92.37130994212772
-73.66766764161895
125.87085399611641
19.458086722063822
-232.83817058701166
99.85734172260831
218.48319065331196
-64.70227125399357
-32.38792386168222
226.05099959591817
-73.19934353694045
2.6759068860411253
128.32030540459803
96.84449924639779
166.5583904626573
103.7302840623023
-208.39229754257568
88.76375314212922
-11.877098801386765
112.18159983555094
106.68329503329417
126.8997576736552
94.26257721178787
7.178550256833301
-60.1234088569308
-134.5446272044144
117.70108879197261
-315.6475213173809
77.42249559438353
125.88822035563317
-197.70492550249634
-113.68707101487954
-276.7355684113206
8.243976509136687
66.92358850010291
-78.79852808143434
-120.97120709626641
146.30009171436748
-19.6105039425627
44.32082650573799
85.70378857829284
-117.09913609051115
241.20609178217447
40.186917095200876
-209.35218905603665
-99.70739943260189
-66.14617503336629
-112.5254575967941
169.59503054900554
35.81044744177943
270.90796119514283
-146.09057066583512
-70.88910122080426
155.0959194043822
-26.485906000498314
186.11104598480725
-142.6439463699664
-75.75655121502984
-138.29916731318653
126.62488141930712
-19.919171394976352
72.44202264646388
167.06103886472167
52.42712721955781
129.4627098370182
142.45339973519972
-8.771361314683467
-311.9173096941148
238.56736904840602
198.9385993985554
-61.13683778762343
81.33314726941511
-154.69793568452528
-87.52610483704271
-109.38111348888188
-40.84720130468079
40.28927843551735
27.577385553121
135.93145762652196
-142.40831981967375
33.735179512814085
328.9082974630948
-104.81591486555934
157.92895025543302
-491.07807272672784
-162.13453052223576
264.6521622032384
102.5395256046232
9.688347187037635
253.8204477643767
-140.01716453500455
60.10433808635932
-328.788126271085
-272.8628498683496
11.340356605506527
159.16482343263968
-96.88437235000177
-120.58033435038566
-58.02250393671554
-20.295742508402135
-246.51622067920232
-121.65958188888203
184.30467712560454
102.37039031159331
26.233393990454427
25.347036700266067
138.45872286537036
-38.21144769283873
-151.3143561697738
193.3608737248608
66.71102355706427
2.684231673898563
-3.2437388530136295
-111.67262021286294
34.47474010995285
-8.873581226487609
-77.76919679804271
143.35628095882535
-202.43651696872135
-188.54402193691547
-124.92142086102376
-107.1107508957308
-333.82396832167234
120.31439547326548
164.23129499280716
-242.2698200309346
50.283793643282515
-77.45576154498698
-52.83952705289543
76.5495644697753
210.08314364503843
148.1877563037307
-327.3648582851139
-164.72240292269012
-399.83370570629296
15.87541568454756
8.908088827135277
-60.278950641511436
113.16163073425258
139.8132267310591
-127.9964205146099
65.08870660485405
111.17713325143103
0.35100337366450773
45.5800524776645
-130.33338739252622
33.05865299205267
253.56409423664363
9.55813938976934
-3.880375830945688
132.4501141725915
-63.329329819942465
-221.01271148501027
-105.99584901712835
-80.98201740017431
337.9123604797557
74.92092185168558
-127.80240551749273
-125.99803853965811
5.8943054441481
-139.61013387880834
-263.8476621306274
-359.82773461797456
98.39137250426117
55.20541546465345
-80.2275171812174
194.57035857048146
-24.711482782161294
92.0299634593087
129.44501918047436
-120.34306848637077
298.57050020975845
37.22873121859942
-26.02213961226312
-36.06664363535969
-6.852096995827623
-182.70095373785577
102.31335622312699
195.3050858616063
2.056782977289016
16.564141539846066
116.99203052265833
-62.43481434470063
146.10996474958162
10.236793017504588
-28.787970045541517
-220.83387767883818
-19.624414864049847
-9.112176729967231
-7.840886875944384
154.94034842126632
109.6126775012098
-174.42059322377852
289.8702540038204
19.128008929378634
190.72418698804006
202.95812699763317
-89.33299977340279
-45.2253319360346
-155.14579525479897
-96.98906970871701
-119.87817354246614
11.178541618392313
-14.28813971745414
268.1365211491115
-14.325140968100342
227.1274659223923
69.19153221336306
232.86827830178134
-139.0578583329996
-156.02672834613597
39.148634053672374
-4.5130275623045195
-247.51040575847392
-5.3970433486483875
317.1738966912722
41.251424569147424
38.32835135701395
-114.91276060663112
86.53351850398877
213.390390166362
2.0879010651835417
-122.95722407805687
192.83138575889234
-2.888054452273444
-308.81997191729187
-120.58241075004841
44.54944644077858
-22.587292648481952
75.34016582007006
83.91910395811762
52.78650022818975
-74.39633119309892
-147.97266337405983
262.67793659399837
-81.48884926047546
234.1149964007933
53.81820443111154
167.56416027034217
133.76030169281674
209.2801897567154
-44.694487098408935
-97.0199837445443
-96.30830457427277
-14.129092542340885
69.27052104599744
-200.01596022387844
-14.728993715576491
91.65980161651817
-53.17314525352125
-20.22830624539128
-17.931303343699675
124.44416764928309
84.80825977206544
66.02308341532348
-44.45141746240611
129.3207919481057
-62.666572755295746
-378.8936978065687
111.13839554769469
-42.59096845158941
96.21145187296042
-54.33328879339921
-29.667128164070313
-41.14421894584628
-275.90171627849645
-96.45071355747436
-73.8281089934652
-205.29063570382675
-344.66996557257187
5.354445546227353
-209.65840050697147
161.5997620648435
4.855718776163867
115.22128920292039
-167.87186130888554
39.86881550708913
20.604958532858998
-61.36820248312594
-325.8688152214441
-190.319989944073
-50.51931730051634
-143.37808101547938
-62.690719610457684
6.601872173257144
-174.20731210936898
43.701374515105755
-69.88515620041645
-37.48688936297487
131.0467531983969
-25.844094913363346
170.8101524101009
-179.4719055544862
113.11024212445417
24.868592148114494
133.14871404350916
-134.73088507048848
-272.9317178838719
20.280880378318155
37.62969864355785
118.28787667399433
301.7141361443115
175.08616369609874
38.61431090287176
-270.9260176464117
109.67826714601055
54.96479245651368
-178.03707987290386
80.57022480758707
-164.76647171668733
152.38250735354526
-150.59794232436582
-39.03729232087358
-63.435556025304024
418.9780527692494
59.57297377048458
-106.86678685073841
59.727479840726225
222.3843882590886
180.07375261467405
-19.84738373313707
77.68152572977507
3.340836726339784
191.93676531507148
51.787691501130325
69.29211288990966
276.935120151645
66.90845253105184
-237.5707489652879
220.95256087115018
165.1274212808475
-105.22103251932684
32.995820830939216
117.93688796684674
98.85968289128317
61.768130733608956
-4.996567996483293
-90.95930634333459
-146.60620667541582
-184.8294616655409
-279.67571048040486
39.81095767645236
-3.4023849548708376
113.74728380151619
-213.83575643210662
21.992836291555097
220.60796457212444
14.177341254776639
-123.29595278637733
-118.44246197788324
-160.9462172220136
-255.8694305351026
112.88078873646866
-90.01065417209594
-0.2079798512573685
28.701065790932713
-148.2991412904702
35.65677608075427
23.59831523479732
-148.2147271550087
4.474823301588769
103.49386680757475
-12.471433746596846
157.42836625726503
101.87319595529686
-42.65208918476435
-56.018318820193414
-208.68643270681153
26.252665899044516
-95.39754818844948
244.8180410424161
247.72147101611034
-267.42592785774855
25.70430251844858
183.1066030462697
152.3448279315272
-23.85002038547905
18.955725150450338
-127.67781318534168
6.7137126930789375
96.27515662643509
-117.53692377846009
44.92455051950516
-31.943894110547546
-190.31595045302274
28.09621742170549
32.21170534292964
315.0878223971441
2.186664648365947
-33.76914757583748
10.575400185811205
-276.3547270386306
0.5542985545413366
-160.12569605268226
-140.80755292246369
