-12.05264618159
275.796558513311
106.39642746528791
105.06810634198143
182.92711633990348
-435.85300160929825
-78.46598179803875
-217.7053829477558
-36.41236285682148
139.1608954624708
180.35135379329142
10.804688932078744
-283.62820137844574
7.776858712542854
123.07397682522739
-51.521505160841656
-193.17240556982748
-17.990365430159066
-198.826182666645
138.31029607604634
32.59914277050834
353.4253401472067
129.40241961553045
203.70725535349342
-223.30905939678732
317.6400546606164
-51.727141786162655
179.68649870090505
112.95406522999846
-22.54285983791712
-191.61853524874374
4.883636069963271
47.817674257116394
247.31811591582377
-164.94151937074068
-126.24099681412424
104.4308474490219
461.6893930009187
-53.264729605554066
-85.41704260181835
96.6630263858048
60.492509418041976
-41.209877995669785
-126.76189355747728
-45.41369400845444
54.29948304749095
-258.3705332188925
-188.32443844171544
156.4933783664282
-311.732937469133
-103.02181993755961
-127.4883780048836
53.65815433713094
57.35924279308362
192.5077034603168
-95.16641313416027
60.38426930696488
165.01329676639912
30.91284995499332
-132.52722114976447
-98.93229452557955
-212.10044046015662
27.246080348487347
247.61921608719072
-9.98109069333981
151.43732657243655
207.8365223894033
-6.927666414237402
364.62367534915154
-176.0875670789453
366.0761201238247
248.76460212486845
-32.41510318330788
-41.185043819610804
-443.425082296161
-249.0203994624797
-105.87981293075059
-41.91988507866373
-75.8173843285744
-104.34992458546682
-92.87872838817634
216.94767435808214
-391.4038572157658
46.06891443290215
-0.9804114963298194
-334.6883267617817
211.55082379577664
113.66366835888218
-100.73682414104938
-48.49235464736293
100.79645339408115
94.66443406054341
102.05783951066249
-17.3553374013632
-149.53168324340902
39.08360464324571
-106.20642203816159
137.90540552978473
-34.170183357797576
-193.3764900985293
-81.23618176588894
-232.97402717458334
101.13604520875734
-280.286823914766
64.29518620984491
25.765610323932748
125.04915017890653
192.14956265497347
-53.093547441284606
-121.70657765960676
-8.281767635670295
-66.78870134009006
-85.9694881362092
-42.38131419629614
103.35764049055895
-74.33169958462284
327.91081685427713
89.70824741370343
-213.2225875629298
209.09084166839412
354.5487235468863
-7.193561613079738
131.07909682452927
-31.543254617704893
-200.4238940319555
182.79499506612748
-36.364613969546184
-231.85802821845743
258.3490851238289
-135.84333056113226
90.30351826712128
-159.51383978822167
183.28503082005327
-49.671051911619585
190.94892488594095
230.62209742188836
-120.25307934459367
11.629534665562922
49.03088093500771
-126.85627069116534
-37.898278809753194
232.03516612146512
72.37175437840378
66.24985733045503
-32.89250026063427
35.06605555359689
-78.72284562969946
-194.9374616602527
-146.34244458189653
-102.7943835662709
73.4754841359961
360.74781340087964
-406.9467943757724
95.6323726390784
-176.43056758795035
-59.299036382060194
-50.19499401907947
-63.09105607889004
252.64996842673165
56.752742303741186
-61.95629034238441
355.914456469952
318.47457277358063
183.76085931840956
61.79185967404433
-130.97473737094484
-16.505135994148176
396.1916601349674
81.65154305338352
-11.41158750222584
-147.4197605913539
27.62627306902994
-79.26602840211018
51.23195881495746
-173.6540634863081
279.5432526035654
-35.15329216353909
13.895309308225247
107.82252866834119
-69.72169460936657
-208.56075610733444
-346.2782828477677
-82.42040735001399
59.2883865041585
16.81525480085612
62.49953837256656
311.0264979658762
-42.076003117214775
291.658608645699
54.02169558747434
-30.86360800445118
39.962784700203656
91.54963020637071
-258.1770376174869
135.26133071960106
64.53460562174712
253.6432377768402
89.36741758416593
-346.70720645941566
-232.1737670225264
-62.2457754662938
-307.25341501898373
151.8190733361774
-164.28859485919142
-25.228836735412685
-226.19204814934884
-37.71165002889432
290.55613266351895
271.0469660834367
63.08928116033421
58.10380193831076
-198.40357046171502
138.3491456454327
101.5835338660204
-49.63112833515351
-55.65502759137844
205.0129547584839
140.62856593505165
64.35575381415214
-7.895191127608195
-442.78129735087555
-19.653408754265616
19.170294384526454
-160.62895848762253
-90.5013868437234
-251.75039818254237
-92.17081532079246
91.15149006808342
-24.811543848988332
-249.70202147933878
153.03615658908578
-57.559122822785135
94.41230783170552
299.73444060106567
167.75881776721184
-47.367566008049714
-153.12803775225467
-52.887670171222055
-33.50655263439823
-35.45533263525256
264.7784469857716
-38.270372906421485
274.65117139121867
-178.68797511563477
91.993687637709
84.6464609768757
-178.48668658874502
-91.39610078363297
236.7508967961964
-373.38710139195496
46.502706888476645
360.14745474534317
44.6936152980911
309.2046585276635
32.01507512243567
209.01132145470828
-142.48009737567654
-53.10832785781356
-239.3110866989624
-0.43525406619421725
166.453899895224
97.78374087081376
92.70227009239753
-28.49853133832485
133.43493240267085
133.37911312977877
188.55627012055305
133.82839736245995
-65.01702211599097
-134.20099728810246
-2.8228042953406516
-248.28437634762656
248.34979035604164
12.253670294631213
-43.435034144355555
154.23857898161486
79.7291085170209
-67.6549441298057
82.95980273202791
-75.80659011256142
-21.062609236846864
-137.2018501953666
-188.1957135707474
466.40078225325806
-147.0812659950876
-177.36447388957433
-21.303008295499907
52.92696970575409
-245.86360283748508
238.16196940723904
-32.13064151867077
59.30122788808922
-210.00975416968075
-110.11186861202073
337.21014074340064
219.77930129471952
-126.54759054299961
55.28587695122943
178.95466066176786
-68.17638904827078
-263.6627972379242
106.91733713522763
-38.992150744227416
125.6403996867698
-37.655481651459
-83.56922761993792
319.31863308239326
72.54426413474219
216.40703131090524
74.97424151958133
284.28960910039945
-171.350053965028
-120.33200249257631
281.54866757552696
91.19506866018811
29.35921184981957
91.95891155061804
92.11403485438962
74.35278270689963
-0.7986134227853288
265.24041269288017
-60.70360225604134
108.53776065682078
72.632620660752
179.22275590588058
-179.24603877121683
34.156216712427145
105.7053193697257
-241.38126981302779
67.2553987611812
223.87387118084223
75.90900025136702
-234.96719955892837
41.05936329924101
117.75494520074268
-39.94272341544505
-246.7200550474489
-139.46416203145307
84.81383670497755
-20.812572317610503
-50.84628061537237
73.56537192949179
220.7487917062169
-40.15987337059948
-215.143282935135
245.85387783415874
12.577525605237641
157.1337863944651
58.83135069970662
226.27455745489482
88.04570101499039
215.06489819996784
61.85269441821953
-13.919942189233026
-144.5062152504191
-102.10916447295543
-74.80241102857836
116.28753763108818
323.2428525123504
134.56224879710655
-223.26290405735975
-250.8186138370185
-226.72657495727566
145.89747047251603
207.429982975258
20.85212775404799
81.71385995240745
-30.390971869880033
-15.92897328826686
-166.8148937858429
38.998324990719794
121.34076048219006
-41.99571037959928
-7.504670711183781
374.46529153184355
-76.35962448640804
168.23493505496455
33.67059760608756
-48.40912355797248
2.1730622407802063
20.67130161842768
-129.15310952356265
-159.09005088195602
387.7837963813612
-19.1954997667291
285.19165136634456
-173.95983370533236
-123.06344310533477
-161.70255140962283
25.111222087553077
288.3338446475309
-209.05703707336315
59.11184459350912
-315.93209560281537
78.7617918926592
19.917859893447414
70.72198654055437
-113.08265031391358
-191.12078640410627
173.2569394109002
-317.76004815563255
71.52993002902909
-216.1894022937682
156.57046758926012
177.3847253585633
374.544313869568
187.60977645939948
-80.27732267076891
61.57665938767653
268.8719692417207
18.349566824441293
59.78803254467179
131.0346622850535
343.9239235479751
-179.1857525141094
207.2989835239577
-364.66280824803107
17.561716078636266
-78.51046096755064
-60.90634913235694
140.50808052155816
-469.6222046585076
-217.12851123468803
-127.10431319547644
-206.99397435498014
-12.544747585250752
-313.4993644720849
144.38161958597294
-81.46752653312497
188.75447040419854
-186.55672787409873
16.75472794743883
-328.4046288904692
-71.17828273732903
-53.452026519838455
113.11909366949381
204.26837825353417
84.61157329365972
38.148291515029356
41.89965563147485
6.578823763965408
-150.2297926152895
-100.9987952347579
268.94628834417904
155.38512820026665
23.050908643193377
266.4257194336361
37.07964234597499
408.6461579975909
-101.17253265516096
-95.09351341636957
99.26799445855096
-49.227792450539866
-207.43032026112567
-155.95187258007337
-154.66911923760313
-43.409265755880206
-73.72519245908859
-73.79254342737782
8.703335236181747
144.9976816600127
148.56908590248554
-349.80286995517747
104.97279368518953
177.45887209179233
163.08370445223258
-21.184404650493004
77.84261776942324
-412.5664302943236
96.48572594628523
-53.882021315005126
-178.28165229071453
-341.984498052373
-169.75741560357048
333.65433406045145
440.25324820629226
-112.10515963339586
124.78843224958649
22.01881731112701
145.8409968534658
197.32293808054544
-50.23441004704135
238.67623881462447
249.66958850951758
176.74641508722104
21.52118535211231
244.88942069091235
51.84320975646324
234.76778201582547
-249.32602835524509
301.3732369832703
-58.01519626205539
-35.02456166970343
-3.88535262975654
-30.273553489235344
-11.697121579045094
54.78955754315604
227.57415196204073
106.93565487570062
112.63144451753718
101.94631308176545
-101.03531183306698
225.1857665927395
-119.65479948677363
114.00708149581543
108.51492171403554
11.621130634481522
-118.2188352626754
-23.44448313974502
-33.55073918280627
-254.24240640165368
-21.244510910721083
365.99802161993057
-342.5909673569138
7.970221279662296
-54.34738838694323
199.0130157860539
36.22879762480072
74.1733111435205
199.60268861353077
-202.70435667567872
217.5117429747035
-47.75803571870898
159.76625691160933
169.22530542875646
10.77481054274564
125.58624519902102
-290.7806867413521
228.34067538038352
165.04453172173382
-180.35162987899938
110.05987224247112
130.72649130362416
-243.76839219043868
-40.91714887392591
86.39399419592169
85.82310320145778
83.83511050458583
105.98804055735728
-156.4714344365966
174.77214946830537
-178.4249075866124
-4.340201567087026
-40.232257643607845
-201.8740449672762
87.41548640897753
-114.29134116347453
232.1086377310026
137.71501084789435
87.20139363713753
-275.8733384153415
50.86184835018819
-287.5731101139385
-55.82461668069357
-60.16714665498106
-117.88149960750529
-356.92492626927356
-115.15873616172645
-146.8665131684117
-163.44831103172206
-237.27605914077856
217.18777738693248
-35.62242678430662
-210.1662588955165
80.3006270067691
-186.50865868996084
-135.89225627356913
306.78672059670487
235.24532208800295
-198.39020781728016
-86.27449144746818
124.7013599105674
-98.24385465762161
358.0522135811066
-1.4093535045052352
111.92585323580842
230.65054045640105
-412.27163999899443
215.63105543603706
115.28718411741804
-172.95552428550354
-414.6759635323865
-282.45791503051544
193.12115461092884
237.4046678824304
42.735232836103236
-67.34680036294428
317.59364372522384
78.39651341195054
40.108855582273485
15.580471518949507
-435.6541191404899
-32.91059143482935
98.57360776822486
207.72722195258672
-79.6134853591883
-140.14162442386558
-38.90185445966695
122.03255602817684
24.931515723039436
64.41017811253057
314.14907371832044
-161.99870289143206
118.44481393858963
195.17952889205193
87.19947409767471
38.06482571158998
225.69727872907285
30.91238332349474
281.5067550029577
-8.467371334134246
-96.29981717469545
176.2188613172396
284.0221854578175
-51.39840457742013
-215.46815941395948
82.3861706991624
-162.59555229814472
-263.2309943906747
-123.76497507756342
-64.33221700117359
85.80626805744812
123.60649256261965
-73.95563010879852
77.60658821729108
-131.23381107928253
254.50450125508996
-167.13489206659992
-19.561690269189988
-144.32811192907465
89.40303424522905
167.9189364785624
-102.11245568657851
295.0789575037438
-264.1270063071368
15.710305510641561
197.7790445608972
-42.21194600828951
-203.99976098344425
-141.2863672363971
71.11272565447416
78.91171846714414
237.4003656090683
-85.51344229471447
-327.26297258455304
-127.85463265371762
58.50941525860428
136.555464532044
305.88642657872754
-58.96006566367422
108.86965171550196
-21.854460301536392
-0.655639369507743
249.8178138494025
100.3713580650189
-44.596355614719315
5.90699461245262
-155.9091971858121
-109.96298825544778
403.3320730769312
-4.458077353060049
45.00618423177674
111.86951405282277
-200.54430787494508
291.63852555529326
71.59873351494187
239.32835546483236
-81.58922891176796
-151.92032812888644
-182.48125549416113
-270.30007755868604
24.06251241134744
230.88432837527571
66.34519849205061
112.30703918067353
-60.45783937963709
-84.37347833874044
-19.00866103134496
-126.19164511105463
279.9172821806248
111.64922416505856
-232.27511311734068
239.29589067827285
-252.49386005371252
-16.88223007982777
-139.63705361878223
206.21311371930997
262.61595004034814
65.75288286615196
-34.482841437494734
-121.09123268350899
-334.16070094800716
231.0844372479645
85.7604315634768
-0.3213751560281581
-188.94801779846742
94.55047747442231
75.65428521806089
226.70770744420122
-24.07676298754661
-112.62686610666678
-117.70348926164309
-188.48746211923444
164.01053297085332
-93.83343105124024
-87.59647776684838
209.6439402365021
-371.8614345766786
108.32700297715989
-27.913698037959783
113.08513348602783
168.26432259648874
-268.0608649613455
241.61105407387436
-91.64621093767998
-182.94459253513037
-186.38705579019057
77.63895339557398
3.526755124468206
-71.53320473222637
28.542297240207155
-86.79922413043923
-80.96804119672579
176.14186371751873
-8.13184566943547
8.01712418560661
159.78096152702034
255.5103291159877
198.54746091267003
-203.05739718020206
11.254285435473527
29.39089161576399
268.20637755755433
-84.16518363661358
-19.89853768594136
-41.73901377625123
93.3322640326844
339.32266305968216
-62.51494049939617
339.2026023884901
-130.668506467433
21.170889025166936
-83.50708468714463
84.8451648303346
79.16320420336451
-1.4225157935887474
-207.74004283403775
-215.01436186972546
-110.92697056956605
-10.83355923109876
10.781014008205052
-308.827459581105
-149.8511026179537
87.71002996303952
-197.06406380724061
-2.361152569272038
-15.75498220710058
131.93483636769975
136.8159383617494
63.093464810413096
-89.76201854827706
-107.66724065152138
-58.34678792043737
-284.05017244863416
50.74645415126769
55.22058654466793
-282.7731355935809
211.0212317699996
47.19768947117835
158.20741319591525
-34.93230046672262
182.92110966168892
158.8104570522369
-36.59877763632531
-124.81777278191241
-174.35225446702577
-253.64006402975275
-197.46161792077214
165.0265886688464
136.69589668867536
262.053965785344
93.53762554961395
302.4388739511384
363.9317551446736
-127.41713856243511
-146.76970916818885
172.34593442613996
-247.06131288115313
102.27161518437318
-42.775328795936545
280.85162644465123
331.16755423956454
65.22351739536916
228.58413970315146
-61.33670767169505
-48.80782038662035
50.65640240841632
-241.76757111204302
220.8470071746844
-63.69675071888444
305.2036608372759
127.44536176805441
-63.755994728142795
239.0901184927426
208.6316068395084
169.24200965371716
-32.85476121521746
-177.66816979821323
-53.27677954491439
3.2064147701511376
2.251740118660868
-327.70634857164873
243.6050455000829
-149.94931757485477
-454.3895710980001
2.6130541800392084
-42.17471450253636
95.19997590550207
-272.42941593401696
-43.61023874001704
-85.41450052033493
-172.5271792108866
-226.93137964362867
47.74309470305188
-335.4303368650128
-100.09458588005609
-295.80847936342604
87.39994689441859
17.6119345993472
-54.12168260548737
-133.6242292283644
17.611857609889825
-170.28005313768455
-137.25484172022604
146.43948758167585
-108.95429264317494
-100.63733453112064
37.528481182262084
155.65836638943517
31.671145635946676
230.2380174983676
-97.23623427867096
-10.009669182719975
-124.98567022468646
-49.997268134806895
126.7162973636925
-25.417423843569804
-182.79967414753372
50.22791237189231
-181.21242237518484
-124.60012761322683
195.0119711565319
-228.86777848562767
72.71697044916561
-133.33522953671712
90.61455966818735
59.89834148858122
118.50531650561972
-45.7888538586768
102.81466804515222
34.655107614702416
-85.6383624918072
-263.9175587086624
-92.26062293677015
-62.796393342358975
71.88027194047058
147.30981945387055
-37.231389646072415
-50.253396421148715
125.25869569528123
16.062788464912412
-122.22648156828728
-128.10494603894134
-57.17821045667507
169.11281432500317
-103.21468049499302
-12.919256745059915
89.66589823417851
51.43224697117772
-224.90196498443007
-204.86374298586242
-2.918694979511372
-185.43594041663167
20.693450449078387
343.55349420850627
-101.41860623319675
22.542709332808364
107.74094057838914
90.30307873899406
240.52808956187036
-280.7992192739216
-147.99647581960662
-150.33741037847594
-31.43371018905214
119.20471938489483
-214.22663103068135
380.257233680042
319.53486292281616
383.15728291148065
428.93074989938896
193.4426655510471
213.21707175064697
159.22816053141133
16.467367331307432
-372.2284492531597
193.20922206686015
58.88250366207749
-26.652237678873405
35.439751328571035
241.6746995121401
59.1798855745338
-63.01242689969508
-352.69506311458446
79.11075121130324
-191.84335650721917
-145.90377806160484
210.04739104882137
-12.543299043633187
131.84327490679735
118.19246637666691
104.87244578154612
-38.78734866478919
-95.03586314831836
35.79810009245293
-165.92301182703713
-18.922072941360938
-275.8710279701078
276.0434854590344
-141.33902699472486
-217.83961779235867
-153.17711586423658
-19.607093878507747
-24.03195585683493
-69.65566878543837
263.0965126688602
223.56603504091072
24.486361134847943
125.1481968663926
196.48877306259948
-65.58707639044805
223.6272622636188
1.0975919666321121
17.64695163330934
57.2560073293351
-352.223555247627
129.9502087911733
-170.9058127776771
269.70803076505496
31.310999551361895
99.71344054119832
-290.08507553546673
98.27997274878607
186.35876643580355
273.3507360968405
-123.4895900344555
-135.3472453177684
-53.42552282490932
-9.359764220896428
-305.17572797017135
-190.70036212524423
-97.53928961091367
9.780143461747981
-127.38376199987793
96.62956183359955
153.34157519769548
237.9341395542284
-96.12129819249783
-4.996602489387097
93.5570304577954
-158.0699527242683
203.605611701675
-197.06153859406209
7.734407979252896
73.00071488952426
-169.80090544174266
-63.01632659428486
16.90185290787644
-8.204099483644663
93.13137567333366
-183.86117300350645
-78.62828486147686
175.01244860271908
202.2145001482126
379.1438632590477
211.85320794546752
-16.28952733160411
156.9569128607895
-10.654868190713916
-47.156706500122986
53.90787882223402
166.58333824602954
-99.30209344544201
28.99771442505236
460.2386715798468
57.85585764191493
-444.7646760487651
83.28434024442701
264.2055647811802
83.05747412688012
39.47756760561764
