-57.113240070479556
-7.911250730220914
78.872790075561
21.771690342885943
-76.85437587237367
-45.66420602180701
-39.574153788894435
-89.06629734316552
-20.06114935607196
-45.76705681179957
0.15520099944029514
-19.925903893032558
-39.57237012037183
43.72542424456421
-82.3217129264929
0.7538384540493028
37.0289000496997
-12.863971823522741
-58.5313018266405
-108.87340727547311
-20.638770344570997
-26.768613241894695
-32.23828729250676
-33.362297615040355
-120.66781713601827
-77.41173664916353
-39.75560690676526
-121.81832928233251
143.96988912735387
55.73066517038429
-32.26187024404438
38.09162371942056
81.72501734785608
-19.391286934979732
60.61926709407143
-7.629226109185608
11.679086041874138
5.565073727203201
74.4659458288578
61.06188211634584
-121.354409760541
-95.7637124999103
55.13574789346397
5.438867757302205
-133.16820203876182
-102.05919414177654
-108.97523206658857
-122.54632851013902
-97.55384971073684
59.203229317728564
-141.8694273791841
-85.28923961299996
-115.92254174288134
72.93560214542609
-33.893873579937086
21.742733484530607
-4.808040130070465
-118.29736373276782
-81.39841058218437
-33.1168186687033
4.421397377165095
73.84886658800326
36.828504832825516
-63.529388590169184
74.91754565863486
-5.668354723899657
25.312554804419158
-24.761646332728294
-81.61445497385537
-62.968734594974286
-20.133986758149934
4.405067657197354
-39.57171122829402
53.96853977919634
97.84365428878019
29.561135292069718
41.8922773676037
66.56944200425498
2.6104424489739855
20.646617448341697
-98.44439357492266
33.921181641623306
127.56629212589051
-23.611648761520353
-29.897481444666788
100.75278883743124
125.93371383725747
-19.122486007748723
-13.007561633901892
17.85477333518469
18.967773153032535
-31.323250158546408
-19.382791713149892
-13.742943453036839
61.36603566885101
42.39467245856662
73.98793147302858
-13.701195892349782
100.29342635151033
168.6909778146859
24.759253783318012
44.86740622451569
46.39158140279534
27.062797422639214
-10.101715915259641
-41.531980458229306
85.3154577285927
10.583571839657985
42.531392882947564
17.049179916049777
79.12898944644756
29.63626524109889
-14.184236651836258
61.49626910447315
-7.2686354287879045
61.906984612001274
105.95166622004315
55.08694300065321
-65.6977868178288
73.5160829463059
36.662502368472566
80.42291275958277
18.42445964930236
23.705950474416902
4.015864350802294
-58.98967845021052
35.48074221254525
28.688580888217462
47.18307387695537
72.41678487641772
48.559371609058225
-34.00403953285571
3.7153105169670013
84.95076509452407
15.274633850947755
53.00699451807645
2.6664630029331318
7.781437327504993
26.23489083103541
-44.13089823339884
-75.71403650613887
25.009993219336522
132.76463709099528
38.57939343540919
-31.132774993277057
-43.387085692038546
101.28419423637429
64.22753546698404
8.403273197657523
-99.03839379002093
-8.899015274894618
-72.52351388291353
27.787648633216328
-47.676487534699476
127.09017976285674
0.5458225273625543
-31.46325610611279
-19.339763857649785
-38.150622829861796
-1.1875619503453825
-56.965393412801596
12.395952622466675
76.37542437854852
-36.30658217888936
20.025959728172122
32.35382025148444
-87.32019272315003
62.89158993722548
107.19856797290588
1.0585768078889386
-68.53382723491823
-30.462581525831247
33.004481354994766
-30.381461553416102
-17.967324721003077
0.8184583076847822
-135.29784380281066
52.84452180124023
52.402229540008506
-47.294419407025636
-10.623911782394027
-180.4661469918899
-142.38752693540835
15.626284778845509
15.304180390822168
22.895749418547535
-52.728963921687324
28.918548172771818
-8.405379308975713
67.02771838704975
36.11369974280926
67.28363647380021
-89.7842049333954
-1.92996977278706
42.56532442476617
74.2523025397866
92.65866548257486
-13.99591708580797
-45.34067324915789
97.0502606641335
46.21745259295773
-4.747420807834566
128.02674537098414
-27.793885886281505
98.06714413386018
15.336814783283582
66.35083328848728
29.710477610604563
-1.3717679590331904
35.34507103924366
24.01794492079121
-95.11701994955152
-58.773779832251506
-63.925390073900395
-26.937136448273012
-20.037278932525638
-76.1397091572999
-51.78784452974817
117.56967178967979
3.9449751510519517
-51.26867035646528
-101.08172478887651
19.14943824403085
-11.944484987191988
13.812441526398116
38.82159584001744
99.8292837926861
-42.49736765823376
-48.961987833653964
32.53689832253764
-43.11587957521162
-7.324938225992964
-1.0037881578621297
5.547910684681104
-30.782570398651398
70.20583997081495
13.56784922972708
-36.40337945878239
-124.4019332576965
58.37701942143148
-5.78188189259688
-56.86056512650666
-0.22823681191573897
-7.565410839078513
23.331032210706137
-1.284115651027342
4.571175496612973
71.9797088238347
-16.67523774706889
-79.14340850590102
-17.010578818914297
-42.654879014400954
-61.85626734021002
-67.24889084037795
-35.513556781078
-16.077398287214024
-96.82176150881752
-58.94988744671943
-48.309652634891414
45.81177210480763
-41.624743092120404
-29.707416687609925
96.03318073031151
109.55091943227471
21.47191286331788
-124.12816267142333
-73.73276461246003
-48.29051475522627
57.08822664096511
64.18174978262398
97.11342629621652
-9.288081036269341
-21.482531260902334
-101.67431441258746
24.63553610804202
-6.675286525599217
-18.88907695105638
56.29495875910722
-38.37585190939463
-6.901110408690386
125.54150071561543
43.530322992242546
112.9300636336063
81.50033187254971
-50.030149296253434
6.986540154172327
8.264419299508576
-99.79602106625288
-41.575932843447625
-98.85663079614022
-98.90768348583731
-49.70829771728613
-20.057803430671793
-76.88483905211172
-45.35592439762682
73.37788269452179
-109.39931875316354
35.37079623119826
3.7478832703651412
-40.21670990473513
-8.358742416555064
-71.5835445750982
41.16050420308386
22.179749531567733
-15.406829081024433
-34.637184795931056
-3.958757497338481
77.99880371421285
-22.07950497054303
-12.842288771090743
-31.265286868240995
-38.760550784399584
-37.91428585651188
-31.55527426603099
150.1963918703241
-76.10971638272672
24.647012865210918
95.16447894865823
-113.2674612418002
75.41678333155926
50.77655559281642
0.8143774268870725
-136.7457417402068
-79.97337108420557
12.23436229335009
36.197943487460286
-39.40024613275771
-20.07948209412532
-13.129031782942805
-44.84569199219907
37.29365061924028
106.27512505195702
-51.50580216388839
-44.561407415358126
42.41313716552698
130.3084285683821
105.59531387893074
-18.538526631533042
-0.055878774948293186
-19.077036134042448
-5.810137349671855
-18.365003188127368
-5.942481371608107
43.95792591521466
37.59514043991732
-95.72714002893836
-14.368869407897467
80.06934579535904
49.659310428939605
-5.795425619032893
-55.957477411687925
32.61471267886145
-66.86295516137633
-11.194333317170413
51.41104656264492
45.0440142888226
76.54691556879365
7.38615167407238
44.670689742934
56.6290921172865
131.30783300478666
81.471495124043
113.45954272065204
101.07011676844353
-42.24277328525298
-11.332176059874222
-67.19121710035914
46.11701766923861
-47.962490000620846
77.60186523217885
-22.1725866159212
-27.751710586175577
-129.4058122620021
1.6974674947987873
45.00734522251188
-30.815876305116582
37.4208033280182
43.33882649403616
36.03478351284674
16.76329098241468
-14.49311259601678
79.42678290300894
22.031969537437558
28.947427697336632
-21.3361454693934
72.35494028902094
-27.23271249082352
11.454190231922205
-57.798055705744545
23.536409288486173
-51.554940848387446
-27.51719649941103
-78.4315714363342
-54.14070812212789
-40.74204289394537
89.82596074973239
-43.057478889850344
-18.281457233893786
107.36017210771153
-0.4978355420160123
-62.74386852692282
-25.726822573385707
-31.99362700233432
24.95497807014512
6.539832101492277
57.23514079336247
-131.06611125728327
45.16116805645709
-98.58241343811935
26.452683482570244
-35.08353042889933
-65.46292321544007
-71.80079163909028
4.735919105502046
-32.346518268963635
-95.39909958993347
30.74139005841764
-50.78300109257304
36.027281676848204
-14.906474312516204
-14.263971918787146
118.35922463264792
4.887624037423018
-125.94827191437291
-44.144590766610015
24.775219144101165
125.47265267641184
69.36575178015373
37.62292267140627
-25.00435551993442
-42.93317662455703
-94.01778713848427
32.548689472891525
-93.19728498917097
26.264301476425324
45.431073358024015
64.89544470456936
14.61954650767048
-3.645879078824362
129.1507562272592
-14.211588755752718
23.6911250673875
124.23121543382294
98.28882728323086
36.70295425815243
86.51391473328572
-32.641131655032446
-13.508306259876186
24.341556854969692
-19.973921117946748
-5.244593122653041
146.36364843199664
7.94426469681358
60.25736013135726
10.005196398218297
96.99471467435119
-142.84465069324028
65.67122007208776
21.38438534484192
-42.66295754582828
95.38534605374032
19.43130682302486
19.894650445292864
32.284304923570815
12.459068497253678
12.043029318946212
-94.62942624311897
30.988167893218034
61.440932637049805
-26.62223955111043
36.785558026150014
30.322193775010245
136.43446224397522
16.915919825921506
-27.652334434808783
-47.04569956838372
-40.57765451892828
59.97239197786097
-21.94491047211008
-53.89590327855897
-40.9967807737745
-47.98773731043089
-16.833696191464337
33.20877716207102
2.3810541019389486
121.83307275338935
-17.837088079575636
39.91160108898434
-98.28745354615069
22.518929672221006
2.497604608485835
2.974930383098653
-22.553661813288542
-80.61463589854534
-49.78952305737498
-30.67738915927983
20.21541345996884
-11.547992279916148
-74.78201963152387
-4.913801244733387
-124.34229943137731
-67.98273513849622
-49.317710659674084
-36.53363335396845
-48.324396308541
2.0081878457746862
-23.27996759401867
103.00889801049433
-29.206946565963968
-116.9222865080589
-66.40761494087673
-35.09881658256556
2.3446568601477296
33.935934682026314
-66.99246193923493
71.61100809370109
2.3708909356037573
96.55047079464997
102.45916736059108
135.20155302538896
-2.8640253105074667
2.4657746641038605
-4.05496370170485
-10.766534688492715
52.401597553610095
39.12650426661967
-60.80437784587912
58.39319907645575
-35.57806027634144
-10.878962652600029
-36.34560211192724
20.895439496107954
8.458720620827236
-92.6683914169705
38.81124560978706
114.28569805188972
-41.80881080683092
-4.242748931853085
63.991933712646215
69.93465054506916
58.196268807638646
77.1356169178285
26.04424264314434
-30.421395244421433
58.19813418846317
77.20650429905008
8.422478735922299
-5.459968418665102
31.370056092546715
43.80597073220376
-19.239340874145352
37.601780508576724
59.519879866550255
142.38559845067658
36.146594278493815
-45.05635694536125
5.891106711933817
-107.57763669764142
-32.77607533926543
80.89278162176846
-50.95760598025367
50.69394899268269
19.179586326816064
6.280961216000366
-7.233750818673016
43.349851069013916
32.02047178802971
-19.17465235406237
-138.92437057843463
-39.32672553979392
-89.12325779035949
-19.41496019586626
-69.12979209055827
-17.982928414309136
-31.010694046134972
-18.98090809700517
-12.035043114311119
-30.99817726696114
20.075007229851114
12.72270945243155
56.958039982918955
-56.335560826728845
82.77139290018755
-99.55111967090727
-36.70948266981297
-124.19898780698423
-30.078393130718528
-3.807945179957521
-116.68957470819663
9.315889949087016
40.404817271846454
9.933255926808213
-60.78712539396244
26.586850242455693
14.122715958779914
-36.18087686527771
-117.92298014231426
7.568717947474058
-87.12321584726371
-49.63007546433878
-0.3945046378513831
-1.8950964292518995
-52.790284951205074
22.235556434173485
22.36942803979311
-97.47794247949899
3.921841767747149
72.58845868112239
128.21039687813172
58.631951789634435
78.50712212175023
34.857628174803786
78.94438542134345
-47.85427324438463
45.763941320437674
21.094083137805324
-79.01049759244897
108.93056038231843
21.81864584186011
-71.670620345308
-8.378877681905358
-8.34002623860012
-46.22258903205549
123.30910130309444
74.35279606254413
-13.955796291251891
98.70373236325139
155.144626740379
60.38868045001707
10.349911668522079
-21.280277954698036
85.86782970665782
54.596911495690094
22.753421198912942
-26.982106875634322
117.7129269633933
79.41258115110713
17.011034235839997
17.4118152773493
-26.742865446529727
-39.57232963272385
22.544133751157414
85.51113847519457
53.96691269826508
-46.28563494923764
-40.31676281536558
-53.24943539964799
-55.574229689365374
20.552753789208072
-4.2406083713471245
-30.482278567773335
-5.587281854113915
170.7528276427242
76.2590114546163
95.13838561333813
144.8364540890361
36.252604818262384
29.318356610461073
92.26692014985284
-2.259992415564093
49.69908481733489
-63.53775910676945
-70.42430917689899
-113.98164326230078
4.715966318207959
-33.02523395460474
-2.034726568242131
-88.42882367226879
-144.82226490811968
69.40967101944334
-50.07189329132437
-100.0887912147259
42.94655207535562
-51.33757306471899
-101.03972785334881
62.16494063229578
-18.748793286707535
5.2215905185765354
-7.251567204214039
37.1432514028417
-37.93455320575316
30.534135494790036
12.00374680352853
5.5130932858232535
-20.07416696681975
30.866714760271222
-68.6738184565203
36.30053957932668
72.82210165293704
-27.81311715971496
33.03883078761315
21.24163779224557
33.74819483493884
13.657710871663745
7.96436135032567
122.68714277654966
15.587550689615542
73.13807986014326
-21.717149555454224
-34.77115863317852
-34.172973026001834
2.8213362174279366
58.914456136801576
-72.61216337266616
22.505186970446697
-4.055701228762332
21.08423839590275
1.3320561181701531
74.88721292382048
55.54344971560941
-14.612242770150367
-40.23800296563337
-21.541156628692203
91.72338973732018
-40.31176086654451
35.00084844907937
-115.36797975646974
-140.60658694965724
-83.56500888480129
-56.5035281378435
-144.90930708681043
30.05991411353649
36.20153849052151
42.060277262387764
-45.389189655634944
79.7691983518386
-96.32460460332418
78.37616123991482
-15.001812750547122
59.92708423579501
72.44308551814997
34.67693893143343
-47.36170474665129
6.845734255429164
58.628863225887464
-23.207657470248222
-41.60882959459494
-34.29710847401346
54.74320342126356
35.52979221431648
85.52242974668646
-8.423498039300247
-52.077752308813224
-21.717185442893406
-78.00483302164521
-9.451386745460063
52.402759926733985
83.5596573845756
-29.65444943529211
-61.432344073684575
45.95031818826989
2.2204369721354746
-4.802823930491327
133.49801689004966
39.59718489710122
-34.87576090709118
-21.821424100476403
85.3104590787413
47.04656295102492
52.82140483395006
-73.42139013323673
72.2592476069716
154.82751491638743
154.69012742963415
54.3054277687593
-28.22712030097697
2.7301100394500764
65.95686111451496
-65.9542597445224
9.78754361967719
-97.4254703592525
59.11048250148176
53.34795441350432
160.59133299974567
-9.870804003759863
-78.51164155954552
3.6526996016869884
-52.61168309868185
-173.01618497788203
-42.35036630561068
51.470297305820026
57.67961446869874
-61.99855514412475
-11.010043310994192
32.80568122050086
-67.43747687319383
13.104873651531362
-56.44834511517579
18.91219258030633
-18.178854691194655
-112.75699045704104
113.92950098282316
51.24326281614599
74.71359943455373
-51.27302347609273
18.403570488044508
18.10050886240186
-7.160089518496729
99.29121609981195
55.11709316223888
24.36074951045838
-102.23436253608932
67.59956237708523
-1.9077608811824744
-14.331367579987308
73.36737685111896
54.32283573290151
4.076662359791881
62.354194156725306
48.98201261288515
-57.87319896638522
55.350816248711055
72.770430714311
-77.39235584930552
55.11343839187762
11.41551398103477
16.00991422612603
73.01604095504493
53.32573778035327
9.778531570570301
77.88907398018202
147.62568953893285
-60.73320760485354
-4.290320874362747
-92.50540638679642
-49.628387028245314
-31.183402658595895
87.80942075036381
-13.112832898152426
36.93803923808664
-44.05550671234482
-9.658123367913491
-60.59105452671454
-10.06210450382184
16.40363968529663
-64.99559890703294
-51.13933248287878
-64.17583213481713
-39.9636787276655
-32.97711299564516
42.788305436714566
-11.182339363120908
-17.922141004373
-61.268689191837254
50.95637488968034
-87.42003079584121
25.698301207394053
-29.683631350716382
7.880136970220765
64.40942287394664
115.21046354964177
-42.16849408564333
39.9319468816476
-41.35521047974085
-60.55936234945831
-116.66763989525342
15.089212667983908
-24.689258659157296
7.325483919249402
-75.48019665758346
6.619585921391777
37.63982539724144
4.965049024815533
-50.43178714733578
-31.56602144291284
-38.60731035101629
24.02889455456804
105.6914159578234
-76.64373580920741
-14.23591545572648
168.06290129008735
73.0979406857867
-21.402265088131987
10.504346889702237
-41.24828184162851
-23.15344327904396
-16.423743582770815
-3.5862164289823784
-10.122983301251399
-3.76314812891778
-111.90237754529694
-73.40667712412191
-35.2519839520637
59.08092707176965
64.57088667636285
-36.344471364178474
20.343677381346577
39.55551200476938
-29.463292844701105
-48.816313089094166
-17.400358394927995
-24.29049306762194
57.363902894297595
-36.30813468730812
58.79736109962884
28.59128619615141
9.86507830714373
-14.620772820286962
-20.11337851796621
31.042836671172363
-82.53136237924546
4.856728217447169
-69.99389918036633
17.448979929641023
-108.7229146595591
-58.50845741400185
85.65939571139032
78.8450868214292
-15.563967614061687
35.23894574307272
3.673395920907144
29.045272844196734
-27.88283351930039
-33.634722730247255
-40.364452251477275
-22.85525465332227
108.88237508390088
-111.2626971304544
-10.298203026375788
59.447453024658806
-9.821803373047068
-29.766543997801932
-117.11008543446722
-65.69910738827933
-141.85528614826208
-15.428896258222725
11.298546284051083
-1.932699912424422
-65.02793879701042
92.74442912657929
80.18960939154218
-6.086424757851351
-124.58799745442762
-160.99782549229244
15.958985670841193
4.982196220447827
5.066047738147571
-38.96569590135722
-89.57649495675848
-109.1380597040551
149.23123444115475
-20.526467047706774
23.866278579284334
4.897397631283668
-65.5090375431058
-84.3746302091416
-8.269624262279788
-127.7578862792496
-109.31130121679642
-91.74228500236474
-72.75769718787109
-67.45978700351186
-60.851712364098056
-123.7232320786104
21.194757204718705
99.7153606682655
-18.431565040298608
-17.62569639010426
-55.39782145729847
-10.918234929737011
102.07591837788162
13.901974514559685
-75.13139987825194
-43.929127725826184
-100.24268360427384
-92.93281076920924
39.559542044978116
20.884975533792822
20.90747474926214
8.486435789842087
-4.798732603794273
-41.75108938458805
-86.22892513554825
-105.21844758635919
-10.56814242372311
-55.29807785937247
34.26172832274246
-51.3826986927708
55.60781004746969
42.52380222131471
-82.56563024860507
-45.70196192233567
23.671866701865625
-0.6199150030326442
0.07453394944311179
12.017948509919826
99.80096729628772
-50.98782873478218
55.96047499731192
-82.78757776639887
-39.413258122141414
-8.41132203095378
117.53689564842388
73.9676899122865
-19.416241191944312
49.89778635171222
19.111953961247572
31.49709144964343
-63.7317428552403
-32.482317762641415
