-220.3712129826783
54.52797989580077
225.53177313042895
79.0744893744242
-127.73274792767465
-74.99999683308536
-13.80811422786375
-21.083652294357368
-52.84376078034895
9.723665396460767
143.16142249186777
-109.92841500630925
40.5669628916986
-58.03301925393847
29.61032374313563
-136.6110242790431
90.53523385470199
56.678089179347054
93.98493395906758
118.5147313036785
-36.69889176114063
-20.84336168607834
-88.26503498029508
24.16915081430857
-163.71198863677543
-140.15298431494648
-92.17631611902928
-298.4320858645074
-116.57853586832675
-161.29603108894653
-3.990173276263007
9.724391354367361
75.09432033408305
-46.353298537993886
91.44123525189289
94.22149337677601
-182.39338388860432
18.253591897010203
-125.98788340397802
-96.91144446465286
183.12894638881892
-1.8225881508734743
99.48578199579997
-169.66773075549096
68.79037899463191
60.62391617953326
-13.579845254660086
115.5863008088109
-28.858380134702603
-55.453466805401625
41.68163813566328
42.49609173733809
21.778181630906595
23.29089137185952
-43.67123637588783
-140.54882887988242
-69.98933886805004
-334.5352151178382
-89.06237298711235
140.79239145966355
16.80840328747071
-74.5959296476222
-2.1459752746113216
-16.528330830249338
39.8877177504198
-60.393889268607296
92.14855655405903
177.46479165605203
130.1830395958034
-59.52076488516145
-120.95549122481678
13.357098228584427
-40.749570887062546
94.26288781854817
140.57955812546214
-46.965648722195326
179.84542516818382
70.5494491668482
-52.36297668138832
26.499786116411393
-14.218316617030165
191.67644607489353
59.78442713320894
-221.78757936283517
-174.75476399549353
247.05570225029268
42.68562574913825
103.37316001014642
-145.07764213505382
2.3373036070834474
-74.89906933945767
-105.48173579241606
240.18360701282793
-43.06808734353773
22.628711332304597
13.752950677277399
62.315769592226445
187.51535508450104
-123.0681286991402
-49.55874741247715
-73.5526343091818
-35.77299685893966
-129.49759942393172
-70.79855493754988
53.87717815801419
-66.98365776012363
100.7555364015717
215.4419021444407
-48.500727058100765
131.2017064618883
181.26896623435115
-11.204043264839871
-66.0194930287817
66.10604213399776
-203.58393386541874
53.352199143896165
51.760982360478295
74.77101895678369
-257.882930417149
-229.9845027046005
-167.97193045295285
-87.16627097820422
-178.414492059826
-52.400749764442104
15.425761872174018
-217.06325920400982
39.978634503945244
149.78084449798664
245.104500490036
-105.82275274627062
137.83370766215293
130.6329994717371
200.4475769203294
-118.87518103758264
-52.566108250010444
129.7795261214997
48.857180372416
-232.2897195423786
107.71052359703793
-161.4577841557538
-14.179756371526997
-270.7836117239475
43.76955726275678
-10.110673108703995
138.12891441063732
42.21571338076431
-34.4476888183766
25.43634107580091
27.13329399083784
-43.59175978475161
153.36921710396646
98.79614731267176
-160.05812341797701
73.31698777170473
-157.69548563793995
25.43164348408616
-66.02870843194088
17.409933546694415
21.328148263810334
-33.637071083295794
-131.42083662419356
192.64447228244333
59.21669546860096
-98.45600367114787
4.973871432253315
-90.1661816993928
31.766830545960268
-169.61281989923353
-102.70575957641573
42.58923144431203
-119.36824835699866
-26.01780696702592
63.33471028856276
21.837011499950037
67.67608969888053
17.80993342350768
-51.197808402539785
-161.42895750693515
145.51600077333646
157.17892972778964
-113.84894686167166
-76.55915417076581
-80.50897060933865
1.5795075768456466
-42.621706946405965
96.57710647006977
-156.2354214084798
20.93357767357516
-71.22939701067297
-9.36663591475077
-25.978584836211752
-61.81528422782371
-218.88102495390433
-232.0454611592794
66.78096640534885
-98.38850870298808
145.79281585498273
64.28775841429366
-83.49065751955841
169.41144540725196
-181.52230398599045
-124.91848618616888
-80.38145634066098
-10.53632742420744
-2.55479446227701
192.1562598052622
268.6232197099721
-18.92375014599197
-15.038732745516505
48.34314895532561
114.33293234200046
-62.60245148744988
-1.3483963789716018
-7.196156864686097
-51.21306166894289
76.60515875909205
63.27920730040152
105.55250016476411
55.347404815394874
220.08744151442585
66.29390611791567
-23.416803639221023
-100.01185492078321
47.43844684877479
-35.080690874737364
65.01768728673052
24.506233960843677
13.345177282315834
3.3414861254272266
146.3049456960036
-37.02698227825478
-229.76214023197608
-131.35754559214433
156.84206681969187
-83.22101730758199
-26.704170533135017
186.66734783105292
7.170834518668826
-92.03379956299564
-174.47779663670255
87.85810126461267
86.62682762824078
-21.56225950882149
76.23533845771536
-6.207321268810121
10.616575179178874
-132.46027436091833
-126.28610263952059
-30.782413755581235
-15.642689570713909
144.78064739101308
42.11069961354846
-45.77151040891697
195.91319155033847
-62.493007670101555
-102.72781754538438
125.07544179777906
23.4072638360793
-145.1246335846898
-169.35971011517478
30.482260278153007
230.04473736278152
163.10606765298095
-20.576397690636295
23.97145054466458
-127.88864851792486
-46.90601754506837
-148.58404002239774
175.69462254867176
-18.693781466024976
55.49014185906559
-304.0650007430788
14.608994303673091
98.67413454403926
-0.410710206249463
183.98628411213255
45.21922901601851
109.5575208982517
-155.69976761369253
-81.24562373471097
-3.7560125486144154
297.86713217068655
-82.51715378999214
123.55958519361349
-151.24507909681103
-63.41238688522642
-143.13645815897
-57.2410995226506
-111.4615591957255
-92.53021950846998
3.0077232925643913
-23.365005904135625
97.04715200547598
33.76232412925082
10.073703568134079
148.1930010746038
-73.29260562381583
0.3505071042992127
-183.73399231779874
-153.07614739160206
-116.41915291005647
190.9706313042903
114.71953341486062
-5.070061725880564
-155.23278770484183
-65.78965512695757
-39.93024293950515
173.13296424585369
-107.59173840530168
-37.39764423992981
120.06000904100794
-194.7781116553016
212.36303955743597
-174.61977515527497
-162.97275739482768
40.92179739987074
104.33865226773655
-204.39301792016363
-19.07535221625842
-242.6824761265517
63.681764087645995
183.05976442744307
58.4806532221308
248.49488257612413
-14.703160815557512
217.14799541458245
-29.112870790393835
151.35273857317597
-163.18032388237586
-99.89561385289163
54.87350571743707
80.93990244847359
134.31752025750316
16.80126417663857
-178.0466064157009
72.81363096724516
72.13972602469607
-81.83452573311989
-221.4218185169995
-139.5733373744151
-144.86954476456478
17.824202544665336
-91.69647064743177
-116.87854544921558
-63.01205289116055
30.466301935485454
170.78665110659992
-46.60075184800305
-13.090853062671224
171.61312279601248
-27.514440310713677
-93.65445896539364
69.45203431536514
214.49745642367589
13.44436016582415
39.12479335356414
239.32030140055434
-31.869356282295513
-228.79090587438728
120.148438135846
53.26973777666325
-160.12798639876598
5.763236580420923
-93.65076403676798
9.695109550159692
55.024203154637
122.71647781775864
-30.587286550481927
-26.436188040497626
174.45780824605498
-30.994789828560407
187.75674495623448
-13.733849954055025
-83.96597056713873
41.026768278049694
-124.00444988874642
-90.65875162679579
15.62835962909082
63.71583073016004
-2.0578994522431646
84.39046842819539
-166.02256074242948
103.61250300637218
144.06939054210468
-45.342087020645245
72.75163119005293
-26.351306629986485
-114.61665110400402
130.1550504546321
111.99606175207207
-122.72263201681056
-0.9591770776774573
172.31412536900146
-121.44526879113666
187.78873095341885
-11.474530363154315
-9.627311384103775
-161.7792974308639
-105.00582737202042
70.85672813336839
-131.84670405040507
286.6619664667899
217.64226985004947
204.57181012506757
43.41844412950821
-98.94212091612088
205.5491899272527
131.14585415203757
-111.57008888925911
0.9467861527451291
-124.58245643996902
23.607690032517212
53.50986524675615
-304.49898706414626
-96.33670730030404
68.63105827038937
-238.30820616645002
25.342820388638046
-132.31768181382395
10.699629001521917
46.71477440375322
-30.785234913969294
182.77037393371947
46.115459867161206
-118.3121767673772
224.67052388479536
3.339551916755884
-77.86295920698909
-7.280150604366694
30.95246194112817
103.46506882402096
95.34821614453837
-59.69709596428275
172.07469636964527
292.40616807299864
-241.14594120884107
-136.48059992648945
-6.221212528012492
-106.41199551212414
-90.03853062434064
-57.85425298028496
-108.94497059078682
5.490759629334223
84.39968824188257
91.36174123790883
-35.21691456530903
184.42091139270826
-114.26530285312755
135.3413390231802
40.23318259165418
15.30131353852132
-182.57549287428841
60.944996867476185
-202.02199509046267
58.68786082006257
19.81347139227335
107.3296645889002
-157.25562196018916
-127.40418493458125
-51.595867854993415
121.09177618234223
233.9136001404988
128.75465196781516
-401.77217501009847
-259.41273014525444
67.84091418300663
-260.22131475828115
-230.29005015172464
-75.46223812103726
-177.80573104797335
-15.066243116719065
-211.30812779121425
193.70028313206635
-53.715914447981234
71.2342543756825
55.63749567500271
213.0628456395681
-136.94087047220833
-28.90199269843977
4.248666722807325
-52.41852589643714
51.66149618187028
245.8115074890895
4.428689592928619
206.82528323639127
-8.927509567450215
-142.56774000606103
29.28934240182321
-47.52248146225646
50.139905664647735
-164.22891859280557
-84.16016350571562
-49.65203632019598
74.38938454191293
-146.4287953943914
-23.750838956469916
77.46112870739731
82.1544795925799
-179.44801626022465
-252.05251424919737
45.49728637111287
71.92828199610153
52.49487659334127
148.2131834700141
11.875215420088065
-194.23218959249914
0.4434369314618234
-44.38769785139057
149.09574740201012
-221.8297735949942
307.08204203042555
-125.54239689972425
-61.33147978939993
102.29228681212864
21.3088836791983
67.46183398643359
42.385780577398044
-77.0773163600172
18.5932471414574
23.384526081915
109.84382268953978
117.7264371741623
12.661156552076523
3.6173371053409795
-73.46762596964824
-131.14442611529495
-227.14384313563957
126.31966250966022
194.32615236872454
-5.0685851376167985
63.80879669723128
-3.8463138996238437
129.91025478324016
-44.44834284741448
-27.779778760726828
-112.45210218657076
-76.59173305354489
190.94184764138694
-40.41050343766451
-95.64889392570421
41.99294216236089
-56.71451002409287
252.2089017573796
342.00173545431363
-124.00153402246202
-224.1469922865208
159.6637132084215
150.65998438930828
-123.90112513791476
-97.30605292683276
118.90736763602094
84.01578599786934
54.78096851432262
-113.51838796884503
-3.654534555066669
29.615107521474187
-96.7969331543208
-121.82072126071327
-7.627595854382463
4.011189734096602
-47.21406580230243
-40.51545136285761
-141.08484014798555
-91.27634327398454
-38.23266601586669
93.73581026124698
-178.27553530532992
91.17483837856442
-55.57024964298606
-86.78845420344523
29.96987521195694
18.62653791431423
-156.02366432164047
120.29020046896953
-162.25370520002875
-148.20343065758624
324.60459085622716
157.0984136958269
25.956511585727295
-61.38382926812366
-71.5389036576913
-118.80469612174441
120.7976726916735
-247.49163318951506
-114.00162932527971
-76.4110762712779
14.319508688455766
165.3516485565669
-148.79821300929675
16.88240356705277
250.89015464944217
60.90523415194117
86.29169435687912
17.04757336747941
124.42647258084234
134.96865778020256
-121.93766181085915
170.02166832853055
-96.67779217274095
52.89123535099571
208.93527567806072
52.349034377283
157.54357449088383
6.177207855167357
-231.5092772627679
112.44333798771268
-62.90881508509632
12.03536278509419
174.33534481989358
-51.76002036917528
-58.22896895041175
36.171179075674715
31.230353638480565
-257.05243709919137
-158.53054411451726
-41.80572722876495
-88.08905273900676
275.5982531520733
-64.91405424984414
-10.961342033909327
22.081635923864788
-76.89507033146201
35.30806943317522
25.046854752593557
122.69047910076969
5.533282286412233
-239.85776819282117
6.82982105584382
-251.73973573363136
2.722834960047928
21.011871395201965
-16.24678413622495
179.37575038036584
46.266853009706765
-26.222395447004885
137.60030233501473
50.505519235786124
-143.33846266630886
-60.689189935105
-174.9885534569924
155.0609075269805
-62.47086345677483
225.9659168881146
111.28667678708528
20.5720544555716
-60.33156417745349
9.757282995678251
-123.45897360582923
63.77108614946426
66.4115778295128
72.68899753759104
217.62995154039763
146.72154299203822
-93.90531779519966
-52.56077870558264
-64.3613209229504
49.37491055666096
-26.258225336998667
-69.45748916346825
187.1667609101159
-203.12252158745736
66.44605999493916
-135.31333365569694
21.987055904015094
273.27102002723404
130.30601318669176
28.34648199906543
-82.95981908114899
78.43532146068641
203.60669014328937
-203.83170258055205
-145.06296536123602
63.25597684779134
-127.83562212997147
16.885875388990712
72.51094183015474
185.6755579299169
84.63020681863316
-228.16453547850165
75.68566192561627
-30.93108062602853
-258.81356924830897
-16.07870741435682
79.98813972236614
117.71990550285732
5.047612431883209
-78.40132664659401
-125.29668005921134
130.2651314128848
40.0754974364344
-45.30793631475486
-273.8740951465447
-175.53225876562803
-240.4013585411522
-82.1452959697943
-1.940934795695778
48.19605707809309
-154.70428137105975
-9.099946282245833
264.4255567007293
23.457845985435473
52.718060121599315
25.535225586230347
-193.33064674198744
170.85875706000525
-257.1755929254256
32.74859195367196
91.63060829751574
61.2807436636787
92.17296322351612
323.9444313601966
110.23519802281395
-102.67913527448341
-3.2657782871239327
-89.44041664305949
-6.615563899936644
-54.06576315323723
-49.53007064268919
-69.00336536722199
8.361782857381847
-256.6502256926977
43.81441115506472
-37.36624454083779
-68.41264814964732
66.82535260712129
-31.331680619202782
-189.80197099503212
113.72305473550274
302.80527468200614
-34.84240829031237
44.777620653277815
97.23201708847036
57.771908412380476
78.21222276187208
67.58075969980563
-39.47680913297742
38.10459548595937
1.940473891820362
-214.30009417041165
44.66685202163658
380.6428714654679
-15.31579936769352
-99.28037605135988
-55.19864836085409
-73.96844895418592
184.09437160455326
-56.258252947703944
-30.189077773001898
-119.07687530662328
207.16360921955908
131.0470220771439
-144.62724081899947
-144.73295134704904
-8.123463442624532
-270.9728092434867
6.969089245483646
44.143516863519906
-80.91109765230013
32.09152584637994
-207.41865772117563
11.919854221624723
-209.12381726842983
-168.61232243005622
-61.14167842109114
63.184947357518894
-106.96935317093394
-127.48854634176502
17.472439488422474
-77.7238253918745
-136.53408937535306
57.30996788071409
-18.09342430834658
-64.22234038828651
30.10599094481285
-1.043315824055946
-189.59364492969894
84.00921610958419
-118.4649522368433
61.92638240973467
127.20523233173452
240.82472982358453
-125.68636214559838
-77.04463715810225
-70.82970016573826
206.1201336791847
-216.95919834426522
-141.18011754744848
291.7779369116053
-11.947254584974337
-43.849894972533136
105.1958716457613
-9.192053525472751
41.41543723293484
-64.23521838167181
125.1345244463146
13.78212338888629
-105.02898363609641
-295.4454256986785
-200.245214982161
6.691438751112017
-6.077638396120076
-100.4022954125117
-111.86024083534795
-117.60076894776255
148.83477123644477
-90.77655139997542
-22.557533109366332
146.93674243119213
27.286061385528054
91.13333477206399
85.02568313069487
20.22760640275827
72.36099577679266
-108.70753025680415
-66.4032214056458
110.51751446717965
-0.39818939224796557
30.893021074137682
-64.57517231746502
143.33403352393984
55.9415701466902
-95.75441406136035
169.8311260070201
130.02201893549895
-195.80671417394532
-190.06120388364113
12.799466954384823
292.0539293977548
-39.52330462993256
4.72508465741815
228.6304825523426
-149.54451058359535
-19.31434997068286
25.086135132521303
174.09281788788272
-9.123289196274573
-121.65451632816657
-83.55115184052156
-69.66262443361131
-15.71670445406177
122.8066300754488
129.39069575523595
-29.073692137289697
177.47068034934503
65.811371109794
-121.67719573085142
132.25651274486566
-74.17699971030068
160.13659915536826
-157.04867302861553
24.020306573526014
-0.14966520702954011
-30.455953600956352
35.32688857030904
44.55139027198538
-211.3365501202675
-106.26910793881251
148.42513089997848
-68.61883827641024
79.66840177657812
-154.68587977158063
94.69325652109983
84.49849685457598
132.40316647389847
63.434350277085166
136.2971386519061
-117.2793828122394
-36.645989503488195
22.1326879453706
-146.78125517165884
136.98250346118812
-5.743981273168888
70.87989998509697
88.6511262278021
27.89179708960833
-181.17940324233936
117.89317300839856
-22.499844217228684
1.256207234658111
218.97704224014916
72.18251140966397
27.51777746045943
203.5648788498673
240.7139689060646
178.92894484493542
132.0322203648334
105.87242347747419
17.65638142250578
-87.4989642555955
-34.57121641628705
-85.80051600419704
277.63498541695657
-125.4427410981305
-55.46877033413445
214.23983585118333
-70.6609711269942
163.90242438889203
-419.8667792938314
291.00790696009517
81.75368455783442
-69.3966484145437
-220.91171560673092
15.999829843945138
81.53060570560528
7.817528357176311
-75.0779297358024
126.70693693500556
17.29855443978027
-89.39837761032929
323.9056452481479
174.3298262246944
82.8784006055133
100.68576531735883
76.29985811668023
-182.64998943998094
18.13255303424593
-175.28222936990676
30.630216621131975
-48.83794625960624
-3.285116474816725
-92.97448113873216
-146.79856399107265
-132.05304390120202
37.136767490364136
19.39896435239967
20.30046118383862
48.421600759183306
-84.28787502289431
122.36221932945405
-83.76493203355628
80.67675201984069
-62.415088823099495
106.60807787688816
-53.07283178162678
-52.92384210086808
102.04356295458558
-1.2268043984773636
2.789900564079429
-26.31462712018126
54.412300403867626
96.14518085886739
75.89024261122407
38.95502576387434
40.48555210008928
-125.65652155541
58.69876212008434
-14.287727376987648
41.15553515978567
17.8139552564245
-160.24112550828906
-260.14153012644294
-203.57289302163298
22.25392791151593
-163.05676847550387
-148.80915741274484
8.890195208550477
68.75769779376044
-253.31683945217256
-150.11580278050275
-19.11012683105776
-144.27382361372003
75.59544432623109
-93.1009725040428
113.50398173879464
236.4561289319535
-248.4179986533141
-175.61065527688186
45.31986747017948
-45.04868188128932
-184.76309329330428
-4.776543507345344
-200.28424927530293
152.2238494657519
-72.64968402772541
57.37527372068003
59.48822737057569
-44.179469498127915
-94.51338330565179
118.16881734017726
-244.36530062622006
-219.2393711418306
-163.6120942584394
-28.18004286599585
11.23804154878477
110.6301457296271
21.58838386709659
-231.44814671449936
6.50417235363194
-224.79911692806022
65.43032119705141
84.90922549044573
122.78883526391706
116.33040414862951
32.29722356697557
-100.92820020890467
167.70128421880193
-31.667338234428943
-2.141706317915758
-78.40530313247277
-66.11351309523678
