-64.82413989671466
-79.12833088480018
23.987645261944188
-44.6163336119509
49.17544706632427
98.05331262985644
73.29166371364921
174.52032232846364
-101.79434340173543
-173.3377583258072
241.73001787879514
-36.960027919303094
-31.513127293259235
-370.41299713264635
127.9348552262128
-48.0270075246551
-35.590686359962625
109.07970442724557
39.74671628124139
120.49298221145062
79.74299537834605
-51.229020934220316
-50.048832238517264
50.65002855930496
-12.456279149654621
13.011137610133973
-40.81358279811534
299.98574718171915
-142.91085246796095
45.51321365953769
-67.59335571325583
23.94781249221315
-164.3677257895944
156.20852003104102
135.29495679613703
-20.488401454032296
-105.11655257923603
57.49664333840634
32.40109627457968
-76.09013837974088
-25.02550754930603
-226.7153534433217
117.33796870958848
-174.83504001356653
4.699783528656969
30.338039374860607
261.60911906424724
141.6154045315854
-46.895095629195694
95.07847672468834
12.26154700572853
-210.15213388548372
-156.09172172152572
138.67338370097528
-33.57045177192208
-135.5822824077573
-88.98648293630409
-214.37059269541402
-43.263870048180564
52.67760285073836
-297.43100459903667
29.04985534812992
129.4165295680267
32.100585181968185
15.16844976406348
-172.57519570845997
74.99715544201993
60.809201346095634
93.85832033770394
9.720105698028389
-44.906819004606234
-103.33303868064057
-264.6871363623815
-51.04723204526004
-169.96138842688555
-108.53152427138322
-69.2372289595091
199.63550996028363
-83.76239400556364
247.71744535999403
16.387363136149677
-102.88722498356958
28.287443265829125
-104.69283254377312
-29.106048504942326
-35.06969343740939
114.06047408444013
109.46764722012642
-172.23514793953947
125.1475661541565
28.72157798093823
-96.00353246711083
-2.6099123877874795
42.712172713084996
163.9314859904573
-63.492179723292864
12.075844755440523
-31.37549642081646
-14.838378761385565
98.99300082282765
-265.4614192268276
-40.01998531086117
234.33586224054545
-121.38826555947428
106.01096050943363
108.13481568302203
225.90512192290916
56.80499827597224
160.94435426454837
84.47424652904277
41.81845364631699
-142.62407137211065
-111.23968040305243
-46.08119691512627
304.1388821701952
-3.820676453107271
101.43302862821518
-12.63984144234404
-64.98415040698833
102.04621644441582
44.2059396282022
-262.74019100186877
61.534221895911756
279.5608975143611
121.903836104567
-111.23628369198542
-11.061687784990056
192.3279760742401
-54.248555360434395
39.029912795504664
122.38627097853552
-110.45200283399517
-81.07399629641829
-191.67846564675264
145.14425854000822
-178.7494703214643
115.0248696223312
119.27554030356075
-12.541274973838128
202.99288093510614
194.23171877273035
-94.88754557058981
123.30058705731453
-120.5164308118236
130.13196446327245
-83.33231777631151
-164.10668317445783
142.62610001808636
43.037187219894676
115.8720399533036
-160.91548185566498
205.0597513062278
-301.9937359329485
-54.09151952722158
-128.77490314968955
216.35786004982342
-111.88653349681225
-35.50049197341764
-15.194774465033289
-145.86651099709832
6.6154784618213505
100.90388603808246
89.51764399133232
183.0498238318526
-36.995812410877775
-62.30558989691148
-25.724279104718274
-118.84485896687355
97.09909643590788
292.1454223910302
5.040940021354224
-323.12702866688016
269.59675404813925
-107.21469499888171
136.77015043118308
-122.81671209918181
95.6586511792618
-80.73817824678098
219.166244769651
50.82208221806996
-79.75951739894751
114.37621354629023
150.59786992176595
-114.96603123450639
-189.75158983563577
16.729964767657826
49.29882205384015
-162.3987652206425
-79.60796500955706
-152.8800810015384
142.68245113954117
90.76427456597948
76.62214606131539
-66.65609306994963
-165.5316327598593
130.2947416771067
5.098588418544723
-170.05100953381532
88.10283603611377
-198.61448855366802
-39.47858337155568
16.878302419495874
134.36499417471586
-110.94003179210037
232.1177269938248
-70.71682827355347
11.247923843044042
174.3491791034376
-63.33501265700146
-36.69667455143065
77.39312710160733
134.90152156622233
-135.99445638452923
20.714520538156542
37.11402456376658
-61.716374226638486
-53.55061769482881
2.501319056245946
-123.18253006479175
-41.8997979450289
-66.59725384570673
100.82655751870175
-88.72821376501078
-19.606569981796024
181.32004658373776
58.80623628847498
-207.8144588164612
-88.40900037175254
68.59485088056404
206.49042837399725
199.0810252032959
85.63295409075724
46.295652828664
96.61891543989145
161.68617324191024
-82.9668987974007
85.87002268364192
249.82643180103074
-14.484220282380171
-158.67426416752582
30.894497900575765
-164.55609909829408
24.729417124547435
-163.68931123674102
-145.34851246210008
-191.28232479947908
-87.0485794775379
141.79053137179005
92.10150870618028
-34.267222815311314
248.6871402523587
232.76307184355602
45.39069901976429
75.16986824056536
-93.86144110205835
-51.6129092029138
179.9278423002935
48.517250847163744
-41.47693381021682
-235.36029608475505
-123.2339021421497
-135.88131186739983
-232.39298421081116
238.20933313527087
22.736859941383944
94.68159952181176
104.04885811343377
234.64527325931255
-102.07145907419984
37.116530409288515
-126.06657701008253
-4.440314518242167
12.811585663949796
-81.74794325480934
-66.44710991298922
-0.9730792617703893
-49.85906877938678
-15.63797939322981
-130.7475465891789
53.86081848579543
-198.61331061548742
-27.584481092744756
4.467520344498581
223.69211065145976
56.23215538739908
69.0724967960979
-82.31260992047723
-165.42644795868978
-228.01041721249135
-113.85059848628205
-61.98997015459223
-4.785248331115694
-85.57860057095998
-109.40206742212739
-164.23619389440418
-168.08377648668173
-9.768938532502354
-93.20609474559154
73.63295094082594
-132.8162479999218
88.71697539191743
24.461999786585622
70.67010703447765
-36.51869941689705
125.39902170545193
57.70951878669499
-198.6272809719796
-348.444134114
-154.63390766938696
-214.45677618894837
137.58792023639145
-5.262008123250745
-184.35518057135815
-151.89646149986856
161.69322875064768
-190.7709228976125
-297.8034908546759
42.91752355112578
73.12089528384618
53.6904127475815
-103.98496316194148
124.64694760324697
-236.1131567728606
-177.04269653294392
-61.78734281958364
-49.0923284905856
-178.39904286265968
15.774171480066581
260.78866969228835
-31.53054838183214
49.330585002394926
-41.86257194065895
-1.0487224904013441
83.70710867265998
21.061566944141013
-91.83745311139462
-95.50954250834599
151.93188137917036
-105.22433727790242
88.65874939167792
227.88586146180378
-54.15109641616668
-128.0998953943324
-110.24356152656289
286.4568693866274
117.69028176630763
72.15199258261845
-166.84176948461106
-78.78521625253069
-6.133539648791123
24.405655996489436
-8.816810826217129
-9.584475140142558
26.38307529602445
246.33385035552882
-61.31766423014809
-144.42970368809785
69.6262169382288
78.34159638669176
39.92837999976939
-29.026874878735878
75.91907633463623
-38.20247542231353
17.215931337519176
50.49901093320204
-79.7137067698689
108.73855490722467
-98.11257301762248
-44.78289836069465
-88.15107914776483
-138.67573224651818
-48.31153948508778
-7.759215510623774
84.31415454136832
45.7095073789583
-160.4303656137819
-38.43652666630721
-223.33865774260812
-112.16020460199005
95.11513591426788
-49.745794879836915
-0.6413973464703919
6.3107907923363005
52.07822610386095
43.37278754867374
-2.1635223215546175
238.22683603386295
251.4504973284041
63.7696873826413
69.97329351430395
-51.49707860976568
237.67296436274415
-145.19266995486507
-108.08617761819364
-234.74978191252828
42.37605185157944
99.84411842286714
46.755673916352734
-31.872231951943096
-161.07961575124855
221.60822313435352
-124.52209587269094
94.81110362731395
24.22482452490056
-90.07178503418076
-101.81520754210078
-42.49113746866131
-42.57421102455736
235.38898462015052
244.06483782464178
108.51244581731227
185.5664369437451
-29.523416698595007
-14.816493358758171
-162.55574373616278
96.19960125488736
-87.24773812435404
128.3268291117982
5.935003174272032
-66.24403910959106
-179.5595081483339
-100.37907801869784
199.48243635932704
105.122865973904
167.8418001942055
128.16910417080015
-8.34115205140876
282.0523956367448
108.14694892476132
130.13065452564368
132.10658110699896
36.46975205863271
261.9216266204042
45.32581490694204
-203.19223463476553
-107.05677683100315
80.40056660497054
-331.7938572470107
82.54644649981255
266.7002017272409
-142.749501983976
120.28804031049641
20.440589475946474
-79.1800715507687
-151.78331837332618
-61.569652954598816
-12.686578363185717
-80.18337560726806
-189.01816019727937
-189.94503485688065
61.45900440948328
-191.87138755037563
-88.34941499301387
8.43457216825764
19.17609326009268
61.588272078973155
160.83156195176076
-80.56784054298534
59.099386512175414
214.6710324992496
67.79659175355528
-75.23544541642737
-183.16191363979843
55.625674549744026
-116.57567455797522
-208.85738863584558
-94.95630152600924
65.67790499224407
-162.5255303132293
265.53987641297124
-62.924766785720884
65.94709464937412
187.26996910582932
66.08533450781023
208.51735916278838
45.29116545905712
16.274014048442226
-7.176136219842212
8.714572098045972
164.3879907522056
217.44390922241695
-49.098995083380245
154.99763979797245
306.9700002488632
-39.48876848363637
-64.65531243657779
-125.59935941149531
-164.94465284407022
-105.95400390901814
55.63302214407086
67.05938479691966
16.468784644759047
-16.091559329942083
-45.86161151096689
35.26276259646308
-81.98815962909151
53.79445243633124
117.63361554609001
-269.61688002298825
112.23214829772817
199.12503661803186
110.9426755168421
66.3799404032238
53.296537053966844
156.69126160130156
205.55589912091685
13.471121200014066
87.81543941818677
-49.10113700438896
55.27493060361136
-60.028471528672185
-82.87845021627902
-136.97441872234134
-280.4577256255413
226.1274160100952
26.24447450733763
-238.989666477616
82.47905783295214
-218.35845469803877
-11.552210070896756
8.051002271673669
-64.86560661554995
-53.11733119332681
73.28916085472933
257.04634599316785
-36.48885220913799
109.88335087974966
-79.45749157134931
-117.20208420481896
-91.77438061076967
83.50625215627451
-27.982619118353913
-105.48251167507256
88.90139867409789
-72.85964381171763
-140.700687332712
-27.440999585385207
220.65525412017942
-75.04050936433306
34.65523516863039
49.924372934005994
-169.63422790784506
33.298998774672356
6.364102412221777
112.80877607587996
-51.05557634052588
90.74842363629679
-186.31970046053183
186.10732361669494
57.61258541815239
44.99600126788768
118.68426863642738
55.89607259254247
47.876984985440416
168.37917712679481
-76.14680993180578
-97.98290732851767
122.11524669891821
202.56935316029976
14.795561162707049
59.2076523153891
72.36449820850292
127.92595227919557
-125.94939788499097
-347.6473289698669
-229.30128425731073
-28.577285556892306
-122.48889803786939
204.85056058075796
114.445077957616
-131.43186707678169
2.071815688519662
-198.30084374477363
132.398395502526
21.731333304680813
92.87173579862281
139.54708667502584
-261.67433240786
33.07326324399018
28.669151152598115
-82.51919759767424
42.808429259210534
13.416349572244494
-155.9898842732727
-10.887189874077485
45.61448439867288
1.8573963150340607
41.650867743196365
-63.61833526802004
-19.53102967072711
35.139538027969046
95.17198170951187
49.61159855392259
51.72813876589712
-103.50948909612532
137.208785737783
-53.517918960781344
-2.8895086386422166
-50.498099860169006
36.975138557703495
-58.412071826494724
-29.7554116399326
-168.63684827598468
-62.751825100154534
-168.98149272929356
64.69706168925447
-124.50269582164289
-134.91835689532903
-17.91308514642895
313.7257097151489
107.11825669561921
50.65604352344918
112.94590149161778
-34.039399090980616
85.64984831126314
119.65644941351061
-124.938830033784
54.46289854205035
47.384498161457884
84.19562128440016
209.6909447858487
-22.854525150753012
-8.733820257094022
-209.8971344616405
-118.88345110879403
59.430475606809686
20.712425562747192
140.11750407993435
-28.253446140116868
-161.3620189767196
6.167968045241872
179.84442508391675
65.67282188453274
70.6855759710401
-208.5723863878154
-123.71804372670597
108.58877175820237
-74.26289724324275
-100.99893233284135
111.5730365935898
6.077699160128993
-373.69307912281374
6.022940702800639
-7.619247306154107
-95.31184011419523
-192.95061978160686
-46.15237077764508
-28.136374077976487
22.884225074504148
37.173394269619145
-122.53137969242574
-113.14440411239256
16.039919089255584
-169.70917763278769
108.99095873064493
270.8623764967259
-56.37518297223041
-60.90372386061031
-24.02737583748234
-2.203049866329338
-160.12203959121678
34.616957879515695
-26.820511780142123
-74.98799379320765
-302.08092441888874
75.01614998612236
-87.12784541910348
286.9140599540574
154.97444190690982
146.03212440593614
-272.75936562633
56.13536748939829
192.7409858885568
154.92769136629767
-159.05569637937452
-177.73399246727678
260.77973858272014
-124.40867804301224
36.71687912024449
-0.9013872283871898
-179.9135570147916
176.22549477964526
65.3296000720116
115.47627308552764
-119.88695652170951
221.02088246191929
49.17132439586871
-8.037132447139436
26.271523763617914
-73.3166960990505
243.24751375759217
39.64294618620725
33.61369037112626
-62.49529561616622
83.25115077558806
26.852127664316082
494.5296753601594
-43.71452421257275
-69.48037821194382
133.22343637286684
-46.75536347540912
-30.073408094848673
-45.42436810242264
132.4281980192084
25.480304194871547
194.44554142535887
-88.28894194591707
287.69024860074353
-55.139860477635196
-8.258150540320043
-32.62483709017738
95.97155207948114
-73.20528990270739
-14.037572270622581
-45.05501471744258
75.26650826204221
-9.113843076871186
-121.27018944242576
-202.32035336570033
-100.94138647607257
-94.12351547595716
-18.974767392696624
84.23192099930293
-121.52044936558455
-75.47979919809791
-50.95094913922272
109.75942969236995
54.706899041354625
59.49496584098364
-61.07592103178477
152.65542065174245
-92.62253268488134
-142.8566378353367
-17.714050454260175
-93.52395680821535
28.146774581004312
-104.50957355894244
-86.28260015849214
53.557440964468064
-36.44818620129949
158.502874865307
19.745167682064288
201.5991337018354
122.8440948295908
84.8504185943281
113.44918947137394
11.536106914258383
261.8566040985488
-0.2057760548311942
-113.90429351618167
319.86086185898245
30.377043449303738
-273.08930004748856
-81.54287932664938
56.90935977470731
-68.72349376881076
235.3511812089082
28.49569901216878
41.66260850133744
15.593389499317286
-61.47175470467271
-244.50708254223468
-61.94260809829058
76.23505063850753
65.47263425737995
-13.624687870326413
-90.2523678472537
-347.5685546655771
-199.977166987124
-90.08356736189783
66.67668921365025
-156.589305102224
-177.15622035997413
-42.804977979874266
-280.1190610813221
9.804634786018012
9.66653507131139
83.22389194890901
162.73164204099865
18.111440317315555
38.943105513901976
163.27520595749033
-101.3853747014474
59.60951018451403
198.38519272804737
120.32665986055548
49.64223855669068
30.306416363662265
-217.74611944769768
46.86498736403926
217.11568009608547
41.469525967716116
16.12669922251253
66.3403431562501
-8.88116443502344
39.990463658721914
-28.691464388599503
139.31513208173197
72.3821668844716
374.3335984144686
12.686693261005995
-97.4157472282952
-218.46072724851894
-220.00833717932036
159.79314471645827
-16.714786144442574
-168.6490766431061
3.53383416335192
32.81088998495874
-47.34026447516176
-36.12880984481471
63.972735450341304
33.16564526936605
140.03700848333713
109.23443245327209
-81.98246908957043
-72.38933738433957
-57.82689972885918
-20.21330558143676
-56.84251827631662
438.89945598464374
-84.56950608272645
73.75932507719043
-143.64427481198842
140.95035803315318
-88.98429973384988
159.5825833156806
-219.38644800513484
306.805720224977
-95.49895550956414
71.94074291195732
-54.55856468517181
7.1167948990737955
-61.46182579164184
-168.218370604661
14.663196302259532
91.47064291286421
178.0785607823308
-199.37919504913006
113.34622542921929
-37.90877209174163
92.14346323427881
142.14424456094878
36.26020227959995
-121.03049222577341
-35.388988015389785
78.04806281457137
14.131125396773484
-72.48077059692642
-366.5707302446793
-57.49322690970164
-37.25023950524259
106.11708552090973
-33.208453448872305
-140.3108006768661
63.72275943727323
118.86664099609936
-74.18923126321604
-117.8626305453187
-111.24187958903026
140.00909001106277
33.75130035466749
76.55955986072351
105.74997372562268
-90.69942762622766
-107.71807217623802
139.88573065175586
75.12346266824926
36.39485140296787
176.0618122957664
70.95176840975222
52.898729766547994
131.52448290423357
322.83209433721083
144.28550026462275
27.370024376223128
-52.6300822203873
213.42110602288903
-68.51264208457607
-48.1122686971751
65.55433650209048
81.12803746455171
136.23969374228622
60.41103308788516
-6.034946457006198
-246.41333724354234
-195.58959171609507
-92.33808990849221
108.19931988251862
-92.08667386728243
-22.87049660798417
122.52532941659844
140.18553725886878
-292.3578584483399
-86.20433405111542
-127.83253296607013
-73.12460769565367
-51.943356098242624
-32.70758951625648
-113.34264439562223
82.28192733491662
203.60823461044703
86.76516802991242
189.23925838385574
196.45126625769043
116.97427989770075
3.5326868822714177
-155.44656525944484
9.610381846126716
148.97610690043842
188.81815688145448
66.74351465811117
40.32147759081893
51.77199792345308
-114.41725963771997
116.87129320453379
96.98149779054904
-205.02950479410657
-28.491382015611435
-8.36075732774805
12.81570857255167
21.772648984396305
-126.38102034270149
-309.5169148746656
247.78383795595622
-95.28984409716253
-13.778999967780837
-121.32496055203708
159.24898651370228
129.8206337893666
-61.9012888697054
72.30516659719382
-310.72622219604773
117.04426677307617
216.91517627216035
-151.1687314209841
143.23425132776728
-30.44189061260922
221.4226489521641
-130.236235527876
-56.941440881749266
-339.04490645846414
20.0341845816372
28.156731631929116
144.68415084330778
42.27353070557681
-215.59835900448752
256.5391521216039
-97.5186500149415
22.06222354713894
92.55450761090916
46.64819448886799
-237.38993704215633
47.7070244933296
127.34472481874717
-136.06793850179818
-205.97027499260534
-218.25877508481798
114.29266605245698
-81.3245736589396
-59.12283985288969
135.66212247390158
74.10556275033187
252.06664490509513
-8.699373057240424
275.38073381820084
295.0158564468615
-116.20801931344874
-111.41206101846136
40.75365770256731
-31.910752675643607
215.8368873847553
-209.90949472238867
10.095239306597875
-32.735480216867046
-157.66687593649218
25.449224206992277
-120.11728175559357
62.17323150163964
242.28487826370267
-59.482295337077105
-0.348022555535227
122.35479865308331
-91.47794775368808
-99.01760395752312
-121.50987696491555
-175.70530154755852
54.44201240436295
-241.35056079482632
-34.05742762064449
-85.2127056639086
-205.1278628531977
19.585200474577235
-148.62994263951848
52.7543450993186
36.86097043054026
123.75111119458482
-91.28106055682284
248.55445196182626
15.94499315303388
