-38.88456669313328
112.95613275482957
-100.75413276688457
195.4481141059362
-165.21390930405076
-133.44148810353806
-114.79359047592197
161.39392879647264
3.333859687736207
-133.87798427666561
-28.192540379253803
53.38973551539348
161.84367788347447
48.42913501339521
-2.4692282898494993
36.98974693755678
222.58381326239171
39.4697619294134
104.32356612410618
-59.1082194218849
57.20981243071077
80.38309877456105
126.3443337902526
-5.878445879957792
105.7481126895983
146.73467910550903
-163.238079882096
94.83389621409812
39.86430242413967
15.88537789389879
-110.44602631821832
117.24382789174479
-108.29454517424504
129.6753623386661
123.26319612055315
267.04249969878856
-63.99020215643554
-7.777450712885037
31.448424069801046
-44.70711629823984
85.8675982385128
-14.865010622856754
-8.16457810390218
-25.7357845451633
-202.19796764208604
141.83258570037063
85.93790628527825
-109.20610640997242
-189.04608568457013
-133.56699236671977
106.41638530022905
-151.46182804942714
43.786969359507424
194.38810332534936
-208.77319882918064
-158.53062366242264
96.83781082027184
-66.01665240091383
29.21142136335299
-32.38923996454603
32.337326294849746
8.51039772944509
-134.2038614194953
141.49242491283826
306.5562804420732
-157.39016523108228
109.1202768670196
45.819510637699544
127.21836662205224
12.783534144414261
-9.184625689881186
-54.5809455290724
2.3669279603965125
-66.95830232192118
3.7988181765616327
181.53165279081765
-183.22412312298212
-10.406825483805994
-36.49365383698418
101.77949150862747
-162.38462211071732
50.27006352698895
-111.46957650801961
-55.2241627426239
-59.1624651594478
121.32342826721106
35.7140682205078
-178.64038125925464
40.97101634620827
-193.2500201810828
95.1627327732818
50.94569135020363
63.21624652469777
57.15550143360363
-56.13097444749312
-66.902580791481
226.4397303835385
17.06540747350827
155.8952674076468
-31.91182944903356
67.50117033890024
84.84833002158057
14.738508269936082
70.44441593704042
84.06938795499546
78.52050270533093
-32.02169396774321
72.78941227671659
118.7770701461177
271.22644892315714
46.53961897630349
132.3160432005179
200.1818230499813
-199.61462946061076
44.72900800110786
346.86897913145077
70.67365045405704
-24.631603941016333
181.6718736853712
-40.024964418915765
8.586651792698618
-49.486161783997424
-73.4177099767091
204.04704381715564
66.32233470706834
299.92514530909773
54.43639691639148
153.62677209739638
-135.84143164558037
-102.80227508031172
-39.99342876034063
229.46476989772904
190.4899036179763
-16.85567908984927
96.43309363082507
87.28447508777815
-49.54359870631483
51.45190479630594
62.613557645804136
130.99946260394842
117.58326282040706
-83.69956031877857
64.09852012577288
-295.79632628696305
7.368428215797419
73.5925752043335
-75.04365009466929
67.45086040394449
179.9272651766075
113.39440343089278
31.283759869458414
-45.60622978537888
179.02702235924815
-91.9305114291299
171.60387635817963
-73.73227170274559
-43.14781426016191
-188.5226321592178
90.65701765638941
79.08921577842088
-18.171275368751623
27.51938814341766
21.105982304166936
-282.3105295396862
-140.90550329053752
84.67713501588696
-7.123945409380737
-138.64699653143265
-211.4006725585013
209.96697164293886
-124.68826231985781
195.62926827136607
211.50915545092994
-140.07612994781329
36.342533569608534
64.4559909064541
139.0376918684802
70.84135923104574
195.36955605410444
-256.40185401737773
138.0554525178116
389.2203765867131
58.011585542670964
39.241318988323336
-37.261264137083025
153.46631933632142
-314.1908312479442
220.8499756924962
-144.392280529218
151.68845399173745
89.18415725170384
191.7418430467533
78.95826613758847
-307.13780550960126
88.36411232253066
-195.94761563475024
-100.4801803012048
18.510249617095425
-88.13148538235819
-176.04926522819508
-197.8254891996103
-150.21725651669672
-33.3300971272147
84.36209212971069
-47.605790858553
-55.02098791607912
-205.372830645197
-120.17024800259426
149.09047030006792
-277.96735431287516
179.00610714600816
-386.51125900752885
140.8309144845108
322.7396996210877
-17.254658368588203
135.54334485009636
-79.52242673326857
-78.10465718563947
-252.75152454485556
48.98218016298097
127.01858056404146
314.15710608339344
60.28471276261868
-137.33913729332923
12.940348548111166
-177.95142916306378
146.89250089156647
70.52646277976234
166.39543790342753
-17.447173561074035
-52.324892124621385
110.97047415325346
212.10346744819114
-81.59162977209515
106.62904975666646
-98.97954218016876
58.972908171806154
19.724639358075372
61.47191848093195
-129.35520805868674
-21.692207727999303
231.06151339981878
43.02997390097783
202.1615403401943
295.4817725308902
36.56301365604091
-124.73379896846882
81.44759564056551
325.5701337654056
-94.83212711960584
321.34939200525895
-33.14951809377328
2.5215811059446893
-71.73462208585472
81.32060425595319
-139.84222667716054
-119.67105651939418
171.20619952440845
-44.795041286367095
-56.43927545113464
-187.7561619186898
56.87667186878607
-29.82224390701962
-85.85461446381623
-35.59528937352164
-156.35606910724968
23.45563802726013
60.62845361781936
125.65187047031961
201.11893131117995
188.97161794917895
-63.751542601491835
-156.84631045205327
56.93622732221756
-6.342108547018879
-258.9844265150125
110.75621958677071
-164.3938090676239
200.43300178269732
143.44807875968888
60.61972840965493
105.06353450700249
-22.54814744449972
-16.016502269528264
-143.20549897026288
13.777028480836737
-62.14777535230291
272.8220737351704
24.192137805758158
42.439987121145045
17.06838551252253
54.598619696875076
36.991657027659734
-122.20669223648295
-196.11567932503894
-58.4577691706306
210.58789327775332
-67.88857949792877
25.199612993854192
144.57409076847105
-175.18132807362278
43.66527450837058
132.34123920366036
-32.38239409154589
-126.56408390273117
-127.74487263997369
287.08370335889276
197.83530805542978
52.3551010432656
69.67129422056794
-35.614208443298956
143.28552844568074
67.76397612681795
43.57873133091855
-45.015289158430804
144.41524581744412
51.67858826853026
-32.58524718484147
55.08574748256791
-70.82809898029714
-63.098478519186365
143.72193618370838
-53.995676139039716
155.48201150089344
62.02550073078678
-178.78803169969893
122.02099944383737
-55.46375206548587
44.34395057435278
-93.02373312190684
214.11325738562078
62.3093027941388
16.689235628107156
-294.7036992106063
-241.06762514898773
145.39644145409537
170.17811672471203
-23.459698534159305
199.40309752372366
72.45557550987138
214.2642467620444
105.8452471282537
-13.604964329692042
174.86911846819982
-45.598215520172346
11.544434226824112
205.22767399140517
-188.23364262184862
2.7694249212911863
2.6205273000299316
11.11536900709929
121.15092722411607
-111.5524699385376
-119.73361858436867
-158.67895850926953
5.03979084445721
90.40635004010551
-85.03908464350246
-121.35098822764529
181.44432048505485
29.682672183261865
13.134679560664168
173.64642723134142
42.81406807286103
-94.39618434875518
-49.00852547946332
-7.685620905709757
-114.39638528736532
24.52005842692169
196.9953725337457
100.84791052355614
38.115787227552346
35.935968712194075
75.16255403896955
294.2448468046225
-345.2107309868191
-198.59696005538297
62.978261754256195
-32.272058822474456
192.32421335113725
-191.60164938953722
40.58045372649247
134.94979482614772
-144.976248938756
-19.133059517916976
44.76625179694504
35.7305614375917
84.9604491227783
-91.04852423614064
-81.10543060694613
5.827486039032749
-34.98427679969613
-148.93778135772303
182.25044698417642
194.08012612402624
-214.02523191807083
-244.53671656235113
0.9501332398856115
-230.2251568039231
28.463946764247417
105.2724436799964
249.75542006924158
-100.52779188542412
117.29049404014157
4.409291237675871
48.76812419644666
-254.83342402071986
-24.636812689913896
67.89185440761162
199.71156301569562
-6.107482710273526
-49.56694329062419
315.55585776361215
-116.0698356020391
-91.7306461447867
-55.62977252049614
64.84872397143477
316.1163152724265
71.60277752011427
-103.5028025472288
69.80773911116337
-241.7003430875619
64.73210789875915
89.47257226370971
-41.939343770372744
188.06739122335645
-1.5370184819532255
97.39966679960952
27.784455885202508
66.16701601614932
61.44119554809025
41.430365563502676
-26.367971851237034
105.60609365139325
-203.62878456352593
-426.4785883911779
-195.90923186537825
-226.88152706661378
37.3794347660856
326.61323800304905
42.75341712767797
-14.42956272199344
131.92984652605946
148.03193342575355
186.76141319679934
-120.98759877493883
-52.536307412638735
-266.2691368284228
-20.56773557318525
-134.73200734122375
-81.08044656812376
8.781642154358778
2.7623799930045547
-110.74944440647958
-299.7810144079115
-199.68346719190052
58.90920217685467
-112.41552235073459
-68.41862716042448
295.59398591610073
-230.61386773614936
-344.5308667259256
223.55863285990384
57.7859190613692
-155.69713620875496
-133.10671629430402
-15.271051217647083
158.44328407010278
-115.74049166733762
124.28705599105483
-1.1489820497604053
-108.40333816423261
-42.58660256450905
-194.01627292243407
102.19533073870319
252.67508074358082
129.45773965605224
65.9851231963186
141.64436678154456
18.776510360492974
-154.9464015200363
-5.667617533254325
18.14497283723945
-213.88941137183843
162.003908542011
-128.35294561947302
-6.041965994429053
-124.66960711008161
202.29909173640976
43.21556301914589
180.3893512430051
-163.4687226554444
62.68243540975539
79.55576458457593
-170.62120656902152
168.37602187555913
-42.16691124266504
323.1116945950518
-112.17175402878998
-207.7162162354082
98.97609457323041
-50.93699910629903
-31.96802350420012
55.12940006407709
-190.54114423640922
-78.10216831492583
5.15337560104914
-57.189164269383596
-66.18825937115005
103.6256629537545
78.12280994925229
183.43855166883034
-87.08808645317771
-181.5485836622968
-148.51263805154187
-11.306287372396959
58.23507901809076
112.1359832931352
5.238122246548784
223.78975388211146
-176.88552108425327
-31.7191279807941
-138.90179543615875
10.624537277142409
4.044423142700339
-3.3184128449818235
110.3783992056832
-226.9708467122065
-112.021840582719
-48.02468468897733
-23.859411585466184
199.7530379908698
-20.169772715687536
-214.66165217718316
19.11232813947668
-82.06632827736995
-25.69764256380947
-303.2140780074168
-95.73735137316585
9.76504264909954
175.23992233177967
-58.78519843560072
-56.822969416231984
-163.24365459477556
-45.287242229845056
16.71434564380498
174.61382206880768
-170.3213148629429
89.43132761156329
-89.14808903771385
-27.460043571317243
97.94888982806896
-45.78876299142353
-252.70764944982145
-149.98674882315854
119.77399361561544
-256.52172428273735
114.83883480857736
184.61032346483165
47.619194861199055
0.19069797540723088
-92.61710887314221
45.15974042303549
-337.8727943306536
39.46037105961416
123.83128989435124
-19.106714747569253
-108.15115474712611
136.167784592686
54.628810631149
-62.529857289901436
-193.33882388873312
103.98392116598066
173.5195893619364
-100.13806512359552
-87.18359153219446
156.39272058114656
-70.19944412325266
-142.61833261085803
51.2893071765469
-5.118095164279739
-178.13560821796366
11.218186141629053
-20.612543068012485
-233.00986149799607
-70.68408178562152
60.29323945325767
-189.82538449464656
174.18605709965885
66.8300900084151
-3.229826456421808
57.281243800459464
-74.49256080957598
-112.92710409932954
-439.25958664892346
61.116562185873946
-3.5223995346977985
121.03139420501715
122.03412896390763
211.07727399632924
-109.27860279555391
38.174499368340506
119.69709076909137
-221.70666432820232
78.22264988669022
173.12578902415746
-335.9840780784002
-270.42292576544617
-77.43444745975295
-234.13538104722045
130.88795595087527
-100.98514318449612
11.223884628449923
-225.84736984599164
-60.99612673785825
15.719968661463374
-3.287224286945596
-6.7607785623901
74.65022397915592
-307.7675540075486
-29.97135860825585
186.82689995006007
55.2700954352621
-335.4265214972158
299.8894653572874
14.386185033422679
190.60289103922028
-13.84248160715598
409.93414213931777
15.310094782029507
-118.83462887186217
-74.59558450140308
-56.63864987181793
144.04611030647249
239.81770999154156
165.805732589536
35.092607862520644
179.04021413397783
-33.085977271948
-204.8107045776806
2.180800291222744
40.50022958253127
62.880960761637986
-93.64978400656258
145.92544434536765
-30.164947023338787
-87.05113513159584
176.58442218956534
-186.1983573067646
-128.3815510357106
-96.34487947261167
10.458127698924951
-114.01913154091203
35.10223653486471
-122.96035307629322
64.32560993559021
-131.06775760058895
113.09951108298195
-19.095890392583648
-43.61466343016707
108.26616368436315
209.2008050784085
182.4567950248355
57.08038815034904
-343.73769613540014
63.122858637970765
-88.36980801454915
50.25669591249574
164.19244903629541
281.88186074389563
50.122610879723766
-302.5759365186422
76.86831090932422
-138.31392043386535
-151.68721562433538
18.23541978543628
-256.718164803326
169.95509245826133
238.46230872690776
-158.39401612211412
-72.02844836311458
-215.48785993476244
-14.740430089380006
148.8565251727389
37.17005112463173
6.803015489832167
-33.43113684268989
-239.94725276911012
-70.95178396885169
-224.54504494519176
138.09859396835063
61.838266295489184
91.019107473946
122.71233098385406
-85.0087007099945
-47.86634062236546
-136.01967526043097
-44.29945223913406
-12.992089153755433
75.74523550173765
221.604212864118
135.2795810230324
-370.57078361975334
25.945691217552486
170.4854502687962
120.11166735748033
-28.237564527877016
-63.608637556440286
-70.11406798976445
144.40284766031365
120.47548600125693
79.56410169097215
-109.8167255723253
270.0825703916793
-182.8803455102855
275.5888098117579
292.92466182385715
173.33254926221545
40.05035009783361
-118.55894759950128
-200.9031744621034
113.53994566066389
11.316537994637704
124.41307847380897
-114.23144069708852
-55.3973399511947
-135.8993265862731
33.404375578685666
110.13060870231041
-72.07296744103266
28.683435294618043
-59.61386111466233
60.056713587741235
46.84159741797753
40.24370595472537
215.20865271469418
-50.83377985698027
172.89234687975792
-26.133812717145997
291.6101989066958
66.19770508196588
55.57893830383159
129.20655917173454
-171.98526284944677
-2.553195917398406
-40.04340103192043
47.03591658191841
39.71451501260924
134.10027358280837
160.69571639131266
340.8010757049512
64.53798596780604
83.61714019024558
-82.72990800584074
-129.92492198705793
-135.35325779735527
-148.3885957765596
240.31070491945428
-59.49043585588573
132.59983267550055
-206.5030498894246
-11.084486176451728
65.67451188330493
47.731756864964176
68.9089925567264
-91.99489992105455
141.13780294819605
324.7701349072123
28.85585417000968
105.22653331205176
-121.11573521228759
-162.518016121484
18.113028075005776
-208.3064581545297
-4.762870080147329
-13.619333667006913
-77.046385377657
-177.2114961194615
48.52360241382929
36.254250965768165
-368.2286021551372
-165.53624328496898
143.48225684863323
154.3457768053251
-97.3682338511327
217.24550985535154
-122.043545762794
61.8686238971464
49.05744072705484
56.8044047083981
-193.1160989250197
70.6276799032973
26.896354006975006
436.0157919449501
121.3763313849763
-10.342605317225784
-121.25606914517185
-124.85264257706905
-87.3967289459597
-49.37527598003877
38.953495297261426
-150.33038085803244
-153.60924706433622
-38.508023637271705
143.71509639726312
155.10149450475097
219.7991273823112
357.0961655753629
-181.94659111847577
-41.33425556047159
-90.61437981933737
132.33707111368724
-37.42869799192193
-132.5761736987686
88.42665960672032
84.97930007502752
-173.0889291921193
-3.1714571114345094
-79.43989381208226
-357.01691827844076
-63.4857649726614
-67.54853015524289
-24.931276020246123
-132.5595666183377
59.52683530710015
272.52059478035375
-117.56906180813007
-123.44608622855495
-160.57981185868448
-94.75676848322068
-63.45420402954845
-139.05462005322522
-324.2344118158841
73.28993594661571
261.64160454734935
-89.79645805583003
-322.79288128248595
167.88123079725273
-55.86465117339352
50.905145184964724
-118.60959686008584
-345.8502498434212
-68.8575154471065
-157.27420709101693
-27.491671453346513
90.222533564696
-2.503220450484713
-134.130142785914
-68.53396637484303
108.17520485594956
61.32386477955634
-6.852101487468284
-63.4915702808677
148.2186754916138
-219.45888628684463
-119.31744674518158
-229.45331540731829
-276.038787597719
-125.20223171711962
-136.44533297426943
-3.405528816410658
72.53703373066395
-84.31777199539907
219.36374988118575
-258.06880691415677
-138.7034074460393
-13.93995399350977
-46.44819146070667
-156.87189373620862
-138.45649490788097
126.51434333560037
-13.025078312340995
26.394538578043516
44.459226236694604
131.61375826141872
-99.16975646550368
14.731383824677149
-75.03732474813772
-91.09026063610463
163.26874750199377
206.8259305977671
47.49425039776926
-347.62512707824993
150.8956559668194
206.47523570596599
-63.81491482078679
-164.21235330259282
-63.58916193599212
6.553413552292546
152.53751292339814
123.53785961394414
181.03934185043315
-87.09216008693765
-89.29489007323501
-57.866889933945416
-311.4803700453813
-17.7130174639979
-48.25382495789006
-285.7501035361623
98.4637966466098
-21.130367432916554
-45.81317259339085
145.7562543036871
-60.17230267422654
204.00532688301607
19.381467904373984
-25.280403352954906
75.84827770484642
61.47353772869233
-291.76322960557474
98.2702664431328
-246.96887350561354
39.459661171878935
21.224155035871195
-46.039589458632236
22.628075145509285
20.21677556180309
104.19258194831943
-50.76698692248645
-164.4142886101821
55.652331696886876
42.548627867897906
11.041403997543878
162.56069687288357
48.868686162037136
10.97899106206405
133.84906541503702
0.23414009296583133
51.5523915520988
-23.704094728196548
173.404336653718
-8.594354052761792
277.5451473381725
-28.166431300144495
45.25366698374666
-123.56825318646611
-128.85299251409134
-4.083513420379543
-255.3047300727168
220.52633508579194
69.85235155255667
-94.73950645680456
-21.98346480556911
213.72085472783283
31.394648247398848
12.333892072614264
127.60833350753735
114.96846385821391
32.34720958356928
-105.49109861099505
-98.81564367837508
-85.86932380431641
45.12219184452858
-231.6953195763395
107.24146663975628
61.21311117409785
11.809245517769325
12.79590189377196
99.67919541689686
35.87749944479549
-48.40053184156662
121.28762987326888
0.7732171065519409
-42.715140087158154
428.6014261025785
-85.8700645220715
-46.52692962039094
110.61494991219797
194.999742353652
256.9663806327754
-81.70645305153455
-24.185214940772532
-134.87751637702254
35.01866736660491
45.35550715256565
162.82504889743487
83.80550292004556
-23.38800148059981
200.1447943522006
15.165477822260886
-313.61369741145376
21.467809459915063
71.2703688680425
-41.104542047651115
-110.30563338096982
239.12826605616243
105.59897712138647
-88.25066406388564
43.639355817650774
-39.4257843952024
79.7656898212329
234.30967843245858
-128.4005108128518
79.40485388419592
-115.75880022974063
-205.62413698004246
144.89196852098644
64.72202051346201
50.47025317862548
-14.155398235235705
