-57.84611750557555
-102.50384311431785
48.50719533932896
24.80075349681178
170.67751916544782
78.58415682288717
172.47783568731668
90.32688439957285
-52.65543185648633
-115.26609574583249
-434.25706220242023
104.56993856957311
80.1473757811672
123.11029582920845
-14.698972367179305
-98.88238838747715
132.01441164457069
27.834168840404875
-75.09683303379161
65.11216691988794
-136.71509133282044
-20.789092505641907
-30.424002991339485
-64.62801914499107
-322.3667524394006
126.06106995439258
-86.5314746367676
-295.88819385138044
114.3936288526381
10.902288758486776
80.8855918363977
-22.194078722645653
-153.15323987328102
174.5861837845054
268.54916725131517
-133.1145312448231
56.02654842846184
69.01722199721685
80.23860319366601
-217.13317214707607
239.70673317305273
1.5709551252513245
177.40762636894829
-91.85999166844258
40.975392698581565
-50.887699657947145
75.14706064722688
-169.07863559231222
16.798205060837056
-156.57355856788496
-75.36197471473189
-246.21636994976532
-181.6207518794839
94.34889349471264
-83.77923791634831
300.1301877026853
178.7033545232191
-215.071362737217
11.33619001446532
3.8677952112609626
144.8097950952534
-188.20239867551405
-338.59475721569527
-267.7442016858682
65.78220724976863
9.118153783355055
-88.36686695965905
-151.50285956790663
-211.16109733132956
220.2679439341956
24.549609809766682
-193.78300634340698
31.851590749248437
-263.0917598507279
-157.99931222305327
37.03269675008921
214.40222544601548
-287.9098974672752
177.21740656465354
-173.57618539858186
-237.2449897287975
117.57922271480986
-40.351621683609565
20.963906816065418
-199.4986213115988
-150.2820260227495
112.08129706364306
68.31696568976963
-170.0779505902362
-38.07842385382092
-80.1751201982047
-74.22749065309037
-206.43747485854476
129.0605070280462
-140.77957945456683
-28.667456455818904
95.9199998205257
177.06132665265127
37.631411580071365
-154.99589212986723
-244.80810299431795
194.59781112600442
24.956568317759977
61.696826811755386
-25.535711906821305
36.8130435250654
-145.10606429423044
-20.864199717724482
72.76463981120241
-16.25325155691233
-164.46515327432246
144.85629376860928
190.95733511771252
-157.62447194469496
-42.6059060805836
-113.70053024457036
118.81565319690938
14.208142826171164
-125.19775049962487
-60.28528719974599
68.00407700845447
-49.15375623578892
38.131750099098966
-1.142222041613811
-44.90312533506248
-87.24721606894303
-26.51774939316461
95.26422002554439
196.44208415851145
270.71335579106227
5.930900889933778
-5.890227990954308
108.22126122435692
143.9731991492466
62.546092611184214
175.75480119216104
16.028836458780805
58.11463400893024
-73.5294587626231
-56.4852396881862
-7.121549353379296
-187.30580214949757
165.56240789176678
-126.26750484303452
143.7747397647063
67.38681175169631
-137.51300820644173
184.72361129195477
-55.240798128811065
49.307799535587826
133.00943580346376
-108.42549823593423
265.87850051416825
185.26563650163084
-19.51707269830659
278.93868132101727
-153.8652056046067
-71.80554475599142
151.79613376314407
323.22686334847003
59.14645818214913
-110.72287956585879
318.55013649559675
-34.238733673783734
21.627412382033825
-145.5923165085088
23.76835687137631
-127.06196271500636
75.7535424942879
-239.3483623599281
-205.72367924240265
13.793209149908343
51.32522687602117
-156.42146048462084
-250.79479231409712
-105.6619378480636
-116.77642430325143
102.75713407923581
-134.1735813070738
53.31790797033529
-126.84668938142916
-9.764201043589978
-79.43122000857666
-243.7206772202989
-53.454773510131176
73.6296826132584
10.007050545540288
-100.30554719488839
128.94761590256297
52.74403397697625
40.898123581807205
-121.19722993978789
-46.25190273761004
-341.2853521086931
-37.52302945919925
170.9749472200998
153.19482420252112
-155.4393851158812
63.78180690480995
-249.02106142847836
-30.24308111123478
166.76917631212237
129.89405576132052
17.22597620287931
106.42305102426188
-10.77369285903685
-267.32457902199866
-16.100678186920078
-260.7220820251789
16.05083234354406
34.45999119928363
165.95878660210178
-9.794179677320193
-148.86517857922078
86.2614793121985
-257.6522323458313
-131.51903418461794
-98.04569413177403
39.897025226140514
-92.77603681001581
-124.02866549809312
30.63919315812375
92.45921480985575
48.087627969469864
116.34798808487355
-73.25042186687959
-168.9207782294429
-5.301932127391524
77.5447363245028
-67.26990264046188
179.95068407047606
87.86063838711583
-171.91625853968074
-76.75150851531238
-49.035722098497466
-156.40952065947994
186.1765871355778
-173.63638133037153
135.90534923221125
-50.371064852657234
214.8556487499812
267.81587665129257
172.1040621962595
-104.71556996731185
-43.11143004102779
302.6646070680308
-55.52843029576182
-18.269472360236456
-31.21672863905059
112.1129798827528
85.22258534188666
-188.13456959338058
87.35470866117781
-63.474160755844274
-96.17310449023583
-146.68234961267206
136.7595716444375
54.10369038456977
-27.431864685675773
-8.865468232854248
-58.25429559017367
-12.312955091363674
-92.17845504358647
33.786623911864204
0.9139314106047461
85.61225165141963
173.87070767785184
67.99390380692368
154.68760487684523
-146.24238346439583
68.41596760847361
-119.84855407409614
-295.17694429156364
-138.80033090373738
-220.33490644006415
11.852644109618222
-29.965923509803588
143.9873676465755
15.333343116216824
9.720641822538026
247.49835864475264
-137.11941478261124
-130.60768021871212
21.552142568343996
21.21725616651836
-82.12406378518368
78.40203503645166
185.75171123860767
135.82690528692228
227.97910871024422
252.77987722842616
19.145682607693164
-196.29140477731443
-138.48281878090663
184.03688382611895
-55.878286790557105
113.3425611700096
-0.001653443032105805
30.274449971248224
52.5937524669183
61.72193935617491
-28.922516177845456
-37.09105536449402
89.74513622751971
-210.7719920154394
-197.22555714446847
-66.42208237632711
-87.75198015807106
-43.05204690915205
61.772736508612624
131.86861313046742
289.5708102451724
-60.25889415303867
-316.5669536232887
25.17401220100751
207.2935838369068
320.6140190380493
131.31326442853546
198.17707422445815
155.05047054564304
-259.9364389880346
-203.12036405022732
-96.11916956776534
-50.96103488682723
-37.28219778003058
-114.81625879026501
-221.2627401095954
220.7344923994993
87.3400011270772
145.20115849294197
97.10012263979446
-118.4573567977258
33.69252053375167
173.4605491890546
-3.5718974300818807
138.03418696247556
-102.51448660277447
110.361518891888
-166.9201821535443
46.24080825013243
110.27872051083122
126.00055954206225
-37.47209424161986
121.67430896756969
11.633100414998195
-64.14115990605741
-19.73861344133368
75.08506857235497
-95.97370810413675
228.1696288506027
-151.71752188704824
-162.0048227622168
72.25560881516118
294.52707081906567
-84.53921516266412
99.555960721314
263.00099165701874
-195.9625297995657
69.71925015318087
-106.81322239487682
143.76548753172162
-25.09317698690795
-169.60724358568666
-163.14842057988812
-107.02155131819539
211.76370860180057
7.623138328598336
133.97934526866135
-192.98698637911295
56.07710740636811
-45.041045029879236
-304.35940820125643
85.33933515244892
-40.550507506092856
-15.646319015192434
-69.83638045809842
11.014569795306723
-118.04488204644318
-127.65331804571163
-389.9346256787933
113.35132648793142
-423.34434763170526
-63.43368190871533
83.13332998961337
-44.95982756275675
194.9400149006846
25.45763642532495
119.13295427466576
124.19964890450511
-32.04585469641325
-2.5672658633697854
-177.38640528827148
-184.3988529809799
232.7945924745746
83.96300347767269
81.8171701390693
55.223215360889554
-88.62816254825933
37.422960090147285
6.9372692383798675
-19.48200613164958
61.859270948781294
211.70506914460898
-217.51109661134655
498.74631677228524
-175.2677626364241
-131.71885692997125
-42.239689919516465
188.01712390696633
70.37097664735377
255.59988679237716
61.313631718624784
-141.87221374789598
-106.5407239141864
-12.178403718656176
23.686503550054976
339.1615678627987
-155.42739534279363
-124.41181359054534
1.463965769126387
16.25517340918234
-123.27412332786325
71.99750903618937
-65.7798530944388
-92.5275440598787
290.47648221432826
-44.2999660149094
-127.7835872847964
-233.5416618648067
-241.2183165008029
-259.7778262166835
-150.78200168789542
-5.086532131179763
-17.80764640529687
-25.026924106942296
158.16072788428215
53.5450397527549
-21.79039149696095
-20.592351616234836
291.71315315805515
-5.2144653172794495
115.48140155175406
179.79419942439944
48.97962909025282
-83.80987446050842
278.82925258362496
271.0523212485892
-18.664469252958856
-199.0309773271469
-85.73698622454748
-159.77277416234944
-46.24479264037186
-19.923337108602432
-164.83138584915525
-82.53581158509446
170.6992761552131
-206.30491660947015
9.932571134369196
2.8226210210179046
-338.4396079319894
26.150715233719602
76.47485384930103
-226.11052281904796
76.5333329332307
208.76231955300264
-35.688887442547106
155.27786862881013
-14.559575621616517
296.4790387757156
-9.547523514719485
177.63100197468245
-91.22231026137416
341.84271412305975
-122.43671392930126
-23.375253349710867
26.679828739143915
-20.776125353761973
234.40580090328953
215.41885808419644
65.4647765559004
-140.45132871535372
205.56798391194087
22.90724744070438
153.4592765943921
-41.00516275851122
102.27777925640386
-109.96929577315305
-74.39934567733145
278.04138651213725
-21.752348873158844
103.91726116124666
79.89001994530322
72.68572053392184
-210.50288127516174
-144.07740005040293
105.4975796415735
135.76234178524925
-178.01796654596296
-69.49569368534888
179.41884694769186
-285.3423423640341
148.8392096522254
129.66857944415935
-1.5955922449463542
476.58960779115296
-32.66170760056439
-113.56489359512985
-187.21468645707367
80.09046669561043
-58.510825999123334
218.1399540461498
-96.31175064813067
-11.590402593698524
-74.7579201460144
61.63553414456914
54.52938531139599
-18.15811191485303
37.12445868983584
112.87164397286573
64.37673828634138
278.3372202814206
-222.02029240333428
-44.78973251349804
142.81099751121178
437.1071406975631
229.6691990534808
101.66464483180441
-40.98486080278011
41.293456054930495
80.22360392211719
98.30217932966525
240.88239459697823
323.79522574602464
-154.36298128218155
26.125130300616487
113.69951138003864
-12.97272948046953
-3.2856119915315256
-133.5586165735822
139.6507111633934
265.43365101787725
-151.72616970276204
-64.25318731046208
-83.6426678060486
218.0265029967327
58.154205307553525
8.869912156488093
-55.837418865771454
143.64763285783062
-1.2291632304492879
43.72587431259234
179.9674337653794
14.264270084519
193.95404238795612
-32.32325651881665
-209.1149628083909
-81.7602746038595
385.29368722071564
-47.28061364221629
52.38312551850149
-85.45852714138528
-106.15353663603358
-93.4002606081581
-183.0775550575139
-17.74968500410564
188.60757260214305
125.7280267198035
98.35787296199322
-265.3298550514308
48.95554291772236
-250.80905497067803
303.1277073203103
297.4343725104046
104.12949914430334
47.481685516285346
418.65166600767293
-70.52619836023422
23.670419521444693
142.69718314155799
-230.43081604077233
114.19321977274011
14.062552455742981
83.76760165395535
-109.70978992713408
109.2050906635676
101.80168316759483
-48.12703025745296
-115.1460796416668
3.7194707287857485
-84.09987682661769
-157.66778567192586
-37.256342621817
33.269892866571716
-67.05959154960702
59.02168957798548
-43.94125015311436
-101.8372213369648
-18.95657810161312
12.425327436778693
179.19019249917292
77.82957078662474
102.64383357068544
-47.9713519158329
174.89736571515294
-38.58338268606772
207.04410227672224
427.64493106985395
177.621675162307
12.234315813501464
-107.49085183257144
119.24141828368498
-13.498975576647206
42.72676337292201
-47.24535275445936
-85.81696777087748
-105.11141596347373
126.78044851171737
-130.85689732145485
157.37999419640425
0.7941426006901409
48.91275218711167
-24.161232836044434
98.92897527620296
71.61411735887707
222.4418402278093
299.62925325532166
75.39899132886875
282.7573236596333
118.71809136330135
-164.4433423264691
49.825627071503476
44.64243178300633
70.10997278932504
-158.72450408641603
-27.684229377987066
-203.6606358363693
-83.3432391522872
32.234650299524084
135.7805678943616
-58.571776802089225
46.4489473438353
-71.77963515160901
-277.34265926081724
37.6695603859002
3.8775936674533438
-29.33132400916641
-129.35445708399465
-155.0455049865622
30.76721441181149
104.38691525593485
152.2404015883016
-131.0651757346098
44.54740341357385
-2.2678740745088177
-2.887788440831095
1.1612649924303098
-187.25484379667793
282.0119225753766
-8.248179231854738
-177.5953666353106
61.309468037149806
-64.10918021909279
-42.04287166809412
106.0793769773706
-31.81018050034727
21.8727965395443
-210.67542076061787
35.70897774524228
85.89821084363581
17.071185293230407
102.02829682410804
165.76300495216026
187.78040333402993
-119.98191941427362
156.08232920689255
-256.50959793522475
-161.2215506817785
-4.382546797608142
316.3636802036084
10.995463020629558
119.52306268958405
81.38512135740594
-75.52704804941722
-172.30776821553954
-267.07570031623084
154.47287171876508
63.51551520461147
66.36632664603509
-15.529835663223386
269.8882676855323
-12.695738119225872
236.5959526295184
-222.40954788028364
-280.509960810945
77.55674200538905
-311.5206049395323
10.083084783478792
-12.78322088347782
146.37503515118178
120.24200179424624
-47.340925646484564
22.08385722701541
105.64316236065116
168.54139825138114
-127.3207545523595
79.80614507115419
256.4339549115194
-14.108357479771325
-6.543448160958654
49.93010707037776
-73.11658733767591
130.4938959188658
183.37935326617264
15.903193452821828
69.22846592167333
108.88184613890074
-86.24654730446039
309.77247211040003
75.7371367553306
-41.13436801497716
234.91080441444456
-198.45396734700572
-11.488143405272258
33.552449099694385
117.48212450152573
123.55573918448002
24.261451637138077
91.72933088972945
-80.45431920868822
71.99483163976075
99.82022562135586
39.50843456253501
-124.5221289804275
89.84770618179478
465.2275028015051
120.14030242787354
182.68261558873633
121.983907099847
-269.1588300230877
-136.56010424242643
303.3792854713185
-172.11662281531034
-19.22173190310485
-164.16697770866665
-25.472218688347787
47.12136628303994
-126.58483128247732
-139.46464496311933
212.56451320168168
-162.92162688132538
-97.78837657355383
-208.52031821508461
-222.66860047774873
-15.95692676374741
26.31377000043542
30.284028261218225
125.07315751875645
319.23352699753264
112.18234447852852
-140.62788797936238
-19.015052202572946
112.64141355673532
8.97787566749049
-14.753421853068604
122.9118301594069
-144.94450625322025
43.17591188256439
130.87265733394335
79.36137483026175
-62.90237603328337
55.54354220984125
8.289984718815447
-104.81350113211475
365.5709734132801
-7.792954845290046
271.324194568774
-149.41715395609893
-102.558284276774
-91.50066950634357
220.7754333446573
-115.89956935321196
15.58744829122529
117.39150836737406
41.82740289080951
43.02146227769529
-134.83180465589507
1.1173234568484705
-90.41014864078082
16.749163414921373
-82.1045592464207
236.508721940034
159.5366820696644
36.6479126391922
-124.53414198229308
-114.32462802055248
-164.61483741282092
-212.96898616328951
34.338957133385804
-0.2665166922628748
255.6340679684141
272.261334647755
-198.8635349398588
-106.83205026292109
208.00762738397663
115.05324985796396
-153.59616770882508
-68.460076929386
-137.22189056809952
-81.37573361113056
20.40172737043468
-222.23399985202204
-159.31365458686642
-82.75558310431768
153.47465476107305
114.06723273150222
-153.2617648467849
-68.94678546416573
-24.38485410394791
-5.442013956155882
120.88862331144287
-299.8602576622146
95.4842660702132
-19.4387424835058
57.23907302380575
240.2669336813431
21.772259847723603
80.71037457868007
-240.93474271934863
1.5032865265826796
95.43539883633062
20.82135853884637
-18.22606705222413
43.89263365099738
-123.3300200574949
100.78796492666241
131.81148235736708
-143.95534116357504
-48.9360412916671
-31.145959491353246
-35.0414062211965
-85.31714306991142
-78.96846406266759
-28.105326924814136
278.2334493540819
32.06623067883292
316.3333136281964
134.29901002377923
-15.970603882508694
-103.96712621745351
180.80950281041146
213.35566976232462
169.03340709742258
37.14756839895388
-47.200735178828815
341.51164760776146
77.43436972205777
34.29216706229862
-177.44600859495773
314.54519917713174
39.246476487190975
-206.3263892685831
-49.337654809403894
120.58105003653687
90.33689843331892
60.45812139703615
375.1287153047812
200.52200529237436
245.88299976194676
-187.29136150450736
-54.33519363492208
-120.89886997004473
-172.31749300292012
-59.64298675184149
-184.69787932510687
92.92899493816945
-44.844312244276765
375.9146784450021
70.14722937054378
-62.5722114725868
49.72181589135189
-198.03581350729493
108.07165850057513
11.18586527916879
175.72037539740427
-120.64078448579328
94.1022400353757
-62.80749281602205
-116.56708311157226
185.69128451290078
-45.123483528681206
371.0992225345132
-12.086099948767464
-78.34769398271222
116.10184698978736
-76.30808204984245
-56.978209623113884
43.73781604677548
165.92211724039961
97.3663483611135
-8.506101214723275
-340.0443600492028
-188.03900890366455
26.268285309284398
24.08375588540437
132.31424668129935
-468.9305326509659
-167.97617861393658
-31.897484767797025
87.54075755703589
111.07883658445874
-335.5832092401181
-53.93661455508869
157.06118042490493
12.650456829876559
345.2246693443492
-112.92697959531253
-69.64301667700205
-12.127693456361198
359.33971884260563
-143.40708037251372
235.85634926161498
37.371277640251876
11.297823126475784
113.14029801750748
-89.72983953422339
-65.35510541367361
-160.11885350159795
-97.48919143791808
125.0660002460766
-24.621184836135235
57.31265265138317
-156.1876576080621
85.16098089171986
292.1263318025892
-155.18406226409402
-268.1285445500816
170.33833096360163
49.678557492947355
198.66039521586083
9.293915864817944
-167.46922743542584
-47.80136915391901
-85.87314335451627
126.96459843877763
-72.57557145246543
-273.2646347748597
-17.21733695616855
-50.904399318569304
-69.1247420168215
-8.2050983406036
-371.9010957157531
79.59421187240379
-247.40856224901714
-83.25534425700238
22.9685598411063
72.72576241489328
-84.33056391531697
-14.071843830198741
-212.46643529203985
-26.322324904749753
27.909290465850862
9.159026083036593
53.59738003332147
309.64107440681573
-47.26674213711494
-11.247797954890165
220.34240673350797
-75.09718727963255
94.40512783022969
75.35248464076142
192.8095575866229
241.34596037175777
-276.0785729609788
95.64621866176695
65.6877433956792
128.19226956902014
55.72383777372474
299.35585505340754
221.06604571935011
70.70953623486574
-54.26707101061093
-95.06629084714437
-70.51825250127327
-47.49670092414253
240.21969032261572
83.86578249502467
382.21230965113887
-45.32484565310268
196.39986484309338
-217.9383827353699
-80.62570907189821
-36.63164015848114
-23.50112523480999
-137.35145304072338
-67.17442823398397
45.454721793266046
-39.727716603641106
313.0590268320728
174.0941258956494
235.6978967128869
