93.56018515941967
99.77685886135218
-55.666917026881926
157.52822226964886
-236.23022014314918
-128.79016942155417
-23.457925154268207
97.27148366440838
-11.236932204637027
12.926888635318527
20.181657931627353
-110.51022322782518
160.71998476070698
-384.98757468464163
-120.19904987328366
-237.317455465325
-36.338497344256304
-86.87944641282465
-165.26991831518993
-221.44184548001633
-77.13917572890313
216.54637752874964
-3.394792397428654
-83.38123830856507
106.1973529198266
32.74990680557362
30.926765157561192
38.91912131027949
209.93453483816378
254.72768780649784
116.27471464681935
216.04707885782295
-211.56331769866736
-9.47067259940309
18.843275299307177
-56.96767040509306
-171.59552069323806
191.85372343291468
-72.26516581664299
-16.340459724030946
64.40488288781869
-113.08758981329072
-14.233919412683573
-157.1696768718286
-113.7391394166168
-159.0390244683983
-127.98504702702803
-210.73489449905466
-121.71231152648504
82.61696768744511
-304.7090736219717
-20.59677261618382
-73.78059816268693
-128.91174214200214
-165.18669936122495
1.1514059498367815
-66.42012922564162
1.4625149664754717
-183.64184536781616
35.95081205214754
55.55280296418175
42.98686526620615
25.80835130789284
-87.26389525374718
-149.21140221346286
-189.99462599648757
35.912867879024546
-219.5855996970563
-99.46593969705404
50.96603043771037
106.75033428529656
-133.03710993232275
-38.12032623713146
-31.603124961387998
132.66155119127694
-31.830637966523554
105.68125068032948
21.25170162050893
8.483777395182111
52.53299139829377
54.1351503111338
330.8558436194828
101.17213673428745
-90.36728202016728
84.55431248071146
84.71077069461381
-114.49531020029218
3.975920228741434
-64.69611720507677
256.5396532083336
126.09304564190764
-35.31492661588732
-90.87358634460165
-279.48593528801155
43.03918903673113
-45.04984773313889
-121.51809766655745
45.37422830112583
-62.75734637521113
-244.9313064274507
155.5712343107377
-96.33432307261641
-97.95063102906055
147.70588997985212
47.867237782115446
273.3421698630195
61.87050550886516
281.52495381242596
143.08142757616747
55.9187181973209
-100.90321040341344
-334.0918799832955
-136.9331682844518
-8.7659253741717
131.06689962038195
4.289907156597953
-184.95252477752055
-127.2603144933826
369.32263758617535
-202.46341939840786
55.83884411758099
-95.01019172280301
209.22056959991923
182.27685739103893
-108.65261439278842
-337.2132515001677
37.23536295950331
213.24139890733812
-144.90412244687954
38.32261169049362
108.71388246996035
-141.52109829161543
181.4124490135978
-197.7147083553656
20.1450136820932
-17.45699231505855
-127.94345386849854
-293.6204213577637
-2.85707040870055
-6.45159821439573
-17.87150462329785
-143.31427414509983
-56.36644957950388
19.282457012299066
-18.662504327315226
-30.168836139930075
-195.54790309840743
-217.99025348782047
-85.65974907482916
-291.69187977355057
3.3558462452054814
198.0535717130388
167.58624528201784
-87.67214776630315
124.72486297776841
-7.035256690724785
111.52078648226392
-101.58345921953031
-49.94218110154374
1.4798496946384518
126.12887315174495
-134.17261261551764
183.72825115432968
-106.84853096995167
136.7153661460205
-160.20447816474515
-64.65161576263499
-30.902487149464957
-12.327091160761949
32.80348926570818
-11.87698763994123
-88.6758520522866
-19.278590874357143
338.3704982536346
-117.89451741458652
68.12147767860199
-26.353030956278488
-70.96520289648969
-310.95668171898313
-305.0647156458503
138.61897289404055
-396.91745760458787
51.311658091684265
23.394715913977155
149.11289994599375
13.703467090856375
38.26974160443775
-116.26590254873454
-9.52857236155101
-46.2374969317769
382.45510466201904
-57.65657497116871
41.78560043069497
110.16813448992083
234.8550420885506
71.2758142549726
-9.327736007042976
45.39946528161008
-267.94938681392244
202.8810766986669
-52.25582996142243
261.7323742114132
1.5291251020348193
-87.53439602692593
63.04904896653367
184.25334383833135
-281.32531792716094
-78.02562319722382
140.58030417205353
108.17687448563743
-74.61955480394569
169.64550089122127
444.9563594980772
307.6019558035725
-0.2619671789553695
282.8706694425417
163.06230401378835
70.09858915756745
-11.869127993294319
-18.54453002293011
69.1139946091437
127.7690376767064
38.4426354843382
-85.9061824976249
306.9143476821967
-23.490042762366745
52.08616632731946
-61.28666386625035
-138.50093322852933
33.04922915965053
-11.524844904901476
-91.28122528486945
221.7347113229722
-100.3184810013669
-62.9287090934353
-29.48480162443889
71.35741533453884
70.79994491803942
-210.5759021662745
-212.64435980157813
-48.382873934030144
-85.92386332310056
-54.09189377183393
-53.91324867133685
-37.39764847590131
215.0013981313814
-5.638478913209333
138.46410059546045
-169.3441282443657
-166.76414624964852
-193.88675881884396
126.60657054797544
-207.8155820189007
84.2462928163491
29.65659114254859
91.34954056228824
235.35604749522918
195.42103046983408
180.92065227842846
-64.24032226172744
-2.3600016382330065
-152.77528816290598
130.9277945835568
-49.396834258201444
-124.86182676920211
-202.6169662432329
-234.4485022338696
-129.19901627622048
-224.50545400535495
59.05522444066619
258.7747814754834
-76.77133868482335
79.457597937187
-98.7778853918617
-343.94660093809335
74.00223454739773
100.58614403180067
44.345602204245004
67.75241485618326
-46.37011828744424
286.74030114644376
-105.07428557797103
152.839094645548
218.77399349919423
-120.95874168717674
167.09701323980278
111.09496630520078
38.78731369076278
258.2017494520759
92.79494091843402
-74.50053028785106
164.52088257166295
2.745912230770717
46.50761357875563
-170.3222693278867
61.478538587016445
-319.87835843877497
238.50032178378441
91.58134096113632
-316.9702341136011
42.18302010444819
-9.16933800797399
-361.3484296273617
-122.41767550456682
171.8013012101226
-10.358479384373657
-54.9472516061041
-169.18528493868166
49.62190647970599
-77.05859040087914
130.70795671464867
-302.82132197082717
90.88406731230296
-30.733710754764395
-9.225413372000997
-173.35067373309099
-142.22379557880456
-60.25414877003398
111.35060199765883
-21.453688348556188
106.01905133117913
-369.8681207382179
-118.62114697293185
101.10219005099182
224.74039806462957
203.3097757722161
81.46186170849245
-55.916850159852146
-193.66919454983187
-82.77269145665582
-42.2414838023067
-132.8526644522262
-7.450956210098764
130.21205756310084
-41.353630918808776
97.11257339081426
-2.3238962636795732
312.53989251404573
-183.3584403896151
54.6768751002711
-94.23216104929317
189.06339077568333
29.723963400833597
-69.72655309545513
-193.27394350994058
70.03433732495287
-211.81416127629586
115.03626857493428
-24.533308885363613
-201.62466623492688
-32.24876201416144
229.89636727223356
213.0210288706349
-50.95456086468334
373.58216530895373
-136.22189492334422
-335.97540386340154
288.31562728765357
162.63858660895215
-100.78311782912449
-195.1276644605506
-225.36152055705344
157.86987189129377
-116.0784624956612
-15.892108078286395
66.01637283833928
191.35050637689744
-158.45534183286452
155.8322505133
194.27390107749952
17.591557733927836
3.8841268210738455
61.047792468919404
193.2042839249961
91.20066243397845
34.97475011396883
-120.54414132866873
-51.217051109144386
86.91960262768016
199.52313256265043
-46.756065009986855
-164.59335041871597
-119.52513191112192
278.9047692391971
391.1166667401199
187.72893898594015
-57.865905396565196
-182.91240566610978
-44.43466901704945
68.7733251048942
-2.552796019856281
7.767064273425795
-51.28059548192219
138.69981172979286
176.67921650808432
10.653450905145863
-189.85242989227376
337.88238361445843
-112.7623747497247
-169.80546328767224
124.51534510265574
95.03597369864102
75.77957430307957
49.56157683195416
63.38016684448374
13.8433974062761
4.986419581572379
19.144241032071815
361.2147789817451
-48.3569585724883
82.19389589556921
202.33788064015917
162.90906784555355
-90.51789829345996
223.99491990757173
-85.10756705943024
208.21780056377014
55.0377804183373
139.0462360111672
-173.2506016802023
-201.95636038165952
55.13295292103918
35.643768561346285
-89.32383694527734
224.55278995737612
-77.52974325830007
168.03642032926908
-134.07411758828903
16.844257625045934
-74.91653556569722
-45.6332092882371
-215.06832823924245
-90.15376867017322
-87.99596372671165
-2.996884835205487
209.04784175386254
146.97284270310666
-170.13667015416522
36.72664491531199
48.52691305939681
243.06563650273046
-50.997877201584856
-81.47883343015293
-282.795969384081
102.51055344812211
-161.7483244597823
-111.37623144044976
-56.50374259430999
19.99591091672994
21.082622823369448
58.50804139811408
-135.76717753751993
-44.15732150924772
-68.38781944029296
38.61583222365886
-104.7085748857902
113.67535508054013
106.7964398553725
175.42966086446242
-32.77456536703752
85.75820433127248
-94.65515500403997
-157.98482142269535
-113.8138677753734
-200.6928855271855
-110.544729620205
-129.64320637723455
-130.28147232269797
-146.67023532023026
163.94957576307957
-129.66429398130538
199.62780836903923
102.41016081203567
-110.46736926532651
-98.6809430034795
-135.57447258691494
18.921670628829343
44.29037523080842
-123.17659663288809
-42.372441767352434
-235.84117788815678
-66.1878777964549
-494.24975979369515
-55.377685163977304
-79.26419223864272
32.49959117367279
31.131163140039998
74.92330192624014
194.40993959197206
268.02175133919303
67.59136773647826
384.0940281343613
141.73388626306888
-127.48732812214989
26.485255090712226
246.85985409494901
-219.5253470766358
-29.550125805807152
-19.03390818529281
-148.78434243369145
115.32205252873048
-2.2302406477207155
4.274725617563284
-45.807021947252295
-8.860476946220963
-145.9180022189423
-109.17853583608935
110.36280148103808
-134.83568280029723
-97.91264604115442
-27.812085923657676
241.84946762041906
-34.94959926870074
18.32590889725587
80.28019772789581
270.6866123205732
7.395949197161582
-106.93306208615459
-103.07110559832932
-52.67626868386963
-178.55776998031368
91.37465329052216
53.65994610081595
-4.103705918509979
70.23379479629024
8.527003807280579
-86.57462087460256
254.24920643230428
418.93994214403443
123.87694162875117
186.7149913731889
34.01095863447344
-9.046810086023406
280.61299899313315
-133.40927934001326
-28.30923580992925
164.74625549080997
485.10048485501795
228.94442916543838
66.07101513641723
15.325270698998114
-10.672971283906428
152.79500714880425
-45.12974920358654
11.229956704473917
-176.46852692764094
-7.729744076249057
-95.60153630528924
258.0645718913041
33.096761105180995
-135.28284906553225
-29.485604127740228
199.9483896598961
30.67384640583695
42.97902051548086
5.047338256947165
-231.53987005306263
-175.78695878921928
-138.18685566447357
-77.34856411193536
-61.44382695111303
-119.11320009529113
-234.87097622374407
122.33541323751989
-70.4561185273708
244.4516875000728
62.33997760938265
-2.4621600976257314
26.997213982807228
29.708025628114623
191.9918997722159
103.89058785114725
256.2265619588127
71.30635021743129
121.0197639375911
-25.312941061713055
-65.68050661597339
59.836824909873044
101.4692009595314
84.11694166865855
174.6094343110738
130.85236216775886
163.3108105890006
-94.54693572285629
88.03430900489279
11.37779429751128
-70.56631906917146
-184.31812667756824
178.38327063826608
-11.122187443743163
113.6268929092345
-172.18163223531948
198.2003053821319
228.38770025228757
-9.985640579163642
3.006061342193864
23.781394998177483
280.4541771876381
-83.04795277476836
-32.35890523536982
142.76282742219186
38.04919104775891
-196.31689344906147
-24.746149800699143
123.27273643763102
-73.68446535873856
45.74693542611101
-205.73629445551938
5.4801938540202375
139.28464448698324
-81.8435331758117
68.87311955119148
25.52258680493284
-266.2200459215732
-104.27024110565777
164.56956519466115
441.55875363512376
121.31253177258216
145.1299939531285
29.366926263189903
71.66915049168503
-9.090401241233739
92.67661958133279
17.02042986981669
-23.459915852763793
-230.02606741758254
147.64078700128348
-109.88481625075747
2.2265750055577174
64.64472742084689
77.6958509213881
-210.05601824640743
259.888062355622
215.45338521729886
-33.07292211102994
28.48001527886728
-212.22416895232504
-79.58606129393596
301.3232018570965
200.97345714402547
138.07174813522622
186.56541385567613
-485.9081776547128
243.64829162487655
-140.78246144974958
-269.72367388318656
131.58758399947465
-238.11409431646223
345.7736613932207
327.8281214366978
-4.149491714649694
-185.04829990780757
159.30524656854988
-182.10193813105323
13.15848063775469
210.75438348641063
41.48278921455062
85.67022790355635
22.432545615665884
-3.687208426837622
201.65112348726433
-7.647681346269671
147.88081838087845
118.73423657326747
-219.42835897001666
-19.032600897968106
-27.308397876958033
-24.53956580913952
-66.82301301886382
-46.90223692354136
-197.16862748031286
265.187803314965
-231.1870697548726
30.370768754015096
96.30158739689134
-22.297073904737317
81.75387316912719
-191.18120041939423
-70.9401982402756
-7.358788205287945
1.296418179588565
170.99509615785
-83.12371053407902
87.28622684794047
-20.962843885044066
117.0585738173893
-111.80377434823124
26.76635912584661
-85.74274431535484
-144.3592367572662
187.69785524107087
-63.513136349217646
-55.04549903424712
-21.488903586215265
-9.886802419079809
184.9702367571263
71.36216173068401
54.566180571736396
-44.664098437993914
124.32712598236515
330.6299796183095
205.08030793642897
87.37375469010998
319.2638673693479
249.97502534940216
-13.754725385585907
-80.17202022195337
-91.86685807520846
45.68885120886778
236.54077436780503
99.08496992075628
188.19269427844682
-13.048623125349197
-106.70308603075307
-119.67025614795152
-68.24664524752828
81.26835893852834
55.911799652180854
-64.83069931738743
50.63445464717179
-218.04503106044757
184.89343208124026
247.75727035954074
-82.9892214642775
104.84809900317366
-269.8344491876724
-138.09649952948897
40.14582182938947
14.689068562019438
37.16678297738049
-204.93355694264753
-90.04010200772954
-249.9452992024031
283.24061853110453
-174.66767552193443
-51.06921076142495
29.14973535042478
142.1120855519061
40.80681054777741
66.03002161159102
-135.0085776778636
-197.194759503296
-57.515132162478245
125.30928933855279
6.226191422826419
225.5764189650622
-25.733851727000037
-241.76203091595085
-35.05872411604739
-74.48493667635017
60.329378950190346
108.52121204201667
-119.30662159358683
-113.44257000138717
49.90009772803638
157.04458051155297
323.6099165834082
47.44224988224254
152.7419944210058
-50.115168019967214
-52.23831441285413
-21.05130771841595
-492.11403813239053
-76.94057627502798
-142.1581351469691
-330.86563855066197
221.5673061638949
36.57448264714764
-125.1307146129596
96.49433068445356
-132.26580319931566
-18.29414957184868
-276.8797925831273
-57.87824016660007
254.96711252526907
-196.75960623771078
-218.78949047978895
-52.93900872973468
-76.22574480483648
142.54278960424662
-27.265511688107512
154.66118583258967
-355.37208977915395
-46.83398186910394
232.34315650159363
-376.88277990813106
271.61090290555245
31.229570583267265
-233.75829295883565
135.7079641567186
-65.62186733141307
-90.66331459484749
-328.98896850331914
72.87698999993775
-90.64637212260682
-7.429527850109328
-39.54974491797857
-27.62478021633794
-50.4297583486748
-113.90886329140827
-218.07675812715937
27.141465886372117
-150.29661246190315
196.50172972096595
61.25006193027827
-50.244605931418604
136.53458178018727
198.62760113607493
148.17807509954642
7.997282288461768
51.156777518183205
154.2781009893008
-102.86337323621167
103.25073606756206
-142.954728541607
-160.9376177886968
-116.42879588111894
-123.36780058006352
-209.8183060502765
54.141375385915495
223.92071699001878
-212.33411873833072
-98.93548571619029
-141.10453350718748
22.769941654432394
410.4937852649213
-100.98898930941674
182.92946695448472
-63.56209297095663
48.12580205872865
145.35208414562828
162.47730660925518
-317.14925162287693
-14.531401837894732
115.84949776574176
-83.7351278943647
11.129935541856037
194.7978945227592
-76.6041534484877
99.0542806484289
156.72490791493846
29.25647703774914
155.68515159571155
-171.93143875169716
-95.31937836817625
-99.60490095344458
110.4535041288996
21.88630066916842
212.98866989822287
-138.70129653282598
-67.73733459404339
131.73727198664906
-134.24152710916545
69.42791206964797
-156.96964247569798
80.11681707743287
-197.76661399480005
41.09947154771419
134.3676704310024
-152.09784308683146
-155.2157708268392
-361.9462024914208
-41.05978445519327
150.68047394922678
-154.81567820189312
48.84540621263997
-209.7404211429117
-258.81538272873996
-143.7763525049699
-208.18793953888323
-164.94399392537434
-194.29662306992796
-36.63347611988413
-129.8074055663876
-135.66521183100147
87.01440725669615
-152.5794674708757
142.36072313774844
-109.53468692840916
28.88667373335064
128.4514341062983
-54.64279732556995
22.38002330970186
-21.69365655181547
113.43515402649336
-77.63432779862913
30.79760149977099
-53.029822979529484
-64.54224225396428
-60.470983337656314
65.09659608686512
-262.2695528496779
-66.86262800902375
-79.98309958375843
12.257333375449397
-95.9290937920833
153.77058636117567
-3.971615578120795
-100.16385441040366
45.43999487178335
-200.80143708523312
-255.33641745982783
-253.67972506141993
71.79961408476643
-372.72084419993934
-226.12924203638582
32.500673328888396
42.26153749232705
182.08601583883495
-246.39164516424512
411.18555769205227
148.74423103747375
-20.52322327022679
-151.56861444841638
-28.366945458954646
90.63275546708012
-107.01759251719616
-276.7672604812851
-121.04804191441949
-309.44906658913385
-350.6146433372239
-67.26045427526117
-199.13202071690026
78.12470233943098
103.98492108396567
38.0241052729392
32.19623462248405
-207.98448546223312
60.100184476395675
218.3106867545077
173.1698273474051
119.7138416406707
-113.46717739894778
-56.055223230262776
-44.3448827885543
-170.01744318686804
7.94571055795742
-86.35659954263215
-111.76086880987297
17.227398105815467
-231.8729884538688
-61.665817151653954
-9.99784718321192
46.71402043963721
-268.00177199131974
-106.93789654997461
43.13910642011924
344.7951274659387
95.81194109474268
115.88350456187456
-55.02967672443755
2.499625208859683
299.72067558915023
117.33169374382234
-46.84072442078465
233.84198524525104
-49.54208251686193
101.233415498834
-57.314583374897715
50.5554615632171
-56.44856179600724
-171.02848077331228
178.0325437195086
-99.41819292146724
-34.47945073478285
-93.6696268832489
-255.86802713344403
228.63144445717043
54.22282863673726
-29.120952141068823
-119.06662435033803
-5.344867482146755
-31.50711044019004
-342.59611647455205
-11.95276164572951
14.028083883102616
-13.446459141080421
154.1745707410603
-10.381551740991346
-28.360647394106017
409.91821501671956
-113.59474080459852
-205.89695806817724
-29.784711603344288
-282.3126611735055
-165.79556378390362
66.85821848102464
142.8417141412465
74.21599609219976
-175.156874906485
68.07057668072618
-25.384411698633805
-89.68950667440645
155.90548364273687
-3.32293984534223
90.11443320718148
151.7415284503721
265.2535612453486
-194.25111653766731
-138.85608127341177
