-18.941482887533752
-20.50888309664017
58.774939817037165
2.609403757653816
205.63788150273317
37.64904899303654
182.89107442608864
85.7386121995697
-139.7696737772185
-188.7753166867991
-446.7519299457939
112.15182568761313
37.389777354901305
119.13589839920131
-57.9525086339453
-165.5459884632119
219.10251521800612
107.26550873576386
-113.97210833118407
29.972916140857993
-234.8707417865547
-16.033373931057728
-4.208314273873368
38.63584381643166
-342.2492485389082
208.17651635853937
-7.641801180007831
-284.1849879385802
109.86556441462581
43.05899432241475
148.41468941540788
110.75713463776988
-240.06107373803258
101.02070237880362
323.3304460093358
-88.4903396865627
125.50000941124802
132.52671942872612
35.63487894947596
-213.8820802546991
359.94555443312265
-7.972778448852477
183.250657632831
-54.733119143946595
101.5525122958481
-119.04506090908848
88.73543875591776
-207.865355192093
143.0650146944973
-272.3312181147099
-15.548385597818186
-361.4154306736941
-75.44809112015349
73.19871231406493
-152.6465603218155
362.21323368169374
147.40464742769421
-167.79496642815505
-35.747046696627216
-17.114878605257594
125.11470173543799
-168.90920082791234
-350.3454379709123
-226.16887445978568
100.69708994701443
140.61448564605766
-89.17517403769762
-233.2856923656588
-108.81123430084138
205.25060093111276
-53.354401269990866
-174.59763070152033
-2.6355733234627463
-289.1147309359306
-107.06254472632968
-6.07862053737662
193.4896189824782
-280.6167688240061
271.65968729450896
-93.31386734102101
-232.0465904803332
169.72150221431875
-62.67328798358003
-125.83901905932491
-265.7083343286017
-153.16593505649655
201.7630111710367
2.1344734863681163
-148.9562631058913
-64.4778742342528
-83.60159018220111
-117.14871467739438
-176.31796702118982
144.08531416875067
-143.1281271141946
12.965196829227903
75.48769257959627
137.56632575665643
49.04696189306207
-233.83050763776242
-304.9457611714058
256.75217756380556
41.58776088394323
124.01349642991492
43.599910630418535
42.27768829532191
-47.33688259100572
5.425477860999392
68.6100014113067
23.6583785057408
-165.11714843093537
106.98146397154758
151.54266356484018
-131.33040416090614
-0.8253053881633953
-161.46676571239738
115.83794719567734
-196.53361118740318
-87.70636144845892
-24.06441292336497
138.64384822905808
-77.69978808169712
36.56147816962236
-101.3854864588633
63.078449833462976
-51.631212440359356
-62.80856518399284
31.451913085211842
255.9396942924974
350.84152829282743
-44.24548776781977
-24.578692085549264
53.12260181669214
159.9283848560779
161.83975017302916
198.72747165687917
81.3560052547525
50.4128144028228
-81.91680891691563
-38.65682512165876
50.33530741356553
-260.038694918459
244.95002671602887
-97.27004765962351
201.2889255513306
123.88700316226355
-141.20122324252304
256.5898868997738
-8.890522683091572
90.61136181208413
193.4464475638535
-90.13791962563863
311.6444298737391
228.89083902978197
-80.3980123928748
237.97729823100784
-189.51326389059912
-31.219353974210183
164.43771994905558
330.52952666394305
93.52975339230856
-87.828944573006
335.1988672938783
14.294180471139232
39.06792092535288
-130.67761802900336
8.974626279951584
-184.40828405308216
41.800686329405266
-208.994252837576
-265.29309580543145
-6.590634864593676
155.8903723250289
-38.308423406046
-245.59169238997748
-211.55311437787176
-112.79752114146615
41.43625423540028
-146.55334149792705
-17.19372638429895
-69.869377023786
10.755323271493616
-123.03466048660333
-131.1151003681738
-14.116879408362848
127.89447622627792
88.42533517193458
-118.99235644291336
173.0472166837261
190.28018976261916
82.47223784174398
-84.12882105153277
17.62561237619556
-264.3779678594752
-69.39111463678921
163.99306665127932
199.125428529146
-178.65513974279102
49.07366603405472
-253.52357071159358
-40.32768490120398
148.5876412735474
93.53213788368333
-63.95975785642888
124.7753400430677
-51.768002642544694
-188.76134488061075
-21.095081219870405
-292.1954527441044
59.09474700980856
61.859670951235735
45.30740419501847
-30.846525155324404
-85.6272412740347
91.42809825353747
-161.92669423511194
-225.14932118534136
-63.30854318333367
30.520216697680304
-108.62225839921919
-182.4748840731863
19.81042066099659
68.51960880995715
12.666478751980112
97.44815188651259
-65.43447372533089
-261.1413921938265
96.76038081157137
136.30760262239406
-26.610906921380135
220.7420907224256
57.63663606316726
-144.42848269651023
-24.707251629572053
-43.8812455418879
-182.05275053833705
231.49020899144398
-107.4372999101499
150.88996151423177
-24.302426811191363
215.5383686772458
261.4968708753127
66.8602334736431
-165.38977598232736
-130.61289942297677
253.6079754032786
-57.1200181102575
-25.109854355781103
-37.867224430616645
100.19497410235705
43.51197262230406
-209.83582578186153
128.63119066421285
-72.31524822286583
-249.31552728898518
-164.75524797675183
80.8299727654424
23.356832545234468
-98.45294400309827
121.45596806663887
-48.83269856869586
-12.752624856713137
-109.06910368639566
85.04041082896167
28.875919208368618
3.7288723183482246
246.60303365861057
57.21311667510478
51.45385579469918
-138.2478952115714
114.8575657148921
-54.90478700759272
-389.63657937920175
-93.69206085081952
-183.7066797567212
49.11245556524005
67.80245445324768
73.51495651141936
40.65120803782428
9.851504636659792
292.8729858208589
-110.24134064925931
-159.77840535017503
28.431236828074766
-5.081109937416064
0.8295444399788559
52.03116167661658
176.99118246990454
43.13898364815333
277.55162995548096
250.6694893909217
33.070228552009816
-205.94321171368594
-42.972297155585295
196.82580620535683
-9.915408342919289
145.7310417757202
97.67992113611442
61.37729516337663
22.539302564962437
94.5272797555435
-50.43539283523114
-7.113332719498004
177.5467385326015
-150.05626899638116
-170.6545668934099
-19.88233551214239
-135.64145605359985
-72.42528707931781
154.04399936386812
120.6517230093914
298.10993610918536
-65.60435899867684
-361.2687763129628
17.199867140498345
263.23409856286713
298.57490800449096
125.69644779474915
124.96007052254343
218.2674061748386
-257.1602770187558
-226.99854551283335
-179.83234680292836
25.155648133464442
55.39334426387377
-131.55062582362225
-206.34681538474715
234.59320650377896
65.4953444325848
158.53750866573375
86.55653502713182
-135.65904003600522
10.813230309704112
158.41735353191035
20.067656594204024
133.58687892731916
-160.29298566938664
79.68414473174899
-158.63036089877681
3.2661578844903065
113.85962526117046
73.62633330532523
-59.431681671700616
56.052722611063565
-39.39086838720546
-87.18170430929192
-61.36477578215414
-2.270032967943334
-70.09438335764601
310.3908091357441
-184.97372652162693
-166.86357958688134
65.8709477355289
242.56034385647644
-60.32092226337386
23.210796654584477
391.5271397708669
-250.76421717127272
-31.182240590182538
-76.74691041282811
74.612241508975
-111.32940661457609
-204.1689144381322
-130.13668697799085
-30.43634587822139
187.69506763408688
-27.620220837018856
66.78577161685047
-217.28278074744733
97.66805231631295
-68.02405325068851
-259.46305635356526
101.96008884518137
-73.29859056129581
51.212580469499756
-100.63587780665324
81.94989354543735
-6.476749190001156
-107.79726300907213
-443.8017039740113
53.352303105585264
-535.2865339486284
-50.643880967972926
102.4061307670045
-48.7215564406457
221.76324305015004
108.5018915516638
82.75154259480185
175.88033616974872
-76.40401722842698
21.934452645584436
-135.1436461051946
-159.48036060597113
99.71587669285213
36.85877718477952
88.53553494155342
75.27709554890815
-157.48065407797662
90.07107599680783
28.68562770544004
19.529954084613948
177.1791496105424
96.08399229427981
-260.4460340166188
488.14514867157715
-213.85762751583533
-121.1576577136148
-102.08008442490409
207.37406709522477
107.10695500039296
245.06239519317455
82.99724900405153
-118.81746519598543
-56.26122161073676
-38.512495715653586
-112.24033876499043
364.466450584596
-218.90783566331757
-116.74874061846877
78.89453102094194
6.039628725852058
-160.31203322823055
65.53646597653601
-96.2358694956471
-57.69427790221338
197.67689051557124
-87.19261467552019
-117.3279489179358
-223.8821866237444
-174.82679218576357
-266.36163774952377
-167.40384853852623
63.64638256765312
34.131926754746075
-58.545227058545166
183.20962060681933
11.195739028584857
-75.68390853701021
-32.201517023009536
334.39650545868795
-87.6826830523041
25.879625323907124
162.50078647960214
-12.690633949687541
-82.33234628284634
114.27558231949543
276.9166115768059
-55.17983095063497
-149.2802011563149
-87.14213688872223
-181.05427168274315
-134.23408745044725
-4.202950560771331
-291.80930901448164
-101.03080459058428
178.36307848228412
-213.55193799126607
119.1609414640442
62.06753906096926
-402.77461654925247
11.645255621681523
58.08586313553253
-265.2935184640311
51.58924109017336
140.223551077351
-41.94098717140354
151.4062979723213
-36.54361334753065
295.2972410336443
43.99960104089925
230.60326978060004
-131.1735479975211
415.5529746601985
-112.5825347229104
11.564673513130845
3.8688621242025185
-28.387098881828667
259.4987398474806
290.42880675133654
12.179311647073789
-264.48765797436715
119.3040685655914
3.981916083819609
136.73691412984684
-13.571783609647202
91.87575576743964
-37.84286192095709
-21.292119657058
185.94582272635924
-72.41331734512939
135.2219329995582
103.14661441840241
19.54476029018688
-144.3858228006745
-107.39208064459456
48.67720599191457
163.9892125241119
-303.3301188209224
-150.17483240519067
176.50143355198057
-340.7422851398399
143.07805500083876
183.5407529585454
65.5316034697971
542.4352328011788
-60.67648151029285
-18.873736405478926
-191.11894115824416
66.57061198391764
-37.96372337869337
197.04120340010928
-72.53633576217632
-5.320978078706041
-74.79025212054539
52.08754669226461
58.47782353259934
31.156101231386394
-11.864539636413726
102.25864257990801
154.91541435504047
367.94479450113147
-173.11423025920627
15.558452548243352
172.12506912895725
385.55665119133283
322.7902746420213
102.97027487037491
-27.513358305451224
78.14638922489466
-59.99991134889221
56.05451959411473
186.99456215403188
352.1757822483088
-151.84894855783614
26.013253487872262
87.15814222689404
-106.92897594323135
-36.91977135382593
-15.89702266180447
78.7444592258224
340.81220101499736
-149.57248158688762
-82.71091370933821
-84.27260032772303
196.7843385535098
28.58445547554034
-2.057814119732037
-68.9553139857042
224.9591018925103
-78.85771785500425
-3.033439975643321
303.96831166168903
8.767652488663067
234.06814714263953
-17.178993975518708
-241.60648099866648
-107.68200469233238
413.44100926002363
-8.116999263512177
48.25130985008592
-88.1000076961128
-38.63077414027297
-137.08211733267956
-123.9248763380816
26.30072139307192
170.56947997290786
179.70057511383206
146.84185810412583
-300.2012295318175
-35.97445840804492
-367.89863392329335
254.75765567667372
280.4002876061376
160.98102946250154
-10.010005289457565
412.46881112407004
-54.07938480731809
128.14576307494943
87.35864215149071
-232.9882540821884
52.52746634874763
51.99088020676696
90.39738527972008
-165.81264425276692
17.31039339682414
155.9511773038614
-128.5569018017876
-147.13635064324032
-70.84656855401518
-82.89632903384408
-257.7881696112062
44.594126776995466
-11.909932754903858
-156.29777141472772
71.74247574207946
19.638965464420693
-60.09810143217592
-4.228208391731928
7.699215101145377
233.54378000513466
95.13909370363234
148.40248612851912
3.597858595607735
210.72119064215218
3.9555012522346606
179.52379815100096
476.8860447414982
206.11001988022434
-69.73422031433964
-89.87464458373391
25.05026494483768
-81.60065781425517
99.57848441141272
-127.85094837570567
-195.3184787620961
-137.28525239733813
194.6115668759278
-226.38385211811217
106.20934601087832
50.46573024655396
-5.825641782510477
-74.02807204351022
-47.974643165510926
7.858208294000029
310.7702133261214
299.2739744363672
-7.381262214934339
297.0817917298811
145.55381187642132
-219.05560238636147
-24.796464252949963
51.00592263919516
122.34563080742305
-105.036531308496
26.86356587360942
-244.31012897028978
-48.66359230422227
26.091550770191944
138.26981338312987
-36.4437271344597
76.38942426893875
-34.54717297626017
-357.4449348683209
-22.861063472758815
68.6670949865501
33.894388694673026
-192.9892113118056
-160.29432549197287
51.99491293141881
208.2189649564629
246.37481843430612
-242.34260350895218
79.34593019075382
86.44884618660235
10.055508843608374
-23.89842819815259
-268.00963328656434
304.0079688484301
-2.0150034637107965
-222.13904618965014
92.89312404095772
-32.066575947068266
-63.62514926765378
183.1645450918085
3.507839120040666
19.156585179983455
-234.97591583110872
42.55605272786628
54.21813753299452
36.40896084722459
139.0637313966163
128.4383792452485
102.48289349379228
-104.58153345827905
150.9273814954931
-219.34614666535686
-112.17802856734251
52.360340919909994
252.05742971703654
75.45549779631493
181.84324179503534
118.52827294790497
-122.50914972010186
-174.91351734208587
-260.12818976250816
111.23141308015599
101.04986075902362
81.70286153577302
1.1408937902570349
234.7790039876601
85.45482653408965
323.4615755778595
-200.05378207971933
-285.35374927499606
54.57507934775364
-303.4472958456636
61.403261733013494
-11.896267049050103
198.5991276429587
30.4459877219158
-52.186675720672355
79.82628141790468
104.094145380886
192.76929887278692
-79.69019165567292
45.66408392063846
299.12573598726215
-44.85616695463393
-81.50821620350055
-15.934665145161178
-102.23384746018503
36.930351822071266
154.28955845492865
98.59260350677964
123.07715073789163
21.888371549840187
-137.7928295147258
357.875478878213
9.526929314027834
-78.11409566590332
322.69494984284444
-172.03450162434967
-64.23261826975288
95.65777324182089
101.1540107181729
157.8308708317682
17.63460755448307
99.09587659760558
-69.78969829052025
49.17914674069801
144.16841462845298
-7.000462696162828
-135.06820668984778
21.30774332316286
518.2389505848048
165.44971680256558
213.7230689256498
127.20816195605184
-385.6276681962971
-160.47303347136202
228.82569277459842
-141.7726380499147
-64.22602178279811
-150.24574541048213
-55.780977824598196
69.23478391159303
-201.19675991086555
-148.60196937076475
199.50877595022087
-149.40296754199142
-54.82270466465756
-277.29300641336147
-213.01711505315996
8.272357696341803
72.21993155152133
8.675539401442075
132.93452466453186
260.47109678750724
51.892937244181134
-140.97064816747576
-24.328020150518203
100.411642632372
17.478773444473607
-89.28966895471473
136.9167704701387
-153.91820510712964
62.096999320901816
72.9770999295681
0.06820284371872387
24.245268536238186
6.14105268761192
44.96921800427363
-102.15581190822171
369.4392024346878
-13.891165172805298
259.56323801532056
-129.88643726923502
-130.75218671576312
-98.38153909368324
248.06347565981207
-125.86068514531878
-5.2736708765281595
31.73928029742561
-2.3849394045938164
-9.754861591156565
-71.90394699883974
1.3868536493021217
-46.7205018979066
-133.8320333699838
-134.49295703253435
250.36947697680012
196.82783495426563
31.443112715821705
-132.54364728675694
-169.06135894526844
-194.40424499766232
-160.02883946565106
91.25955111565105
18.897514245898087
192.08276588990148
239.46041435065942
-276.0326257595258
-33.29714352414498
316.65295881419564
241.2026086758888
-177.78193570398577
-75.60924281372998
-110.41328759545769
127.48573076011043
59.67474354574342
-198.0371995777379
-198.98085776098984
-61.914515643669574
131.8059815785573
127.11757958486908
-150.67559482807854
-70.34984090366602
-44.05723415490161
-1.121240772839715
126.58293297853761
-395.7144397454941
158.45121776921354
20.2797205275231
96.34337881472956
248.20684222407962
-1.8598588089970476
166.14864836528307
-212.00981972239083
46.94269765765905
32.9697256450035
37.92359914574493
-115.87415086961003
71.05565555556385
-157.65487447108026
69.79527049190649
100.44154724046643
-169.106135404119
-4.28940624642178
-11.369259976130042
-129.93579166255742
-54.62287310054158
-56.692135809303174
13.625653542593158
288.84566126767726
37.150585898547234
426.9932555897236
148.13242256438352
17.651162535862824
-89.58906541608917
200.2910548910141
141.9723248164889
130.03989440123343
-13.941294950209281
-61.55798854163334
366.99906920654
51.41370993074595
67.94150770507447
-229.70267684576743
345.40542371956013
-12.104549107355973
-278.5633928913867
-16.50886811340399
91.78965590053416
103.45591447048061
48.65830921565568
349.8292114485308
106.45467077776615
214.38663574046444
-196.07561905294799
-78.22195794799896
-54.32041151998301
-194.37299847847262
-104.08078222979135
-148.05895533340467
88.99805819029656
-119.60318272554856
402.10946693347296
38.357408564131305
-68.474515690119
27.40434463158678
-199.3518158845517
86.32575788436934
-58.11610843270745
215.4752438233132
-109.24765327911275
78.07259377849446
-26.912042829525607
-112.91385103321582
94.25946090093825
-78.84580912467321
326.0598405253868
-1.9283334877688054
-21.126253334494383
139.43017010200157
-42.2350103588612
19.396744684852116
113.74114139406663
91.72591106999649
104.91317276971301
-1.8228373029675675
-260.70892899055735
-211.57958055568704
-47.0500411183682
40.813015755279274
137.25920162058242
-505.77662229589816
-148.33047846196905
6.458580266162123
83.88391870359185
56.65832957368528
-361.77640159592437
21.285964404088922
169.66704156793134
56.46416618513481
394.74367858238355
-64.33580257571236
-82.69027751082484
-42.28358219287838
309.1624516320607
-91.72349556269052
279.8444684276948
105.40342643010649
12.5816665332103
155.4001029358682
-76.95775832858804
-69.11274489907868
-137.79778888570533
-130.27265604805646
126.80550964989936
77.93413025592886
160.44002114086885
-191.88690038367866
-16.207148259807017
341.2129285333394
-88.66820364965542
-279.1434728076447
171.09949120473237
112.26506102378771
211.90327922648558
35.453909959918114
-197.0080673538013
-70.48505797438598
-111.46187843512466
147.37945084817738
-59.77675984405431
-277.06455040346077
-0.1298842663958483
5.754296005205207
-148.783863668775
-62.01786870187278
-415.0369933359891
10.361408354759929
-197.58325355417355
-26.943961261028367
-76.52067388210281
135.73102259004793
-159.4720313762539
4.0202419478236315
-241.86536580663105
-85.81138547234194
-0.2984548329044687
-54.780864736414806
7.766306640008798
280.5446332497775
-78.474364442679
-35.11395876957464
234.126650308296
-0.28016633544649655
26.365343045092835
101.67901646558504
97.28308034435425
237.59160866980127
-255.7986305576337
116.7861616621131
-1.8545177505049912
82.67179809511788
44.55503733328262
290.0974611814979
265.4941736358436
55.65119326443977
-101.69542870918225
-180.44431328657018
-68.86882947465267
-48.558154407275694
147.61151036553568
96.13943506828917
441.50527603966697
25.957536960012998
270.79923803036235
-225.83715244016904
-81.53334814888326
-36.22887256934936
-48.78749639292221
-227.87041060027263
-32.071983672956776
17.125980434303578
9.237805415711868
413.1453467944795
131.5913902912086
253.1085298284611
