100.64194310395095
25.514086990459358
126.02271714196532
-238.67624135016024
-196.12631375717672
-43.98762002602638
231.7580646281783
261.8481341671253
-87.77579038290757
93.82778289403622
125.1836660498855
13.719126457228848
182.98171060517086
-0.145382470250774
-426.44527643558183
104.62921248837633
-163.1932297662081
-72.61202768729385
-41.9294445476248
21.93099632196646
-97.78528528193382
2.6673632009133708
56.40346692546329
-102.5772946170802
268.0534429936703
-84.21437222613446
143.3109150017929
-34.92859647019496
140.12513430707577
96.46599616005327
136.63986139319485
207.49346286172207
-2.84764839071555
95.4000443328291
-156.56706557227628
133.91224531036252
315.71770506177586
92.61228051455373
3.9340022681666778
97.6696126650229
-84.61208184785033
-4.423963775617761
267.68896467426737
-184.44634142166004
253.48456184600502
-214.74656515616968
150.3169912992472
-64.21551402688708
-193.30408886957687
23.304452555980458
-145.84342749482377
61.02250460190866
149.87511935792605
-161.15099287960604
37.515115891866735
-90.84700122218425
79.49410594838152
-222.9713591780965
326.07789695138524
-63.269710118009876
169.0249919251174
264.5881207293635
-13.902569580924919
-69.41433097948273
-90.10964469272436
-256.5532607939507
2.5265517355171063
-171.29051135194933
22.71389384177382
155.6524407120159
-66.49905689773479
-51.34938574986609
-20.98711017090774
278.9236752278625
93.10365874766579
-3.8650329160086994
240.7341494048426
-49.700613465107075
138.79561495589616
-206.13125419237238
-135.865818398266
-141.55506843329798
-213.62102016735142
23.214032070254163
159.87309501436513
-74.51983407578695
-283.8743502865181
-14.45535137875269
-135.0812117145577
278.88228911534327
-66.89673888244336
120.62822216487032
107.69704363102753
-151.66783602686672
-14.63805264518648
-130.49027523697612
-4.4663645795374265
-110.98396394448768
-225.1598625871838
66.04099597085296
-235.42145865222045
-148.6547485782386
23.21216342937083
-110.1341732885145
-108.46155637929508
-40.41614521004751
-77.29652375219197
-156.84631118137432
-165.14738281223183
-8.485452354154129
-66.97243169767854
155.92252271661647
-208.00762168509556
-192.52587917227484
-423.8333047696165
-241.3236354295499
38.38091262259018
-288.9727398667063
-154.9461326658461
341.1333104418073
218.68202523798706
-108.44143799830415
27.83840008666693
350.9692045829811
-186.27874572187486
-194.2722774998177
-5.53831731778911
2.13390713900934
-128.422792515633
-49.49062404264106
-236.58135415464542
-28.569152240959603
-61.354128083502744
-126.51451163970323
-182.92489392861833
63.446708522186945
-10.919653330791995
13.56394515826078
-143.39911254850676
-61.753727504498336
-124.31663211100057
149.7848748472313
-110.05354737451952
-281.2423364529204
-238.92883644516692
-68.51782797222869
-27.407286745165344
22.141187113807707
-40.24993968521066
-246.92765973964387
-171.44813150511644
-30.381756481997222
-213.84071637742616
180.33648791542674
241.69064772660863
-182.0354572341866
258.528961989454
70.57931873176076
-82.33191201214689
-139.06873595556274
13.73825221237854
-55.13015099111845
-10.775254418483527
24.917173165975324
432.8140429410328
196.36958207953805
31.72458853565081
-156.7681260956643
43.66785138063824
-214.50852153470302
89.98284389415744
27.88235703762602
-339.55598016804106
43.52619025869439
-128.9618892185808
129.463530235648
392.36214946595373
-32.64880735074024
5.182737074537746
197.7187393977962
106.10950376514428
-53.59034951871991
154.50699429728246
-133.62823448741105
-309.41266924357546
-288.6580664641633
175.815757711093
-157.4092347846653
-114.9799283051194
86.73204330720657
-109.35197635690295
59.920907629028754
61.102851872765534
-34.75412803056352
-195.22200242925382
-39.48268575167114
-32.46011498606534
-151.19300877180788
-17.37378318198396
-188.57889040438016
-268.34841890890476
-191.5123420016115
-78.14128390688977
-324.9616004003564
-55.43674320785498
-229.63739917667783
162.4988753732998
-276.26705514885293
16.873945500909056
148.41427963150548
-95.67629160512783
294.1826652380292
-30.137282166652273
147.0078434236665
-196.48520114453555
158.51564812642349
-189.23458761462913
-107.60626929198027
150.50334597942665
23.77878076491143
261.6871953560626
217.26291736137927
-123.41232372390817
4.5184247612126605
15.175522434468752
-37.55787405078041
-19.27319108885068
-139.93212906792294
173.04755831088735
-185.76342998066627
-241.9099964069862
90.81287726788216
168.14067873137967
-40.75541848272028
103.27784220439878
-82.33490650447584
101.3350243686245
257.8926133301801
-5.204458219850995
175.6416701573496
-129.88166195487284
-123.32149113343738
-67.17036728419164
65.71608991343402
238.8661255391723
4.70250173474431
-11.18971251831047
13.150056572776558
-162.31860155690455
-151.1946623551282
-125.59913708747033
114.93037904861175
-131.7948007857301
11.353732291141084
-12.747632472783845
292.8117927453579
0.28124181994704306
64.12217016518558
-182.91022458977534
122.37016430151446
94.57087200360111
81.93111209269907
309.7329649283098
255.800016519951
108.57188196055104
-117.35272269441519
-73.2888403922177
-341.4682518410849
36.71412877525185
-402.24266233085916
4.165377549282116
-15.614272216339744
179.4820401834632
-267.55671314500285
62.06609301309251
-163.14203939253775
34.24479255304697
356.1026755595301
46.55836971056626
127.05582624448539
-122.53265047958483
135.34785885987054
-329.77156358086575
32.51857554037767
-244.42071926776913
31.501955811035746
136.51080564957974
10.295460938352221
-141.9276698137655
22.839310694404197
-160.91386002427888
-22.281941049513627
-217.2158523533338
143.03783571489726
37.327180441022016
106.07315370135872
-195.56249170705604
257.75115767829993
-137.54988971418211
169.87129743302552
178.94073966968347
178.59743017193006
-136.38822120536284
-237.90791311723288
330.7012990685162
-46.11883333879073
4.565855333529471
617.3001235596959
-62.17642503528806
45.55621694498299
-307.2493454110341
-120.84155435993469
-302.30471898674466
-62.49503719663126
363.6553633501297
-94.46914938872952
158.8737506688303
52.506314647883755
-225.23432795808068
43.66536820238666
-18.82807344687836
68.99797640198037
42.76392794663778
-174.82446251300772
181.40431015336392
165.61971564785733
-231.41716451106885
-4.705508271380562
-388.44018543067153
-238.5560927171774
-92.76453618743258
234.48864201923504
-62.010828115498676
-128.04716068191388
-197.36374761604026
176.7773284273138
129.24620731753305
316.915162429663
-192.99400198697077
-11.169483026966175
289.5410830199418
32.97154346114925
79.2431760760652
-40.64624800654989
-224.0659512171792
285.9140642538314
-49.76170387397056
-107.9633951939391
106.26445340495513
32.16648481349707
-137.36477137368286
-70.4631638932295
1.5149863332304174
158.1760367359404
215.40187287361968
252.56027869375706
-130.00246209901567
-92.32180053343333
-117.46338953705799
-237.9264982009776
170.48767556352183
0.7509695058966693
44.28194060521514
212.7114329103685
-55.68461858817531
-96.83667186550184
-28.23213559377329
-127.96892457982334
-99.1099134848336
-35.220690723550966
186.5429353515442
-44.04853415184379
-217.379937040472
139.6970648820055
-440.76603664579574
-164.46530509927157
215.67860737925324
246.23733440471497
-237.96783230908048
65.38181800621683
244.04878383218696
-39.07227148229318
-94.67745189996836
-94.95973035586992
-212.97434165910428
77.69209279064869
-185.86418512333424
152.9675141953747
-197.53282930326594
152.56793272466294
234.20839595304577
-10.872749730419848
-56.9826271109962
-95.81724667866821
-45.89175591259311
-128.11166417951986
-152.08293935109995
-55.15356825690834
2.4519768098370402
85.62750935929625
-178.35121892965108
-89.16865066895832
-99.99779299535147
-18.962750279627016
122.8288850611816
-77.05937906806268
-26.261619877394548
-65.19620873619158
179.09209078924624
9.12148031419049
-151.39689342550005
145.9433812391579
-78.03364785709968
-58.34619287348818
58.20960257112554
76.65631295511969
-169.80592141862704
-217.68531206251072
164.42339298590127
222.50709110851898
-305.3507734092704
-52.421422011233716
-25.323074177242283
151.74452992876758
-81.10116265690114
133.63880988127949
86.97196893164467
-113.59127741467783
-56.95680782706639
236.98451629265688
-191.35276272907674
-119.0846428952131
441.8188833895317
23.52153161757053
168.0730721000268
-63.09585343332002
-91.93228416909798
-104.53757314212623
-210.91872664460925
-139.19803905075392
232.09841206206403
-201.30878126116264
48.751168781092446
333.8491697496879
-115.8356485388257
23.266549881089734
224.28306743059517
125.52141963359965
-76.21373577405548
-142.37110264511904
-249.61526302232147
139.22049646666375
81.62131245149625
242.6858196379767
-29.932481189454652
75.69772466427233
63.712202659982914
90.38012370315826
154.22516477670572
43.994249058697235
-69.8055145831217
112.2340047839922
130.19510539563248
167.5210016328929
-91.01062643741679
-223.0993612814224
-123.74653099505431
-18.522417426965173
-65.04303766540883
-58.121294380919906
-241.00783155675427
30.490659383576084
91.86057926148486
127.6910923608337
-28.452042151610325
121.87397054357069
-129.73916932430632
265.19765186326003
-257.4956499096406
167.12652475300726
165.50036670724248
-296.96212690067864
357.2901138469995
-202.567790877058
49.46898697604773
36.8002329126377
8.370064036406173
-1.3044048744742742
-132.7155847916673
-32.006629565920164
-226.35555337400825
120.03579500337622
-63.86487222392255
-90.08111738683073
222.88285418347866
-35.77848214322677
-260.03060212317354
-120.85492959171121
75.00098148221844
188.90271985894967
-93.9803274732127
-190.82185836546012
62.524267477319235
24.045969387603503
-134.34983430776958
-169.80947157849823
-0.9591880027791129
-82.40140134116854
-49.53667364113943
-298.5995899847561
-3.106613846058191
-67.83125366292974
-38.32682597340064
58.14177428170811
-272.9578893813822
-72.92275340879911
-140.66107042083587
-45.85912966720824
105.79388878436382
43.106519431957445
-213.42434561596863
276.03938961933454
60.80177188124534
-172.46079034809682
262.0091506785294
51.0687819615337
-150.01334727088818
35.85221678854966
37.14567715854309
149.49348677562782
-101.77472263160695
-109.01560599622442
-30.49694921001954
151.95583729206413
219.5069731844756
99.69143748217739
-35.27811447618927
-127.58600957463389
-177.09650552697008
255.82640799868554
142.578873780636
115.71815301983902
-71.73296855024007
-82.92138731150528
-240.41184802447202
122.22127812826305
-195.60717077827167
107.56635761857574
126.43699502602654
-102.57709727522129
-504.70296182579057
-199.2269076863061
274.37209059465135
322.10251722279367
-189.4497736301248
36.48473241180656
-206.17214900228393
317.8536554359237
61.81560220945164
31.55677250900758
-161.0332023021846
-294.2856349362583
104.08840223931986
72.7516718427267
24.92747748312913
-276.808585475439
38.561772957642674
29.584898856034624
-47.638565470026634
-340.115130992026
56.49950832282579
-5.504511733793009
125.1066149808856
2.5347048465415045
-145.7000829001066
-256.34136988285985
75.58954156994379
-156.78753131157058
-32.50707064467592
-258.31336254164734
-14.070655647207198
29.986261930099264
-52.331064685244364
237.35273181938524
74.81561083824417
-31.506143793726114
199.95956548060659
-184.321601272247
-38.64950307009311
-70.22549169260199
-92.76010219075168
-44.21175260700885
149.9555829433229
103.38954514292938
134.07452365010442
1.9947803873576424
-31.623833914877398
-222.00027199565952
-409.8397050954007
-100.12459804414081
63.472931125436965
49.302766706108606
22.4396181954857
79.1258300346135
28.469652949002192
193.30743452314883
185.46703416717816
20.747998030032008
166.90997751738578
-14.430083060213859
105.99425326954575
19.094495374040612
-222.46043389665402
-47.23860518006286
88.68057038032967
-277.16762304290455
21.192883207054603
459.96113764139574
56.14603661736372
62.58408028571592
54.05049097499697
-86.84778498586566
138.66571216840862
20.871884719882612
-109.392825501542
5.330837980819371
74.59608971584939
-29.65732750065755
85.66548496209397
51.72986548300896
-5.735176804407182
205.26483342482408
-177.6617443865501
-184.12836968318706
-23.410447861618266
-212.77453928782472
10.507408535455706
85.62310878414213
-110.64165465911377
-110.90032209783408
159.77690106137038
-24.464259671389556
230.77971497152024
-48.33926908171766
-69.60662652713219
-271.1988430344988
34.745126830210104
-114.66206081989203
-52.15694381533922
2.1119551326053605
-235.10673773637015
85.14197027112785
153.7708372525883
121.783627403195
2.3892110325894342
-197.12552591634727
-150.62583040005117
132.99394289884245
-80.43643032633248
218.20726409736577
-148.22283434340497
91.11925732218275
-181.2464367733094
113.44687139626002
81.09800382089654
-89.02932178589758
332.78852610920785
-11.634303135501831
118.60536172206432
-191.69250678887087
-130.3574233709604
-70.24935743798609
54.67372789145347
296.05969689313497
-163.4464622573277
141.52831183167186
-47.0329639240093
74.91838663243549
432.5739733017886
31.24295797578636
359.2072564213279
295.49446029348763
-75.34437367984259
-62.855419775053186
274.26802761293266
-78.61866404082014
-192.93170307577114
233.3097129329444
-120.21622577610134
43.81568415012889
-24.234807898245432
57.33732019443225
156.70816572775723
284.2552373311485
-50.43463072023852
-85.20425652413466
-110.54531001303654
-132.17656258790015
-125.58358489319878
87.65353798595444
-24.3586327710978
160.2041470562254
-78.59372554028864
-48.41657473922036
52.5078080779212
27.722253729045573
131.1509357262254
162.68237148277842
-32.03743716753153
27.72071989221787
260.2354709768878
-166.5650019092024
215.913535532756
104.15230673131666
40.11478314698394
102.8205270728839
88.10657339237703
-104.60515218010455
40.113349099319244
-263.008270084587
-167.8068977983042
-78.33906053611021
8.107504067904742
-128.8015783770525
191.86985265971828
-134.68473938439553
95.16481522232658
14.237496354897077
-22.570196177759456
-46.29233692403712
81.64760560438685
137.1835658631416
-229.76476834034725
204.47461119666693
-91.57986339759236
-72.85885413942383
134.99713350606845
115.15015771737411
214.35768676978716
-26.888968981965412
21.521271124038968
28.615848230899296
-149.90728984198572
-136.39509020000474
120.91928366457003
-200.2098056087268
-4.1966691049368325
3.9440794565914974
148.66064093225933
-57.038569602113704
129.08332596487168
-86.33189478092234
-62.91325471895391
194.86380061525887
-155.31476061735174
-113.82364718063167
186.54929359089988
331.67947133090036
286.0819771478125
-45.55393595203475
65.73254276416736
-50.979561340521975
36.770942727165675
115.98955011611784
-271.43262563057687
29.953510519931225
-378.30558087852336
-127.63954079567775
21.912641957486578
-110.84016138626166
-182.4880655915169
193.41048052035313
-119.2633881801013
13.153043100465844
-148.8257305739869
91.04478704009162
88.34144965139211
-106.35516520716712
25.123916756697422
106.30362978446789
171.95470415609057
-158.74491708139865
-65.93250246692463
326.92950445020944
277.35996248592386
67.37614968687697
-177.04722869492056
90.58897449357981
-25.99983870086747
115.12933726200123
165.61890644933973
44.66984660988034
367.0743261100242
-48.66453249339829
15.206043528397467
-36.44636691143277
168.61455997490765
37.07777907952156
-119.82519036861773
-263.7767201393242
-221.30040737290787
101.45573800294845
122.29857853983387
203.12631021084997
181.0224970866092
23.36876786487906
44.89694426500625
-215.69356306055647
24.836356140730686
219.36318105856552
148.60674325820182
34.08280955359579
96.31914754795734
95.26276144998143
-35.905687357801085
96.47517300276826
259.93254439727247
1.5242586351860372
-216.02146061607252
102.43221387847264
33.053661579771685
-4.599449827155566
34.91688949439414
-37.48155637412796
153.4048382406842
29.400346973310743
166.68759723569977
-209.01729034013138
28.316604662666645
79.49799033455675
381.86279868619056
24.41022038561835
-69.10466992981846
-35.291980040193835
-288.24045608641023
-80.50304243816551
-93.5282080494647
102.9510236104444
20.902791617230704
12.990216955116537
68.83791444852385
82.29392156655206
-17.061437820962986
274.25961078344545
-139.20091787066528
0.32904345522585055
47.196519914809215
-214.7526322731195
-443.3078703730198
105.02604191184454
86.54376040329291
-8.149367200406816
232.3283318384868
-312.3625259895052
-147.37504077663027
145.06521744915162
-114.01784885626022
-114.39654427406397
-105.46342144052029
173.8397043943796
-52.77259163994384
21.070587121180832
-48.6648275615557
-6.037492317589358
-68.48884045936916
38.63197931821191
114.42407414882787
-92.38785188328457
-310.4194948670091
-82.12034065416019
14.452420205342683
21.90711238927954
287.87071798322427
270.0386442017361
151.61280510836127
-48.88527215062663
-81.81597073275192
125.3678762041217
249.24773286095422
-76.66126795818614
115.44618289490465
-277.3707443138628
-31.62523195979388
93.38361532691324
149.0021682549875
-200.18505368253844
180.4245365257815
-249.72859764697407
-300.42762888919344
158.10663431342806
0.9945934606442793
18.248814292507124
3.986366367440312
186.51090015139346
19.096071931828572
-64.48039837454736
36.528431537964764
-101.73836259378665
40.32214901677529
-174.3513688279789
-215.55801325556857
194.52062749343688
10.479888933357788
-358.8409548256525
-284.2644715194374
-233.34478995392388
94.22900523281056
-147.8673982349796
25.956961200988392
146.075493937754
-317.3903832343849
-105.9594278515205
199.59485494051884
68.67579118299656
-141.31858453279926
8.300292386278654
3.786438632140184
167.86710704776584
-196.2054889075361
-34.097978663915136
-179.46026834601383
8.895213426662394
84.66484921186203
-79.76906807506089
247.04952458265666
107.65117709783433
-148.7500488651716
198.59498408376336
-253.96517262686226
18.678137938348627
251.72164400421093
50.808541249019015
-105.50984106520555
-0.363213168670792
84.67148698938493
-188.29378415454826
112.52261177835015
18.47385214468698
-269.07856163533506
66.31098845123577
-255.95871522664567
-8.590501346488715
154.41260596873192
20.11364100442444
-23.683347761240803
-77.37369858220023
35.184832586411254
5.398214666911361
10.15027743167309
-27.73200727515699
35.17384106333985
293.3433467596619
-266.3255668819212
-19.426457144810055
-120.57293162578513
-70.06482202154639
269.48576794029833
-586.190191228568
-15.154180671108183
86.73296701708195
6.2880378549243225
-587.884867933634
-66.23860054562319
-49.35705505506112
-70.17624071118577
256.1271573683952
-93.72009554318569
44.549577674691314
-1.2471537216937532
135.54784343221036
234.89983505361823
-151.75261206202381
-69.98499987247641
54.850491414372506
10.54034408912154
184.7615887480814
-30.03196148494588
-234.5781563074232
59.64494675027464
-184.18976828592085
-226.59028902219634
43.62047568695049
39.82762936722516
317.1114257067022
96.40370227835524
-118.08029998096038
-173.85438283447874
156.6573775558333
-96.89794527955222
-119.45505772821113
-236.67656442497068
-249.83708664241377
-175.62778455488717
85.31684023462519
-2.3398277046506224
-50.29422767485667
25.338650627996273
75.66469172162772
138.19485018433795
186.50351310412893
