214.28568102071443
-217.4852035906505
39.72832035972117
-83.13546549614189
-51.69290428265642
52.69680558813136
295.0103191799947
-8.918466858120995
-29.12490074310729
-35.389309365795924
-5.286702945674877
-212.7051054389181
-189.60471716908174
313.26300539168705
-258.7207052523318
171.38311324289973
-165.78799932586912
99.73720105122705
-50.9320215352183
196.33136470135918
-36.938091831841035
60.03793456281576
-3.249471444271072
182.1257783887999
-23.06222594859585
-217.5168206014205
-10.910270571725139
33.5685262723111
-109.43199729582825
159.5508854452889
122.03052352545197
170.6669250063944
114.78220355647778
-421.6680763441252
119.0727229960258
52.24072780327095
148.81481215454457
90.39362604473631
-88.4271029484996
306.78658630660743
-80.59806089371207
-202.58797724917423
-12.816262791270729
42.74343465961933
105.74313101101153
-174.53283605027374
-149.21842007859402
21.51306910569975
-67.13751254247934
44.93146088454914
213.76063366732427
-111.55626679474267
9.679818691351887
98.38881585491569
-78.72458028956471
-122.93199900570585
128.46188269406858
74.83828099853521
-56.708755665506686
161.55639148284754
-21.614215391767285
-122.51702246360128
131.16048401917448
-21.0649824919557
-93.16360647152744
20.94284186340228
-187.02343396119042
-86.78430425045956
170.78540681981522
-167.03369513496386
72.13621831043667
-34.4368332176842
-37.16793206458124
214.5517312782667
67.35306331862307
-246.2790347997863
-25.052450356741065
15.991699874447692
170.46962456784138
-279.9456313229331
84.27818329240368
-199.95815557542662
17.918074232584324
121.42903737536123
-110.88696541530332
48.524306635117554
2.3180509513777094
179.95883965844462
-0.8213051789910976
-184.84532392626645
51.40687116160865
75.27266590915754
-196.2439203169736
223.38215643844703
-144.3372423276137
175.2643757074628
-150.5585825889049
183.66004081541274
95.50690868845719
-86.95431992565523
-39.26552172096897
-27.324988034290612
203.28979789534446
-186.52760002546222
-157.02654272110462
57.648778854546116
293.30311024882485
191.56782894449663
-167.32792460821952
-86.31651276281215
47.22923757790519
-115.49677192009693
-10.599526785233149
-150.1007436017336
116.70210047942147
-204.04184523675875
66.95433738297098
93.17193034697067
-2.177430660539227
162.65770891851312
7.06880521933458
148.85338887351926
-34.33183454444603
-103.70675589684922
438.17553884549676
1.6885417363663762
26.532677633480724
-65.35105168260814
108.91222775512053
-105.35838701421741
236.41404433692801
218.0078015879431
-34.00972072063078
74.36575001752263
102.4950640300312
162.15482241604371
64.75309811570364
84.25761725240592
-176.6744469389643
102.54882268043603
28.297523834104712
-205.56473054149444
412.0784592955324
-17.35005017459322
32.1160533600416
76.3502508035993
50.20208670869785
112.91181132093824
-140.04909207564899
169.41281996557265
-227.06970858503118
-302.9714713550678
243.18518811839914
-192.490746326237
107.69123897285327
63.764197386042596
-182.93481226842644
-144.48358617098822
-131.50913496963798
-192.7738558089177
-101.68543260999482
-83.5328206018449
-268.1676894500447
173.55410648792952
-230.04920562497804
167.3520784432505
-108.50580310154498
54.34869948590284
-100.21774072981778
-55.22738164625476
90.2245332176456
248.99870841830884
370.42831334921897
6.307466416718843
-105.8660926638419
31.140628991022144
83.04445839367409
140.85843457669299
159.94195761480327
232.90711309542905
-84.85143443352422
69.94934241543416
154.97497837127779
-96.52047621575787
-28.609906789972523
112.81091852929104
-58.11448197966801
338.3580654458658
-20.664346494233065
327.3150058190671
176.7997872130735
260.1281809916585
40.88664721932499
-7.657189540607041
47.686054580768314
72.70963784468123
173.92419490877307
283.6786379777981
240.87929832556839
-303.7770244959307
-182.08549432999857
-14.388941415268665
21.860946972061
-110.06420685645026
-127.10445867276056
54.61433949731621
65.98878827161403
-12.65350109884672
-94.69668134064354
128.88996082327822
138.60677577851357
255.16212911489887
6.956382414965049
143.54344142078563
142.68946968158994
-13.338325573053961
-18.85475020871276
224.66173221485212
-260.1336865330663
-6.990839021456988
-78.1336858104557
-301.53431182760136
26.214120779726766
-2.3450638318208004
57.76423050635427
-13.711732382145092
238.04142894826575
-105.10291475001381
-136.109067560295
-74.15200369758014
-105.07726578850821
23.049318878165646
86.20781909455364
-58.34209212207046
149.22612861031547
-280.5117847983312
-162.8745167995244
102.17160880384343
-25.809109436212463
179.4116022914623
-160.31925166201023
163.45858157130965
-164.27126515323914
66.20960617626773
4.045620229304098
-61.889068385364126
86.2204596636776
-287.77337756864176
-193.89676151574344
147.98562504537935
166.6349784668814
76.50414476567244
-18.342605143351342
-204.7038569957391
152.53450782880327
-191.28229514692825
-6.061414037394318
89.16422618818903
-38.472591293133924
-167.0160877741016
304.1493522720101
120.5840542728903
-5.132230912727987
191.64221009693995
-297.0047970263696
-88.47231247001172
-218.76273809874758
52.94928472341156
25.314433993788583
147.78468180109775
-123.17187033359487
48.6135792320147
13.781158633159485
212.2534918708243
45.48180763651996
27.34179311123972
-180.62387382169106
130.0777774321968
108.6934178421809
-151.13617941018293
106.50613704350859
120.98333393715315
-177.69117965371623
215.13379139550364
-304.3203141614859
-196.60653284873783
265.77623499828854
154.1509488874269
268.5783074949536
-309.14442504930247
323.37084882148247
-255.66236820223548
-165.8021509792682
-125.54424952963366
-179.31061030452895
39.0740011253426
252.32996871192705
115.27415935224975
40.35039756743908
-114.96906118767326
111.70297050609084
49.27311146293197
130.76356417794034
289.0992095670725
188.9684848089846
-264.7044013600185
173.54219314453118
-141.8977526310704
19.925512262490308
-85.38816227371777
28.9577006832913
367.12943439147574
-38.20045995585945
-82.29445978640341
9.671719966755386
26.525845980661288
-51.31382725999653
203.4027502617151
546.1701222540136
-150.79411568106366
-67.31815549868483
-40.95291555265981
178.93675256670429
94.89585977716791
-48.751144296511384
-250.97192271890927
-56.6119812698168
14.978477614689492
76.86179744573856
222.5173686129184
52.5654791897054
94.5382110921036
-229.4102800019643
-155.28479267882042
-74.21191669305152
138.99040830730328
182.98725460413687
31.952348016926003
57.5741901625177
289.03621373984805
111.43521251299404
62.33882030156053
91.17674722045886
2.5796857951260264
37.20165215165944
52.50494681518481
110.32775864689722
-102.32040668021068
-101.09007595005845
12.549475984772513
256.5706294148887
-300.9245112060221
-28.511746031831972
21.085211480892852
-321.6398995574769
65.47869611299635
-61.43697389426427
-43.811262728635874
-280.9375197616511
-167.10361567247546
-96.25854834059686
204.60382143992905
21.62533879202684
20.585292912553825
-70.22995157396366
0.9655642253265695
44.795487454305714
56.213643552773135
-165.7092538615404
-195.30379072770305
-28.596882438564787
16.42834538869739
233.32037116275825
28.38702620194523
-110.82143177783895
-276.0188576038024
80.66473211379305
86.39545470435705
169.4809730677947
43.99519027039046
-208.5299544769641
-229.29867370863684
205.103552660617
105.6630968543621
-34.715866486457294
127.12220066594999
62.77016239434462
-43.27899344195748
25.975337414307358
286.66190399932464
-46.48380623010844
78.19613243649383
54.07542679881134
-28.055421745292623
-80.78853497750784
-118.97483682294991
126.42416618554782
77.25364820102162
-62.46480032091488
62.0941986163842
120.45694017581353
-311.4040787618504
-73.04459004140357
184.03197440872498
81.0442407118423
-38.095090037717384
-189.7226523029458
185.87400906150822
-90.1991996388437
-44.084148534089806
-46.34333166564251
22.66514612794435
-116.54172115781769
64.61585079236946
189.92655526145816
118.74890911520846
163.49774570299047
230.30745601858618
67.30865391437248
-180.61403597868156
-5.076380684709772
176.51709380026315
-13.013277733966309
120.8874490474563
-119.0631099151513
-46.06451836018368
-15.812819765025802
122.03109325443643
179.22738827802846
-126.0653392149416
89.14782111124332
-40.498803601634286
-47.8940778194645
-458.54496625198226
209.1394854458889
-304.661234467335
-42.55934511024944
-465.7081070255192
338.2111577257649
-46.77752348288923
-85.02800407366296
66.25168205604936
44.740457652692164
-105.9634945617253
78.20377100284857
9.272122914189335
63.8762698440519
47.28833962553774
-118.19849602553845
436.5784282421902
153.68584305710428
-58.211475744418394
96.3530931427338
-60.13908264919448
-14.843931798281018
80.47196362683435
-147.86262101329922
-114.68078046730322
281.71504888446
136.18062523425996
-47.86257279430928
115.96438032135153
72.54830306834485
-53.17374146441375
-78.16532210991849
2.223997731148529
-209.43939801839423
225.28828804910745
133.62865470895477
-47.79001801899055
16.18289340857821
-223.29516068881628
-16.0877101757547
-38.799769172222916
-103.19449803090109
48.45080404654193
167.3969401110518
166.0988068464375
233.87133040288828
81.8979483369166
-5.548341703583038
-174.4779544819025
-6.218815626016537
141.86475157454836
252.6600850898336
103.30596938352096
295.7533387508468
-301.33608866768157
-63.927241674205334
-216.52058720170928
111.21611021302581
-148.80430062131242
-318.0634828869456
-96.14566435564983
29.839759711671682
105.87840624367249
-207.3462664513741
-273.47834482533096
-126.19042149232347
109.91397215618228
8.962407747605429
-66.82454421030174
-88.13755472501968
-6.570960537958617
27.401169247896433
-246.78498571946255
97.9302249085918
-40.77522893672941
72.41709409121539
167.58013189599677
160.35040881862406
-6.150222162097965
164.7268417448855
-104.04249234460023
-15.186890127099002
449.9023026902962
-260.5187908287101
45.195947029515374
-68.37178528125335
-149.91480619404422
-298.90380270811926
37.81373275418058
22.679840088653958
22.691891941897406
-116.13006409439659
-45.50809895110065
-290.3850742795978
-29.377210168449356
-112.47993515117398
-111.98658975523976
139.91753332951586
-157.817093927063
146.70321913446767
34.33472627963471
95.95227251299346
97.31264686579433
-9.333169648957101
26.694184441094684
184.86988240068496
-45.859031042343695
121.62830665911254
164.08491106381558
-246.73509171281358
84.57425156350607
-134.73097952554045
-59.771772944422
128.35405737627173
59.38369154873451
-148.75380353955225
-254.15986479305278
23.938526644334704
34.006256850791054
-293.21881507166177
35.015003702623204
26.464098578793653
-225.08480479853793
272.88855069065585
172.70816336712497
59.77102002272758
84.2683602988717
-186.52913553215652
-47.89034584991365
-83.61508457042092
-65.04575845868008
77.80249848926083
92.31039028899094
50.02961230954036
15.644695560655082
283.5504446701057
58.20685668579544
-82.52960226940165
-122.59282055144959
129.46402070515825
-28.147668831931856
134.55200574706183
82.26275845730333
-11.525289516690245
216.96292837975815
-2.7653494017501448
201.17656414142982
-95.05226667569278
66.15887170207166
-70.02435095778434
-126.46517094899168
-82.098655531885
-182.40423612954828
104.16019344041243
180.92691885597804
-94.8433644794308
-181.46472685902896
-157.28357310139924
18.489803543709346
249.73429466392747
-168.17781791916838
29.09563903360121
-29.575090774536434
-245.50419640168764
-288.205537596439
-127.39784343233858
-122.20987187244988
43.70277331878911
131.18746213230764
-51.83408777968113
34.562206791582916
-33.37378274385082
169.38080594272625
163.94626389328005
-170.1349372246419
-30.878719930281562
-21.715386835408065
64.25443579137338
61.671705245258686
-178.1787424772035
-145.4062838514828
-74.4552858916833
259.7646636146192
-8.277983604272405
-33.234727154012525
-1.300217964455411
-53.40027780100877
71.83157871781242
45.80490221332628
24.163292478458075
101.50478037355936
-331.26402612417115
13.240091488282166
-39.0021255398389
-45.385063355659874
89.63538593311183
-29.92127879786091
-155.29791339752578
83.64435248885681
-232.52668741345926
7.126408734239453
-183.69488420914402
-92.41752506495978
230.58527467585898
32.46757832948986
55.871490172293626
-51.1695202678932
162.46828186769227
-85.55413878351803
378.76523926105
11.194116369178241
-164.99104641032662
-178.81666156995837
-208.1870280428203
-2.3394162461662384
31.012368411530908
-89.30506509659538
2.9380249727233023
29.346490528761397
17.247985888181724
1.963448849958711
-205.19257483951142
-62.02487501223701
-93.84856924431156
317.14186206031223
360.90671784399075
156.42498157819765
-27.121721183767626
-177.0181301984389
-266.40251322392663
-152.9060262453371
-71.86394260243594
304.8098903211572
102.12458784008432
-6.661701880026479
-169.59820129023316
101.97949743077696
-110.22463526867764
-141.5076218095522
-122.96042280866388
52.39891474641651
30.001777051781794
158.5223884850866
-77.48442897957793
-102.06008625416767
53.177568681160594
-296.1657107098601
-3.775252778808655
120.39037624673146
-254.4472540849082
-185.66320440080344
334.5271836371387
87.2429623261232
-56.17029192264942
-134.3694482381685
-16.75472410836567
73.53905562960652
-88.16119470726011
141.58111774046213
4.009974952124428
-95.93981308366095
-150.6642676438477
-138.26007692482298
18.740589997816667
156.40108307300446
-14.32372067786216
-93.57792121603921
39.350960144707436
-309.54278485163394
-21.467510281903728
-429.04042510347193
5.03154864372221
18.75557413743352
132.67371499449288
-109.60035059192288
140.37480437507023
221.3590133083727
120.26451558222661
-233.6934906546549
220.22840228382458
23.939485132936035
11.003840909368115
209.7445374493669
-35.19888843945246
110.2944970756426
122.38673244695525
95.69508025001936
80.13921220919659
156.48449977971285
24.11104178249698
-62.485475246340904
-79.38912325364564
128.1467924775015
-40.473781137505156
249.38998091621542
-52.75133406952596
141.93988803125671
-53.28900794771109
60.721718698710404
-148.23985414536344
204.10982729713365
177.3761978684812
22.98369715073086
-39.9896343427555
116.51116601261836
-22.90068555737821
208.39590911753024
-160.44126708102698
-128.9496147037226
-75.43339473316809
-20.86938762399296
149.81480966372018
-19.51343922976988
-68.79906239009821
-288.796357337592
351.6694524509283
-25.83342799750716
86.75306451933226
112.72615765365235
71.1932569126026
147.16237056472713
132.4634008823234
0.2726464110941098
211.99140883829838
-228.26725181978273
175.2525031153605
-130.6731999410752
96.53211282198163
22.89975335525043
36.749515877712795
-36.436407541845725
-28.450338139353807
75.74568028604843
118.66451616782837
-141.64980886203088
-80.77971533597011
119.06012831825689
-8.621370345319429
131.43341912627739
-127.95354785422447
-312.8388008053524
-168.11241999058993
110.99867657786827
55.83727339547152
57.73508872827565
-280.8054195956178
-65.38591700128724
107.98319454140578
-54.47275530330086
-57.19025864562439
245.1271098188546
4.617503185667366
-347.87739738706125
136.62531317506802
-47.549521356821245
-24.566412166905963
16.399551973111166
209.2231891318409
-91.38947742594097
72.74515821875929
-75.26630590614715
79.40045309713905
-36.19076471355049
-271.6729848419419
122.73621075750489
201.00148091344437
151.47677714298658
210.74407068608568
142.41750221201687
80.66413307449457
-1.9440085175126
127.30282958319651
70.95005672545398
-75.06353740645811
-211.26866653580174
26.149850513727575
-139.98857281970527
281.2599373935275
197.08927599507567
-48.540620819929906
-105.84780745242821
108.019928335779
-43.68515485332094
-401.44485723713063
-85.42653599748476
-147.89105443993026
95.74111468127222
-6.779899966004599
-327.33713176245845
-75.31253978757512
301.0244855158319
28.780871321892157
-166.94508325739116
-3.3658898951759153
133.7460549510237
39.01153216978855
-110.15502321330115
268.5379764380018
-57.56926588629668
69.12672230769451
81.98323971860715
131.16484726557556
-240.15975428132202
-28.404163815365443
268.2273258628514
-229.826210892038
-8.761153871734853
35.32813643300789
166.69933947890348
162.89872229396906
-22.030475918505573
-192.52591199038
47.345356294839284
-51.17314413629953
136.39568953151587
-285.1907870711573
197.84777064883298
285.77202588343187
51.51749312788988
-54.87876483726452
14.79104440299209
-114.48108767624885
79.23598394574681
-0.6397179485493338
-143.53155546384872
-266.0481521783423
30.066077793055616
103.10212471475292
212.40818931708097
26.159320643711773
-272.936974268927
32.67069543731721
113.77174058240293
-5.62279648118657
43.684702375492066
-60.757004497851156
24.05149563527226
30.899304403104054
211.89286167206274
46.95953913322507
39.71912523344769
355.22540550237073
141.06788282940363
-151.24248152645413
-87.67364757111831
-14.457563987369742
-271.5589783761515
-117.5911682179018
178.89961270867403
24.522009240561683
-129.5334655884064
-11.47935244369779
68.80490213597953
38.54002412672473
71.24202624009364
1.7308390351287812
54.359314302838605
-1.771712731118245
244.47240095303292
107.70027502524381
-97.99672371253054
-228.90309813562826
-101.6140102812913
38.75600845830077
-198.90550135971472
15.582145974318234
-31.041883146373394
89.37170983577309
-61.51587092983245
-92.93402086027477
7.324822289646454
70.3333740646627
294.69826278756915
-53.23448968232677
153.72143074857374
46.19871797618451
-197.2330903210334
20.82184287581586
-115.82850145681545
-52.116205581936995
95.26800151945355
-113.4147899649453
93.50998405364287
-276.6288466678248
-3.403181938875229
-153.74923581436963
-262.34844156976067
97.12699909692313
-8.51178951186883
-80.69209775854668
-90.32261554513872
-146.75957070974926
355.87501377586443
-238.00039914222887
-121.001158055075
46.06266317851233
-122.13006743300986
17.129610214920817
-85.49671490224534
-160.7290197495565
277.82673776676467
-137.04185526062165
110.61669483410225
-28.26771396524955
-190.64312750289284
66.10216442059875
-167.85205814299422
-102.15317134824606
45.095529231251646
-25.44561020675259
-12.943430321207213
-241.78240130217466
284.52187369998825
-110.0381324834469
266.95687406638007
171.08849336722886
-227.4166995521074
125.19566751104864
-111.80556964639392
201.02911221503942
-161.53106812795178
-73.0413301688269
-52.119290479634195
106.84738572834279
-12.832937336337263
186.01537863079176
-104.86153071058725
127.27118386917482
-49.08552594288896
-130.59087173935424
-90.05432468223012
90.11728377114741
24.572712400153346
137.92247068487006
-12.012176799676665
182.1206740878757
-83.19479936287897
-170.10235497133345
196.66802033612146
-72.37543315835038
189.8128348176782
-54.91736100023648
-242.5095380158183
-148.44850120372178
-60.76524512704149
-37.39759257015179
-81.40280257730849
-10.044055788555609
57.16391262136894
128.45805020233752
28.725481324258183
-125.80058245157711
89.82148089847077
-117.18698069921045
-16.079234574693203
-113.3998666288572
256.24580087476306
98.04470170918374
-398.16929779830065
-101.75015638336484
16.90706343336652
-230.44955390751207
-380.27389152169826
-9.306237677009076
16.932070312615178
-92.99909739700014
68.25418147711711
