-74.95088787493758
-1.0791999938450028
-94.22623429026744
25.12409770915448
-12.442922097255185
127.05434400149726
32.28259126656085
168.64925729640905
-70.68905699179678
-221.29423950027646
217.87403691996678
41.841159283759254
38.42381094905403
-436.46876627271894
121.15474595205174
-66.48152685821022
28.268164162392004
108.74290318539407
100.8818391495636
196.5483586465191
61.1362995426748
45.70142034177087
44.46836128811822
126.3238274036399
-10.904545222883439
21.53361501611742
-126.42773404850396
282.3381281493351
-111.68443662475411
76.3983499628987
-103.62019066061741
18.118584522160496
-144.49752411449182
177.27890859457554
195.86367418523804
-28.25793123039046
-27.381980355869835
-26.3367499393469
114.51670589975717
-154.83216374209056
-4.426634442367134
-204.6748000538111
151.9087875676846
-187.8065260740202
-10.37915781259992
2.238852866173409
266.9061218808472
143.9967692567244
29.44185022472783
91.35083186539401
-7.111904847363583
-142.24730777931657
-146.3887661022892
111.64216499123297
-77.75474956481555
-161.70650488309184
-163.43025712991286
-200.11635117267107
-35.43428437741826
100.96675636402897
-255.99585742905114
43.859577338038584
105.07754024812145
2.7014110439323815
-13.961914640354294
-223.17717968443114
108.2526739030978
108.95708632206164
82.86018280929983
8.872218936463307
-58.800944017900534
-104.12458098858141
-168.3064784354679
-109.35953718141728
-165.70947283770485
-90.88434131427367
-88.32709701395129
183.74486310998432
-72.9304755140288
266.5651418910698
12.38518708807421
-85.138598351694
-30.09092125660338
-87.54645491657122
25.41185512256838
-81.6697872296602
38.00090832280366
72.80907945509584
-167.2375988067239
134.59115462258652
46.79835787071591
1.8829037765660979
39.168412415120166
109.59970099182306
77.74749767852542
-90.3283335266031
28.997817255466508
-8.467638680609078
-16.89552851470816
102.13947921766729
-244.11747897637844
-62.708366259137925
163.78264063725578
-171.4683764210032
-22.45759781603585
110.91609732671562
233.88415425462563
-36.744030035525995
200.58160810791716
90.41553181475176
-12.051737260457017
-111.21429793794809
-113.65606164246506
-97.96231254334624
305.8865683202344
35.94715877272756
90.13544935450736
-12.867591659005862
-42.734813100318455
121.34336758076478
-133.44422838368516
-241.4062077117832
84.30999076469453
225.80768816214857
239.19461264572718
-125.99400171560741
137.56114585571828
220.91782900238027
-44.122205808189776
133.04139360631103
195.5003816418108
-119.18913490624914
-87.73934466727805
-239.8442572411053
222.10999577209387
-168.56376271060304
70.72736710201534
206.05781296401338
3.8717745407207067
239.4662840763208
178.65348687419723
-81.03979422910149
123.7496784184694
-109.79988555120413
226.69722186992792
-139.35697243655022
-192.51500314802288
216.77542029463518
9.886605551975011
117.33308387390836
-135.05220725758642
162.77810399623465
-308.3416623791872
-79.1912069045
-135.99223372085666
194.59830176314466
-138.09778984674648
-42.4638453925902
30.688696394647227
-170.0886161945719
-88.27925260421004
130.97730750189766
120.57795998848462
156.63084439056098
1.0152685083053148
-80.16706490344342
30.715404188459836
-181.891005858242
85.86434737578914
338.86283431766475
83.9325129462525
-383.5499812068534
241.0102233827009
-117.29111799758766
154.15246881428206
-142.11379377197582
-19.08667095148098
-131.51711995749412
207.91811236283587
61.74729697606567
-12.406474523082796
58.8058710043207
158.09011151551834
-142.855065648702
-203.80813786207645
35.029559488533835
-88.25677242996751
-226.45369689427537
-98.41102283463334
-82.13622027972498
115.276592472839
127.41507176443311
134.341084258973
45.941775400548615
-148.46935000571293
172.20109891251423
-33.35101724612702
-168.66744644308085
81.29594919497792
-183.54000849723764
-121.72123743638768
136.87666946207204
142.92475681688452
-125.20799988228623
308.0248212473299
-188.08104353455508
-5.087331275720933
166.025194813398
-92.74147846230558
29.00676677561929
210.72483200138024
144.37637985225774
-160.73596302281317
6.421732575439748
81.90054072527519
-30.91432146020314
-36.66324103011969
-46.99955878111952
-174.58216797608125
-40.21889832258352
4.442607242905992
58.50914850680976
-119.28739439860844
45.53404234276782
186.66908114491073
133.7630985191434
-137.53385942434966
-44.01560077248557
161.0342689564442
298.3454983733153
201.212221295643
72.57726361404946
20.137063954708083
163.32468767424623
260.7644108465304
-100.1761322380087
109.22141080623918
133.2582526169866
-40.01453108442728
-194.03575263073174
-67.23508692775046
-105.3075622459348
81.17252305543904
-158.6370775341743
-54.18970576784289
-192.72979495096308
-117.66915147178706
182.5983966181197
-18.326360883789416
17.691134281496247
175.99441131716674
194.74987223342072
43.706498939944765
31.2260447552744
-97.76782316066578
9.83441250171916
213.6696316434278
115.93691148224295
-147.87394833511146
-303.7776181006571
-162.9897337871054
-114.74540762856118
-173.8927442670619
244.43501921557203
2.7056279009028916
28.3933127888991
174.40486582441198
237.34887556906367
-39.702292610803354
-11.028139512229473
-256.14812625900464
-167.020672207038
-3.9690119072023804
-58.18416977446673
-171.73949099542855
38.24808125062601
-27.34662460600111
18.159157408694707
-181.58443189615724
4.669064805977123
-208.2123683772254
-19.85589507575125
-35.97695761510878
238.49686581195365
95.50673358626997
9.873497363089395
28.136556115823357
-186.21899652412992
-236.59958773740897
-42.58462931770386
-42.57203312220711
-68.38702234284047
-77.2048901822608
-149.53670815796096
-108.35183503000873
-137.90756913475371
-70.06558277216084
-224.75940446036236
41.39197793510852
-153.41077038488038
105.56162354736195
-108.34157960872662
-9.884094573707209
-94.80895714368519
131.96585900413382
132.8810604337066
-288.5684711763669
-375.6274448386802
-272.0162529313637
-272.54214251091
54.781716444547015
-20.94751488259177
-121.1475477967656
-190.2762515871738
129.55814526598948
-223.83049206973973
-329.0274592383428
58.61440932483075
114.25740350776387
144.32950720669132
-127.16869238417983
49.98279077987621
-256.03045205067053
-153.87635910519086
-104.29661924938874
-82.75852119857947
-241.23142894808257
-49.76362205266612
246.77568677403428
21.95436977491309
126.32243252945588
-43.60684417145169
121.28847049823597
85.30956594307868
15.526665152047233
-104.3257926646762
-166.3988445341061
125.97638076350994
-197.78036806457493
89.4174904410915
290.6038098840173
-129.7763373165861
-92.97141913741834
-157.45647015026836
231.99567488137944
102.8731387662783
-84.29146598930366
-158.06842343585961
-78.68372073832147
41.70057683921888
8.807513859246024
37.58783499164092
-48.58392516068572
45.17124120036526
277.7528888626032
-127.50970657594038
-83.74857354092548
-46.90326228193038
87.67520199299031
88.70874032941079
-25.47494434640343
5.959126554249824
-42.97281077764159
51.717262415757396
105.16906663797869
-109.48997766545243
133.7395026562627
-75.94759492718006
-13.41592581794595
-132.01430215211366
-168.83367728095106
-37.72088121775702
35.1127877150167
-50.10936107382817
88.14581350476008
-221.27188276829145
-56.77835423054503
-188.71254701587728
-112.50971910783564
202.1587013442917
-20.510245313944996
63.0957469734306
-57.58377997830431
50.03010518714744
17.755826167094952
-10.81051452127232
295.88798219921307
224.86885585756522
11.159777674977256
151.4868686567179
-75.59432081930906
213.53713456876397
-118.59253054469815
-109.85520589289678
-187.72594772117188
12.765934454171312
113.28883464958331
48.99484813816877
59.35027605334957
-317.08730843212174
247.0013815004322
-147.05665791194656
126.21013439087496
69.60047405242085
22.37630231049991
-60.53128210297122
-11.627084880539918
-29.623282965452436
245.03515818819574
242.90854131623746
87.80062376599497
101.33749808956149
-39.636573595168635
19.221281548183068
-227.6654386002019
31.159955481956548
-122.05879676701895
130.2207440656771
16.786078094718157
13.81742010492219
-62.380250492332294
-43.22602121327871
151.2973098225489
98.92497714827996
85.0746397542071
135.71957382949498
47.00812512759952
264.20535417591833
93.47627749051176
152.15706525952132
125.66282710058107
-15.223355259319527
373.010559823508
64.72167933518338
-171.67864244601006
-128.81074449343245
129.89328519679285
-397.2805796860257
113.60503598299726
211.2148836027062
-169.62893537434073
9.985319567733486
-53.25608768267765
-139.56983267576194
-180.11552561544443
-86.2748604549014
94.53543980962986
-18.949459039633382
-138.5426793281946
-133.48753825544722
150.9341585976162
-83.26800289704477
-27.477157786730608
7.883895510291826
38.99786599070988
67.32325963526489
80.32600878578221
-116.03375246499581
39.99950563925898
281.11502790942825
-38.13813931508571
-164.5919529558455
-228.27687860648396
67.133137883481
-114.53642058305635
-210.79820973408079
-47.25510125749344
53.75743423112668
-212.7619353535275
302.1176992712406
-54.486100216414805
100.60508404708186
203.45344308124538
221.0358034782991
288.189531987551
-23.9669959466152
102.37105801777423
-93.71901881622057
12.139448170274312
69.83057725255462
167.55177443591018
4.648264340712974
246.25044977384536
276.7657556221148
-42.0394825051752
-79.44750109271445
-152.74147837549083
-171.20609181020532
-88.70571269163744
24.467020772470985
79.30041262919762
73.904008882754
-0.24293924643216291
-15.58768245946064
-12.112872571171629
-94.59516358848425
81.0830092541417
89.83996232622906
-317.5842468599189
95.95305121896604
298.24052984550246
141.6979695304561
49.57308341478175
106.49704025759063
180.99694557886625
203.08226820283383
-48.243642899109645
68.86323711107333
-151.13100251243338
159.60979147802007
17.7781854651473
-39.08763183778908
-217.1957324070039
-321.2473081692976
339.1637735678506
72.67615892327584
-251.98736356167996
79.41155350338056
-189.7246228043914
35.224277562596235
-27.33220825588842
-102.4864695042364
-59.69781097507193
74.69410183650523
286.5834081140181
28.710319386466796
82.38471779406242
-78.04525683398397
-82.85483414790252
-117.80760312562761
190.58595807876003
-107.12759711476669
-6.176917766767783
-27.40206682787401
-65.02372736358966
-35.04544174786656
92.00542017264132
212.5057950393995
-110.4488969531362
65.61309349759492
5.34756499110166
-118.1313195423339
23.37988939207645
111.28150548530645
21.181667793099354
-88.27801963275158
115.50599729397216
-255.5635361669031
205.01358375227974
36.357360459203996
-0.09718763911871436
38.210739218974545
49.095582198883776
105.51198895375452
133.10131083331348
3.5853353633946963
-119.80761758583606
112.44783225911355
169.12633719163077
-8.12666776775096
66.33716621483815
55.91348934398257
162.89791545497516
-100.10629929566696
-352.5220766909809
-255.8741178540222
-108.85848210375322
-227.2504980135871
163.88037462452922
92.22226974435068
-113.91807138516927
-10.308489028789747
-208.47090599684194
105.46028014017377
37.007129233116785
131.43830454302235
121.2841481918865
-210.69291690445502
7.6040008116371895
-25.751360419968943
-129.11877514425254
-77.65283991231543
-37.38850389394579
-185.40569384656834
0.8426927259629216
-37.79070841107465
16.522293059654228
40.30295981636368
-44.77849590557729
23.33495778623276
48.07309499188708
40.81689742618388
14.034195790770028
143.0622501294084
-122.640401935486
185.3619524112223
-76.28715662766508
-7.129075278472686
-118.88704668813979
80.006561033646
16.917448962865482
-51.61887446985017
-256.6112367424229
-8.768717780865924
-183.3986746506222
-46.136979246799264
-43.5225261268887
13.86344981448898
107.37526802758686
357.88700028843465
138.7757366103588
62.87923267813746
102.5455391696181
17.70572660706675
24.503142946650513
187.05408410112
-87.57214128717015
28.666010991870454
26.789615307513397
70.52459657635592
126.46171811950128
88.87519025603578
-37.57001369263903
-143.18828830058445
-156.03006054332522
-19.40435909443803
-121.75242857502423
135.7111755517392
-87.26735863924931
-139.13258190400214
26.0961640791174
176.55206292443378
68.96760911137204
43.25565443400415
-251.53795988011683
-68.19496697271433
143.96090032902916
-67.23287971766207
-155.21799209516448
56.31622227682017
144.5911248321962
-251.15616703124
-51.83748261773304
-33.9535969052515
-127.25658691837641
-290.8021916703238
-3.095470737953294
25.31433404185433
-70.5296962266786
25.415544756731496
-125.87179924894971
-60.72239626432065
-17.84298154173398
-86.97080186837086
96.54206444408445
327.5197730992542
-64.47664490548422
-63.64920925146021
-81.37217360034623
15.124694828857036
-61.545912666029615
50.63262968438591
42.32653714684329
-33.41999184532161
-310.41516943576374
109.98716765545755
-69.7322363716601
311.8037980082847
117.18737431021329
180.3544881626027
-323.95126027876296
-21.698263540716297
159.22457223087255
112.16327092695897
-190.54148556745608
-140.51193904837328
334.7320427828392
-112.77510131541014
102.70991695628754
-72.86386259938573
-177.6891006724675
37.651840910064905
51.651378794446494
120.9247273754781
-153.390539735781
243.96166413824625
65.90131383531947
-71.79103854679558
-12.861496984492396
-164.21818823676895
273.1618242325097
1.587951042291452
65.3043696684036
17.117687263598757
-43.16516008663766
20.41513746984175
405.8959826820853
-45.65681570285162
-60.180694026611185
208.95285853021025
-105.9465805543593
-56.73655177514935
-115.42221707069977
89.28770947531517
10.468297802169284
132.1897043417103
-163.91621661242291
326.9762373827954
-81.76267470122
29.02040825094105
4.853863400290683
-34.569379864393866
-51.09053293640858
-27.141072079965376
-59.37325866394206
116.18648046511255
91.06127661465761
-193.80164364025774
-133.30682411728748
-31.516838119080365
-149.26615446044121
1.1382784238337873
-28.895496474374
-238.14264903006597
-147.4135971540436
-61.59042467476953
137.54904597415566
64.20722248588055
107.85216377505016
-11.527446333440706
157.11611418218013
-124.84100348084202
-69.74349586357566
-7.418197411437265
-79.50946907502272
58.735887677388455
-111.57313367717262
-16.843535714095804
39.89884985054091
-23.971928425209903
208.99163010733446
12.246736290906266
151.60763906954065
157.95236546449735
94.89368183962408
135.67585476280098
44.23356498496315
335.11487609209604
-3.3227072190747604
-141.00151670970712
466.57456228119753
80.59477633171326
-366.9669904992522
-57.683456722344076
104.70271965423365
-84.83491891331283
271.33341989267814
31.197198755269344
78.66958718704757
-34.899287814083756
-8.350730056999996
-344.2570561545835
-46.66555561077323
129.3264397296707
66.9354732371793
-62.97778699274
-128.69439683228657
-399.8241934276208
-136.9084348298702
-31.0049506536401
73.24211787861391
-210.5800415541498
-236.34418992796247
-45.350081369002694
-206.84529313957208
59.47682837860901
9.713465172772082
56.08250480119705
234.18995501773975
14.845055545877038
-10.89454021728674
177.62035444293033
-84.86022324576597
15.497935670297704
271.6344501476263
183.9485829299492
27.64261680718453
58.348351276180296
-213.20964429715025
94.22554303810718
212.5878735067142
-130.19880395117963
16.366595050109666
5.130233533665831
35.28585810785382
60.373805447065905
-89.0765128566824
147.85233934443
72.3115664544314
385.6195519564404
28.51081052489088
8.750128794663718
-227.59899167956857
-239.39912446957584
71.52827629464379
-30.732455950701524
-189.17459545905052
5.167219690981883
-0.29952844773395876
-77.36988927316641
-86.18589767499758
112.00681340445975
-13.943502180530295
40.52283380977566
89.27992569385431
-67.90152977133577
-100.60287729034977
-99.07015912875254
72.06159347384492
-37.77328780094349
409.7556090085098
-45.421897031123464
9.091200730864587
-184.43827596969794
109.31232672711324
-114.99062199369564
211.17878029509683
-272.3468223962249
234.6827013197633
-169.18887968653323
201.43870889396698
-75.68115153735425
-44.62275162745828
-73.89949118492494
-205.60031412426608
-50.892262965694044
44.29292395417383
248.23888968377554
-246.27179401631068
92.32902634974026
-98.0618413723653
51.628072922482
156.9667375019135
0.5472749953134461
-133.278833402401
19.915190460497573
123.36109574590836
24.16475311228191
-142.9013282408
-300.7353366855339
-43.82251908691533
-126.709989855536
180.78695398789907
-129.52887066507068
8.992263780751937
107.55639716208302
64.85896607233737
-88.13212387147264
-50.26413985846526
-157.57443407196928
216.20255099031075
91.51623007384484
53.43351120728406
81.63651264655196
-39.078761850890345
-252.64310229198196
224.7958904775091
93.23675116189365
51.01432221385004
50.01269272169693
165.1217379279329
-30.777425224909
224.36483871425256
254.71033646776345
213.99529413441857
18.62542062038448
-0.7924911313573416
250.84713731120243
-145.53763023940812
-21.42859013160138
133.0207496309459
47.26866980507236
183.16505130715348
73.88880039886601
30.875245086876852
-217.25389877685916
-185.89225779468885
4.312942690222146
118.25647488121979
-50.54864090897693
-32.45209235666681
168.9511391307508
219.39962765334997
-351.86516672019155
-146.58231787170897
-114.18737965549126
-22.531913093717172
-52.67731566985066
-97.115730171663
-169.05195712655143
72.29886378944167
227.4588751594646
136.2910299207665
219.16028041260822
248.10062953129795
111.09780927762986
46.36242211078394
-191.8858844388124
103.79470468422336
207.46990680267032
73.4115603474981
49.857919045860235
-8.692162708896902
-3.8452954522917118
-31.315067713882996
112.23633272204522
69.47677959792779
-227.425466811885
-49.51669593258863
5.134158928628806
11.48364374701621
19.732314701095298
-141.19916887635083
-443.16848289489076
282.10891320471796
-126.22964530658038
-104.66531702255625
-110.99975319694663
232.24519629058696
125.25885698270743
-123.85465350536616
57.99174913932394
-310.00360195073574
165.19195594470364
268.6072714949015
-99.898999214415
212.1912158792391
10.705225657161586
264.9491195455314
-160.96226762757587
-85.16765738911315
-372.28064334152367
-78.06678612086772
-133.479351052061
180.00532159172008
113.13796148920451
-208.4611191993818
299.0879569352011
-94.82344585980009
88.49169943220986
55.47020459564547
17.305571347615096
-278.50598584694785
92.15610995993075
90.60056503055822
-105.14316233888994
-159.99863203810884
-261.21625066620425
136.2802297218301
-81.61428411918644
-115.42179302770761
113.05330762249355
24.600113336825956
175.16663324020342
-83.7634346402204
248.8775067505344
317.5434883912375
-128.72286273730285
-116.12144629289793
10.320961267126393
-8.865069978827705
231.31872270349785
-259.14318574496235
34.12327691554731
-84.56699269650817
-172.63001276513975
52.15146970335812
-138.54739005666127
37.74587656717555
290.8601919601993
-50.092773646580945
-47.62172551925344
212.71791537647692
-162.18963306143092
-137.8394017962813
-28.54748601617925
-101.43043382236499
25.267952153987757
-291.5579347409491
-70.65983743183523
-112.16215701873551
-130.87875559520367
33.55092504813606
-145.2214864325265
86.83490730823449
125.29350206381241
124.39576607145156
-83.24854627044922
328.6736958811344
43.85297799442831
