278.25893414237555
-246.22067812766835
13.853793017096043
-151.22648608189766
-76.07341686906445
15.664121820281283
281.05796926770813
-33.952841197050034
-29.989306659000576
-72.84763671464314
18.38886252301125
-191.9010134328513
-160.212779744143
338.5517387821042
-219.1724995127936
119.67791158094084
-95.50676983839232
42.45451867575924
-87.93186957463918
224.21974961773384
-6.6636963562556115
75.96681744423357
-25.456271218073084
168.50653023945097
-19.5788252308694
-207.77522953364357
31.193345487558943
-12.705701425593018
-92.49031160403783
177.75677456130927
128.1766305133236
182.92011957373012
120.29049494350328
-417.9411573130986
85.44187670167935
-20.992695933130978
149.9893652673228
22.292001900054096
-72.13947180680364
255.29726521452932
-84.66373626454728
-244.65101340199448
24.577211369369387
-17.515098659088675
157.21063752918448
-186.51620165452667
-154.28025391167816
50.789284739507856
-11.017511806748445
116.54215553820421
92.17012185619564
-72.95735837418303
63.89084320254176
81.85320918130363
-22.451640026248157
-128.94547006459908
101.89108549105688
63.82185351286265
-42.621125576546866
74.6517432759712
-49.504087272617475
-67.04318976491203
188.3146537279651
-55.5730993986023
-90.96520679516506
78.06918689372183
-216.6340546209001
-109.61307034014683
116.81390585225384
-112.94934806292916
57.717187257933496
5.0042161515269665
45.62795135109642
116.95309255551561
54.367358460873085
-226.39396028909908
56.903092402787365
69.49247272056377
138.16616729851825
-309.04648027081157
-4.80456795520458
-188.4907773690939
-7.60293370577665
57.468599674330015
-137.86615078639574
12.250315501835873
27.351878651379174
195.6438285498811
19.568547311980897
-214.30576256053234
-19.92787856584734
91.26626993578493
-216.6189645732451
175.17059112746676
-203.0831728995345
205.75139026474068
-72.13432958801658
176.59226261754213
72.552855228558
-71.00423949982489
-37.76776834061073
-13.290394290525573
233.81030576500766
-178.19231625449788
-189.1575272352114
69.401864059415
287.81819339161257
229.78956461712818
-152.36238333999287
-87.48716248357658
68.11441641431885
-82.76452481038667
-40.275077340314304
-155.56267642077412
192.7939525974632
-102.99467842809533
73.87907551901404
125.36836632591502
-37.98933364178364
178.90669710069267
-10.456077609427844
145.413845478514
0.48759155987532
-38.530802065082334
406.1082995919441
29.04383898693236
-15.32764961872565
-78.33641127967935
110.35496757035072
-94.08676116144208
232.84169837174827
198.57457273105038
-13.18580179414932
-8.628793629398986
135.09652007154517
172.64433441465846
5.188716601174128
126.54531764555283
-168.3961490971091
155.24910343712963
21.925994390319964
-204.8371595524136
330.2618737410284
-76.12022849741639
69.90436417752909
138.48114070435994
8.29757583889826
84.20876245005081
-174.31240978959704
181.7772608675194
-204.5191493223435
-294.02374279680225
228.53638788515832
-116.68856320045538
71.25102918739054
25.754714571142507
-199.1522506099626
-82.62255367668678
-127.1500855081316
-142.70499165932011
-97.66062528266559
-127.36984804327238
-193.65209829008438
181.86408448830664
-208.72280963348382
157.4709730227255
-69.45775582029492
47.96772776233691
-117.51161793936434
-60.85608144884695
74.51116496816638
268.229451821541
300.73148395009684
27.966425359407914
-76.52535252628708
7.48093559175421
116.13045320238399
97.860506696617
147.00427481983144
218.50384653396705
-126.42828003802957
59.208113768035915
122.19306680861068
-106.54381760780609
-31.151401550896285
20.12522816804584
-42.73692217160708
309.77332646012184
-53.1971158494697
338.2233684877098
181.6412759785771
176.49003958710693
18.910210581159003
-107.4932230812253
-3.1577407218456326
115.63068149452938
249.57727603198447
275.2672525721984
189.82874659877103
-314.3527994766109
-228.2985709852764
-3.415518810681255
34.51544634657106
-109.86477434262778
-96.48875460850448
-1.35477815070744
98.88348636770985
3.5818903922055814
-132.46504671698847
157.19006450632685
126.18020628091206
265.0118861936526
45.51801232192322
193.0582298106383
127.48013602859703
20.423694407856793
-21.429536913503366
168.75671635331472
-185.0354161445829
-38.1292024916912
-67.11512538846864
-261.4527493902371
47.939639331620704
-56.72345389752051
6.6161871417729685
4.974524214916174
170.353710269821
-187.9924297842139
-82.15683930860888
-40.72349442126973
-61.98381745049093
66.32238268066101
24.802327024849532
8.482955055896868
116.57251044633887
-246.02757280059737
-78.22316199536952
158.1810915006602
-37.41789175451941
202.77589790396246
-110.85399731984734
160.7170059751284
-194.04187570348924
-5.113189517940034
21.233158105023996
-69.02535562579219
24.79770122507768
-290.2346655522303
-168.306325020043
151.91283049922748
199.78530357374896
43.60357129350619
-9.605797569099588
-193.52586369980182
113.79407006443822
-223.8322038437079
-95.516666643262
68.90363779663895
-22.163804702818457
-167.2794116852458
340.86858911549643
28.007354992493365
-36.99744611610982
158.1345046618091
-310.84007917971076
-78.51671694142767
-192.21784800678992
38.73366499346036
-12.29064639079756
146.7107433235594
-72.6648799520358
9.478723880923361
22.098414884176165
123.03772440922161
26.58575273461911
52.8043335442395
-196.19746265344162
66.97240286790986
53.639009675923376
-188.2639197131295
160.37585590226348
129.9147107194055
-187.49700950191533
176.42033926624796
-334.75557281246176
-238.04814947772257
223.155949573067
188.0476811077723
260.95716555420694
-269.7192939958059
323.0331138107278
-188.52691692649816
-134.00124807859646
-124.8507181604618
-169.0333978152988
51.531217247967916
247.35804055764072
159.34706670230275
22.823324326224665
-90.39283326001892
165.0943845810824
82.08045044060519
151.5833456898893
232.23914801756118
159.81019552654712
-243.46725565502032
179.66566048733293
-186.5667484524948
45.01648555361961
-21.2907927462902
14.337522651746966
352.4994251397366
-8.715164170261309
-61.84134455870406
-31.74276042248603
-19.677803909407345
-64.17069635459599
155.24189610234893
440.19270113356146
-101.12867537123682
-112.18397682483287
-95.72434162619086
107.12751010036494
64.2838114056297
-105.90774398051751
-303.5214397839698
-70.71518984395172
-8.60168017072005
86.14708212652965
217.6090873313891
53.80291843391594
59.20467498083492
-246.64174457391317
-83.68275712462878
-94.4647842620436
138.58604780444463
201.33028833080883
46.604844799945724
86.58268092983468
233.04983380984064
122.49830437493273
32.067682998633586
49.20422090737441
-76.72488833965339
23.540602978097137
58.44618340803923
52.59016791420202
-115.15370854587616
-38.872430029720775
-17.88083429775074
227.00858145933339
-309.5459464548631
13.891497672303464
-20.920096592868802
-287.09250781740536
95.93650048572448
-79.06871962775644
-50.25420699742359
-262.5619435464478
-132.48303649231366
-116.28895504500422
172.330666445939
42.98141678244408
-57.011410553559564
-42.95720014453472
-1.2235130381467967
41.31323347720532
8.655813153354545
-178.52464833836524
-177.62631052853936
-39.64474468124085
111.24373693145988
169.89556186492246
43.70182252206966
-138.8995367617567
-275.2591296805896
109.63781665810683
97.22667712805857
111.39100937338935
80.36416807895708
-170.91640986933675
-216.56649834537996
142.54108690614117
136.44304940429348
35.53993593555326
110.6143425966117
78.61477366598017
-51.2698676700036
8.227763410501243
316.97964178183616
-38.26930483302195
60.86421296494957
85.41907776046502
33.53233550988139
-54.77659949636798
-116.82448434218423
95.20324656911706
26.555102104390272
-17.57230274293508
105.53587503672132
168.80040874722172
-285.54330882213765
-51.86382751925031
156.18034783560122
102.18359635984488
-8.723970627334365
-145.8632387702966
184.70844895572552
-91.17482702092632
-36.07931321281519
-39.321448032687954
68.43344821041265
-131.58399869928883
101.5363415630938
118.2555542333337
153.7462507162327
121.85470930447595
252.86277953202855
86.77617651654889
-157.1553195564027
-42.23066530528673
123.02741769787103
-11.490862383859525
70.3444220121668
-117.88908613945209
-43.88791510140042
-45.5743880661012
67.60939400505305
173.6040220547369
-96.84408482421048
84.41743087301126
-15.233139024419671
15.002667620006825
-412.7456253253001
213.33374211159855
-361.2319984301964
-58.52733769977133
-428.1125088173567
301.2051586659045
-120.4192302836834
-143.70678794155032
76.59911454364543
29.209105400493673
-29.1438867529219
32.271513654298886
-1.4244460398960166
74.16521543948893
36.02862338159091
-147.87169528467004
421.2881516374199
140.4554115150619
-98.88367326339394
62.55653731353464
-10.762802233952232
-17.35315706896416
70.964126222538
-137.38466551580024
-31.825974458411896
208.11112710859868
170.35599962828434
-42.74680972484914
134.70451874198437
152.82038008710518
-93.10266975374789
-19.73626130027255
31.17033770547277
-239.54250947550614
204.04741166372258
114.53129345613327
-59.92388557178421
-4.135322851949482
-287.0185874587792
83.96753064701483
-15.495722234844562
-176.58470768220656
82.97996661727223
129.91284127535366
162.5782173461201
195.0658881944644
60.13882716676806
29.122171598547865
-151.46499010290822
-31.984239586263115
107.54722368714285
255.38731930858083
91.11386979110937
194.12170102628036
-310.28258188469937
-40.528020803016744
-222.26221221019222
119.64176370550817
-176.98491927173347
-337.7104020194881
-120.88321469999352
22.760418388524016
16.142004169214147
-234.66662351554072
-215.6797420748308
-78.49896698208498
85.60253231213797
4.738357463478026
-83.2363438983249
-84.31900033222902
-14.18975491874607
-14.489264349461102
-296.705111806114
73.68230442414003
-30.219770453835046
47.11384675396564
109.82606109687052
122.52638857579961
-27.621897080282427
98.62994070508937
-117.14562688043361
-24.306106334712144
458.96548549654324
-285.00032967395816
138.46697929213408
11.878052599348276
-56.78763718515227
-256.12988803003543
7.566371205345792
15.717860523932698
79.12375283842604
-47.441729423244
-48.8485523561931
-243.42577556439508
-40.80257964182815
-80.56820913999822
-149.6650602205319
54.00096882478556
-126.45119890427071
110.81489422554155
31.47851732720173
164.93127254697657
139.72528939317942
-52.029739085558965
20.96891010584198
225.70527429313236
-77.61864534163034
147.86335066937147
124.09719272610828
-252.1960215407006
48.71524581533109
-87.04702033910573
-28.639260090738404
156.50009818267623
27.578154830713775
-149.2501946814017
-173.29566083040646
7.591644653258819
28.85979643288631
-203.1371357984575
91.71043070726445
39.93186065616517
-205.212980619422
235.6124200075737
222.16965248204608
58.010100519396126
112.41872481160995
-222.268416235851
-73.93624060600104
-31.909110354696615
-83.62133927242267
85.12499970319679
123.13696063921881
14.742944324526855
91.00713312443676
246.748314465734
26.849327138183916
-129.1808753270333
-128.82044959155797
116.10510376060171
-34.84120960111968
41.16594959743172
105.26411908274893
27.136956258105965
216.36307874386037
62.517582326467185
247.0966504547537
-115.03666287356509
18.220316738364453
-43.197197373772184
-95.01657002396844
-111.1840673073952
-156.1765025593573
145.31934910585016
170.8099075658388
-115.34582353449716
-192.13852675565093
-157.49242567874808
29.971922263190464
218.50115284721312
-120.27717549549003
5.144916544981368
-44.41648110812352
-256.9763419058242
-259.83101357225365
-63.36803339602053
-115.33040793375547
48.83042125647938
174.0350444247321
-21.2610833586527
75.36115964052115
-8.42681342671029
201.4431142789776
113.1479611365129
-176.28829606719543
-19.176136242916908
29.359391856814323
85.36302399701695
112.76204688301272
-141.07944105193837
-160.34632333064383
-19.350187009183095
304.47134744455286
20.153252041970372
6.622202063957355
20.250196501022273
-74.51526545486051
58.87348489851988
56.784819067811966
45.757826456782865
59.4811714844841
-307.0364494265532
-0.379871260311756
-27.077263050074542
-47.6262661363204
75.63919075930907
14.3641564736713
-116.26889020535317
102.94943555467468
-242.47379986095686
14.275416416276794
-191.0753526978293
-91.12719480463775
229.7018422965475
21.806231368591416
37.057963984280924
-10.641400013478355
176.58574441914226
-47.9999358006691
359.5620411377993
-35.38749942383198
-110.88087231155238
-241.08876986355594
-178.41393838208754
15.999209408386442
39.78804238862485
-83.13287106103864
-12.528466870961635
17.943476618264768
35.47254148418149
-68.32998424414133
-242.81103348886109
-66.61413881567769
-122.68626782035118
283.89119913738745
304.4348277347658
222.1846699988315
-102.65251246400922
-202.7347875111269
-272.66104838032334
-72.60054457881166
-32.357344757366086
279.4985910616603
78.42454165154611
26.47608932676214
-133.22208244812907
15.87148778236536
-177.74581173951805
-139.74411837146863
-49.891514426028934
88.91758157175313
0.44623389807427993
67.94821704568402
-71.24864521407812
-161.32695045353282
45.40708301980928
-207.00962537877666
17.817716786100547
119.03094378396754
-255.84594268237493
-124.13751938480279
362.4259514971224
70.22808389950664
-48.163237930353674
-101.40451811216064
-82.14219995533439
74.7671301936729
-86.80692101757329
146.27705187263635
-55.95883808503591
-78.39785340781557
-132.7828070447559
-127.0433917144899
42.29973521263231
168.17620656745407
-33.567751874119004
-83.49442663365869
52.695166505851454
-303.11965689621917
36.47716607994389
-411.50438718109365
-31.314184756633306
11.044144444608843
178.4697482796868
-109.89387942997207
121.98704056374434
149.93564463493684
68.21881484729424
-232.83943797726866
190.98812686842814
53.3398872713097
19.46362543684385
169.66356492574172
-19.980044659913293
142.03736859620244
99.24909069893454
54.70705203790299
52.75683784329064
145.72734786285775
45.691389300711975
-73.3154868211745
-59.89489929965255
115.96721585565388
-66.2905475022423
213.3114910470245
-62.215421172448195
91.2231233516176
-96.06175641659433
22.705385294723747
-95.43840424569116
205.1682191467082
144.2577411780617
6.4042953329418655
-52.476322028661194
122.94316956709896
-86.03002870337275
186.4096893581798
-118.27486784718916
-180.8810758700139
-130.816976345827
-15.81919195802059
148.87165392633585
-2.8392812621261823
-76.2506622294861
-217.48444570025126
286.8484806756975
-89.63737964478243
71.25780440760379
62.72458839946879
76.35967805600296
145.39106899875355
121.37289382979493
12.741861603777334
215.51084276913676
-295.36986106792295
162.69795579274194
-151.81297384014974
124.49846689866307
48.606990049840356
34.97077830174114
-91.5376043335351
-13.104629003358832
83.86749488581773
171.7477545466626
-96.55968620457881
-26.293797749109075
90.3104030873318
-45.9447675503358
95.6452207000449
-192.38670383111216
-273.54362182026085
-179.79704971611224
136.58198943624512
79.55920302725856
73.87535642972614
-293.3425903620379
-51.200870275240554
114.33898526378587
-90.68099522877229
-55.748061461621106
202.36109333607808
-37.72010914401346
-316.14812081673773
162.71776096813207
-41.34683319723332
-24.687067559895567
37.64494875267651
179.2556453248023
-51.864473764555356
57.13285203954156
-100.3570517086373
47.8355960834461
-3.2367281493449584
-247.39963124821048
111.86360018065251
181.29417316718937
158.37238778255326
220.4937073877429
145.28285046920126
73.89237310234367
-10.91149458121836
69.40570356053048
22.15902307496314
-61.136104858255464
-167.39275696903954
11.904798204941496
-166.54992225866968
310.38880051758343
245.61467487130784
-48.16790435669579
-134.99467507109136
147.6546487776147
-77.0885087400447
-309.3498218880335
-91.71091596083133
-185.35724837653646
81.46959345858855
23.634688824833912
-292.976875644024
-90.14413183756686
289.3383071860783
14.946240819053527
-132.63707921384048
12.499727931765106
188.05107374621429
43.267349987060655
-81.27405512162498
240.97380797353435
-105.58211951023371
33.78990324423426
102.46724000519902
62.55344040886087
-228.69318966901875
-57.87259401503877
219.97836579393334
-211.28986004182744
-31.764792895458367
0.6527246553348518
113.21934755603513
93.82713796204145
-16.222675213541653
-245.7502848698721
-54.165623687272266
-65.24479455578934
60.37375261418047
-326.4877676890633
207.22421918175738
189.0544217600946
141.2527975538422
-41.78427605279344
25.814326747226527
-137.71934752254234
107.62209516152541
-80.98767596168737
-127.85149215539562
-216.21089888162442
100.36386393305878
109.40859496156331
180.5137077707877
37.834020215370366
-243.49686068065378
68.16897510617527
87.53173915113994
-21.715387091427804
65.41374934136479
-62.02823434831218
42.71027704520681
-26.825025865312593
162.38725827473294
62.07525849855484
31.754092026212763
318.8274536303532
218.03421841268056
-146.99355550871402
-77.89170597420778
-46.80944947466178
-222.29084410821372
-145.99594483661446
162.8942320051858
41.512446794394414
-152.16807589158933
43.70599850782431
55.53847298744865
15.95572644108465
23.12672891920837
-15.300932487624348
91.41156312219871
-34.5981346871328
217.05846271207884
103.14947911833136
-28.188864344234894
-246.5068454961103
-97.84927146394385
76.53560168689748
-228.07020775866164
24.555451661841833
-43.86757046252994
66.05325096079726
-69.89130996095523
-154.12793851153359
-35.11465153027722
57.43413107017419
314.4835553423522
-77.41072322554085
190.4879205528015
-34.03782091629912
-241.54978158784036
74.09179100321603
-120.17571499495307
-113.20562011837521
61.4239446977837
-151.01635363603833
35.2902170644084
-242.0221122423443
-47.794087967084806
-168.39181888964575
-264.8781399920441
84.71758287453068
-39.69818767113802
-184.96323511248468
-88.66918330303282
-200.86032557496128
376.10693461178266
-253.84729179537533
-86.43204044338022
104.05066830334553
-121.40585943170632
-1.0184798947729132
-0.16899427080364426
-162.7793525476005
355.3490137665303
-173.71647127383102
92.54962809101222
-24.883732410105047
-175.70887219345676
-20.15704324639174
-136.60261226602816
-167.3268662782239
50.40987131874005
-76.92081615413302
-12.318065794830334
-139.55591463247066
207.35298797228646
-88.0859293698612
285.37286719968773
177.65506864328032
-179.96240209725855
88.51887879351325
-117.73164088774685
195.8420657353963
-123.51649100051225
-87.14553644542308
-58.81299411797381
88.3464812963079
-34.94130212330632
203.4288448679873
-136.39072477237502
121.77256780804619
-52.96690011261993
-162.47450137729456
-123.86877738147099
43.40830667519863
12.08370633810927
125.12598141267948
23.41162601848606
238.2617421822653
-138.0073851607675
-173.6046050164047
133.65145990544974
-43.606474418905755
188.72460674152666
-33.25043504911866
-233.67244722073696
-82.31013331269122
-89.12215187050076
-88.34993828209615
-50.91792073041019
-71.12761311004463
30.43968284952321
175.28842888890856
-58.99644896966357
-103.97678206044216
48.27049229746645
-90.190237882765
-34.38581317911444
-128.41953192668325
256.61161866958525
131.02625503708757
-362.71976882594845
-122.91508459064464
38.26305463658776
-267.0833442186707
-384.5379049889303
-34.35085617404284
-3.476070641029273
-113.14077410739644
51.28662098334156
