-40.89441585707646
280.19083975560375
51.222286205000884
149.48061781391183
226.97748385981663
-289.9224565949717
-1.194479260756445
-217.93597269234138
-41.19510593367335
8.769277056548217
171.29730912578404
-24.981148020854835
-290.14619920724044
-86.65111969335929
131.85382779746834
-114.87993153729467
-158.70547294912697
-16.361010243696832
-208.81296621109556
59.338154602304144
35.22085346248355
373.7882107678019
150.7948558671259
99.2075983239227
-182.84638990999557
284.01147185432626
-92.34711122408649
81.36932131226695
11.05411272642707
-117.27762593779485
-145.13081042008568
-18.95656409410629
55.141467424340256
287.269006917963
-141.58882220545686
-256.7702721226618
62.9602224407132
471.45662932238474
-7.035182532505342
-39.305536291820246
177.44323828502505
147.25156746129218
-41.284099635329625
-117.41183827670656
-94.71542818144768
24.43991457192711
-353.62119061128135
-95.9085406084752
144.18509939372998
-301.55884336831036
-105.53257258168458
-121.56801680880305
63.72283954446509
126.63203137020078
202.15184324714681
-44.43403964286496
53.571029642985444
199.93111804120431
13.266452365554512
-130.09812251650433
-175.6609914036385
-135.62348819771938
54.952874183926724
250.6389570103762
-65.65823787582578
165.11940539183192
243.1444414440346
-0.876185555641199
304.4018830307719
-142.2197303206212
302.9879356158409
205.01928456147567
2.2857110088878163
-66.72321283275788
-474.193799010935
-222.858619202161
-171.4064763866887
-20.59406947462113
-70.58145538678671
-78.63752792085137
-94.55156595785459
286.32841819144414
-396.4442619087096
52.32180490043886
-76.44032069708317
-321.6643819480477
156.80214072455627
138.58903806940023
-75.72747950273536
-23.993644935654668
102.76355081455819
77.94608549319895
105.43525935062485
-87.73117268203893
-139.43868349343938
-10.449101950157775
-155.32576490253985
155.8108150429406
-69.72124850345736
-127.23465710048366
-185.9695407610423
-215.30956162337398
43.12076974146994
-221.32068190281717
50.093591308245976
14.679867700898669
134.59862477869177
230.55816867228583
-86.00332309733712
-125.07740082829362
15.375219456773124
-72.16352192743597
-11.285661419337218
1.4751881831522053
185.7388898693284
-78.83348960106451
252.84789266349637
140.60807560169678
-236.59031877665973
173.80107547352205
335.2496531345817
-54.64696007771038
44.607693295356505
-41.1901955069735
-306.2830112343252
241.2719005281455
-50.874369221334156
-62.27113588437594
243.55411975599552
-189.13794789530772
117.52502707827911
-201.51475497451892
99.91023464145859
-36.67230956143282
189.26956148283494
212.44661646679847
-106.71876847170995
54.00405340988697
73.66009146909398
-78.353149101595
-21.770005201603094
265.55389934833323
184.2943611104918
107.06589018865472
-34.420106468162984
1.5100449448312758
-75.81823076064438
-216.8967278806932
-158.77717650163737
-15.269169940653752
40.180219079415146
361.73651661365005
-426.42137473090617
-43.859747328151315
-100.97884712617594
-26.813133386594345
-101.37569180949623
2.4820785468932636
151.5269173857959
101.84381408096701
-2.720926250797637
246.50127282302702
228.8773454024606
228.36477102498176
60.98551011268855
-142.7699744759599
23.03145818342544
288.33369606458643
160.35534946985473
-14.772186374366237
-145.58126123287295
101.58281122356988
39.11741360461288
1.0134602014983853
-48.57239881399606
161.54925823842032
0.2886476559174378
44.641762374416054
84.30774264104362
-64.83513103658719
-202.86744326174062
-388.6090934837042
-67.41980781793484
62.88374930339355
107.83298677235584
32.01585230804694
187.65459615077305
-38.61993294805083
303.14228590279487
126.17254188882204
-104.93662101404648
96.75834354669783
100.68874859506919
-206.07809130748257
151.92748127655517
45.121360549599196
241.4036214134407
77.62250627869574
-346.5667816756472
-253.13902798540695
-41.216061633533045
-319.23802921765736
119.76667450166232
-131.44714146727307
-81.28196996678895
-107.49206737514885
-62.69420754461772
220.42871699856076
202.56753397360802
-11.493934878408684
13.378378804614874
-264.3981457512863
183.53412178386884
108.32561009465232
34.50005416266391
46.26593173539413
97.64525141876723
99.27562305697086
-5.665487363110419
-56.09874513891927
-334.1111485729436
23.37719306607173
50.20084407921793
-180.40027838868872
-21.511820242453762
-185.29580907507474
-238.83525848872537
2.399052406018319
-35.63237349701626
-247.43228052335556
111.8917124524954
-21.797898527184092
2.2603832443281084
325.2077717179799
205.78109942115788
-8.59925174338897
-139.1509308657853
-107.06638546316381
-18.346293750049977
-96.93461886387182
258.011406885337
-104.463933603303
218.15739766107146
-134.7410987970891
139.78916592800104
85.96770486041171
-206.2662237111612
-80.33089171892927
173.6978322686553
-303.2915935484014
-14.24822477581608
375.5716904039226
-0.8973604316835277
306.01626363588844
59.06889235856233
131.5479577958181
-219.12572185872355
-32.42911511678795
-284.87329127525004
-42.04062858255247
132.33443795527685
22.363729128031753
156.35500329635636
31.89531550574445
156.81528527453656
91.77490070816398
115.73589938269333
25.624485654945943
-90.19093801279212
-102.96866773778034
-33.26045244928972
-209.486074383401
178.1400072359326
40.75096694837618
-59.07754862056506
284.8963173822995
71.8106914062374
-103.63532420106755
-51.20919190574054
-102.25137096611189
-26.474056000771633
-54.000154729109816
-179.2597412721506
408.9864256263495
-129.07869752148923
-80.60629478890927
-59.54597509071319
86.41659177612142
-260.44278783712275
261.75949470032816
2.664141682255042
64.23333193917414
-201.11711645426337
-82.08513240485325
296.0966533038213
194.8026188924036
-122.6937425733657
120.6721653185029
145.24817392521277
-6.575077819426477
-275.56181034975083
93.79863816026807
-66.64607382549092
87.33956153655055
-113.06034296653183
-106.68809897769364
286.40061376262133
110.55729717668983
264.440281553579
61.220475986121635
225.54113047412102
-180.43865127904695
-187.38219877686714
292.25230288821365
75.08447992931683
5.330146638206944
155.96767540188407
2.5675511957362005
20.8709873499054
-37.14134549408321
199.85964990228038
40.62325607320819
182.288653583024
-49.66682422768857
104.03791771694709
-240.12284691830556
123.77098528661192
140.8038271159262
-221.978298292268
46.031283329121415
139.03314903536926
170.70547909958339
-151.159157573472
18.25408590929688
180.49800153891692
15.49444155742901
-188.1827557652127
-122.02361112540169
85.46214260742849
-47.90057955851797
-36.08757586041899
50.65827352769295
225.747764909018
-37.75468567145638
-273.47350616556116
154.58606292745395
103.39542688110859
156.93890570227077
-1.2774379229649815
206.5092129033921
41.3360852102518
105.23316303428848
52.82542745489611
103.62570319313596
-197.7649700161518
-47.64419971462363
-76.50536289233492
139.90305088754002
271.97594114858134
72.61694188752436
-203.9579687929543
-332.19839522289186
-179.93002869819128
51.62586161996115
297.26614914562884
72.53924186552635
103.99803697600389
41.106893639407325
13.333725895630936
-194.3449291798369
60.98101237019707
51.74079440608627
-18.391200284839293
-104.58515463911185
359.67869531516544
-168.8965920582237
62.435515059223874
57.90779940588812
-44.15303363167045
-35.798349850666554
-42.412155793579444
-107.5734001755232
-194.68049914177251
295.04334962707605
-50.49666715739778
259.7434817492893
-205.33748164123995
-128.4224196191953
-157.4691785298772
32.402779893964045
207.34665566764087
-258.25077218271196
-28.74343023799197
-362.8434588488149
99.16414823802393
-53.08705738251165
75.72062362880457
-131.48032821201025
-152.77632193120976
78.44046715819455
-295.6921511623672
68.92343529009634
-190.32671180364235
145.72901139143565
228.17537376852889
350.2649354441845
234.74963126340842
-69.54292343374604
11.908611528168862
313.254624874399
80.86474553584458
148.93730632439747
180.38357976014015
350.204359482099
-152.27452396546428
231.58502454418132
-244.48172877594266
9.953050927245236
-7.410176490770033
-1.2763491655702053
55.41657462912164
-420.65804294395616
-227.02797051429079
-139.068709016543
-219.1134401609788
40.49762040947933
-297.1664651119364
190.32581105718893
-184.93319234590967
218.06249653573542
-140.8403098181229
-27.442252198743564
-202.24095189804348
-38.75518450956371
-94.65690416209794
112.3819971465154
178.35616807398134
-30.268241078347366
0.6725884709438316
-17.755863392134923
-11.971683686805864
-126.3081033103545
-93.26299275420324
177.57470549430536
115.92422688399463
-24.079279804700654
240.8777547730312
82.78321304876447
314.28517552898194
-105.64913281398117
-63.40832290356009
75.27274723797014
-13.123039422146524
-184.60081048120705
-215.85453954122897
-20.437246251459623
-94.19295303082227
-44.75012037168857
-116.32910465378815
-77.7685143410282
154.44903740831816
68.11520612316114
-324.8783959614901
89.74301187416046
138.2655210594777
146.86930986571832
83.6717464294001
126.91568589083917
-411.82469194293054
73.86638095117755
-4.36138520137319
-187.22472753147613
-306.85083584764124
-194.4414785710711
313.83076895351996
425.9053086625307
-7.948247186258097
13.743897052508757
53.320635511168064
167.63478255864487
137.9436405939119
-23.799809423977358
165.2795243150552
295.57470487287065
176.55920372294057
-28.834393721747144
259.3230347483031
72.78684280715112
157.17335727879484
-185.54351204919752
274.0432443590858
-95.94994633443244
-68.95150232983818
25.278306496553416
-89.30772045536055
-40.09160144411368
33.8703531442703
273.29934137900915
191.18835661355118
167.16829782151845
88.72989533440574
-18.608925334469063
176.01246560656242
-99.58776132080708
173.43658313436953
99.1296525292178
-59.407151504977065
-91.38592132689911
-53.259825951883265
17.030711608080985
-280.16102007393783
27.55551038570125
301.72244907488215
-210.17725452059128
-59.936161981453985
-35.24400650044177
142.8565676759958
0.6385494758233241
78.21585320868367
159.3063537511501
-211.5567456669291
186.2670651366573
-128.69664933693915
133.47182025766196
128.57915726736644
41.65429624820376
169.6640494467341
-200.22307534869597
222.04540522928596
223.05553877482325
-154.59347870284677
96.97643932794874
81.98912890910933
-254.15834691990597
-7.199090918859444
163.34407065800085
80.67300881870243
127.88874729054332
58.208140108627354
-248.97352622135466
160.5458438502541
-72.6028794243697
71.59008527328425
-36.87247864547681
-131.57184600039236
129.47758223627122
-66.34738971328171
173.38378998955454
186.1438612253758
136.66490568958963
-139.39930912889466
29.94374444398701
-226.2981033916653
-62.582184647755525
-88.1353340584016
-127.39488317787227
-345.09195705326965
-88.23709686314194
-151.45659617263885
-89.01898168818458
-126.9820163324066
193.6243092143445
-125.72949010968361
-190.94737702356028
53.04722944998783
-170.16388924724924
-147.13856844542656
226.5071899082707
257.6427869413945
-264.6267821393496
-131.27330849530088
157.6037227334577
-155.48900496287808
246.3070148412692
-29.22919248349062
146.1932465122146
214.95028896187563
-374.03580754370006
138.84790289338338
113.91606389433882
-181.24671641972597
-395.09205246726253
-190.3360297046841
275.9066175249999
202.5956576481152
25.512254782855617
7.7265170007944795
236.72185588520273
22.789591786068346
113.08916141888304
12.577076814849846
-369.4776301941712
-95.00514384336947
99.75357426009906
182.71419251779452
-74.48428083721913
-152.71356163495662
-68.1098038483914
106.98225457649515
-12.786659764151926
29.457871052204517
265.4406843732481
-48.684014657778086
170.98288429466004
118.9262283755137
98.81067299633158
12.180870725073166
247.68783889737122
53.35316318895662
278.4775381163218
7.755057697141819
-62.91773535792501
189.76571714144484
180.87943960515997
-67.22393146721507
-321.25160679444156
81.82559488306376
-218.9575487094003
-231.62656180759123
-132.46158656003817
-125.89131866606188
117.86641692638742
123.5110287498661
-97.35885882647045
78.58807259821405
-144.14975684596322
211.94090382091815
-178.78772883222433
-87.1224989780845
-109.47213329332726
78.3891194227172
141.04275968730644
-56.2325790051428
246.18282643779338
-244.88796641351652
59.13795240323579
199.3945357119033
-40.47103008799129
-296.96238166789925
-114.09632898445113
86.01993532335091
132.09154289479764
294.77300047125794
-7.3374707835028925
-292.3064625479193
-234.69609194806546
3.8642287037797396
111.11482987058446
247.88357881755806
-37.002305913565436
221.27257448108492
30.07607359733338
67.53364384373097
276.30024524927643
179.3047092608977
-10.965259777167134
25.075741659861794
-176.22872571601926
-88.86581917710225
400.61865674789215
-8.885476969336338
72.26716623204518
48.883946221718716
-147.10246792305685
342.7121007494385
78.56493112238648
194.65510867670918
-37.99567835560245
-138.70442464531374
-157.95008758664932
-222.94511071768395
-8.903776942250355
197.92042601065756
157.3887164125615
-4.75488524976722
-72.72596348060877
1.8668813411339311
-47.27537303203795
-184.09869184563192
293.1254074392349
128.68994244267867
-75.43713614071059
190.9607352228263
-168.98765972874398
-30.72205357651949
-113.45345525592023
132.68234938691788
214.57499071211123
77.04759790815345
-56.3525000443319
-159.57950178239167
-253.00528917283188
132.29599962240644
76.23440542952719
48.57005375452394
-157.9467839464542
57.55070160305914
70.82270499511397
274.151673379301
-44.897823865928736
-150.81783819220567
-109.43318431200998
-148.31552827608658
164.2146566815991
-25.413463438278963
-33.78382206769158
112.76193667328818
-277.61113192222115
160.0774049962749
0.22657460890605052
136.24319151818273
66.4161430592929
-200.4727912518202
238.62825369148888
-62.99417374814875
-131.65644065637494
-128.23670030205247
22.726272316429785
57.46645710477328
-29.799577471757516
8.688937639811197
-68.88997630977273
-18.246781315961517
220.9123441690096
64.11820522664686
-40.757536213478645
127.56280924348668
316.30957094510177
253.19396594454696
-159.1957946370815
-60.61107879177988
-18.53269992466375
211.86539658473865
-57.39318699705072
-27.239951302872978
3.006092073899025
27.58390359284583
336.8824889073243
6.0334639277035
349.840095432829
-90.68564692006258
22.99023652428349
-121.977793946971
44.49794638804878
110.05321708991883
24.607749043636172
-213.1524663087405
-165.91109551039781
-40.26431151032567
-41.37372522638348
21.11581322603627
-201.44926589767894
-46.88908065245782
36.58166491215329
-309.6031548959813
61.133052839200055
86.67540988125566
123.53176849518509
94.35406146787587
83.81226982469802
-114.51235711391513
-31.989874103383375
0.2851606963907847
-317.21510036176477
-4.287375835738022
58.403853919600266
-260.505818018043
209.10490049096467
71.23183622991954
168.25293901900497
-108.3729496448416
142.56321391150843
137.31091032476988
8.393051603589534
-30.003599199880515
-157.76899261313773
-253.97228539038488
-117.76241341928252
145.66776882721317
137.88549427039445
181.52812066879176
52.824295610811745
181.48352272721112
350.9655025864557
24.802721440662857
-83.7475586989264
142.4659740879812
-270.519682728111
-15.380426453052777
-12.718378170849029
304.6062720867471
294.43527988811667
36.99081639285863
210.32986512142958
-47.98652496411519
26.461814865364733
150.64338499122712
-282.6965919036632
275.47852583690093
-21.88211260285498
286.07048742597084
135.55651143313204
-67.5815813159112
142.97840959035244
175.0240942493568
237.13804257436902
3.7465717506915213
-164.0740439402972
-79.59550908467675
34.93985206828847
-7.315872101758565
-327.394213209327
263.1093718227779
-41.91560077168653
-485.0948023013175
-60.32798809388951
-146.48636255177777
82.87318842899695
-219.44927006752118
-120.50844745018036
-23.866902732735074
-237.26898995711517
-167.440357330331
46.20092106992895
-319.74089632834705
-123.58996108908306
-407.3428923028038
43.95761517944498
87.5833962586642
7.174015050753383
-31.874097123360286
32.75971666962286
-170.1856263059627
-78.37428372520158
134.8090506374115
-79.02035933833774
-104.54945661658563
13.921014902413072
134.8837898730262
23.822862793757945
103.82357866582403
-73.97348515917797
-28.429750006722156
-161.1080147662646
-131.62362981879375
76.33727358877016
26.861115431071457
-161.02897986646144
11.101617635795703
-126.29622768015902
-132.12573481031012
138.51345328073225
-220.63442023751745
50.51543008498467
-97.44920564450454
14.123051349493375
19.66418922718399
85.3685984277738
45.9682535362779
52.708864072176915
85.58621289157263
-123.96145488774687
-228.25548616356613
-142.14127114740108
-109.92705303768754
9.969885472625755
176.26050494978918
42.161532685467144
-19.33619448848719
92.84077613718945
19.4786324418977
-41.29975671600898
-93.2059002911475
-31.01722004787887
163.5709702822525
-167.40047969291442
15.275162956733494
64.58623315449445
47.41460419567985
-183.8502031641967
-155.6161944467085
57.18023601464934
-224.86068335784097
42.28575457227269
297.79659978369614
-96.68810272120425
11.59319597219784
29.9465710716063
211.63557891694322
251.23821571307306
-220.5335657463093
-94.75253929267183
-58.54761877506045
-127.0708144864617
104.68435271712039
-178.6185324410345
294.63358704990895
326.8177782622176
332.72371912763396
407.5511139846457
124.05178189958046
184.80050018277046
139.73160815915685
-55.228644316322956
-346.22654032780986
219.4074233533026
29.608211743323995
25.009623597182223
93.09872062741701
179.01410564166818
74.09660997430996
-55.386994032400736
-306.865187870431
-0.08320816221475169
-171.8138291217739
-166.33788453134386
117.71570863968239
-52.81288258791533
136.3545529638331
123.90571211456064
48.454849635912005
-58.104729461943926
19.058071747690672
51.375474458698186
-195.77248650733074
-15.000456749328057
-311.98924679706573
284.1305490538928
-166.32683063562334
-175.05888785722757
-89.89541520450713
-74.07783319822393
-48.29349273015096
-54.34698954471823
194.9113219391877
166.7546409920443
67.30973286867977
234.9795458847772
102.75189710427524
-99.73480056053603
156.86066536325566
26.95789397701614
64.29286402858735
98.72822087064938
-303.67618314321055
156.36027247362654
-130.79899647078253
309.2284924869975
38.58652459994898
144.39298325387318
-302.32894485274386
81.31893896850717
193.6674228575376
280.4758628939458
-119.92415030293185
-106.53145169929589
19.587494262395737
-51.644387287979455
-380.24282997304084
-161.08235082502037
-122.96076319259697
52.24124904049795
-96.80048129385355
18.47134884814689
144.29732000549365
246.06498327481788
-29.15663510705147
-49.79549690079843
-33.596835790568086
-161.7605828237602
141.3154494775994
-196.1428877878752
36.952282447816884
141.95660980334247
-201.56719992924684
-44.923059994996485
22.53086463366893
-40.95429249593298
-7.10071654929226
-184.50231681724972
-34.552528603917686
114.42279095455635
109.48096487251875
331.8838882174598
162.88241798655415
-90.55578503421461
180.58439936182938
47.27823802158844
-110.97237814033296
70.6913483078034
217.56272525212458
-165.89814755110424
-64.66436462544104
353.0869806661109
46.68139093222345
-441.02688979674684
110.53411548353782
129.22957618359425
21.604473407123322
127.72024038986409
