189.04100398224193
-19.06169946849658
37.38067368930072
-25.663711348449635
-202.42793793687866
87.24896896736368
36.16236461402141
-6.7962118600754495
201.21556446170663
-376.8948998666456
-57.190237246579414
222.14243685971402
-224.4764651375377
6.686092208285573
-98.38169115475343
49.10197826978514
-150.5720926282184
68.01601306156672
-4.144804098090379
30.221945183999992
-129.82961848948648
-61.457800142862915
53.75095780306863
20.328032539115224
-30.2872238808552
-178.031966058178
-125.4017292006896
-30.35331608826784
-220.05216881249763
19.048297983826274
-16.42159450795694
-85.48143535305996
135.06786791367472
114.02668685071062
259.316606393204
55.93938800609007
79.77096620443524
-242.91431835822166
15.834155665581939
7.645083430045058
-48.267363962874796
-87.2728299325845
107.70383289642699
58.318593570869794
62.56791002940479
41.488741602538276
304.60925178709704
228.1879635170351
163.60798292493814
-67.22781983018173
109.23631797851465
60.05882344742353
-95.00230120276974
43.52713836450885
0.7688951248531113
-57.264131510002386
150.0637799000548
199.9820150449718
-43.62408015664479
-162.77534599936646
8.728617278379017
68.56845706492406
0.580052708825537
-31.42836800478578
-36.97216019973586
126.35086489625644
169.91110379676
-26.534211774569165
-11.472948413443742
-16.057886206070766
128.22484438781717
-0.4141334570685406
19.81689884805771
-146.26699762205857
227.8862967891922
121.11459760105487
-152.9627755995251
-26.75113397505193
125.22003062289724
237.03880927965966
118.89157888702462
-52.80408030397617
141.52798997738535
-16.603665685310414
-3.2027786261631386
-157.28866945926197
-175.7390545478235
0.36585948498820575
107.70668720302376
-120.60811153394971
-171.3156256713945
80.55035440851879
47.405783851338825
21.069541921697294
182.5408191722686
212.72945967670717
216.6887392372474
310.42392182167646
72.05475731132432
-77.34611509714112
49.49855769020604
-145.06478469044515
30.48923495353252
-8.76802540543283
59.80072809278569
92.25932330629047
158.60735577167117
-206.75192700772757
31.136050815789982
-83.80451607218602
-58.97453976024347
-38.09329021334273
-162.93821217189551
-59.46310089437436
154.70457375262527
53.566100772682304
141.77545510299348
-79.72193338843485
121.47548506760688
-119.34288350263354
-91.79683624865676
-94.94193661192809
-138.59374308579925
106.8547474770197
-26.19119639476509
-158.1965529385783
-36.33469633541719
-135.88250926008078
-9.85187501731472
-171.7566105660873
70.47797043766525
-44.617601106981276
-345.96942972485186
1.1533821063967347
38.36219729595691
308.22909270076764
-4.820161052526912
-136.369622370242
-94.65688272411313
-38.87379559785625
42.65135313857925
-103.97376773414194
157.93675790099334
-79.97501134068767
-29.688415887705435
-63.22283510189487
-187.31117379123924
-200.9399141036946
32.09190165785024
-100.1074490685769
149.4492716114764
-54.15483747306954
66.00067187233783
302.17984871601817
-3.8296294176324865
-143.74037152968808
-218.6743391985772
-122.63733241720271
-33.69640074940296
-230.57648720483346
24.74473880402795
157.88295116343477
87.54947690862716
179.99490024182512
-60.399537235868294
-181.36047650957775
172.39768188573075
168.6717573285564
120.85256524920956
96.8518038761826
185.32455198028117
191.85502340947605
-149.73204824098627
42.14428542082905
-166.92518430926305
72.17326949702333
-25.757898998260476
-164.0698273121961
98.65431050984594
-191.96287043142203
348.6266915620711
62.68383535268292
-203.09983572760513
22.96419064466006
-98.61488172957826
-139.63511248595168
24.746484841532965
-88.9313078022967
-108.18689022950089
114.52827545855702
-66.093980293888
9.251301252976246
-122.8011599384785
123.0729766295911
-24.72750438349763
24.77348451031182
74.93891927071789
82.21034804398658
-28.956536844048294
165.9644600965778
148.07291295461522
-22.586199047744724
-93.26211439436463
-190.7592841580011
-99.74689709097517
293.50780145717437
208.6949401312506
-15.250559640113128
158.45782308994103
-170.0511102453461
61.45159832244578
-2.998761776798937
288.1173724966871
-291.3930222238166
53.801294757509446
-36.47895497410675
-35.20252106026865
-304.42345507280527
-150.4865610217597
79.50139869988304
-167.84184033842993
38.751432395076634
-115.91105137943991
-191.14796136466285
-133.89190449393146
17.087329104992833
-83.48101639934782
61.14284378151144
-73.0397445446734
-9.708342579627088
-133.04297821476206
150.06831237829854
-110.62695124381682
307.8092181975824
-20.7302239865858
-263.2559030376138
-0.9620471482524062
-219.99144706669148
48.361576872560974
-77.77040910711023
-80.03506793805992
5.804972399849163
-26.34233831114173
-94.19931506973653
50.04172352654137
-126.16711806137089
-75.51243182047324
76.94425573752595
17.64410000074127
-32.04878871849548
-188.00027139565526
-181.04522531726846
90.83226897858155
-161.6632604296592
-86.41275844813806
64.64926643042598
76.55033894709553
61.8676032732906
150.4717277698199
-223.57192795379106
72.70662876542254
175.48628060351268
-49.86700671572599
-102.37532195170618
53.50985803162219
33.79616748945872
-220.07702705506887
182.19628125925485
-133.49733538395236
35.62405181416296
61.5332669261442
-126.75608142325518
-210.99893076537643
196.45715774886938
-136.9062392848897
43.6924542478503
-14.400072885743723
16.829573332113007
257.790793372813
137.61905124491318
-297.5868257374068
-220.78768076082673
70.76327582768889
-225.33462387227362
98.94393366332505
177.723056713304
5.941311016991011
-10.76698725453863
136.92622600931426
-43.98559793557399
-35.07674573367924
-341.87381200043114
48.66082046094612
-27.559105811002247
32.22915021666546
17.159015933686007
-78.61023162948165
-79.12408742443263
182.74122250275204
63.94133261704544
-300.1012102427251
2.794061430324568
71.06635808952592
119.30257111818223
-31.266720493998935
120.80657922701994
-18.006361431849093
-82.45393961340716
380.9847493357178
-77.85388871415473
-28.869674322352303
-171.8461317498418
59.138322387642916
98.08680907219241
130.72263286691884
77.69680697275956
63.38986073296838
90.28683935623417
142.96637217313784
-106.15252319012657
175.02530612541474
58.41259171070569
-88.71663875673676
-50.22462727163467
-94.90459276128767
-6.734256679767022
116.02893393513212
63.726774052279815
-141.0065434751145
-32.15185680860649
-133.21457921060227
73.45171366635321
162.76580481647676
-54.04322708177702
-160.20257539900925
-61.08538944268536
-61.57152282900025
-109.82832701830874
-149.64120687574314
-72.99902823435538
-303.9830856141157
-116.09500502160151
3.9648767266315854
156.93542177186552
131.17591338424992
33.13062849511548
-31.937853441799756
-32.703679578362156
64.80257818422486
-111.61582558672318
115.57659402953958
-138.98926106160465
-60.12403815101074
164.88222253593068
-130.88759011786013
-46.130175417713836
-7.414213322353474
58.029723275123445
-99.4170530074603
134.9380145829196
6.1528431855712595
11.178521315949718
-103.43265410744849
178.92669373698163
130.75627737093862
35.22428930152947
64.4333067476402
-89.51603615225878
141.60222976515163
167.08771713365593
-71.1087905182051
13.13746263237691
117.44513601829586
-192.15009630536593
-39.37007046761678
-310.7299262783124
15.064030232510406
-63.94000707187869
-42.940452806187714
302.26724191589506
76.01427608148097
27.946315783541817
-139.26826409889787
-244.3510115604082
230.4636098496189
187.0870957972631
55.855576971082264
-91.32641680509121
34.00921029337384
234.3778588251712
-173.13387751678337
-246.55347156128067
199.24717063938735
-39.642310025934265
151.54813910122846
-110.53558130161251
-34.47838933629199
62.134619354843686
143.3365903458511
27.584572082409156
11.781808981382849
-19.19345295066755
53.8046352751192
21.785586499821292
-300.85317975871504
32.79857661637667
70.7894299695454
109.51232115132122
78.80271838798318
85.56841117685548
46.01180422488407
-207.05692205901693
139.30807828296204
65.82668230364874
91.12433667256722
84.37637354223459
-198.1392438360883
62.14438730525273
304.6309632577471
-27.502633057649934
72.02053292182708
32.606238816833006
-242.24085995317557
142.37087583201807
21.120727046586584
-186.18372654445827
-195.875454154349
-40.142791998845404
3.3748822691759957
-77.12261772053805
29.49749826960857
41.45453251608244
-185.42721229595875
262.79954252941207
1.9976731668759098
-75.37003587444069
-299.7011065720896
-197.41477581343756
87.89209718593732
-130.84053794048822
108.14187374967767
28.31526395437614
9.665550258935374
-144.0631632691296
-54.272258018888266
199.9689026766352
-97.28499337991455
206.2174544726412
128.70722474856086
147.42308211974466
-10.509891149121124
-204.11188664796748
268.3359588246386
-189.00929795716883
-33.889130641876505
30.331874300783383
183.2550924760011
-158.2093633362747
-185.75665519838674
41.21894225804342
104.21613236946096
-82.70034475198987
-81.45311313291235
62.05372295318105
-17.286656593870926
189.43907050070416
145.21127251635204
-206.85950225932294
-24.069598612487127
-50.195524034632776
-103.36315683355696
9.06243679362492
-8.176671090146012
237.89076282484012
-19.431601976152262
-230.3236210367313
-28.31854915349507
-21.820903116093483
24.985525069778102
144.11082529420725
20.06959133808195
-83.35364840821754
-342.2063256626367
-144.66158939758597
-25.72498535208924
169.20426753316406
-90.76079396811764
-56.039080682498415
0.14991916205088485
-173.89316690975036
-160.22144728151986
-98.89882047173197
59.97183844144086
221.2794558292484
272.56179885992924
71.20822796120788
58.012338908386916
-41.80080309703154
-276.95416650236484
278.33536982743686
-22.879830497503878
-196.82468346973548
173.9465835605694
126.86706369277614
119.25646159487502
78.00346218454216
33.0230652021793
-39.150511859377566
75.09100845624681
129.10649941589384
-18.22091427846323
-130.65372014769676
-61.4017719585579
-101.85193525450994
48.29691006016092
-182.13312887272215
92.3845009178651
59.455401111448865
-44.61903282617451
41.08125525418225
-79.25366936637064
120.94859227874767
-68.18217890323427
103.93765125503658
-30.23677587897864
48.71194652010296
-141.00094601470687
78.5447616771876
-56.28130462654232
-162.4993326821399
-89.91770743258569
-190.5354833002525
143.65249443278992
-48.415353685072056
-275.5381071518773
-135.0253881168983
90.29082952149585
-26.806930739777517
-104.30561129888993
-91.47767260754082
81.33283246091351
-162.5962283944475
27.266731941657884
135.91228715917785
-25.799659518050856
40.02172849902885
45.11968986813818
-189.66066612515314
-139.14888374331173
-169.12967757349406
168.79853870545261
-163.70034163806147
-64.99387028349325
46.19396732159514
189.86544207488586
128.60990199755017
-56.466951712088935
-22.001693654107267
-123.0460217671494
-29.33072529595802
131.55461228149636
118.1211918997369
7.5523476782366465
39.49325296708444
33.362938146218596
-9.30785024778004
-109.09450514673443
35.55525335521045
-45.809472807306605
104.83999256385948
-16.784996211541618
249.86180421607577
42.970176176453826
-32.00319028061392
-250.2521007337334
-31.541724111365355
-74.32156104101463
-30.241641264449477
10.82949615779189
354.9711032244375
-340.46641467017895
55.25127111068961
67.90361547599832
263.69301540423714
-75.51374869758644
-225.78631141078762
-39.18685130796461
-28.6812037819806
102.79152568249717
-202.55805318536352
-83.65914346784257
-53.98136547065629
23.092920246680237
-55.40900840334292
-244.48126976923072
-29.738889400324112
-9.549504382306802
171.91062033985355
88.63610319798183
218.54798423097
-89.70910595047773
-48.615684084084144
-87.12361686845585
-0.06644282794441969
307.89064981710754
-141.87910868275063
-73.41059232966165
4.105610943562878
266.34497486415654
-141.22069920011498
-161.49985276697433
-86.83989762522056
-122.02750026084564
60.21071298366613
193.20818492080147
125.18071598792011
-73.62383129661434
-144.47564845844175
139.37230964865645
-35.969545904017146
224.70037108639096
-202.88354510039935
5.09846356747069
-64.24768801469992
6.030029251869243
79.99341194568449
-53.679414398211264
-91.13069135830878
15.615103313732757
-74.11066440345016
119.98917950962976
-47.76145037070876
-10.346555098959984
43.93075582633925
-155.722974462903
27.52441656177669
125.94975658659432
-102.97123714934025
-49.420681444981966
-72.68993447699721
100.15105689349116
-76.63174917019752
193.74200723417684
227.70132263744875
-324.1769289322686
-7.111729567904923
-135.04844143382812
-103.06161152682125
-139.26288289185766
-92.4364847165413
-49.10636224045246
-92.71064776152392
221.45136791095405
193.5753623874337
-39.19477915248818
3.5812314671735748
-117.60564141114826
-21.363589507513318
-123.91693146802864
-81.86710830081888
-148.3376739815067
84.01744526828494
125.49675895958825
-80.35185698526426
-25.700481363544885
-158.35613655998924
182.52456362090678
-229.18706738864825
193.25019236926175
-53.2365108230931
-170.64731000471997
305.85538740608837
124.73774000198222
164.7319287232746
201.79491929247402
-225.15265835486642
-216.95571392547618
162.2167273115798
208.6471120423238
201.65948456007467
-9.629675493154025
-1.0815844899387608
68.73492721724945
86.13785070090789
-11.803885206815371
-58.975041768696
-217.6896752309472
260.1342831714399
33.36683050392551
49.941136281883146
67.47034080044418
191.2346107000896
-60.342354957904874
111.07216799939911
108.99287380608874
-121.07358270056041
226.391529109759
-211.08143160666384
372.3324752274538
145.37171199984937
250.37016761130977
75.13526887444709
34.21087818505542
-65.10540657029253
26.322382854696784
0.25316609063288154
-35.780356354171886
198.39552715012024
-11.19809442558591
-180.02131116661866
-24.871910990256016
-44.429990585669536
-71.3391159906018
-60.271125753638
172.03409601074188
-55.84260734438817
99.5999612807403
-199.5716505346528
-81.10397208071224
-84.0840577307653
92.20029295977298
135.85547795666176
67.18163593419887
-114.52162584162802
212.74518952611194
0.18432245249020585
64.33263581144155
72.33151468054055
128.24551424414983
-83.0503071045455
148.56891646479417
-226.96210867846156
-184.26867091525156
-15.321952519345752
-46.149838589777616
143.5723918775605
-200.77829677561678
12.966737088993284
101.62144492104797
107.09849957587751
206.4837521887715
94.23681807197065
-157.698788435003
-204.42085091939165
-65.48048825933992
67.39118187450056
-212.84609693931534
-283.40573669541465
-61.469837062047354
45.868573796386414
-138.6747552279289
-74.35054570608023
-79.03502742436756
-109.61532472105226
113.32278622457206
132.3156216968937
25.03395813426507
-18.27271094257047
64.20182397224038
-120.33359925961733
3.373478722025192
137.49645516357361
-9.509660235832033
-64.87234226507371
-57.58128728714741
-34.41167315591184
-77.66626150404389
51.19896248729491
156.69129284710402
-64.72465401906432
-276.6385882025133
-46.11014330773897
51.830809649098896
-239.20779851325977
51.6482958333938
172.9341608267754
98.60247527094128
45.76913266789637
104.40417962497078
129.55500644499617
117.05627124856376
94.99503948608798
180.6699445781903
-88.61860000096888
171.86785854456366
-132.15162068672134
163.4444144539923
-137.7561110947463
207.30777264674344
-113.59230403216503
180.00115195722367
-7.188552502317306
-323.34973615339004
-151.9793140788575
74.47243259631946
41.3587661871151
-84.51351920195792
136.74628587794058
-143.69277446444784
26.035752344299606
39.55076962520006
39.973111385337674
45.651460740127
31.141832782673983
61.299696772083166
-182.14613093454597
171.2346510517579
-66.72915969449043
0.2214966905387843
-63.78094166244856
119.9442578357485
-31.11704360516063
32.13032918264351
127.73342004212752
-175.15319055755407
-0.5190672079960916
-107.83771631543306
-36.12381925756159
-77.3230196161468
17.393185355099625
134.47352451790658
25.6833155314877
43.80975471164128
122.04250194971834
-37.063220001049366
-8.255747489315484
-158.2121466922256
-98.06526995741439
300.1501008781508
-18.75008243725203
-101.83314397442433
71.82600796032845
-131.80183337857468
118.8674209182998
72.44472409353645
102.43966850852799
316.9651421193318
-90.88929652853263
398.5250890437919
-12.964913835142173
176.42482379394136
189.04555274882006
-137.45234659543843
227.71540662712795
229.57860377342467
112.72023532038367
-36.333152067391104
-47.97453383344738
-134.02409843186632
23.057939213156867
123.20103078384612
-14.174621332076992
56.242770282482496
-105.41712063941071
17.35037972029913
184.1756671841221
12.8312834082489
150.17042694693862
-68.91439996797959
-123.35107382189167
263.77199241004683
-70.08890280747461
53.502178148798066
-197.6757798634017
0.9118534701774235
-107.74782316085273
224.16759461682102
124.77272168981472
-95.06655659630493
-221.51390048222592
50.27011899602539
-136.7764392270144
35.66096237126105
-175.27155787074625
-273.29940723053767
223.00758796400396
-30.616412268642325
-36.85698044232423
116.48367903352944
16.354525156757056
-390.3109597361875
239.3169248284044
-176.08951871105396
62.71874187566811
-35.71788766987183
26.386374614221378
2.6366468336434057
-140.82462018680278
-85.16808360930727
-89.8594931013087
-36.52402129169532
-169.48286095045898
29.679846735436726
39.722504700159874
54.906266349575766
-212.18846988840733
-121.22697299791176
-108.5444853767086
210.79729001557263
-58.335060567446504
-33.82483292855412
57.847474575663526
5.501945548035149
112.97893776735985
-9.63314557584877
-55.32836390597135
20.48136417976106
2.478675236738919
58.04656681654043
26.69871521825341
321.2136001421544
-156.2627381842514
-347.5215057761086
-48.46829273618104
-143.84692393355715
-101.57491126770962
17.209332470803773
37.913062835618575
-64.24367374395834
-127.97584093749327
-4.518862476823865
-174.91273645933157
12.152310009225646
87.52351571590927
199.72605759812123
119.41124263476267
81.70430681504841
11.640571613294641
117.14586673469891
48.325809268600025
93.46218650331181
-129.82207734322012
44.16565222981996
18.322668365728678
99.19885431134043
-132.84802034528857
-167.7440751040207
301.41846256680515
33.20302156686053
66.8265912446914
-130.67242375838012
-218.77251423302255
-130.62966127251175
46.139916142191865
-91.48397809057795
313.30392159650097
87.17952526488
24.704049624163456
-69.2077524914481
-205.85248173309452
-273.8117489890558
-167.9397136612834
140.33078585372635
-73.40118414703385
182.97667142341555
-57.66260924446666
-240.95423677729036
-68.59446111236282
81.30109749011736
205.33598665678994
43.30461405616475
1.0401734494056778
53.05332822687717
27.863727767853536
-40.77796048788586
-11.276060280714818
-284.9448753702481
211.17660723069733
-302.02283196656174
198.52875881620102
-4.344407543580237
-46.687499047601754
64.72548619026514
-92.11488536704107
-25.203401457794648
131.84463166527118
61.87666849562143
-44.02379255157601
88.10025053042604
43.69105759402982
-46.38165401786644
42.92636145156899
23.069495697107683
192.30324732968415
265.2378245697752
-144.54356220778044
-323.88507021415364
34.213437213557796
-28.018806389605174
190.27780515136618
-93.57210964731364
-52.89136366111967
-161.8878468091313
-27.94498550854776
114.60990681450699
69.5978875571421
92.93282449831572
-55.11834275162391
98.72241752436206
-122.33634854271719
