-77.10791757790139
-113.6853421432802
22.56380886141025
-40.55904866806106
103.35653187702736
142.90945095326884
193.91315511715484
-50.979253854455834
-44.84830008057535
-96.02036444886267
-314.90483401939264
132.54125122909025
108.34304793282503
13.87033054611733
-73.47494361309263
-126.68655169964504
32.7920853778218
75.31634614487484
-94.16854472590944
-24.44209472516617
-74.68710518288954
-28.83270733028838
-68.48569880458555
-69.1173455145036
-332.8619674340268
69.26759899049978
-67.34068126305671
-238.27658533783918
31.62725374990342
-62.71402699278477
-32.42730843880338
-142.1191354903154
-215.52793836725314
168.63087327740047
196.29810855606542
-62.216807665404104
-29.063683540604647
146.53350295249174
118.58316663073731
-144.05550849405086
107.62127783907697
36.327680377926605
132.31560072496862
-99.53877950663897
88.75040426642778
-109.02568222583007
110.72022633641383
-148.2801801780014
-20.68843281729289
-194.3820329086642
-10.273191934850887
-243.07288174508884
-123.26592196546797
85.01700306593544
32.78118135312912
199.8243201313272
170.12416747148322
-120.54122756672326
55.8415180290157
13.215837779555503
133.5871177561993
-86.28877912439576
-305.2881303875848
-204.11372097794342
20.00975867260124
-65.88000128466709
-16.980642006094737
-86.18399765046746
-276.26641422909563
269.80134030298274
4.5555432562220455
-179.3703472498311
58.46402182585642
-238.9582495177384
-102.3665113786019
135.35415133259386
204.00400744465898
-292.74410431747367
193.8650213156781
-124.99747855713584
-223.83782797800177
208.32291408008905
-130.38062415179854
-18.950133366350503
-141.5560364118635
12.816812011412681
52.491295706397516
73.29801322109321
-154.75741325065454
-78.88574559052427
-132.87608555639758
-46.17219780258268
-53.21313557892556
41.73366834527205
-95.66307195184997
16.459846620009184
161.34208863709412
79.5463607757218
74.12556069932762
-81.64919053833047
-190.28044240346375
66.345507583964
-96.01821492634996
-28.22769067684295
-3.4960096137726024
34.201174382413456
-131.3968271119441
-86.72608761872135
62.89279423019582
40.24789474543358
-133.64911998517718
97.19739803380948
143.18944533955445
-72.83875489355121
-121.82034848794187
-138.91928300459543
98.41958018430962
-52.81988162818798
-172.9051307501627
2.302551285449244
-3.3697997615892277
-35.049907700077796
101.49640136352414
-9.465362164822817
23.456847639500857
-178.0594810574103
-82.04297527984676
79.371505446098
254.0434242441398
304.2816285468007
-4.65145200331126
-23.55942214291361
240.42094623353285
160.49510740726976
168.90918583216742
124.31300758938174
48.05078539303132
115.00438271864289
-55.07285958507612
-101.8117376133616
12.64292294788257
-111.85233802140793
109.29082413024156
-47.73133025421914
267.1034802713754
-17.18534247981588
-171.98552477954374
93.41188030438522
-61.467925693341975
90.88019764527314
17.189939886408634
-67.8802819244285
202.6275902182303
63.921241013272784
-54.91673158619902
57.29046130654716
-209.86320786494065
42.749050480444424
150.27857196852915
257.34880432856403
130.50522597726592
-13.16820017714808
220.98094122777957
6.086923522886572
38.76555759051243
-113.30853142660693
51.2641350357839
-12.139677208135907
63.006936107755166
-290.3265707252976
-151.98811416657637
56.41523159418804
30.245708295436884
-75.75573940509284
-114.11701263545889
-76.64336113218845
-199.35133790527289
154.41237870919997
-148.77877756952066
98.93486399229616
-105.33381680194707
0.1415222517070842
-94.41541391404532
-252.98570443164505
-30.570477706381805
54.15223862546882
41.02992929224717
-59.450959913041245
150.36944009332703
45.23741651439086
-99.9630740365311
-53.71691335395799
-47.22883683388806
-334.72658854765604
41.56084617407556
10.97182804432868
60.23325713047421
-228.94049500685497
76.34695872284999
-249.74644758497567
-58.80923076521742
110.06692370510287
69.57186569421957
175.72797619039235
117.70161542952596
-46.1923428266265
-289.3942550323621
5.21130789786617
-210.5728974504051
-24.449541317182565
122.39576318107521
311.0943650117442
-36.69137972662108
-21.499318458204957
-3.8853486117761604
-231.84208364655058
-154.8156897481032
-103.89052553170241
-29.000782794303543
8.469440449815783
-42.58875871762141
-49.476835619476205
89.9095610218591
52.16052099277724
77.13644336519053
19.679225972617367
-87.72985764127283
-71.82542849542337
39.565031796789405
-4.67706131547303
-38.417524265273386
169.5650416195451
-207.80822162876873
55.40694276620018
-1.6850566754978307
-176.7198601170239
93.94825683613577
-137.50360261720812
61.55899691815994
67.42856020480788
268.468701541167
122.88973785274833
86.58889405604089
-218.41755863468074
51.79388320715328
113.81502463944945
-11.269417734708941
4.196768292032974
125.94807850266587
89.88531617255008
33.83424316044273
-211.52191162586544
-23.243044288639148
-103.09991627986959
-147.21198963340274
-41.69224163276112
-59.319785489948885
99.04872794040828
21.808436905260407
-30.722113968721242
31.24069793874375
-0.9207681578878602
-118.9354154842432
10.996466206739088
36.32248040404329
193.550731947319
131.63356552766115
-5.263963528171642
89.56051747456232
-23.04335462797935
32.98319334078664
-203.61594718405553
-181.39357449810007
-157.0308102508672
-144.42107699769227
108.88158502524026
20.375329233020647
83.84522532258262
66.43655948482791
-14.751531565824973
222.2443853637144
-142.55188635249917
-19.580493691466543
26.678277477324325
-37.62144108580976
-61.523476541582966
144.18263247653186
158.7618609192817
77.60590075934635
330.54895252302435
186.46439848159903
16.21391961245904
-51.33850443233091
-134.2458422357227
204.54207418776204
58.6477482428799
100.4007807074053
-57.409066996126356
-75.90918088484601
104.80561163927482
49.09386355530724
-44.27895987038162
-7.8484223611488755
-25.51422689440699
-142.76306401235473
-255.11011139452958
-41.41509303066637
-55.17470056733138
-39.64681111046036
39.505455885531674
137.3213811147804
302.00280245702623
-146.3649337951997
-261.2160073684355
7.387471551919228
239.44513708497854
300.7645341907161
6.005800529863468
80.18072009422863
92.01535165500904
-232.8714789784905
-221.99774416694322
-50.60961598782268
25.641266045167203
120.71718916806242
-36.56068784354708
-183.44626732724214
174.8159305632651
112.45614591380892
155.28464993168026
123.71025556986525
-148.39402258880477
8.990752433362076
153.1051461024657
51.0607733368439
74.63634730322553
-94.9743543740557
84.12771546728742
-2.393948294507696
-145.92801719671976
116.2556740674641
116.89855667407305
-108.68146936331918
14.007188865928965
-11.994750131235623
-62.97562262458913
46.470842428700195
-69.22014593853663
-35.65895982492716
76.69314753390312
-45.59459694601466
-74.26984271900871
-36.13523854571496
118.9229851669389
43.256456691740524
56.36604316012047
125.90645003671557
-56.81824859330032
14.28626941398074
-81.9186865691828
56.84216787239642
42.37770307125323
-124.80551398877958
-74.35016891857332
3.8687956123566303
275.6301014629572
-115.70614041405967
78.18586514850006
-101.576236615824
18.886855485299776
-38.78496852196608
-207.18495360460554
46.38125855312134
-8.957889648868878
-6.335798500048146
-18.08720295978185
125.22823753628806
-50.44788272386713
-145.64002322036941
-217.51508208850288
136.56231115235437
-426.8810538649433
-112.41011691840164
99.27440137822477
67.56579011062819
194.43060205767438
-68.29134775751298
112.91116766975847
74.20768316320414
-71.82645083905072
-78.10134839882421
-163.05291269109966
-80.90279862164675
189.0188413367704
85.6386370125119
116.78856329864882
35.926045448976694
54.9679141520162
62.893632553653795
6.175973639577585
-63.715902744535235
82.04236036278513
39.1761071631563
-173.8269643911488
309.4195399891889
-34.636368065024904
-102.58093496856216
-53.6816752389382
71.73678521011105
23.875101471830078
184.29433364316765
17.32009520590382
-87.38246071934492
-25.049510901147034
96.13684318413505
-52.73672119550999
286.94823673091105
-120.93703478859872
-231.61240914489792
-7.340385475912064
55.064472610939994
-76.520585946427
110.480712307146
-133.90556183073048
-63.326469368483465
419.9781591253742
-6.024412520394845
-120.1007460674223
-170.1359981923084
-340.02291071261976
-23.843429053425634
-194.3940111274073
-88.87718066730257
-127.08923524123993
-107.46059132509482
269.0005850905125
118.320664097831
26.313018107879117
-60.54572996492365
290.44816747791805
-103.46777613282593
181.90030964191948
132.64416197696417
-12.269595064839633
-56.331121465640365
238.44644893190437
218.8872381571027
11.53356265116614
-29.871031820516
-6.615464615157668
-153.82491869255077
-92.9420206187716
-7.086323785373697
-181.64357082001354
-55.67980900895346
119.6315168661605
-193.44030497592573
-57.272249036756
-39.40675075270089
-241.64315169202314
2.4120487437926963
-73.8259568160272
-142.10852137311505
91.3274957749806
253.4095608051296
-18.390622485164993
227.40379886156734
-114.35520364670197
302.0146004890176
12.525525989962338
73.88525548330999
-51.61375448239762
168.40473347804289
-89.17716685883497
62.41034312212442
113.90181562130861
-160.5155866692931
99.88487346112505
107.11432207048817
75.87791861257561
-64.46293624860193
234.8738655169074
69.78606870279197
83.57552496224676
-25.29351236225044
151.8465437185528
-34.181042007521825
74.43485227075075
83.29064510765528
-142.07700560589421
122.71863596663206
90.34014069186348
22.676607319952634
-192.97259996760295
-97.59253868356318
133.88179215063101
133.12921196371494
-233.70089329972345
-46.0613720644309
161.31279589994378
-283.55226913272753
183.579945196916
119.01599036315662
111.63441253733944
289.3576172271537
-18.298280046761278
-111.3741592568162
-204.11354432841756
-89.17408446227853
-13.460354412877317
99.29684119937964
109.12304872784912
15.35235284348306
27.632397959624697
-2.6482284015568665
-62.50702556743777
42.92998531354424
-22.008202891890235
37.44748546462752
45.3453332977834
224.4593761874471
-213.0809378869711
25.97155936565534
130.17737862265508
336.72932951311833
180.66695003951034
81.07092584245567
-6.8789809433243745
79.63812169292105
40.336780020058406
65.32278029477442
216.405700848511
153.71927811469868
-36.7716498645733
-22.833577106005155
32.30345920392104
-23.858544386126777
-41.79221507724461
-104.77072805895858
101.37735109755319
227.31902280633608
-140.13389835761345
-64.58975261028213
59.20273791637672
237.6895843424256
-17.769967482295012
56.64743325934543
-173.71898157810602
205.4515723191398
50.56555167431603
-7.048575042927902
178.50527364836762
-60.04385528609653
166.86353507466632
22.474728822588432
-80.65754551410642
-71.8790368803844
331.37676371834635
29.82337708396291
9.570532937668089
-72.75202594219606
-84.32142094277555
-97.45629426328595
-92.40894567603164
26.319483977122623
161.03706357628155
161.52791255513029
74.21176812901739
-271.28285155487544
-51.52766666060623
-201.97259731733607
297.71776368447007
-35.142186275267825
15.623908170534634
91.85688082620358
349.48895513039173
-47.11898781586864
59.89189187601972
101.1266268597342
-212.75190737769213
-57.009708837912214
-64.55352660258269
-28.31676768897592
-59.52858692770815
87.01228953062554
129.82510895952754
9.093341244018106
-4.566726247160982
-47.58073228438526
-59.032078499599244
-231.18979550077756
-46.85590530010205
-55.59796609361811
8.903237594944812
-27.892635235100435
49.61841258523948
-184.98076883978052
6.1199724928394375
154.2719324208577
222.1852960115472
40.91229155637058
56.58880554067984
-181.13523316338737
160.5489731186441
-29.716317129222606
125.73683930926437
239.76499110951912
121.69018584597372
-12.18226385561191
-62.17008166141829
110.2502648234756
-75.87242986667044
8.962978568274693
56.85086332606017
-175.61636556254467
107.54486431891188
142.703511107575
42.65362848233345
125.24484960667488
56.518888306822774
-61.83426866734508
4.868720768472957
-33.015862135981536
86.71414751088535
143.71870019047915
92.36666746716536
-29.839299424376478
384.2971649491375
-34.98685214310091
-147.49351482064947
5.870671544946782
81.59456633107784
75.07076363286512
-132.40402938339804
-81.39700235202677
-74.7991334321331
-42.07522256473636
135.60386365408408
15.782411269174917
-98.99399876408336
34.97204063027381
-0.6259935510974858
-198.00196235058672
37.91164034257616
40.52875765699428
-54.45117973030182
-152.78807130709237
-141.46072097775516
64.32038410142687
82.69210530853339
117.52786925683296
-48.55183537958375
-48.57570385027777
19.873584329153662
17.293259944833885
-74.19243859781821
-87.23552076069164
62.977048195161075
51.515751470022174
-125.06216436372691
-10.22443600293779
-10.236460892314591
15.027117805795344
68.25544050475294
-27.297038028765513
-45.28183182589207
-195.30974972951972
52.62136214891785
135.49767661797216
82.65953598241835
61.38148149771903
187.75585429504986
157.41574194076162
-68.73956771853646
175.59315999398993
-136.99793237880044
-175.2207833305663
-3.413440818478917
198.35395192023955
-3.6264987084725293
43.812416930222305
52.299022077022784
46.16300755715857
-253.86405227320446
-186.06135693393153
156.92663113391185
-94.6626273595557
86.50709052994775
10.612024984018353
210.19861057627762
-15.897700927304856
147.56658768739146
-118.72594992230664
-216.85766073475685
125.52119984718891
-182.58338046607736
14.366971153015552
21.346626145940323
89.76958020799881
108.53056226587714
57.67623489537387
13.177470858228643
69.8465799464458
147.8743845657027
-46.17298199024574
35.56121221161784
122.39750253960965
-2.349655898288635
-24.856560591792668
3.5546079031855617
-2.7649966595917634
-32.122436956692
78.69084616442078
-6.028517488115755
-26.195717614535234
36.73874723362864
-10.66954388393658
177.6404579751964
1.5074896998464353
-42.985989156614096
287.1427242290107
-137.63520504469471
43.75862733557346
-83.73990116549614
53.53225031289292
29.44804129237913
196.40853758482254
95.55755946434671
-19.89078031532397
5.089240560194501
61.186403000420746
-94.49330885365816
-76.07082920575554
86.09311660132855
375.1801351017252
85.55664148276544
132.2476347392593
145.6652019966764
-207.50558416158785
-172.12346171472754
229.27236123421483
-305.8076838879556
-44.15341813254314
-6.194941841580279
-42.04968688921236
-47.28140163120425
-214.9867874175968
-176.08646475211418
199.88745264670544
-77.84734292404619
-15.716424513311804
-197.3116940006713
-84.95436559850089
-13.126464819808266
147.64768757944927
61.64190679876933
180.04861615152316
189.11010301323958
76.50108842708764
-73.75505530467628
82.25636165575735
10.774916847579426
-101.53337609544899
5.222703494944268
-14.26679768639586
-102.059288109364
-42.43781096756459
163.66906989317724
-42.97484711275953
-23.073049544766306
85.47370986600818
-40.81036339329803
-15.896817757975342
321.8151324786114
-12.128449107675404
233.73450037385837
-93.76288095707676
-70.22109233247522
-60.39679551357625
173.79471209917128
-140.45426847396612
123.44018194821113
67.92897414354307
-2.2880338476243764
-10.12849445709063
64.90516877639574
-40.80131752505913
-101.58120045591495
126.04113452407431
12.636516573754328
211.68447271121306
168.35495865917346
112.7059992771754
-165.07199172798056
-174.97122797686254
-71.36398049135013
-141.48475835717488
16.476006009306673
134.99791684915033
217.74617817290232
168.2080325103009
-102.16661960293493
-121.6718860832484
250.13674898524607
169.27869024444942
-201.26243685441978
-11.941158319973525
-151.10046338005841
-131.43247226918515
105.75535500859692
-245.2456696561018
-122.49863853811785
-130.3904749513119
166.23325230948564
109.13240559600322
-79.13924983953511
-72.48250156627577
54.187057151213956
5.438689777125707
-20.615624222274363
-279.8719838491192
108.71752316340779
-21.95973666354778
38.94781016700782
214.36393259690257
38.13807662841088
73.21093644189126
-136.0133724065442
18.480390628865376
153.84101698320802
83.03514660990449
-93.57837061897018
38.659454114066946
-172.08522534073103
42.75271472221761
184.60324628765127
-123.57386220491965
85.34705172874664
30.61898179150066
-92.70656987082133
-120.60560104362071
46.843181829877174
36.74452236768448
141.27514917896355
29.721996077872312
214.26780954596688
137.70808636384265
79.70467042727411
54.72532598104752
123.49865089468217
231.5560336805934
283.672676426499
-63.64234448906632
-73.14151742053784
257.6990279671181
-69.56244341605799
-35.31130508666456
-135.3739882779786
291.68430803806973
-37.76336385674283
-90.36243222718387
-56.88453762926833
97.02900373595986
-64.30813979337856
69.26231080427215
131.23386300563175
147.5021543854855
138.0623692909057
-169.3706201941057
-43.09030264010495
-90.65698277592256
-178.31016501416383
-5.924674207329753
-237.49679914745033
-40.82150079312154
-34.04285244736888
256.53600002132686
67.99014889230207
-63.38890709639213
86.8412352127438
-66.84526373517625
47.86414568044612
-2.2973861797924977
111.47578623681521
-40.776636689811426
-9.554519553626584
10.148935039271448
-3.1981775859708095
154.16430520953182
-96.88003935144832
236.35811350326247
-40.969713629615356
-82.66890379545458
147.8895149585661
-40.94847108820073
-6.8742432418931925
67.18132638558797
161.1582518606689
-51.33304348041711
-124.66307973237335
-340.7574268173546
-66.91046892238099
-33.901871952993304
-34.85960893143477
152.64986146720835
-362.7287734447365
-215.96784031163315
-113.68780175393111
73.11294529171828
138.3757238637591
-198.4447761186719
-16.001915937303146
83.91463751805215
59.82802480776195
161.482811780162
-105.98209837421565
-41.456442034050276
9.583101578764465
221.16346855577467
-65.71312596605557
142.61574544544044
48.08994704282677
-25.716250946360212
-175.21480672658262
-10.90568554035793
-78.57498522714329
-65.29989761912661
-86.19075190917535
35.21123696383564
94.75850445327029
83.9173266168898
-140.74479363727934
15.298444624007164
171.37268893324742
-110.81465482894924
-209.42472855056747
46.67495776630422
95.90585242995543
152.8409340651999
-60.97820451302387
-205.04505005323867
-30.14579526598428
-51.86049845559254
66.18231914918692
-156.1319489731059
-230.07164622083178
-35.354265789629025
40.16881424264698
-60.447303486507124
-144.0759769864012
-242.574120766574
5.436716954667311
-176.52076816671175
-56.28363067037619
-15.655174091188881
27.67766842774273
-108.02192878990051
62.00905251051163
-203.2702655911057
3.688376042407917
58.17886874818608
-157.09317545854228
8.959961295646032
243.56213465182486
-31.07883612647944
-20.25498469328774
211.1978190576227
47.302006875027736
73.89425706068867
78.80038265416157
103.56774986103069
27.232762620069927
-41.04537136616309
90.75034656103904
5.128779391383065
39.505967180331645
174.55421278946616
196.2015207487349
243.93565368039273
143.9510935298565
-21.03398305748269
71.25728485051857
-38.335979162662696
58.45963778711774
264.3808608573583
75.51169333265952
315.7062330743835
-106.26862109955576
201.2376953289026
-217.38491425879428
-106.27675528090799
-152.21038423820994
-47.042845626208255
-64.22134934229844
-16.635909173207633
39.24560314677116
-192.89120970836464
346.5621743641591
113.6425759453345
214.06377855790552
