48.8505504646576
-31.973670907189543
80.29141882138903
-2.1385666397081855
54.11941567659488
180.64404291465308
-118.92271976186886
-236.23788340388646
-78.51669570702467
-33.34062749495117
259.6560637206666
-238.86558635831886
-63.58027735671083
-121.28443820755932
-62.82000390793062
152.38553449174438
137.77984284499507
-70.08816998024174
-55.86152744233363
0.005906619114592004
-195.74342025275897
56.37007929084734
-105.22901145774642
92.03982156111528
-102.44437486634905
170.47152989985054
-31.516090288292656
-100.98007904378127
126.0703621255248
-128.69802260983846
153.70218314183487
-37.12709948805943
12.220638935028482
-134.706817254085
253.8904115696372
55.44688893731286
-200.51261019758445
46.90587647596796
-47.75476966044259
-112.31685787153356
-126.22488077757288
108.27019357114573
-103.38444846488517
90.8432236875101
192.06025762230627
276.397505532609
-180.7584560846184
-40.13243531164108
-109.35492818491348
50.86663762480522
-107.52197958511994
195.5290206238883
163.79956349767724
46.78649727083132
-149.11236025414925
12.70179096424591
-207.88076941682903
125.84803355335686
-31.425444233182763
-26.10350729995573
98.48477540114011
50.153892928451114
23.152407194303137
14.357759288770296
-258.0132732946123
39.9767945234354
-279.83094476078793
-167.19294004844807
11.295770942398196
-39.60971814480222
25.210113689635268
-78.91609614624488
-360.61186768586487
-49.84438869977815
66.98445633972213
-139.20633694895403
23.200336672072595
-155.20070170710912
36.33519126453721
-260.0768862250672
141.51177624737701
58.94327364132653
-48.830490254526175
-108.61919227111277
-38.65149931478519
-69.04576343755623
134.02177904381114
121.61414595518426
-192.46123645692742
58.06159985815668
92.10895594916444
-90.03513695820591
-118.23936226804993
-90.36166755691706
130.42314526711036
-38.79540879025466
92.763165392244
-63.13951871845361
150.2008463751213
248.83181344003185
-151.2607691667529
27.18166620667615
96.92682465323561
-36.015903635781434
233.08437129928117
-107.02118415060428
-20.99176112444354
80.3924840149885
61.144256523190386
169.60076687146355
-40.64091111922099
-27.677129210266493
102.25214865093827
-372.07381002866396
-20.176185845147963
-159.8470957566071
54.90666052211944
-106.7232702464567
-139.116798599534
-8.972027917318936
137.4148996437221
10.037132934886227
52.65032493642721
132.5384698857491
188.49271665939514
-165.2106135333795
308.0238139011227
106.03976871215453
-46.390279309686456
24.126250697609596
-19.926833489674333
135.91030238506454
76.12696467011372
15.465611654923814
108.79150627579834
-173.0168518633235
-142.50366440448744
262.46645392740106
25.737557601878265
87.08793848884663
-82.78019299293595
-245.62621847374496
-32.5587634377041
-77.86089648994616
-113.4869902812771
187.49089890653468
-32.899532904109385
-45.69984204594103
-129.63483626604537
325.5791483357282
-48.38914813719164
44.71656363113573
-144.8740231194975
115.03144977695703
107.57641266731265
-49.57838710008508
122.8763628524265
-200.7765772630408
53.70766988071756
-253.6642183287649
-101.59078213416325
-155.34986288710778
16.26465148474467
0.4380371585867875
75.1501917434482
-234.2932231201152
-2.9853437251740353
-318.797792072467
-91.87618550597425
2.2735133892959674
-77.18499912981355
81.01350666705784
172.78970920577748
-23.235594848696305
128.82489110327154
24.436749478091308
-132.5614709291997
141.53917637723117
45.35673813506069
-4.88004750128225
31.76660329310636
-125.41425269605907
67.86198249353139
-57.44746255563927
-83.77601592379463
114.76224276267018
70.58405568589781
117.98840440156272
-149.78306461724122
-234.96551602116227
77.63994890233705
175.27917291079405
110.39684740325437
186.18717511342993
67.20386126021073
198.52128928974162
-25.532718041976636
-86.75825576760303
-29.392593937678537
127.45316438763187
-50.78269705136737
-105.08529200853536
18.13941317463436
-161.24475807466916
-8.253765042565375
-36.68274161198774
316.949599630248
13.156591203882247
9.279306388195561
291.31691594352185
-2.6283083048422484
350.72251956304774
-68.85575438403717
201.70854440205716
107.36283941086829
134.04295093323822
-71.11884635830417
53.76404449274025
27.479570415578763
-15.566367589806582
8.534795989345511
-70.96201232160053
57.493109801962575
-13.627085742955574
-8.704733491180386
-133.93680721143963
242.97253109816907
151.92013378140376
101.54635015871793
19.760082043757304
-103.83299051162336
59.973429621023044
-21.389926946497724
121.74988743482608
9.405347558590295
-45.86061010272719
-167.11751762478056
-30.25869328330825
57.660960463838336
49.49996638353961
-38.98588841034663
-209.41815942412865
-208.96208080313104
-25.446180984528535
-18.978733297670956
25.115365165302133
-214.56040526916067
-99.60836095601422
25.90034842732799
278.53040313784317
73.20792539359115
-13.688302364146931
66.64204690923688
102.56518967403677
58.0769574911167
373.5480903778386
128.0712737227708
69.24132954775149
182.608555331761
8.291779510120051
-7.911367880661838
23.900987797906055
103.57175757321242
-36.74451047888479
-74.52557511002051
174.49559504484668
240.17924319152442
-74.42245380867467
-46.12645628084691
308.3957753653446
-7.612845253703921
-240.58552811524407
141.7969784327018
-158.99575247335022
-169.60870529778342
267.67936007024855
-285.50189305417774
14.9134691882738
40.95434482740102
-71.87762036013032
160.18917154550638
40.34646289162301
-25.114004516748476
-79.68777089604816
17.035893004695325
-5.968122433706467
-75.41188172268504
44.27188588885132
-168.42247582972067
-4.751299861720837
1.3024751756037287
-61.82469048230994
33.06161509245311
-39.23610746618229
-146.95732010333208
16.907591187736976
-107.56437033547834
-302.4999472306083
-24.643020312430103
87.90066915129299
77.24993303801686
33.83242481301803
31.6716812644931
-37.61599805913251
-158.4386823676586
192.5244592687573
-39.472556034395694
-45.83038122748137
-7.831960894184393
97.37047019161683
47.57873999267877
-44.239923690960424
-221.58175526824607
-67.93760862699055
-250.26479115312856
101.74713796544272
184.1311115506558
-84.11322472447036
25.528918543556365
-75.55261756398394
22.683379199325437
-65.87687481992845
54.1158844807096
-52.93299894277316
-65.43730416846682
-8.534098725972726
203.69575333114005
17.196182697418674
75.66027513284969
-39.28362966458252
-15.304997018215362
168.3586553157339
-165.17895920967675
304.52790156958764
115.08480532343697
33.214133133236196
113.46800022611399
-28.80117222622901
102.83683520131748
111.64824776115505
262.4148889857749
140.43673682069192
49.26208114167997
-79.5485653274562
94.26538516113656
14.64125019038155
-107.1798360486906
-137.82885183730033
-27.819854984183273
72.02730437593905
-70.90535452147975
-61.37608176854593
176.48695026569018
-42.14728234125455
-43.159275952026746
83.29583846534855
120.08614325604069
-57.98777645317631
100.64551450048232
-94.81430002355648
49.73948172018994
-143.95197196490832
-101.42516423174894
131.36572723870685
-56.891162809828984
55.482919712744454
163.41283141955876
10.286194210009239
145.10291187345723
-24.12682306000886
-2.335037893593112
-63.72591069369604
17.20503073003756
-113.28127651986853
29.458342145528878
-38.1088779535496
-97.21141406210072
163.86108717727953
9.718002691399885
-56.63448421354422
-66.79145898677362
159.96306731703504
318.43928514782357
318.98943018123947
176.88230456064122
77.8805612847455
265.01037274039174
49.34563535665108
155.48059647046708
-15.790873961386437
-133.9990132401505
-51.063506899429655
-39.59437245455311
-38.017622546681324
23.259251398600085
180.89616491482948
-87.3075249335057
95.61628533541639
258.3134762405337
170.76218361913834
-240.2960611238163
-192.20185671767865
33.74971758503405
121.34522989914792
-148.28804488190693
-9.81236681312446
26.328079516667117
72.40526059071817
11.345030779100473
-183.47080656445118
60.21237412019601
-114.07180270735284
95.50323920059697
193.04999521990473
-137.74587115240703
132.15387578454877
56.256630964505554
138.39207947309495
-24.745707195882726
116.24247208239798
77.6869078338818
-256.5033574414102
-66.60821000763418
53.231962391211724
-104.50036513989059
33.14033986838796
121.6600761162836
103.85849203491262
4.396331742401904
268.20996147405987
41.649105823892306
252.94178182043163
-221.09035991422178
201.56277001937053
-112.81103126216156
154.97066708092916
-1.2991988097130482
309.4973434537434
-127.89717142032444
-55.30935556648532
-53.75661755656904
-99.68523013151436
10.056495100501342
33.142547605285735
108.29050961801302
-23.365582819342098
-307.6192689726768
84.56222482066646
263.1236537566149
-193.84579232907438
17.178471270292043
161.44011304664136
-270.4310421497736
-109.43007062150971
-304.4555729323895
148.71231536197203
-12.61929166772782
26.0077007072392
-1.0733609069997423
-78.48679945738698
246.0867027324472
-65.5460593027863
-53.85450334776689
80.80977898239857
-56.252001007410136
-232.76726950303754
-183.19040052709045
-8.89676941596961
-112.08640472805641
308.7557912537266
-262.7484634086828
176.66327341070016
-13.418229132173762
-365.5991358922972
235.2676058241041
11.871331478930276
-194.85815155999737
-118.52673359842218
69.67808445586215
-273.49999916925043
93.7752028256978
34.850360672426554
63.7443114784293
-23.597284748158877
164.00805730732108
68.85075257080814
58.05293851271613
-192.36039233067496
242.27597952832267
222.2722249833197
213.72967288119014
12.4762333564782
-23.54701222917562
106.62622926522137
-518.129209724468
41.93931849642305
46.009347628411255
-317.68430422580025
253.13745863319656
-27.192947663741673
85.64387844317339
17.766249786990944
-107.62072053764662
62.90221039734469
-137.13931391330908
-1.9931583507762913
88.00575858268955
-228.7051938943665
71.90738847078951
-309.161965074246
-2.7703691456751387
109.61805080600666
202.64875647758856
46.30975441221961
84.53153795744298
-5.6247033589782465
-136.25050129127717
-67.86739419083094
277.20742059163274
113.47439900714366
-77.78002113243399
60.20394237763034
-90.94837032752493
74.64943145903929
291.489015208939
-23.534905821912037
-238.06357921508746
19.897043581326173
-305.54456999452674
250.89270696299246
236.23094885189883
209.01834096324367
228.96512298638223
155.20594998585398
-58.750729457669685
-33.62202803347671
-113.98101632144072
-143.2299649869637
88.63653463565424
-129.10418234820287
59.14386751812042
14.43367620900664
34.06579043380088
-53.807316360046165
-96.99950029474411
158.36243682726712
-2.183013945306588
-144.56385817097444
114.32316644681303
-98.58465581025585
117.12798496145231
-271.49476972407126
65.63616321895083
-126.49455733852652
160.4758464379637
135.9909183878132
-237.63074621338552
-108.23195274714928
28.33205355615109
65.56063616191953
-195.33078976242584
-79.2579482772451
157.44004209981264
-29.38214602402605
22.014039520195155
24.500049753880646
-75.63272544601298
94.04809920128581
63.02416002836826
64.34274191412136
-74.24160986796522
-54.08257624861242
-104.32488158000714
-152.95898638450754
-95.38186808320494
89.1719513338735
102.50238598162093
-177.08783295310627
-115.78455361482101
22.161977202822257
-106.27317640373043
329.36522854169004
95.43227296371033
-169.45353208918726
121.75312804043836
97.74528219124775
143.50607147799457
30.886926894819254
-39.19865368137633
57.16408581470218
5.917959482668967
63.090518797403455
286.2729325403307
3.730175941522026
-64.09379265057103
-131.37948737600544
-201.35101307029453
184.74387549652948
109.11246384815973
131.0090723097684
-104.58721467780676
46.04731240243314
1.6505999195053405
-4.415727243731627
-117.47666664941276
8.684789099964975
-140.29837604295747
-37.60318311626072
-95.87138963699186
16.311596683709478
-111.99661266510496
-153.86873061693723
21.636775941485617
239.43987617297103
8.461327093375392
-59.826542815724856
-143.36386790257333
248.25084273095908
-14.484520317770988
229.02715402284977
-222.34056328716102
-39.232434655385994
-27.519325897454927
-148.37050788221933
145.91607721670894
278.74899212034416
-26.466612331702365
-227.35603673601983
154.16199098019555
-70.72491382261173
-139.79413993802228
-26.235971060789613
36.224435338841005
-259.4742346836337
63.98706514853631
17.584520505490953
35.35874396361075
81.64177627037225
-157.831990336755
300.9612369783339
-150.52194496946385
51.1342987321512
-10.460188271581906
-153.60396899944465
260.88574854188874
-166.79836594603734
-310.2702086644994
266.7532270019703
72.37191971596677
3.1345320944304165
-124.06464416069552
-122.73075889057479
-27.74505389114393
40.47663675668073
166.99166978910412
-198.6152098552278
35.446357140980595
-13.351777984943642
36.991296961459
-126.16193978670572
-141.74737710320935
87.82684564694259
178.13372313206202
-18.139082303584072
-150.84145075348846
278.9148591647442
226.9616197848007
-28.42921747178756
132.69282954891312
120.87947072345456
112.42929887790977
-272.91000882618016
81.2930931777134
-75.99877712197173
48.62439692952977
-22.460461475232826
142.61610038410086
-239.97264900599745
145.91793332473702
-88.2466847292736
2.7205430761287426
84.74079758959051
4.865089861734355
-97.96823930049777
-209.57400919475373
104.73735805984039
186.94115223240584
218.56045173914592
-28.939189047796088
238.05766793905033
-31.21056789575562
-17.5080539473185
-154.99011441276815
-59.59765787185164
69.00341077724354
-203.07908825723814
200.3046167978219
81.88054956083826
-53.58949009292469
43.909320558229716
-34.81020831631192
-162.96106340125618
-10.714209354733047
-57.32844564359264
83.73230223696525
-110.75859068621453
-104.70582382395501
186.60893582596094
-140.9089611579315
-45.0610467987494
-81.95343216940434
143.80422642733222
-16.502031571993033
-92.31827886764643
-118.38533731912025
-92.03167634439727
-106.17149521220273
11.078572684157017
143.49342622841456
168.5989988137427
-126.68804894897863
74.43608742964241
36.563078964428435
167.59112386688324
-64.94176932330728
-102.37414505363414
-77.66499927280549
-69.68027340908816
12.022980400514978
-68.62522751276954
333.4403264820128
137.4038041821258
180.34047666202252
-57.30118193568184
119.02595702508047
166.16986591638383
110.77291501062723
-65.01896101137903
161.43608463727776
-1.543815676294968
18.71703925250408
-137.34776362768963
-65.3761183386093
-42.00680308046912
-338.40892161180966
-99.6213861301893
51.530255472794096
19.70500484521034
-118.51287763411963
-69.82615031040109
162.78810513951157
-64.43350833243332
-87.99375367180258
-82.06947992913518
-29.43086777119738
165.26072934584056
13.238285555559788
26.288878347924747
62.90370189176282
-26.451832643119662
-1.141539225202526
-14.990951845003943
-36.35179219401061
-10.904484349138771
-72.14486305947092
123.82170349992344
-132.227074148917
-169.84371854118868
286.56784840669815
-173.86895705381903
-150.3817833705074
-61.41178198415773
-186.9446587727948
125.07439684677759
-341.47750780960683
-99.57895965080121
-270.5115097318251
-174.11665866915925
32.59027747868115
-11.297017697172791
-111.460875736061
67.29334413369396
249.3300023375812
85.37887817277382
211.1653491254767
-2.387526027840326
-137.0827791332072
35.35097352625197
22.411591356661873
122.80881215806727
-261.05258325218756
-148.6926081281366
252.47816975442157
-17.999830151686464
-274.000018446573
-87.15114322897143
-137.83478758143679
94.23776759408533
9.581390790497103
100.40902387027637
120.91903751815202
35.55011060709425
118.4685820892384
-13.229355405024386
-52.25032003177993
-121.21008573206112
11.300800276254911
-124.54036791241599
-217.83547844936413
250.58754890899323
-6.706065093155938
-187.56196925979245
72.5092500348816
-11.119328283857353
176.56786301333767
-99.24946695930294
59.063597540851525
-47.93151480151785
106.10751444889002
147.47218336594614
129.2958872200494
10.66566552361358
-121.27290114826923
304.73248034343146
83.59516186519784
352.64580838225316
56.7219810960822
35.77497991778741
103.13729542335128
0.04421583512762162
36.19383149950992
-29.50293703806025
98.96747616110945
35.92696933519354
-20.239136450473577
-114.91343688629023
-8.711123501667958
42.94363905267686
-104.08771377003117
59.294876521177976
-82.85642909755556
5.2310093349955515
-276.22407184047023
32.05507158752997
350.2752541882625
-209.399871953006
397.38153815343395
-48.291203684931055
6.906413078644154
-0.9872940492303757
-132.90202071085724
135.2593438868209
-67.23662380335725
271.18643239278583
209.8127016213374
-4.106185165570325
-51.18154785679484
-39.50276646316727
-43.36438701020382
115.45716250976986
-14.290349638730614
78.66756942043023
107.28875210295064
55.50969355425369
164.02228539168115
-103.01235403160224
175.78431766254894
113.82303673663637
7.893896638513238
265.51078539413714
51.94870297152109
100.7566935653275
-264.1794429045689
14.183134349232704
97.31419040104522
204.06753459966788
-227.19652181131153
269.88642648174834
-186.73622282021034
214.1576675744007
53.52092696942489
-84.61931114212169
-3.8863431136903803
234.2589227459709
230.2117285387891
-115.7639846740704
-141.04248181632133
-183.80463235467138
3.5750409469184516
-133.13318489072327
230.05576801961442
41.58200641403489
-60.76606179903858
58.2607760141197
-13.29349870097575
263.6589948316386
50.952620735565944
70.47179343527945
224.31035470444712
-20.31604320954097
57.892454976221686
-46.82864780019239
-110.42355004174843
-76.61930290762159
306.39521342200743
252.08730426054683
239.42501016656576
176.80639550023116
248.05164832012557
-325.9058323237897
-68.48464302915097
-52.28302915479942
-102.27157396055924
140.9588561175399
139.76664429228208
25.067387514146755
-52.411005720799935
-167.2169057929515
182.73179270901275
45.899065566393084
-168.7695593197422
-37.24605392856425
37.89249702003099
-94.73168370936169
-72.93758164026879
-209.84337830698792
331.8534888479528
67.86455807544839
-220.46625351451445
-19.180929720185294
-57.39228475979964
173.7602294366479
51.291025267042414
93.42152470833801
31.745585451387853
-75.51506100216518
212.76892650192613
105.32866035794125
280.89776534586514
-186.36745820407435
-13.08775041580877
143.23552671706997
102.51367520909909
-134.66544318405934
169.43075688411366
-157.08972124909099
-220.2279658022882
-40.58656861076264
-53.7981931537848
98.05973630693039
238.58897692567677
-295.75105304888723
213.64738545620602
-45.11272657212896
15.931651267726512
-233.528182567042
7.453904952525595
-103.30743794608114
16.86322125385523
178.07119891795392
-71.75465886164876
170.71409327364793
177.9510998415977
-278.6274147681535
-76.9825380533764
-172.50808329257663
35.68674458679713
-240.63639017757225
-187.087939239108
-36.8025152500859
42.831512289405424
36.78850390485452
199.89076603382063
-149.54909725828293
31.282998783614524
-108.08269267687143
-88.92415678556586
32.09542140899288
191.4983627687998
-14.616248593667097
161.29190408090767
-76.06686552076008
-0.7798085158025391
76.17500780837176
201.84727781315303
46.94568463104488
8.992818479334643
227.73406107541885
-82.22600796003341
163.29032093091772
33.34657576032489
-254.9965804433996
-73.26159644875565
-47.56171976689393
315.91201234400376
-28.117101524216142
-20.565970409066587
-151.09370170283395
92.65543653869993
-285.5312801500115
