55.250503620198785
31.20522612212228
75.55456964226872
71.02339674584965
-16.589088836120503
111.71902014080155
-35.691715240957585
89.03384252655306
106.71408734566147
119.3246948368048
169.9973964980247
113.33983412102423
31.781779127000434
-119.54594298420363
119.48687650170685
44.96021895006699
43.90509934900944
120.96207314174292
103.1065374956566
33.084932709244434
-36.8951986391385
14.361457751297888
-24.82080478567404
44.15301037924988
-57.31422373968749
-77.16011556578273
23.664137217861253
36.218638557025905
67.04054187683576
23.6769999643476
206.29930855342423
-14.095986475191665
98.68823640549908
86.97897934208906
-38.24813038543023
-56.422225991202325
18.518205693775172
-63.63451882815361
-38.3938748471068
54.913679427617474
-76.77989651745241
29.809734430335553
148.73122729729505
-53.082616105829885
-128.9024493561911
-99.21761190741985
-161.30685908557066
-79.6039033621038
-5.057521741873245
31.818524679572604
52.397484740676916
153.13085065126262
2.0667324051323126
-36.77305037388588
136.41955119660489
-14.482963327077474
-61.046058259587696
-30.116022131707275
102.64924832532384
-79.83865002066725
134.08793512900274
88.63000093021596
-5.558200295935418
63.967137032279105
-49.06316515642562
-49.95738356222092
81.82655919294234
-201.36431577440035
-81.67198250842692
-69.33535008423583
48.93688417769016
-64.2090591722262
4.498931634113588
54.42957116364687
18.292413822915535
45.33859716837952
-162.12107891674358
56.81295579775357
118.90761748760369
-63.38380226340234
-37.33474818703354
13.695828899135343
-18.189359073608514
7.9435918179969764
70.99926308469301
21.690359851935302
-96.16468125287388
29.11035237581334
67.12819092467556
142.7387175545524
148.7740525271548
-41.212094384611326
-22.45210727466874
109.11348144099172
-54.52206585022798
-104.66743013797159
-4.078049381805699
-85.82967058990054
-66.56611974101375
60.324137540908886
84.14079939227192
96.52678866164763
14.784217882641245
133.74919946017133
-10.787756777299705
158.10366661559829
-73.48802293250026
-92.9770626389411
21.310037860347915
-27.28098697176757
-120.8597144777733
-40.533007434833856
36.2476606401917
45.028112957812986
20.331124116170322
-40.69772096281368
266.54014374336646
148.012978191856
-40.71370448618287
-59.15645108294635
-59.676973701400556
-21.25213841862837
28.755838893916156
-210.64535233570604
22.022908610912125
122.84381069741771
15.622633151483862
58.260157413955234
43.479581302210164
9.14410986954051
175.55919146772092
92.74091221290949
79.4974340236156
-8.756749398017389
17.75833840993286
-52.38926023698577
86.42819824696461
-20.27723424232651
18.211979228686772
-194.71191319182358
-231.0617165682571
56.608413742600305
88.36306046286272
-18.51227491558298
67.89439012746564
99.51463785588957
155.08534476891683
-48.02771447058222
-199.27177259069072
-60.834912417684116
27.962228872990558
166.1362497562361
-28.011096694877992
-28.95744246724707
83.73091826753591
3.1758443139694914
-59.37190836587557
-59.72401800350616
27.79182632840117
1.7619801910013526
82.07499998420612
76.77673381543153
58.31457129025944
-41.62149526576203
1.8315792169982306
-98.51650447536879
-86.68808248204864
88.74977656631832
39.24849733301903
-5.419816343360408
-124.31889153696082
110.60303168202039
-83.68473409687148
186.4887228047176
-15.12669590088689
72.22984333486491
-98.51428456715011
28.65953006204213
-90.37400667469237
-2.800130620689981
22.383586479320726
-2.4714795974352284
78.50473428026994
97.76515276642282
-27.600440465403175
4.607442946841846
85.50583862098745
54.181864067263184
33.778753713967006
133.57017817761653
52.65743089929665
220.85442411723665
132.48727716267746
24.772121047054444
18.610283474581323
99.61966837809577
-69.19512348894095
25.642260899778897
-17.617527118183833
67.78619551435334
-1.8638279179560782
-7.871419347723868
-71.5431569054971
35.264716394659004
153.71790764715595
-29.45225696484336
128.04536502606086
9.413879330359874
-19.85863250260794
24.62492460675571
-157.8282360606433
-132.38282808873404
130.5908417810312
-19.612593364587596
132.79112174741272
-4.830819552029997
-81.11184824149845
-74.99502279223313
114.15197535207501
-41.303775294270245
58.677096189506685
-29.49337719322405
65.0407092304356
-35.425804747624404
1.9532353591250047
133.77782914112433
96.01217172004996
-53.84706996561874
160.37138306881315
90.4030795372718
47.16120927068942
54.64484300231487
151.90310554306333
-50.12850943793557
-130.76158420108933
-36.05799610693485
79.02747569913173
-20.95970647015566
-15.642989310258256
159.0136136774708
-92.63043603121986
-130.123247932319
-86.5390087571434
-105.410556497413
-18.088000043489064
-24.602093625632563
63.597299223282384
12.721109628364124
32.020272675988856
12.698788787441705
-107.39329094180864
-32.69298593082354
-52.71638337216367
-178.09656138977454
-53.6146750430547
45.762095519942996
-61.27343611215091
-35.47374389623483
-85.98565604860335
40.3838411430643
-54.377759593080775
45.75500898327207
-23.92572138227856
164.43053617130226
1.262689454774085
-8.030559001139077
123.36171846050975
186.84707975021357
-1.627768855875069
35.83441979202372
30.1792482765081
93.68291966202334
11.053936254224066
-0.9401524857761114
117.81973659195206
-66.05208655127892
-123.36905921538144
-80.54085856240997
43.50878769635433
-26.143252372594905
-125.27011839948898
50.15543368710326
-56.88911550183509
-57.9541977429716
-146.5190219955961
-139.28853909130805
189.5037922864779
38.623578764539296
20.068823670382542
-15.276237182157503
22.53076183941776
27.586941217824894
65.5500958711859
64.61167883588058
8.455296348489481
-42.77762244987541
-16.99360207374915
-21.84385698425802
-96.73628767146214
-9.281567191306216
35.057861976661755
22.510841179788066
-59.843337184007396
-84.64998860839025
-85.66769365259444
-37.13270010572037
-75.69785951667228
-0.6087197151539036
36.24333287388517
-27.054832477963043
-121.8973269728299
9.813490585946669
-15.019863683291632
3.1065499653124053
-3.0995470068874873
22.140537919691297
80.18972013948645
174.82415341447282
22.79754552029073
96.73160632435511
141.33464949851395
46.26226754312426
-29.046799555617756
2.4722725001117207
-128.40642415079063
73.60598350036969
-55.09513841914978
14.67702654631616
95.93788218540719
13.856237955369261
-23.73759396712751
113.70637714161984
143.36640862625111
11.69301679031137
-34.197816008456755
-111.86882670655335
-61.595473384699815
3.4965183730442364
109.61137241254126
96.20935967821697
57.5224339325943
-23.920135042122478
1.78220040557566
77.833637028352
-48.62856138140419
-61.001065880536665
-80.33975927094687
-68.34065762243176
-140.20909726625416
-45.51178026978434
23.497470667686297
-3.5371913548443197
46.79869052629832
27.68968037336639
-86.37222156500634
-110.77805928636995
23.33464938748958
-26.813862480816116
-45.767986955802634
-84.35961501106011
-47.42972509459336
-90.47112920844702
30.377515036049257
49.31507700908884
82.71200116639338
-48.31838557332484
45.82095069702391
89.93201970277974
-11.405829925816773
-104.5162029858293
83.79294256441611
-88.78908910108946
26.21803633672747
-57.903444955985115
62.333318066689884
1.2358350292670992
28.85236332120827
78.8677157153452
47.262397848434816
-85.31001855437245
-9.791560738039712
2.2829615174739954
77.65631289799943
40.092732660558106
-29.991051280259768
58.31290107257041
82.41757099742054
-37.611911906965375
-81.95767169184232
5.904385031038929
-77.99360998710124
73.19964270206545
91.15251520694734
9.489429920975258
97.41903516801622
35.01102900456959
-10.541083846512226
33.02241408285441
51.72900335962446
14.06327342690806
70.16550905570287
58.05643417309789
-53.543299290430475
104.07013150549568
-127.68789622853268
-52.43137960407405
47.18507809494672
-36.61122556777174
64.57367233240593
45.53560397817646
-79.10105953205601
-22.852681800138626
0.5441523438110809
131.9805087247093
-29.758412151639483
-23.18946420479922
-104.5540781873456
-10.123933940556869
63.48920303169369
82.90068678832915
0.11380499623275209
-25.670690132369486
13.704563622650964
-137.395763505185
-68.41977604935943
-25.213942635304786
106.504406029484
12.244732509138908
-100.46902210965337
68.61949972759196
80.95223827320319
-56.93494694643347
81.36174759815626
19.204484008702504
39.118910704521106
-147.8065753685017
8.675039280028452
-96.5214446500767
-83.04036984865822
44.22100456903967
-33.450560747043774
173.89859254413645
116.75460093664893
90.17537272797696
-9.987386115629505
-10.278336343098994
-41.80738889591255
-66.90827542468185
66.4371690801756
-178.62397032432156
-21.602040020558125
-115.13136981361285
4.916553305319195
17.220426059528425
-77.5029797378956
-51.476725123598904
30.06339028358766
54.3227800200626
-33.055077264955166
60.82330720466508
-33.09466639310253
-109.68962144670948
-77.98257551951029
47.53395917391954
73.1210115805578
-108.59866472128112
-26.679813679413222
125.08840545156009
123.0575214963777
-32.65120183759737
-100.89910941219574
49.390286068843515
49.6979084378878
-25.177865390958676
44.84644696393825
0.7341870388026899
-217.6285401521044
-97.80310209829591
-167.09854694893264
-22.51479054620189
8.876326245738706
-34.50779772761396
-59.828062179917104
21.81110076909117
-159.8804655387191
-134.04455772324332
-103.27740143506642
-18.347119996273815
24.822833042766717
-73.69179070858266
-55.30569043313283
-99.11632359104163
115.35210179989974
90.34252128712166
78.89096179185103
67.28676711708911
-24.751521515168445
39.79806195863807
21.553584555359084
123.10417534406774
110.72642686481241
-14.225337279708844
74.6147733706457
130.99664012362405
30.403933764740913
-9.387019609871874
-97.96452518077912
10.131031190678472
-52.67903069558835
47.161464253839384
-21.418983753211627
53.41644497111149
109.73749921610518
2.6672326223552614
83.78736559142412
27.289631208757818
2.9636841595709518
2.270705496636093
52.601372154300975
221.5900221807112
83.55772046970537
-10.19444528789656
-167.36787354976997
33.30225897452554
-42.82446913090696
-99.56457522576311
-61.21701606104782
-49.929441653102145
-88.04525429786374
0.8715012823158251
57.261031139389516
1.4829329517274672
-11.283320309811202
56.456021780132524
-19.613025247180687
-75.39851589007993
156.77444337561658
-63.239995190156485
-38.26041284357457
-81.74941188545282
43.59534874231123
136.5851783643514
-109.55663820392333
79.61252145514251
-70.60116789240824
24.70324519867591
31.473866568277746
96.32221098676382
152.70036453837804
16.571217025473796
-38.66996254813606
-90.2661433277722
-46.25583778269805
23.36584375386805
-177.93220676841653
-157.67465440724462
-64.10458806810347
-8.195555381175808
92.48767583719838
-76.04734692729626
17.96274636289633
58.47102155568854
-60.15380164473388
-61.54151660930793
-12.347777050549958
42.33558825814116
-108.15915126979101
66.82325579017146
-46.1026289372763
65.91402544553362
171.3681077280861
-35.07828184243701
78.90775169110805
98.81075603721885
-15.103783483668954
16.054418511486823
-41.17652766013596
109.4649686824944
103.46614899754633
103.7623892282239
-32.8440431711799
93.15200808770652
76.03928157052562
-0.9414413318062801
49.50369403791184
99.8320859622181
-120.40213560144223
4.487882005840374
10.46055228815812
41.328237558888205
-88.44475283779532
-112.70383789131013
-238.64073895705567
81.67268655184904
-55.81520957364892
38.330264667214664
-17.926120809160267
39.08973860980863
101.85824855405666
-48.7426711110994
-6.0087994795976645
19.752385892412264
-30.722555940507362
-47.66336575342214
159.02080507520697
108.3143637145252
-217.56290328874192
-85.7723875346965
-93.94769945279667
-74.98803485639826
-31.151054265631053
-289.1024451483829
-62.702803318360324
-106.70354748588183
-62.31603513618302
-48.35759918124223
-12.026376190510998
13.48313505226752
102.29456623496529
19.5310861951959
19.24929569750097
-62.44167782083678
-42.538193716976586
-37.19630105857919
13.830656812948611
37.979312286019876
63.31783308092209
-17.70477554353821
19.64147424936697
126.57060818351621
-5.545619038163509
5.721038174573224
100.68469703162894
-12.782544423424476
101.64234261589357
70.672851202159
21.183118802183458
117.1621576592203
-91.45566461683829
16.103313080826723
-40.05863417321403
-60.8404578781402
-34.36662757367379
-85.10775658495974
-109.75773758954915
30.118048909655993
107.42918723807195
1.0377318529579322
-105.93294567746437
30.766912318459333
-85.52734931447125
34.16071662940891
33.19459912322247
-4.5191269479787275
33.064690978211345
-8.116285835427174
-84.57985356438293
85.32919648113517
-68.24398576319354
-5.121699373077095
-60.63469603879238
90.10949754769455
34.779064381808226
147.51316970141886
91.65932060922523
5.147229818520817
112.19414345510145
-120.48008309153904
-51.11415464803519
-6.045515013764413
13.082374505247616
82.02264764307428
75.1247875599244
-108.8100171941199
-143.93262563153544
19.228762247665504
-55.9418928635852
-44.11250311084745
25.871887546369532
25.196999182324312
75.84285055537113
-118.31275281951277
20.102459385182918
46.848953451070365
-60.63851750013965
-23.58359912699648
102.8126987009942
-111.41218125280238
-10.401564930480822
58.72991790255426
-93.32690989497996
-30.889552295446816
-19.151008842269928
-113.2297905045618
43.493974791825465
112.43192179603487
-26.18762444875839
-36.11985752258796
-98.72825872348976
-150.09713232207363
-69.28228271205242
6.729174919824636
-6.676457882177157
-94.95104565150797
42.71928428918699
105.49232151040685
-32.34300209585794
-45.41606681774437
-90.0827568296496
-66.09279475670917
-74.21990374889992
177.48687075840857
-38.45541342937129
49.57272195035526
-51.01431639804848
23.595028086712
-7.200428837962595
-1.5524114214238818
-22.839425237347086
46.98072038235043
29.615259206647817
-19.33951736775072
-107.13989133053643
118.37735919954619
23.867269080400373
-88.33818010763915
24.85871124606988
50.02572630354822
-36.87316925249286
-99.25901687457326
77.64510386734864
115.50385087834714
8.332858368316236
-117.99599428370352
-106.67757783442612
-81.66350120512872
-82.60116444120406
-90.73635131412523
34.352304361360616
21.32297617406063
-48.03999703167027
-67.65509758259856
-29.180357613148917
64.5395774268373
-37.53093869079485
44.27433359586813
-251.64918375718878
63.36129446285499
-54.90376151893378
70.88587817337887
95.83240247524913
96.72492225240194
9.45725393419309
-83.16628880494605
5.015479748412013
-64.34368388040953
-70.83537167529951
65.02395652999402
13.746796442537557
27.22637632968102
-49.248185151673866
-109.14454834439508
-22.059424856506162
-64.79120803400905
10.766967541876198
136.16013487461606
-13.75971420659839
93.47542996144688
-139.9116030250197
-146.5021583972562
-9.215089188667735
-15.328977260449708
-58.70212750971273
-25.721791184187467
-32.11570381290779
-6.531977983078019
38.001890490249295
21.129440455512054
-16.38457760173373
-60.240951639239256
7.3622845181135395
-5.563492458396794
1.2379678574194521
-17.025299135433805
-30.215215400105286
58.42829606579685
52.835851255375765
77.23778438615902
39.30201534665714
-23.356586592673935
-132.52967110996383
56.07900644961975
50.33145722755675
-238.916124682407
8.654206665177288
28.119855529705735
46.4149132387761
108.7610202857495
123.28180011397619
47.88483202242601
-53.741178221979105
33.86633363813493
86.05638284339945
37.69004777552886
113.14290700934315
5.300004975157933
-133.0657147885971
-102.26786648944953
55.72495142929034
15.201266838013327
-185.71108591394528
-56.41243029085131
-44.89095070249966
-12.449850675321306
87.24999286994615
-20.214415348596457
98.4989434598139
-53.0704913277312
-65.17559882152644
-122.5023299386213
-79.21537682536677
-15.797208044739866
-40.83611561650586
15.443589854857827
8.600352852295474
78.0379474347683
-40.4843767802094
60.376846492523896
-103.38347433323216
123.01983577321987
-40.73009868558768
35.563599744286165
66.90269155662263
-34.39051703510474
-27.893618462448078
-14.989287059747513
-7.1236423620384395
-13.857540757301063
87.65425042906658
-75.46747766219418
-24.435388914806527
-168.010728964465
-85.97737536456354
-46.051710357440584
-127.9947960304107
-7.370068003494364
-96.0750876009696
23.04037289532325
-65.09192708128897
53.9207103769665
-96.08962107653947
-64.35520613288557
30.675326457765184
169.8728691441216
49.412926773149636
-13.473435108318816
-159.02220206313845
-85.57864689220982
-71.76972493392664
9.253130534518123
-10.337242776556119
7.384437975622114
-25.74538145137655
5.676861942125426
56.6591509434564
3.7652666499333436
54.32640390950199
-115.29169542188568
-15.038990109012229
48.19476685616309
-20.10694873304357
93.68854807025352
-150.18551105197707
-67.66833143355858
-3.922812649068657
-78.68056767558942
3.0920330859090583
-91.18706481732052
-72.62220101906308
91.29184912362363
-84.57142523273833
-14.782820137461284
23.03905002029026
46.9497508710738
-10.217398188946724
-23.59623484138736
107.74760311879596
-182.43418103896877
-57.33391263764769
-151.45369088413497
74.76736368656275
24.744425941830496
-119.23454766027517
-62.95041675296914
94.1641680043103
-25.190789564967726
57.205505723728464
-0.20503193622454807
-24.942800469118232
51.831783810143506
26.279316773574095
0.1982206696185307
-21.659914924695446
-34.10858059445633
180.66284897562903
-27.625907070208967
-97.92266236212527
-10.77507290243104
121.69643072574453
39.67012254452198
95.05508904398258
-11.41042740628363
-151.84450479921546
-125.11492653082792
20.183930780816826
88.09452775021903
95.0069150786702
37.79912812075024
150.80104079672643
93.94897744431161
25.205960772110192
19.709185704093855
-150.61920073813047
-44.00049224530511
13.550014359018856
-31.017306718506763
207.49390648481574
88.51921043724883
40.233963085610846
-53.167493756543685
-40.50464839597588
-204.20750278356513
-28.158003384320267
47.29529868582792
-2.5882240863384753
61.096387165384066
-50.945680448337384
162.79303071951526
113.21110931401788
0.22101427170768426
-156.49388721786372
-11.930211099715416
126.04279501436062
-68.72409993432602
-44.240760197851664
24.487068217983058
-25.210407030722905
151.65761803894821
-0.9753880801820006
53.998633545868124
-77.67654578228068
-190.78160919427614
-103.00512887303131
-66.41054788564253
47.6823642999559
48.26816993526332
67.39831922390661
87.0205061757637
-44.35323373777688
-98.82084662898328
-117.67186297859597
-43.1985763112125
74.29652878961164
60.55959351919379
-14.539351832236779
10.099210544365128
-33.57582351026702
97.83703559325538
-15.869852170041453
-91.66716286194551
-116.61006840153588
58.7790543353376
101.03467103941416
-188.23444923164115
50.848548837062005
1.8682681962592673
21.10326917585279
-36.0322375991494
77.76927788301698
88.0944723980268
16.835744439127186
16.84013225006723
35.73726517738039
131.38311449883446
112.66094863630126
6.472783707312639
4.705144951193254
-1.635788060923304
61.74795299281307
-135.69667117869125
79.09404468343513
84.46874073588774
-3.0020662362607418
102.72566206079708
78.58343615527185
-109.0318653137838
-165.87516904874747
-1.7360344556261271
29.949933185714524
49.04731793922722
