-3.8370297770193904
-21.228526848924073
-92.47789613078517
134.05405066155657
76.8673978135689
253.64147262501004
-9.841587234915346
73.45716608158078
-119.70533428692202
-177.3567848842366
209.6736562383897
-33.36080006048802
95.15403749982721
-471.52549979309936
163.8893464545368
45.07370933319494
8.073841783392956
105.10011654927366
101.8388705503691
177.54507508820527
3.7437064943677107
91.22055789264569
142.448615297304
123.43497183777116
4.56356244224396
-38.26263419152357
-125.28989500098828
265.2897138300608
-88.05036516537801
30.292588325715776
-74.07412446636906
-88.54321968385352
-2.3386745974480005
174.3775286770151
159.36449502988467
-64.81381530369879
29.857177615563078
63.47608215905811
196.50099525882698
-75.78236061048521
-85.08331148034416
-94.59501622252158
37.32203615614797
-346.1300880629046
12.523649862841275
-143.62269453079156
281.7256565555761
243.259168404964
104.32324263569349
223.93169280442405
49.52834698392132
-73.81724410627086
-61.71204749539632
-60.1877362374113
-48.5767401845917
-95.68718086545206
-159.36561395348886
-303.8808266368786
-125.73596247240621
24.822135064875425
-312.7569432638464
139.65851809443436
157.63035863128044
-97.05590731721804
14.841696489068374
-200.4068426416176
25.719048778739207
99.64326398722747
-19.27822239511822
-69.19282108047267
-69.95353571010159
-62.11901832888783
-131.3263183172354
-187.79159303391666
-230.55150510014568
-118.1092633729054
-40.39162334169949
357.7992129325399
-49.13054452762658
422.5480277638149
84.79351458328544
-91.30634858355444
-54.39513131176536
-151.65358158771548
173.8995992265948
-217.8139482588242
97.10294744901371
143.6590410348517
-120.15818561237892
-6.042053375424712
62.19684034620671
39.626400703545265
27.80436456971075
178.16530768425744
64.9922926135958
-95.10147978144244
5.894396756396463
144.26533052178385
-44.85927744617289
-4.11803428811893
-149.14322590413502
-52.51238144843119
184.48783677885072
-267.10760492490033
-13.373303925641403
192.37600725600444
240.18140253389566
-73.39201612634747
244.90734121865637
30.168318096115033
-145.73694996162743
-181.33143789211152
-146.51044247483966
-91.97298010299951
384.0848688683414
-19.533139341236208
9.54331525473674
59.83675796341693
-12.534721215959934
95.6427233266245
-35.32015482034792
-242.5068349395441
112.33384848370801
230.84006187871424
153.20001590326027
-153.00938664160972
115.87053659872807
220.1537509865755
16.67957714147211
194.56972419853417
178.9806655662314
-128.17954403190984
11.020414261304175
-209.91279041860093
211.91383049033078
-235.7556602057592
-54.26774353171563
141.4161671824686
23.569973099706708
346.7979624769514
246.56900664226114
-171.23078951177516
179.5698643059623
-139.55290903306187
212.88890592115843
-302.9846619442711
-125.57913952587315
202.26841370868175
63.51325558650153
164.10899198781175
-253.11216430136523
165.72860186703136
-229.35238215388927
-93.14379180212153
-123.88381978330268
251.93801231523722
-189.9192758492374
38.628118069989746
-25.143352935671277
-221.726048102872
-164.16477207815888
205.53720446888835
100.12119123417621
136.84968441464613
-41.265509834105366
-158.95270151481236
63.72078080333411
-287.5004418082365
119.38236150361577
397.2472730738413
206.0019268863686
-328.9388548425397
274.4647741553741
-94.3188055019201
-58.29906674407892
86.27425992577932
10.097815639333318
-46.44507171913806
198.64453217954056
78.9101781527601
58.40358624521598
2.9410849991503083
195.69420737080677
-106.22003762795629
-128.02441359683885
45.0539793444385
-88.16239160498012
-147.74875352144429
-97.16435820935506
-168.92261247849194
17.39314651583782
17.26431086673728
138.61192240470655
-34.45573758367906
-127.20552002673293
36.05055055231702
-88.83879807191857
-187.86564400051105
31.95720784959408
-144.1620006660459
-183.9010002899541
157.62640538427104
172.7906517958663
-59.16719966857144
275.7231523011325
-121.24749918862067
7.004266961437254
228.1705714661245
-18.37325495769737
133.37649749870602
82.78140430533945
141.3817247941518
-179.3456229890656
-92.38479892970143
27.282084450662634
107.080819628863
55.96866924200791
-66.15464422389721
-114.69963803346594
-86.11273803241681
-162.61942583209867
117.43379379969615
-105.63946974801938
88.35454003211096
252.85312703246078
37.581163638296026
-0.211009699154596
-20.207894456733253
145.34025320306574
375.2473127126863
287.08920679013846
142.75786814021424
105.60013192482526
105.91630214578434
487.6599397482709
-147.14333211190845
135.3652271591523
64.6821690845235
28.068247762038297
-185.7787231575996
-160.19470393641143
-46.54132098377534
119.29800497958244
-95.45685769808513
91.08167196006494
-138.19860021198414
-84.65463849524664
176.20569324709228
-95.14084655925284
52.05462564339804
30.76022237838727
296.6835192862221
-75.99342921676057
97.33343363537809
-67.46124887181237
-144.92699355419575
210.5849689072413
37.25117589736562
-84.71448893104966
-305.0153636024902
-151.8358112381773
-26.01597714910253
-160.79033724706673
302.7623406054322
44.18364967214674
173.88018995232457
154.31401167320695
227.9213313840063
-6.49367094368384
20.912431444899894
-229.66244429606215
-176.6843604404274
-125.38831911260884
-25.753787960864138
-202.58059504688563
98.03592682221607
9.654398760435765
-158.76211973511028
-173.69642570035984
72.03423115182851
-171.91351343689385
-98.25452614111906
-104.60993950070302
182.6837731379877
136.59682421300482
10.89889810529757
52.114861092333896
-212.7102536219133
-267.38147514411173
-26.86269746253669
-12.645167638293223
-124.24209846040986
-93.27510339363893
-221.54993174248585
-68.25313954943584
-99.7300497895377
-115.42111924577902
-307.1666205062848
68.36789561819445
-193.90896724120327
-1.1616456480476498
-206.51358227968174
78.77576533288634
-82.77767624062851
175.39303704021629
42.92851297622113
-367.47628893916874
-343.3164245948246
-312.50659152796817
-205.48684495530117
35.379244731456666
28.835420145207642
-7.799134965251721
-294.08842755735446
119.82928613461421
-111.09660328029241
-382.8911803683962
136.58945718415296
84.80525888629124
86.57266566742823
-186.63107878502444
26.465931585601847
-229.95880244921005
-173.90822043630916
-164.11906110941436
-82.85677701686228
-321.2932112323769
-36.80691706904307
298.9142940807642
115.12330117513741
222.8559842471391
-145.67058044532294
107.40429608296598
143.40440490414838
88.52001433264171
-93.59812055951029
-118.90729611304434
46.019570454158234
-272.23415063944685
48.42307019079645
220.75498641197194
-196.28642026727042
-34.2493917858599
-148.04337129542947
310.9347646912233
161.79388506039842
-30.121514779843498
-152.1321077209713
-55.354342597151955
39.545508427970056
22.10617518692385
103.36147466713204
-14.2181883679738
67.24743717543554
307.3813411293895
-141.39622236071244
-97.60103753827913
-33.126019466442415
-28.587319185778007
147.7381314192856
60.068800135823274
11.08565861680909
-111.96738411645605
-48.39795014862367
104.3810606043775
105.14919622446851
34.979387666069584
-81.67522912948978
-50.95333653508998
-6.0449875063514344
-150.7833379328277
-59.97761574451247
120.118527781856
-205.8493403704993
148.9846115027912
-124.90709273458452
-44.2279133570622
-71.30565071004975
-126.68270257327389
206.02805118688008
-118.70913631948687
-5.5040183086787176
-108.49051996884346
-3.531254163344748
-93.91217716692495
-9.137154486074811
285.6587964061461
228.26145975513822
-59.99443318847235
116.54765757952525
-27.042802327987992
216.27585091136666
-113.88584202132517
-154.99520317366614
-159.83172895393406
-97.50155217665895
141.86454213519116
131.05779689349632
12.296371354104588
-224.02667530743676
412.69509220210625
-176.77705398431416
168.35699944832243
-10.012405338115611
13.337031291479674
-81.51650489768268
38.263841103468415
-101.2967155396863
295.04707049280853
191.56568204277082
-7.561238398973358
119.45891122143082
-203.54990502540517
2.682506699982838
-169.3169501885142
58.41744456742322
-81.51637220154554
42.162827613018266
34.04641352594112
95.68263272530791
53.88032559511503
-74.23603392500893
110.97923203443015
157.38733507554934
89.03854097267151
59.71231711173489
-48.87251636076227
144.96588612416213
82.14460746013967
126.14929200178601
64.65662045028327
2.635362076879182
509.14877778478956
101.6371290520402
-199.41941669972883
-75.10947815288394
84.62890503589087
-354.9487451587965
96.46857481360617
274.95598646854427
-164.35776941812122
-46.54297217978283
-16.12223345851279
-121.61974306270062
-196.0307098424243
-153.50523121731771
59.389669495006366
-93.8269973345924
-192.00603045560783
-164.90277194366183
258.25626889242216
-55.57817106946579
-95.63977245587888
-19.641585038173922
-31.78415100299256
92.78459708735055
41.804066785013575
-142.44836858613934
54.01988889572109
275.77630924860205
-1.1592709982928602
-195.99492710923025
-257.7898059869821
6.72763812615875
-138.40284775689676
-242.44371071347962
-78.52716434577621
-54.23438517408409
-373.52930785640535
230.01878837875364
-76.2447379234559
104.57356757873879
186.3252257392655
192.99879693878387
222.2306665222641
4.665834226916263
152.07855949996187
-30.151579101592617
-49.526706240780165
142.96716002967045
100.00314428010655
-25.640189427572146
249.99893873652528
318.91660054631274
40.890480951182866
-102.61307821049016
-76.34715435938439
-101.1483596793022
-61.833374240788736
57.19254998952536
39.692022776786786
76.00686996251257
-8.904958351080877
28.245567323248263
40.05628828639207
-121.59711633484842
57.506793156829744
145.23181482666172
-318.538304969998
155.176468828731
262.136869641085
200.25529030905645
35.35551001568951
105.76855005592375
226.83450391718753
107.8009574560713
39.15494442623705
-3.2292616682138124
-203.5543682867867
270.8836930585964
12.316525028050417
-146.19820416534046
-232.06371422157773
-386.2942899846791
326.52672006448694
113.11986449389366
-205.32305620715402
33.081473861185074
-77.23906125190959
118.17880546552193
-158.71135388968855
-198.94178573836817
-81.54178603233999
27.92873021234201
429.62206360274877
96.36561786264355
114.1195221123446
-75.18494388128478
56.831270545387106
-190.67414749732438
66.1644600223284
-71.36176537031173
7.341599763284747
-112.45488679923159
-152.86429226249658
-105.20758712680185
158.42903147965058
105.99582380886146
-122.24385632266139
85.77067627552212
-35.64069373678313
-141.8237664090313
69.108216466847
94.55231932289732
-27.68692091679001
-56.8038948559921
112.51488223474482
-252.8023261558822
109.37928456454264
105.26164671222585
91.56410510234562
8.39088650775472
-48.84110818623559
190.87563216917067
147.45386816743158
-39.637927121242136
-69.08229086800492
122.57511247636963
149.29258810365647
-1.0350426217558453
107.96609419971767
-63.83658170372948
225.59158752859227
-80.29994602068624
-268.7311152415962
-403.40590614375196
-60.1614367034404
-373.7180588651118
198.37412575541086
72.67976212325259
-66.30736993265066
164.23855472796004
-282.30576795110045
150.75873263696883
44.55884882415401
94.02597342911167
162.41311246161226
-246.58708206250517
63.80153901593864
-52.99412818957118
-32.044168441841286
-177.6257613655028
-77.18801244659589
-126.45502330028698
9.077108988628286
16.003503512115742
16.06129640872262
88.42314775371354
152.09007235274416
-20.77102094721198
-14.551071961195367
-97.06262138914066
14.571976089303307
79.14499725597796
-77.82074432443343
210.1292708140658
-73.6175812380185
-62.2195455642509
-70.6634829440461
-26.008403235699056
-19.410387038470756
-25.62570546289471
-294.0869227492836
14.25889200528523
-262.5251822494841
19.48964189279721
-1.6663385039635497
-45.068254839239344
236.4336635451891
298.4951442097591
154.93039495850238
155.52856874139763
95.36564660675192
33.17841087376799
-44.859757387142864
214.3942398323311
-175.95279374989917
35.28556440530314
16.43190048883148
84.75851214734766
48.614828870736744
94.66633683777063
77.34951368040096
-36.96538622107694
-140.59575192006324
-88.4664884725605
-101.9640227507205
163.06073481516242
-248.49456633301395
-48.41524387553561
88.68494202708685
189.27088410946132
118.25893610701104
7.577170821269927
-285.71296679517485
-2.451449016853669
157.47743905125287
-39.23776894964269
-114.18911193847114
129.8649224739253
135.62719462364686
-138.39190097418984
-100.61455112271499
-27.317556342348556
-56.17325578445718
-258.7996000956976
-66.58714527646029
-30.819276656900325
-167.83836277206797
45.95839702505774
-218.88524493835416
-30.142351820818895
16.2025305427424
-59.64873541497865
136.38945857458125
360.0581969536714
-62.12396696691619
-76.71203211470299
-57.924899512466
-24.274680528914924
-60.580449783217006
20.37240324959136
98.50798067584114
12.334221077794984
-313.53790724523265
74.15144790307725
-151.37860792005512
271.07027880061855
40.39001419947849
217.0868151912175
-343.9181760173911
-65.78709138012366
218.64442279023922
98.03353267710686
-209.95605120456975
-123.68769189820367
420.510668619943
-80.03147021607322
189.16982920292818
-39.92484609012052
-141.10962898445425
5.196163285131988
55.500777808082766
137.6889883118493
-58.12705518537851
366.3117392017802
171.78388723707602
-159.82777158054932
-9.202055642739298
-172.26015638142948
290.1595302614368
36.864349962363534
118.8223275389387
152.68668253325052
-76.0213551017985
115.5261145167362
486.68345323991804
32.583447356205504
-1.2179739546802724
94.15031490393501
-106.0965298297056
-2.222558729756435
-200.96313700227998
133.58701851788229
-5.315450061245032
51.89247098338273
-157.17587578005293
408.89639334700985
-7.485298336505908
41.27103358576034
-31.522476777936287
-59.22959603325597
-118.09264989731228
43.4727345517001
-76.6126831500154
118.77152768706709
129.7203790062863
-214.05073546713598
-119.10487104471837
56.75726907696611
-152.06932587999404
-38.81907121420848
-92.71438893635523
-295.89609254215867
-151.74824764912665
-185.3901091985759
141.9264977819115
105.65431267733781
119.08111504931838
29.977926161485264
292.13309837435685
-144.71188387793887
-157.89473331073626
-11.211838675540767
-93.96886135717773
71.47806962921086
-38.53373964297862
33.533319680197124
76.2569630611262
-13.826454917212553
156.86005993675246
164.46666279254418
202.06067637417837
150.78171596867628
46.203581948894055
154.22826619013674
28.232089966965624
324.68489683828545
45.49928286421322
-184.9411513452637
473.89493960811575
72.03287910623416
-286.23880889845486
-48.750007553623014
50.862551568431904
86.9809790186253
299.58979874500034
32.4851070501754
-52.43587295464449
-149.53884742114363
3.3176532462898547
-360.0652244547645
-59.005302743907905
123.99804567202867
-32.91870003018255
-11.017476401860254
-192.41550899507507
-477.31253767700946
-69.78360078377473
-104.33589020123921
-102.5751639762398
-172.25600775966527
-247.4057438174893
-123.95518946956103
-104.54732520815034
63.92695348076291
-15.27731890865939
16.91139278253411
245.03407537495434
45.10653051771111
25.57220309418414
117.9297175476956
-127.65262888454393
56.903320173942795
263.8606012360235
117.93716569286794
104.87220717008107
-11.329718517863293
-188.3216845831351
77.78084847748872
229.8303283157166
-26.618393464140432
-152.17500985154484
60.438508051293944
129.13462523091434
69.65143882337415
-43.68377641828369
151.6007202095781
26.82134637838011
340.7247620871829
188.30998487468642
25.867663591726643
4.708871940909539
-287.5882782201329
29.13546439764209
10.52330381000766
-178.57415671999104
-92.85194693619442
40.20528152892365
-61.48663741328085
-135.16893171316616
-3.6756108187168732
-30.464078677230344
46.95980212459555
161.0736132573312
52.36545679316146
-71.52720644465172
-45.899811752005355
144.3036300940146
-128.40772895762726
398.00764876425916
13.39256060898164
-82.15195185099402
-268.3660427829865
77.07835353069693
-129.98466289511555
301.04016950499994
-231.9883719185028
257.30998638976877
-196.87321113642304
184.44635993441887
-19.695547377612428
-95.12019899551937
-132.53903996870778
-107.16966013749683
-44.99575105059292
21.181449169002306
282.8132967727066
-234.8475300676302
229.20425737530525
-2.4937839569908276
73.08657344039021
90.24454885770044
68.66097458571062
-149.0182772145721
64.24001515255236
80.07935239808084
55.51536186655155
-217.72819430849938
-332.90278950976506
-94.52744043617977
-183.61503053848566
200.01996680442898
-10.330032737382258
23.056249160734293
132.6013191924363
127.86674415665537
-164.73819473794987
49.22438827505072
-123.97400429698484
195.7173875577257
152.63856178296328
133.22863363356535
1.1979173752640964
-63.885612186178534
-296.91319981351995
132.9161613034801
98.92578407941767
80.88777167023758
-12.391013950696516
283.7008171733745
-67.84941952645151
137.85315382561316
219.5717024089462
185.94662842185002
84.80626779543674
-58.99776580499068
231.76394624059478
-270.27205597173145
25.765225813298173
146.47051323249752
184.43699761001952
183.4061983447209
43.648026055511906
-23.828966476182597
-154.43399467424823
-117.01137882962773
-52.83519515083522
92.18041619849163
-84.78818288555463
-91.50396688712777
108.73180792301207
177.69001986850094
-329.8434568906286
-126.38874749852867
55.76446638010936
-37.392214044532345
-61.89105404799634
-110.78653865861199
-303.5479150136308
-10.579544316288294
236.65533325390533
241.4867666782461
228.09972995763138
154.57905435226036
47.74575979980522
36.729061375960846
-131.67200805025712
151.97409235630377
187.52228512079384
-23.808168320158753
112.41426376239671
23.7231276085211
32.6460206384567
97.01812239462703
167.96945633063126
69.44724587943556
-289.04851167451096
-114.51626018143466
-47.17642217073799
-26.584810221132305
3.101133275334651
-144.5218676819737
-527.1694554599054
302.30413312617856
-164.04046586027644
-174.81893889366748
-133.36122962198394
179.22456499391828
207.55154068677786
-120.24782062211536
-97.10612500548497
-318.0819933147786
262.79196875851943
319.9735272704482
-126.27251157289196
270.96712950899393
-20.974709453070798
395.5465416284357
-178.31439038129963
-99.03173903230727
-430.92512723430633
-84.18740977233567
-65.23431222851482
176.09045567114572
119.22799566454306
-250.72936089484438
213.81467890422286
-166.19612810317074
66.81923165662546
130.0817729117239
99.2076474650179
-275.3237939257677
195.75941030080847
142.78569572861963
-182.4998376321499
-164.50083558491852
-245.84516408430144
43.56808569400188
-64.05374101302327
-36.40176001197571
237.51294413608358
122.94012203656196
122.91949158403344
-39.56912915696127
307.0841441762094
362.00860333931996
-166.10610073431187
-128.48351397484348
-38.91479333369942
1.919727465694347
298.1649758561904
-343.2024845442468
47.82974758249735
-51.33824686271397
-104.49300296813583
140.46117081391088
-69.19788670727334
47.07317516886261
266.85680287964595
-23.632207505463107
19.776761000724715
223.24451252758524
-161.37291427139795
34.55086606227924
72.43486409720592
-70.80206986105868
-133.82698835359966
-223.49523284878794
-86.863416518826
-157.39170185637093
-201.12748875205696
21.492993784853866
-179.83056069620454
97.10347057045009
47.215951449561814
126.80645767476346
-30.07304628941396
371.2872476164735
80.89244377918777
