22.475860051553777
-111.11702559686518
184.87147057012638
22.77440710471568
23.00742965539899
-46.80318955677893
-254.28553571886738
97.68777836421107
33.0229636354296
8.651767491753153
-114.9644238963749
175.9178974544521
-28.36886329286328
49.252287355194724
-159.7116870360364
-83.84366275017028
62.04852058783098
-157.24418832002127
-67.2298187581669
-13.582306639527522
-184.2291582841204
185.57763135644672
23.13765413816287
-158.68571459605448
-21.809419007936988
116.68886832729687
-2.185434717634298
134.9832151302059
-35.61655863993538
16.61444563424931
10.730674712386275
-61.33051873158757
-13.304623129844256
4.308109105194788
143.12751925428546
69.81955219515618
-49.519896955759656
-57.841108095589725
256.8162803876123
118.34608923523074
192.49349734865538
30.34242551094024
17.015929048067182
-59.63594338936783
48.50756579102509
-78.44136889070197
-392.5355711471064
8.496601930120969
-224.88490976284763
-222.98398541732328
-54.214170245722094
-22.272870536805794
-124.56261125169164
-85.90475327756619
144.88416595709097
107.27810399487012
11.820200039226009
5.043852680497704
27.749436020485586
122.20170358118892
139.56033700316837
-61.590387924148295
8.142545099696504
31.98650141559298
-31.310610851674557
-313.4881769650046
38.52577986825953
-62.01069072302094
-124.60241248779654
121.7936201988765
-182.2339134819954
19.397271733990397
95.76000439693264
-50.06128477027561
187.70089346253837
-14.104208739461875
-146.76197709657484
2.587120264730168
-59.4533891771581
51.48333025872145
-172.43524738476182
-184.44957467864944
22.686358460625556
122.59239361677008
86.73850677323662
-13.547314174995783
36.97815626895665
130.31090492476733
149.86795461445365
232.92407452919983
167.0829703058701
167.77396190287547
30.20250480748841
-70.82382610753582
187.1831253779396
-62.73866771832062
63.14936395207644
-105.3179974382224
223.83267085843397
-208.86336459769467
-1.3429540250342586
167.06717746780416
-266.5009358103163
-69.72833809278558
92.73316715254701
36.30631071037596
81.87170567851393
149.32317220432412
-145.342047844688
42.81219258219623
14.727980632782565
102.66239510688233
-124.07878870419809
-16.976320514229783
115.05364843767693
-43.05319833232482
-30.428681070452303
45.64513631926171
-85.81221946935182
22.338444123218487
141.6578013805589
-134.29715832687882
44.92039396708776
-112.77002617621626
-99.26953932626826
-124.92970487458771
6.736887403144112
-18.58783084136349
35.79355142210261
-34.49584709113895
-173.6901493845515
142.37113028483662
128.51926447231062
22.54681523053223
17.332035615713544
60.34379375902566
-179.4326585837355
-35.6457662778946
-45.97227392418458
-3.31290673000761
105.88006732123033
76.98059563113875
65.48159401014651
140.00905359743334
-91.7098324426653
7.169779487138232
43.05766075768503
78.92865931850349
-27.35964131532514
156.23908833039047
36.53019925014166
-45.76000939848282
-163.9064292143233
48.00721440271449
-45.31644013576654
184.87121243945143
40.01606712339761
82.02933457568692
5.7486909667044515
-35.98128669376241
-143.34935104517618
-226.11653842946893
76.38060718585632
44.27557141388489
14.371014433021852
-124.048731789734
85.27374258977795
26.99404667467011
71.25645264239722
-129.7953521644938
-72.59806629705281
21.17174513594028
71.68072490267967
191.77197900037348
38.63396716014283
12.441791768014214
24.81294456800765
208.3629604690798
-93.02062748991005
-285.44977696929374
-124.65590106446862
-257.87911033611664
-201.95520440930815
-78.01031598049302
5.137058825899734
153.38538896232774
-7.459893480019093
-49.091461581182564
70.90609612846879
116.3463951226396
-25.408737111274768
-212.58607784042366
-114.09246239403325
-62.18640280563848
144.68388774597028
57.29816965262901
-36.73215132334842
-213.00978859586203
75.55691233614053
139.12307976139763
67.15695208999536
230.1554754961753
-39.44081400286758
91.85781576697772
142.51351253408689
-233.60419472165498
-83.12682648481501
-40.242964945436775
-77.46342474023425
-96.95813557933911
110.57543069460554
86.87015409138313
-253.51519919344838
192.06550911349578
53.72820335862652
-28.435843862544044
109.32676721729393
-126.46500302670404
-43.553024709085285
2.3240892304998906
-98.63219629010456
-80.75169301384992
170.13859685827185
-35.58416999594404
-112.54697776149972
139.2279499920746
-314.17719753200714
-219.69827551082972
-29.83970322327933
-54.10593281876546
158.69804133488617
221.5639896255524
95.5241376487731
64.37015821159508
238.71247389952237
275.93028232493464
100.20113098711705
81.6322549544839
-87.26853604059042
-136.0790529768813
51.7041492523143
107.39844917511023
125.0383503965983
36.98363913947947
245.63663882843315
-94.93271475305201
18.314278502572453
-226.47853524327525
36.71776364893336
-113.47103121469758
-61.51343901633512
154.3346548943605
109.43809842821967
-58.671448091398815
-98.88126537066059
96.1387682703799
-55.7338175642289
-110.76217752584522
335.324866060847
115.6699828865577
-22.51327944888578
-117.12461571102091
197.78225997082976
3.1911484668242616
-98.79304928081791
-9.73308994665851
165.50822658970665
91.64156633403567
-57.800609027055756
-203.24045605625398
28.989744515129026
254.95772018144626
-165.5977866070659
8.383526014839763
65.69702271084896
-8.537704646423467
186.86132411081974
112.11549118207293
-46.05689910063025
-64.62401186919507
-40.656958715945045
52.183337455444224
76.0444669211633
152.81539656445617
156.01734817382084
22.62613873149866
-71.74640279294601
172.6115721334002
96.94104814035693
-156.77083245844827
-262.9650853923416
-42.52795034791168
70.96237483364223
-143.8264115013062
-325.6881066080635
100.47345878080112
-14.667252547272724
224.96183086207753
-38.13135642677403
-37.69848984639091
-41.543303779760684
-169.80592505999044
-313.7858818842188
16.665723188891878
-108.80666015154003
16.93151021638088
81.79268636627472
-56.009386054800025
-107.485935470156
100.46069737230258
146.14521293166084
-111.62097611387193
142.0029571787822
-68.99748542947228
-106.00182616907095
165.6109976008375
20.608558662214374
8.227733199585375
-191.8635731902014
3.7013690885027746
-179.59573808172294
34.73211217015344
-79.11159526672583
-267.30245069104916
0.7584915715269992
119.69309621502997
-133.26251778864275
30.39844472519842
13.663483056565532
122.31720826245758
-109.391221555515
127.24586604640241
-17.239855211778444
-132.52835766442524
69.72688294227848
-37.95656222866081
-30.11971026177753
51.430160110096786
37.047941669552806
-50.55652274551445
12.191325411978376
17.247110700045127
37.56140293392847
-150.41845397450894
-145.56918673497518
29.753479948413418
-13.075894816597025
137.60705970293742
11.839380883386548
-44.3903114642868
296.17153946605913
31.858036593098255
-76.998422744338
60.735410363073775
136.24148921129373
-84.46419394085197
-96.22801346252857
16.828339588741667
-197.11665474882673
-115.39086256788286
-255.40848680937108
-143.81751243917518
215.302766399742
31.324799514001306
238.83523221960553
-6.955118078649406
73.95582587389124
-39.97064515541466
22.959637563861598
-21.326665986134362
-96.31320475441855
109.0230953907812
50.55420548741942
-144.48125921804808
-32.63840107732856
9.855958844378009
61.87619665828687
-187.5162127832146
-181.28668332199106
12.732847465693851
-0.8286224038294114
-106.94595412425751
-25.183116794203176
32.40181483223421
-30.231043637040127
-77.42014471333918
28.920371562136918
385.0093345409264
-80.37895849704304
164.34668984717112
-61.90446108483271
177.72585660211428
-116.22464167278058
-86.6488073220278
46.40625903295669
-123.73297208815569
7.7691133918481
-170.14656590764773
-144.6178483513167
182.51493469060298
0.4313758730639077
-87.1623106886977
87.65467476268567
-19.636676217533775
47.75532262926276
-61.01021819009433
6.278506256644663
51.62601297988063
-23.45065314906034
-11.690809528875427
-135.50438429651098
21.082169428708045
-4.28714040016047
58.793057811529465
209.00002199881843
106.47823146720614
94.15370704830185
-94.24102272792139
138.9598523374898
38.291713609041665
-26.5510133152086
69.83603421825345
52.37440925677803
176.6741052660011
-32.23341854882788
10.623446831682434
25.270118828384415
136.30126648256217
-45.968770628713166
17.22269263954578
-49.47706187948927
94.918722014624
-4.597575366352372
8.488809280701297
-41.95697643610857
30.94543464063522
92.4581413579206
-77.11861824765087
-70.8481962311167
-157.0614856804781
-200.58236779233067
78.78585831731058
42.058842848700486
48.221796329958856
67.47477488139262
-45.19998542182088
-57.51086678161134
-1.0131154027340805
-131.86967080696022
191.1818566028746
-197.514644994905
-203.47813248560428
-20.070423616328018
107.45832312109857
-71.19744635408821
154.6254310739216
-2.512920436782208
-52.55479744341777
239.5298694806301
89.7692525462333
32.77967079893381
-68.09035677857962
-143.77147897818014
71.41701206769194
-28.823494982868063
-46.29953138060647
-28.253902108227344
-183.25143522160099
22.93080652497711
92.50376719580048
-133.71342003887173
-241.52714112495366
-5.754458349690459
-150.96798751011104
-95.70059411348365
66.7111812211009
109.86813947203291
166.66762733465316
-122.46670357690354
-78.67009464365462
-12.01984704107337
26.244227473988417
-232.27334550574
112.43004097172556
94.77543838780682
283.7392064892316
-85.62310964479975
235.06213908932153
78.73117430609427
10.080826081626489
160.67087437349284
154.83759657805726
-229.6129046485641
-102.63854922216746
55.31173023417413
119.33592572142473
89.46203311719198
349.3722280428438
6.333657296082619
82.4795169077555
107.68391127925672
21.63059640666016
-278.88773379832577
16.08646636472941
115.48318293275008
-71.4119324055696
213.20498081481998
44.76488875685651
204.7568228857624
-34.18792648987437
-33.327446091910005
-44.72437264802267
-20.36890467895746
-50.55239386897611
-115.66149165147479
-307.9484156357666
-119.23526181200376
-169.51161236427475
-5.975016705417037
169.30319705752805
-202.4048672864858
234.7843926030586
58.51390052885493
43.807955101669876
-31.900443197061364
-62.93862736193571
48.43816081674438
-47.67770398920173
-98.84700969993519
265.1203043326681
-18.027099997613085
-257.5921494145971
139.60148080945106
-207.37705149968644
39.208563931079006
170.53392498750335
-34.63153665710972
-98.8219871550274
144.51082542112806
-5.961723935408198
39.771120224172414
60.6991638896465
-68.96729323818296
177.20808469473323
-3.5366685967538154
291.12012146822076
40.62649009030776
109.83741235507621
-8.215094111449167
-11.033573176418866
141.98678042538194
156.67768300108872
-24.0384516827239
197.3973270463073
-236.7276484564777
-22.763436102199424
316.12898680900497
26.795128285828632
133.10071238451835
26.554058292169056
370.5938485180888
44.475638206581195
68.96198418951823
17.55350701276347
231.0289289358116
-13.897176056247556
166.61573972006562
-175.19897670859777
38.721485646997394
-101.2122045299985
-178.49119772615407
111.14067274051222
154.45325226040023
-65.66186118132171
77.85891664862945
-409.7555819299159
-94.92855315387814
-26.149988889158685
63.27208522850274
-96.08513138768532
154.09065899580523
-38.584550355544984
-189.52406487481323
260.43150706186634
129.67769821845445
134.12946640257155
66.43365795155398
-97.10959710918864
199.77382566576625
-157.28787003235468
-38.03379013306692
-126.7359227631447
217.83575712227486
24.737116637103025
-13.528148801555684
-113.61801419152927
-22.424722733992816
-60.76343490801879
7.423296942768938
-71.87441052530008
-248.13754635938062
197.6854685504665
-154.2160702233024
-123.22080703604219
-116.69110788596403
-116.32607284549708
111.43755936226894
263.2745142167957
90.11460869807057
58.35013603280236
34.63831878332564
25.01036952769853
155.70646066119303
-41.085324843167946
84.42544904442987
97.47705629025359
9.84403535889485
77.65061318771748
-15.693404492350075
-86.7537101165448
-30.42860630091466
34.34841826814998
41.286238151183646
109.57332279271643
65.7959910684432
-8.23179060775656
54.10134727849743
34.14022754976808
-188.45026001680938
5.919213254202772
224.1616194243845
-33.69380399125875
157.42573294862825
-143.2460264816729
-50.47134897505823
-17.708480904218945
-83.2365716197274
142.71841846885243
91.67762788303394
-171.2970484677825
125.17988303374504
-13.924619597063135
-262.97785047832315
82.88886907321502
57.73111359826559
57.0952532844897
-49.611372655708166
-44.71800885210205
-64.70174070918331
59.493506414816615
287.0305450220914
316.7807605222427
60.442312996410585
-347.94929973172054
-29.293154959355974
-54.198430485443964
-96.35628898561664
130.05382489382123
101.25515860806871
-7.341750124894032
-195.59091176100657
-148.95208295642138
-39.42436766777082
23.305197103546753
280.81728130880856
194.19326353073302
57.064780512495496
119.09640718651974
104.3368949975518
355.21325372206405
144.882232892789
-62.9024753176727
12.958643990816036
-77.02546559185939
-203.42136542796257
-34.113890406410995
-59.08593395265186
198.10738300588827
-102.0678775368793
-63.709780967324065
101.37829275143719
-130.80235578443606
-389.5888070655211
-218.03790170434226
-137.57513589431076
239.4532288196292
88.81334807370932
74.08664819911544
-22.096349408910232
-188.89984042395253
-57.022158628594426
-206.51427253597814
-25.47158363398679
36.962963340769186
-301.96094289301925
-76.14260720366904
-241.73165833636799
-20.313125784390174
-126.88109789760045
-191.1981567227889
-59.126162914928
4.398320923836114
-32.304557101091596
-121.73779772433076
71.54977260683377
-208.81641180374908
73.07081003994128
-209.94249828417378
-104.88556018055259
88.31028014459135
-314.68233807280893
-82.06412753815039
-88.2582109002367
-312.2466166697416
104.56035788538938
-100.56185082035908
-45.60090576328151
-286.7290267711693
-111.29394468802893
-80.45250841544201
285.895189793193
121.17100029289551
-140.06007486712392
-9.53709102098679
135.23616086468226
-85.64687018006184
390.33610872038065
-12.27252774854191
106.9301875486336
-108.59806553307804
-204.42882794897258
-54.26193330674561
-97.46056990817227
41.192095826892135
-20.811243692130184
-26.503728138702158
-52.080076867728266
-108.45232021775846
-46.05422988794446
111.78522290263906
-146.01847204298932
56.0918311693911
144.182591261351
-130.45181689052558
139.99829066893525
15.090748929506997
-86.73814307253865
-60.505935496400745
102.70169031682705
9.19513088535133
-26.614497808857873
75.32148321707344
-68.80230285157691
51.725326963991414
-52.98361323102857
142.05404994053754
104.07534799627601
87.15143256271828
30.679483751083556
12.02014500389018
18.058920522204232
-151.88213334328458
-38.68204509738046
-151.23893448010682
-88.67171171616977
37.521809691965125
93.997067548338
106.12148741688151
-7.62872432410047
171.78271982771875
-51.72457243542418
-179.555444606881
-60.16298344316255
90.74082701462923
-9.745811748244346
-130.98214534388353
125.42218247485752
-203.18921981713646
-52.761365497380766
123.4078902924222
54.66515945295828
29.69902634702753
254.11129433837442
-216.77073295425143
97.26463747064747
-147.75075282479168
27.65582441689002
164.05321754635062
32.773821222484976
-119.94825876547014
-44.84634382719688
-56.77875567325741
18.917739915879995
35.653533579409114
86.52711874734008
-72.05618827503602
84.20023963397281
36.61399894118306
-20.00165850038855
-190.83826381838242
54.34134990467035
185.86857939944343
-13.439870446127545
-57.029941712626496
-234.05398373203622
-27.051001368780412
-65.5518547693219
-52.1902254487805
-59.738096519645865
-111.86666710325174
137.73949010682924
-17.671380797570542
68.40785269698836
32.119544505102944
-81.20961019646502
-85.94242293722277
-93.91594612290861
5.414906979148474
61.709592885118866
-79.06861468782604
103.39543564430008
-254.5644050362257
-97.84737766043835
28.971918434752595
-96.7909640602403
208.88245919454405
-27.940902299475443
128.87032209006944
-115.39685792896385
-20.14109092175198
-13.355193566252563
-33.3001354879557
-21.192836173040654
0.6276060791912969
-125.12678477994895
-10.171729528584056
1.407668149358629
59.441090743956416
-168.72884039748197
-64.64726333959742
-20.448560793283054
-45.29714358906846
-44.45871725709196
143.16726225120297
97.84884378879177
2.2269531577932518
33.19286017574956
31.347366621485467
-144.75134787967846
-174.5614573902518
21.55999831994449
180.06619780402173
204.11125803984558
-153.38312557131664
-77.2920217056292
42.22404449780983
-5.970088654012945
135.75422047179666
22.46957668409492
-89.94299771778964
92.51956903164135
34.88774656380516
-190.30577331241093
-21.46675209999502
-21.346787553944885
-179.25079308730423
-114.94165509349712
-56.886611828977315
-55.29888871867265
-62.966645274655356
-49.94125778310878
-45.5779280043571
-121.98803722694696
122.24081510218782
-59.67624325356893
-114.87472910083929
-134.24775518925682
60.29689174997608
-14.991519689432675
136.89079927361996
132.68588940081895
5.251690762716444
-69.88616204901216
-70.20722814402339
-189.79058950362045
18.329090987385467
119.58214346063193
-75.9413578603889
268.80985482949825
-89.405672986796
-80.88073339487451
132.75104476468394
152.70260480957162
114.42823163342769
14.223859921834045
59.93607909587877
-79.8791183719626
40.03883473515496
89.26286911800808
-35.29756034177856
134.35194249868013
-67.92015773318843
-56.19475608162642
7.136247265271534
-40.80456174340291
-116.84803043104297
150.2835768123523
-11.576772668357076
-168.93842920268344
169.35070229427052
207.91824373862352
169.78765079153982
30.435501328306657
30.83795105842787
-56.944111716478396
-0.07133671359175056
61.83290137048861
-13.777424205259072
168.39740261144388
74.16484076976126
203.31199437463596
197.85467988045335
-324.9600274546954
-124.79683153577554
-8.454840879004449
-121.60048153532897
55.36471465789573
-139.53075940231662
5.526512338616946
-140.19593380587654
-20.57268373678094
-76.30599326130685
-38.38283382890583
-253.01317391976778
230.78609009515657
11.714386718191193
39.71784555639559
58.136305703163465
-148.2321696436818
46.37105979770252
39.58784654903005
-5.521504151884775
8.268837338509552
66.04220695117466
-97.19979331374866
-17.525112252937262
102.70597199637365
64.92064668667113
-69.54364574282096
-47.97044477695054
-47.865451373208565
-1.9007042001187706
211.52510095818442
-20.829565570542805
81.11237090180984
-26.762842137468017
-114.5095465524354
7.021366488305148
-15.479870259833715
-90.04238220105553
-83.92545693125275
41.616567416185006
-97.33315157317448
-124.06031286202972
-105.83336453190266
-85.68990631130113
-12.743695650131611
50.168923094001755
-85.02170909649865
-178.89787521149327
-128.55110304585327
-254.15212184525438
-14.9769818153684
-10.112848105591334
77.1095259931064
-32.55696310027658
-32.61231346983533
-77.46946790102135
66.0127721449627
253.2709347124499
-105.89870712189702
180.1732634520856
192.63360606027456
-63.25691560741836
-32.161769357232444
-71.68837584011361
172.855878270003
-66.297306982834
84.77135582154511
110.1377059237416
64.48307568106169
-94.95255166842772
-70.05831313964856
115.08491199761703
221.2400018831993
-140.88260811064123
99.48188071063339
161.02847530556392
73.50381997957487
42.64720126796778
