134.93623691119961
36.86598261984724
-0.5511449317390866
138.6990560073154
-208.04960719431247
-43.72327132069939
53.38243527161004
229.33734286809604
-11.928650653321942
-31.435878692557978
-86.42029033811212
-130.91633919464365
19.87268695127931
-400.45054097464117
-124.32287215024463
-251.1886631916012
-4.905893655528735
-6.839453109043974
-209.50495021126784
-351.744782061724
-89.37824310376833
162.3976412103357
-57.668144551972354
-125.33161168236025
-50.68901986212476
5.63620586157041
43.42112719046904
82.78202438085918
122.94487975205494
343.39565812237663
225.51133009418857
171.9933060440446
-121.55051528430953
-34.184943314098845
-47.84902153067246
-97.64048026182452
-72.44738896906776
284.5619445146453
-110.59153517418797
139.4129373689125
89.50045332753783
-35.357435593088816
20.678744181981443
-173.42107381070832
-34.79517319055799
-68.44781093953412
-80.82802555871703
-154.99590492822105
-128.7595631587947
28.648691515789828
-325.11718510238717
-145.03896274112333
-165.39720492658824
-63.904075027545424
-182.9107783199521
-55.750730855662184
-176.44114336722373
-33.94137722446461
-147.26119084968266
65.57297016566217
103.19431876134584
6.609438042459816
44.91289403981428
-101.13215457985305
-33.067998698041194
-315.6806311414083
97.86885738899863
-155.89679558476607
-178.26258424365795
-13.228148224200853
38.08915181960743
-202.44277272999034
34.80057165092132
77.38797157359653
184.8780186579635
62.13775718432302
164.11714398949414
57.623870420948634
13.428881045704868
91.54972823372735
103.37720465139903
328.21841751150845
182.28217556372567
-45.70675809110147
95.7553170488576
91.09614279950392
-125.06237868067272
-220.1177298404343
-150.2021910926818
312.8542818576779
200.95988910334756
12.33464505388802
-14.332819198678878
-382.752829049151
-18.437969514077018
-143.60930167175692
-38.28380485944174
102.34846569552973
-42.87756952706162
-240.33422481710062
155.84120969116063
-2.209908081397759
-217.18295555992998
96.01341692163838
170.63137631636621
315.6957228837724
28.069691025284584
255.30610057334496
213.11572262921771
66.47771957867275
-13.086383103795077
-325.77559442366737
-177.51717699851267
-32.044804095181924
-11.811098214824653
-39.02607099671854
12.281210080564811
-44.477120423373236
263.41183133854764
-182.3891700710501
78.74019596446308
-116.18556709602004
386.794341744579
234.9532518890528
-123.26774899916371
-120.64722312021243
35.58370935118706
136.24816923449342
-191.5681040941146
-103.9777611581102
148.10265179654644
-102.97956638635817
148.04551802644593
-222.14759169985012
79.82369278353846
-108.77218707787
-100.76745345327
-361.78673059487386
-46.73451815635782
-129.72625718739235
95.64596806649281
-224.71564834896643
-117.89058273160418
27.21156780139482
-72.98079988760773
13.002704429421213
-208.9867779619211
-333.8181714601577
-74.62855285982361
-352.498912478205
-102.99918242715509
250.01281022872672
75.59241427195904
-80.41074449383376
145.60467308086237
129.04001916424204
224.30044830630757
5.155754545102389
99.77977498365419
55.835348629473266
104.25302402406679
-83.60632820161912
307.46043668187605
-179.74509921480742
121.43944155274522
-254.68458711236664
-65.36701297348685
3.0505677820019237
-37.210045540011045
-37.280908941530626
35.24359126435728
-43.37178775226069
-73.76825204976903
271.5499068720435
-54.63697407340387
-4.08487817311037
28.420332450304713
-39.29844838699823
-407.2514640869543
-303.34318056951275
191.4352350104487
-467.8444931575323
56.41232586190791
89.35324189435215
165.42750290608527
96.17371914437199
40.70935030860764
-54.70982090241734
102.31898581203274
-22.999603888965737
532.4471646629208
-145.72939591677658
-20.196207437572177
61.84140458605921
306.9911600641883
5.925921839323575
112.84295329890975
36.72147900682922
-257.10279254510993
240.26185500508666
-5.690207071540753
390.2942474571131
-17.77288601825011
-110.85833043568597
28.603773747153223
224.20576636035764
-127.81261502537428
-34.20848795655144
3.2916219228860846
188.64732089081178
-18.60332368929522
156.84051263156783
446.1362523767737
231.31206900130366
28.41719677830694
319.6017301975401
150.66997102391878
76.75407655764741
-17.275363297475987
-181.44235635829972
187.6282350432482
191.80400929442123
-13.588553496854775
-126.01355160561717
234.51863123758318
-91.51293719580777
21.674819534667538
-70.49087708010433
-136.63158173780639
7.590285016857132
-160.1935301592493
-128.6948303324819
161.02001627617213
-85.00036183520287
-219.47066143568026
39.73338141031079
-10.074781104346162
-20.4042349258036
-202.63407120548897
-353.8826920257185
23.57131851841405
-130.17858609132986
-29.442213867240632
-105.30004458805291
-32.059655053377405
205.3909745411382
-71.34859469347887
11.553530523071936
-328.13149908485474
-158.22859127101785
-307.5065540683024
220.66543433786302
-240.6565912851258
99.24413745186712
68.7819110837863
159.43572220652422
256.315206173874
267.93627315562594
228.81389417736284
-123.05757158211364
63.298022947589615
-104.9397154084965
147.47775557840927
74.08489001958822
-63.09169546053235
-233.8963539405795
-334.0022933654027
-13.115439261291796
-253.4990797819431
126.96987322521636
297.52734039100005
-200.63150131400127
183.7075689490867
-61.83580345166238
-316.350028380129
160.74917214577184
199.3984713375762
55.32772370480344
42.76027490191695
-53.636825517867365
234.06672300695135
-112.28936887759784
-4.321634513723991
157.2710880964092
-117.89832450139271
215.70033448042895
68.76347320858395
145.12606839280488
372.3752090895431
117.99040164740032
-150.59411927952067
247.5125857159657
-63.63426272112228
64.62457895190794
-194.42124138700575
37.27877887098655
-352.54448633330827
150.77767057484633
181.57985689761142
-329.04379343467537
209.5415147294454
16.30024933702849
-366.0818157131188
-141.619043689866
220.36322377898802
-122.6550664807626
-3.9689718301034946
-60.42809236470452
46.05850014760054
-111.3065331747227
95.06217219380972
-309.0815644557621
131.18027885094676
106.48519597737673
-120.80402734634833
-235.18008318593078
-127.96456885355451
53.98534622136263
152.57711132007552
-55.93065704518408
86.19412978871188
-492.2442618014501
-133.45000611878567
135.66861502234568
271.46295971035113
190.26597239241738
19.479191718174384
2.7858389900366225
-318.2338120408081
-160.91929994752692
15.016483565084874
-147.23293875434962
-26.96652383764491
212.92683948953848
-107.19198073949846
62.52784107471419
-2.293615720067775
386.28990830291735
-160.49623658820587
121.49592536011812
-24.82475441158743
166.32592579684754
103.10019387573115
-97.29756766006642
-105.3923066963001
200.3549573301641
-205.58472957245934
134.11196684389668
-16.29754773795907
-209.58566355590546
-89.29526067885588
272.39541364916164
316.3517341342666
22.685897519021708
457.1600754866032
-94.06222974703557
-325.3302017206707
339.393183885393
211.82100276274042
-78.42089055078765
-147.8588274492276
-193.2982128688573
133.1745162646922
-143.1483629114455
-71.95354233432968
135.72741044774767
206.64750779513628
-187.96062287529486
237.591561565766
273.1980284353303
29.56111167018828
-102.77765078855447
194.36301768141558
162.3074826382424
97.37582132110711
-2.758910221336352
-115.00905914466391
-51.559030597246235
190.24082701479918
102.58054675067997
-123.91998274051426
-188.30153402533378
-159.31115314414566
367.0836889374194
335.095282716227
195.5806032210492
-138.80979844116683
-245.67464827204404
-95.30723114616077
56.7610145400148
275.034066199728
-6.676198107879884
-79.37357334008446
141.70852457555435
247.85496303950552
-28.775256436424744
-96.91893707290295
429.5215449539445
-22.131418832409178
-116.3539196884734
3.2176532903597
113.27186693541775
-41.780619827877295
174.71451573559247
80.57856433276382
72.08602699975863
53.128016388059294
-47.35966921948317
315.99780197381506
-14.588309671169796
34.63099779936901
236.3052908183159
244.9432926253808
-143.4654652712678
283.0569428542128
-116.96622365924169
87.37734523957886
-12.508646405500928
147.73515057892504
-115.33572140232685
-77.41316915091322
212.8076159125272
125.60701243751419
-12.012080758406192
216.42941247244553
-67.7287849376644
207.6459904165228
-80.3378559555863
4.786479681559605
31.078114319020305
-138.0091731100103
-179.58952096186127
-185.21382899545907
-162.55382881914855
-33.77950620313069
279.17594457801874
185.94635907874883
-4.04848772121801
146.03270698644664
157.24205764439637
370.80160819562093
70.20887525735752
-146.24843748390015
-341.08219623908326
137.01097550976687
-198.0389342464178
-169.86162222601618
19.001843127035297
-140.40641835357783
124.3587957485108
-8.82062448845577
-51.825373665591954
-160.86076326362013
-157.0463689265978
121.05106281820069
-62.53614078040291
151.6308515097312
232.75004045742634
252.52151254230253
-68.0552229939983
26.886300592744004
-144.14317884354082
-94.66396543099914
-145.52956864518734
-248.1604996100102
-141.25879078544807
-139.93969169028418
-49.796718723031766
-154.60409864308488
71.02903716647533
-76.09165950619249
210.66160201907465
149.10000411377808
-205.51767174386055
-147.22665835098258
-38.18403370995696
74.20235187007879
60.780116879948785
-44.11185409184442
13.65532300722342
-152.07991346026196
15.928656539751342
-568.6832358202993
-29.690048869308917
-18.67913840284426
85.70857130919273
36.929430109573474
-59.79510283516589
28.20601682060189
335.84751694477444
8.30171793471512
343.59754561107934
142.60111297228534
-126.71742859430819
-61.08363420117512
223.1262450736102
-290.6701880415497
-64.30257542892484
86.73359075050084
-239.93468498299114
24.431805204862656
-87.13796782250068
140.31235129809878
-73.91593846887676
1.1652318599685336
-198.66520092996552
-223.79894329729518
87.05874976798107
-259.20145236617674
-27.51207400536696
-42.36248211437397
290.24129484280985
45.735406290275904
-90.25481277953108
155.16825296656862
242.95716567559825
-19.045462356730358
-246.39432855354428
-46.208912172572305
-102.99158299950048
-31.46691540928812
-12.668759781929786
1.4311437792866633
-16.97859757477365
97.50816512195593
80.15698186105588
-150.06270210603014
251.4685163682535
343.9205317963324
35.420806976278655
228.93415269256374
-30.312782043790364
66.5724390681604
243.9389101871085
-82.36115434017893
62.237894258298724
31.73259695313542
515.1128215248556
114.28125685574012
89.69337496214051
2.021951058335927
-60.42119181131027
127.3608852930338
20.592455832843974
-4.2746928654494525
-253.286095737612
66.99760068306855
-215.64494956504615
323.3935413680355
103.11346677328228
-227.71823610876916
-33.504543437467554
127.95874177483054
109.14087997812261
64.72525251163093
27.99805684569591
-249.49992642781052
-311.9934164119782
-116.37427788458422
-94.0923433470682
-189.82134854485034
-93.51280461298744
-201.1756531660954
25.444507964957214
21.813185558585502
216.84629921661664
104.82143647772749
-42.9751413989822
-26.178606417518022
123.94284148337762
224.791187824322
237.30121907760912
322.84230492284405
203.1689565830058
84.58079142111919
22.96503709918697
26.664979094431036
82.80622777143361
136.25517540548847
150.41147453205184
232.1783883567002
173.26727791203575
116.66576073618936
-32.262112545387915
81.4584135465691
57.252897483170145
-101.58283478409761
-342.99308615449405
89.03559346549179
0.011023876567599122
100.8112530139515
-216.51836191293648
173.37357052980443
219.52309861883967
-50.16451825125318
-84.57520359794557
70.98812539500751
311.9047898287601
-96.19422913114363
-53.445539403830175
143.17900476885856
-12.001548660005906
-188.99880842650046
-32.916464197985775
207.4786570549478
-25.930198765776737
4.676546397412379
-202.92002341256114
58.910402732613875
114.19734330159713
-250.18874382298262
-80.53230597249497
-29.948275345355178
-243.06503634178412
-5.224960803397094
277.429082657266
345.8408665318625
116.71367524795141
242.3658177011133
28.851299563505837
59.15799993355922
59.240363083662785
29.716371786868976
-19.6865091085152
10.248670610557552
-185.36851373236593
65.06643911370296
-21.01393363055976
-77.74986024510724
-0.14426892959836501
37.60436634901225
-87.45445534972585
390.6322389410931
301.5239301487595
-9.095072142704778
97.45636556181289
-117.66630344671174
-49.56912178868523
320.02179307871353
249.74848263953763
180.66445427528478
157.50530085924396
-399.4792304687421
307.36709702790455
-85.08205938856639
-343.27327927325337
240.13130873955257
-339.5027472069211
182.55948393860567
402.2899941459482
120.21472154163766
-132.90156685349734
81.27824819699045
-184.1332988369098
-19.613936691202618
317.86681107977967
23.20265310447227
93.37756290678125
-7.36723511482462
-27.714984004130475
3.13953277024932
72.2954970235348
233.00143347978474
-32.515837900678164
-228.47515357353063
9.747601280183982
10.693232829281866
-13.801488415931326
-34.70112476024392
54.32540318393156
-296.10784032565243
297.87990564634094
-241.5820051611129
-83.13238404669116
72.62874808939597
54.541450331254936
102.05021637101136
-282.0689197686191
-96.9721709645936
-72.40564514149442
-73.20870253598484
163.7344031802277
-48.67031127213748
153.04349210599423
-105.4131708246354
127.85626375755831
24.131700369183097
34.327077097910724
64.9478649982743
-88.33467183161106
310.674356521177
15.0572925721711
30.834951225991716
55.19147572285584
29.808317608160156
199.71880877467322
-14.537599283683008
43.469159534910176
-12.756424713025
200.2839080777264
358.3299185330819
135.4975383774021
89.37966589828135
275.3973280573879
243.2797097594631
-29.89910769009287
5.9697576693791605
-172.58393250418368
73.5923734240857
280.65568826177764
231.12489131466552
231.95267069172348
-53.80911028270295
-15.154733719843602
-216.272705879993
-157.47623323636688
163.95480536051437
133.33152339337312
-66.67333692676443
13.461345101482964
-236.1680747157492
104.77289983602101
173.77107349783597
-22.590787636053562
235.2300490817114
-222.6104929986452
-167.8636077511286
-37.84284382638628
44.730619933912315
-12.94483723014715
-304.7319955493691
-31.062759356952935
-271.28585991846387
313.11104018068824
-114.96362473632114
-15.52233819720669
-26.099411330071103
67.97353815328874
28.68868168371658
-140.27466596597262
-4.546234019548969
-180.49519226013675
-130.0535316422413
160.25601837690004
34.54898140353227
201.93156858421742
-62.40953354200778
-237.68790398935093
11.431372863781242
14.078043690052226
-12.634176152879844
11.800627148509117
-56.796700199293404
-184.02430282689397
40.35460189523819
80.43143072783951
349.7320925206217
66.15995406945386
191.89294644391805
-59.8530962975833
-2.401294725035622
-108.94540116079551
-421.3382234261761
-75.70827205178011
-96.81714378183395
-296.8452007057367
257.84804692403367
46.816960135194165
-97.99047522346987
69.81197308644906
-184.4098448293184
54.648927471848936
-280.69009757783493
-47.964375624000155
167.444855947604
-171.16505754299618
-288.77787731262606
-10.029338869849486
-121.04268962817302
162.31447517884828
50.04641475758476
301.1399614025205
-385.4756788047002
-102.03328515168928
268.6080964385644
-428.69430249760785
377.9257367714476
29.886169492692105
-196.7676262340322
123.29234227600791
18.73217036525603
-30.543678440836143
-338.0071873275073
-7.395129094219474
-137.95633157353035
-49.23654848564018
-39.68888689548497
-108.41232780471688
4.146369508509831
-35.13441071405803
-210.68225557947642
27.379677213290208
-185.35388458401994
101.90030892494497
101.36965269224739
69.73639250736338
133.2321909313841
220.5041800671933
150.10922857372452
123.76655558501393
14.686157067713992
68.17461468786298
-139.44129350481455
77.5131090732434
-15.93377421717532
-203.7309113077621
-67.56358229877016
-231.34914667834778
-250.9844189899431
-49.41691742956316
207.55017187112605
-171.2284107924201
-95.9051631727712
-195.65775800019944
59.959413283950596
366.5456839991737
-47.170186805264905
131.8505354416381
-136.90855777436593
27.856939976487826
133.09463805051953
311.52746949098605
-385.3160902021804
-38.7037767340365
36.77385353272607
10.906495061301683
87.0124533570959
137.2457141890191
-82.36273878532127
13.072630542055537
240.8738548105389
178.02874036643152
189.51804230386145
-159.9717798280883
-89.63436583972947
-210.19369618989822
-9.919238205387796
14.109768222075278
117.67043161339082
-148.29378103208282
-199.08059321229402
105.19760601853515
-95.68833013682146
95.23820416889144
-99.13809542748461
139.6946085043244
-223.69712201173908
-60.66748199788748
111.39629187554563
-331.78897358406783
-192.81754467805783
-450.5984386049559
-76.40954691335449
97.44303877972676
-93.19733643174784
99.77586956447367
-132.88905084679158
-238.46581453745682
-226.57979288551329
-218.46828425295496
-157.94044051102517
-171.58569884375578
-215.51116713960036
-134.24085135587595
-109.57387176057517
115.29421367299796
-249.21762960077552
70.64897666391444
-198.00212678116577
-24.78214699591129
175.36719572130204
-25.23010172320895
16.889577712010805
-72.48824144339414
142.99393183365183
-15.32152879627051
-3.2106723396823877
-55.69247165652072
-257.3104594303362
-53.90012781815801
2.8594297051572752
-268.25169556549974
-91.37242100877738
-53.53421093787519
-3.0286500101637155
32.19355828491707
144.13294130803155
81.33716696679795
-127.8558976514175
16.16346346769611
-227.88034161231118
-284.1303338985665
-279.5452926102351
-43.22829690800558
-345.97290855857244
-244.7127066762669
-70.44110057945119
18.885542144435316
257.63342028670513
-346.6812067632969
425.0304041814992
24.439121241038833
-41.921615971914456
-130.13560631896496
-60.897030386494244
204.95556516726384
-127.87596913628369
-343.81094465460535
-204.57538545256142
-387.8136981289001
-324.76051116639735
-63.526688188082225
-245.13897876600842
109.47074836440531
87.81623290751882
37.5404176221881
132.6070421990782
-297.5424903418265
9.643650978326272
231.96816076881797
195.33672692337524
100.90675654520207
-106.9237576330418
-145.2624752238767
-6.255401603681329
-189.7826974240384
105.20755893748158
-53.66380757023295
22.00938195986425
-27.693885621645894
-171.15328338658884
-9.19412933354175
-5.67861958387049
38.86426598246545
-340.45541876500306
-62.98470701826926
133.04297006095445
427.8284501669977
155.56465986865908
175.28846564412456
132.28200596314733
88.72665722767712
217.58106585449198
198.45677995043224
34.33712646930651
334.772215767507
-96.08428057657763
293.4212024208901
-160.3080939248236
-34.389072776192776
-96.90877459727467
-24.326632633606653
217.4712443729635
-132.36871548910892
-82.64367112980041
-147.45285849740296
-286.83668905360275
207.8688637045971
34.43797429110903
8.985998573575868
-109.64118016134937
131.29254119739136
-20.38210381408915
-236.85200989556543
-74.14082525620528
46.08328687125236
33.43171773139946
255.84356502971718
-11.70841538525102
139.26250984522363
352.6410914779662
-78.34931418963524
-188.74929131942667
68.49974507522565
-339.6339777950581
-226.23675808012425
-137.45401334435684
171.58713725173325
169.51260441603978
-194.71748826851027
-27.75855485855106
92.19876564975597
-204.05975440922765
129.5511863120465
37.20237159229183
127.42632163594162
94.92856170884481
227.78879832912986
-154.27012322252247
-148.66779377767517
