55.92216929694791
31.235174297629804
101.12156239724258
45.2485144794889
-124.64258557357687
70.40470076199324
-35.72073311164222
158.8210638649633
165.9639051842718
202.29608778625453
207.85633444677364
207.83047719242035
-54.02188730948813
-172.44807190112573
65.81899553614802
71.44655861196058
77.38275138529423
128.610173810305
-16.52489166207161
3.399619849125668
-48.77497252521422
-22.241210313225867
13.820280562165085
63.19629487279119
19.4638133135261
-58.9198804579859
16.296665227805757
-15.959469718087934
8.820083624526314
-85.57967035166007
114.22871977179197
-57.21237342879641
145.014282051043
153.4176100827154
40.339171335387
-47.589121383986246
45.95214946033872
-43.0586290373706
-61.395006130364884
20.35083419085721
-61.322059928913944
19.654581460805886
106.52458812850577
-36.8467520773243
-99.70879232210093
-137.55800420004076
-163.27399327114372
-71.59355865015428
-28.241247309164653
21.24613317363366
40.81855600529286
172.67952150028722
-33.732912228248175
-3.1431424487532045
160.49861836079438
16.252737607184585
-9.392690531793953
-9.011975413160696
78.61855174472531
-47.37709792904411
201.6201582040373
106.44695152597598
-44.10093398596002
87.25865424881397
-51.23604252887191
-12.646277185392524
69.53580869962566
-196.74558448552133
-134.52728441790896
-135.37809821205644
78.76158014700637
-128.70014402213016
-58.19191343865381
42.92164701912531
35.1764135432482
96.39623074381048
-141.11896859739608
65.62098441039707
191.12709119739893
-29.17745682461364
-15.470333297164391
35.65468925240878
-14.415055977359815
-15.56828150057908
8.882946235715037
87.4871023767938
-64.51372570607592
105.8583960428676
67.42354144865263
125.60703865468057
119.1409819337804
-21.644554022662152
-59.646354895446386
80.71136523240222
-57.72232764556077
-189.34481887936624
-7.954291385345972
-89.55530710120934
-26.860644502777642
0.9959965248650584
76.78450073396327
97.59311159473188
8.764210365532053
41.76711013158666
16.11948352662718
165.97502911542097
-66.80235522722373
-99.38069271484257
1.1186002888807562
-94.26564872116509
-144.52823810376782
-87.3345833288873
-7.095221503242509
74.98380534416103
0.1658857733185367
-0.10905830730768407
265.81833820989544
89.98178309366453
-55.111578416248115
-67.49099209672605
-36.808142342632706
24.603752262818166
106.4121402213614
-284.09429819009915
49.16208461324018
149.11789717368234
105.94181518185844
110.92093429074109
48.07430532658259
3.7998447209370734
154.25742962356884
47.212074257736134
141.32582852878872
40.73916370400273
20.486531490716015
-48.28397981798986
84.61923850108478
46.59491601530857
-29.305962583286686
-173.98225970083644
-224.36886467490916
39.87362719189478
100.73303555660381
-24.518687470034916
100.60258144886198
169.9392659408999
221.29012423231896
-29.416844827036464
-135.35364870270303
-110.56144500717272
32.934009597160674
108.15533284590724
45.91190059228271
1.5856095506729144
120.3587117016621
44.14065281027287
-136.66947880070614
-92.93088884775798
32.90699786307225
-22.376755980252273
97.40506747212017
122.47699759397454
22.7396452822402
-53.21906123288182
-45.90454597832153
-33.01929214969518
-114.92274949323901
130.60299774147617
105.02219207140077
48.29687268332068
-102.65681298229322
92.0040324051591
-8.478706818587694
198.64370062280247
28.414324715500474
130.01007099497525
-109.32315537658295
42.410559650156884
-9.506329983679196
23.858042085419
27.407753945809965
64.91781991055215
78.18785663367879
134.5980175562706
-42.317214367386974
-17.155354084839917
71.29536765795719
15.717552415234902
-17.07761724412698
140.3679291420065
33.45494277966089
228.58299555719864
90.57415700473403
59.135536235973504
77.69491206636178
158.67026381955142
-49.62107893333175
52.10113505951516
13.627098234583285
0.9733619362379251
-150.2416260196844
-56.27084067966269
-43.1178793719902
-5.745820059761031
152.47671238039217
-87.51349942597882
51.78060394285011
-11.256686815766267
-80.10697921158496
39.65425973019784
-279.9843020256243
-134.21514111955972
96.73112735212098
-48.003695409492856
215.01273631192
45.77746233309028
-48.329192012064325
-15.33713340646171
97.99977340307036
-71.89029409750462
-40.538524358529834
-103.84194938265522
154.6721853869421
-71.29872020362373
3.8695423607948114
77.85015978646321
134.52396982295633
77.84956680293733
115.8802794791506
-15.799480508626885
-18.648808533026006
37.54413633527244
208.53783694025694
33.99552636065659
-22.789567375434242
-86.79289016174324
12.682768330238043
-105.2518379107996
-66.30691803510761
178.51264713993564
-60.323082740013895
-111.25810472069674
-29.016684660475015
-123.57919338281049
-118.28077752133696
-130.75309383915493
81.56932557062981
100.58719254762286
75.68562160566056
49.32328034041109
-63.53318300159642
-6.836501708861437
-57.48703591200083
-95.18327524571552
-100.66011232013501
55.527872278617615
-101.61196197807244
-90.10078762153297
-139.36307754233056
25.590155431001886
-25.455694689685988
87.82823210482685
-32.8591885154024
267.36112798805914
66.54200647440575
22.027180266635114
227.67737617035846
240.5350295899707
9.511209055927456
105.12623744082019
108.73054905465712
65.88057054821113
33.643822758961385
-15.294675134441055
118.39470735564316
-93.68381860929703
-68.33716391967315
-144.46714053220626
-26.254678662024077
-20.549743252314123
-84.36428394315325
-6.87406690365286
-107.31122696339595
-0.4070650816666883
-107.97422602855788
-81.73926859065597
181.61573098386432
87.32381730833963
-44.490834641065945
-18.748356978602803
-13.072441096472208
86.58987877392849
104.99845673167344
22.636172758085568
16.669382848859502
-133.65723685303354
11.423567840070737
-14.511769317779947
-113.12604317101425
-18.887192818616818
130.6214889908826
22.32252381407364
-65.87355796919742
-79.31606689377736
-80.2756312252232
-61.30664839766167
-16.4615200505925
45.722059310141965
-4.8704647666704295
-36.78966235950106
-130.9950811015212
12.858325044399107
-26.894971669635044
22.357220517215605
32.31559692318784
-16.405687569975466
58.91478505357248
165.24215112791586
-48.173481637967974
34.34308481633958
198.0826634238013
54.11223494305432
8.741198741954177
-9.178426864261423
-128.5297831649951
84.00151287395022
-72.94187292489747
29.173273581368154
111.90706253759606
-43.87059809199074
-62.5163524976051
137.4344924657097
168.66766766581588
105.1890752823544
-57.563026025627515
-171.0687736787789
-83.70423064140319
35.012068863901185
154.76389199606086
86.15758514950471
60.894440053664724
-41.22211276583221
52.74424321117256
195.64505922010224
-30.449422929519404
-100.17952523321298
-38.52175508043364
-13.321451111663658
-106.59593176267161
-144.34816622078486
-94.50388026677668
-101.66264745280147
42.5071440728841
111.81516546149878
12.943142809160245
-105.4711717191705
-11.944245957577676
18.326351472280418
-39.3035848614826
-127.51539355156696
-71.40747075730191
-81.91139674082429
-0.6576259442576927
121.12723579699843
121.5239243648292
15.300809686944959
53.337250236646675
47.03701364103972
9.010861680667913
-193.2375690530418
121.7487731203714
-118.4223682069139
24.173813489432
-100.84611346719399
50.49115682323879
82.67089316908218
-7.295081827058384
68.443742122755
-0.41240676569448975
-63.79182231084826
-37.62856348241963
-10.802404059623381
57.97873601882554
88.16188891868485
41.66065289880126
30.72612303004446
86.7881739178371
-45.370239414217025
-54.26619909244836
64.70206217555354
-92.46901274710993
128.4998694562336
146.92173312382346
-47.70838244062634
90.20609880012957
-23.991199779626857
-34.62184963802657
46.95752192815467
-9.010125219579999
84.95843916851943
59.094406686365936
2.835838061298757
65.34699676917208
128.99964985665716
-121.6043224736262
-33.54597102058186
-6.469100440803294
-93.21810124743193
82.11203321041032
32.71339740092983
-80.41904738724422
19.66412820276206
-37.17808715910146
164.69167962125624
-56.07009316263031
-73.98014261494775
-99.93812360543636
-33.00484532094917
47.495957453754684
134.8845761649892
-46.520749200069346
-21.887255404044883
35.09787204410515
-122.47020694385554
-39.8163775805872
-13.454140292979586
108.19909615914219
20.622373939535322
-52.02078568925568
3.9910208394787925
93.02257235176504
23.857132497389454
67.36852432403694
-19.45735263899564
29.950532730586957
-21.860220992081054
22.509268758328812
-54.46052403772696
-79.24965198347664
-41.035216880063984
-115.66287597790172
153.84285209662772
66.33611886159699
64.78680516297855
-55.63696736908024
0.15819452611624757
38.133825417561354
-92.77410677423886
133.3606254003261
-192.9753570267444
-35.97835872301971
-224.89616966608966
-15.730034179675908
57.045921581957074
-168.49096305171759
-87.32910995132717
37.73590991906856
11.712352234208979
-0.2276192030587012
49.41278998861486
-11.002447975204936
-90.62122341712376
-10.51972475677397
58.575688658641866
140.71067439345447
-85.72596421170235
-48.02256417409352
102.99002113242793
77.6320151841906
-29.12252767616701
-118.08867299066141
25.3645566219957
94.35453065231869
-96.02023446743765
3.889830957997963
-33.423131152508674
-299.39500447466673
16.911765487448427
-53.64336307774516
71.2814874198558
39.89972065529027
8.890978706821553
-22.662667281364726
-21.9735668433073
-178.3582632079812
-199.7259565267778
-118.23563381556309
-86.18806281778055
-22.580493167680384
-84.59547068508255
22.34051106251844
-81.47453435881663
169.5249820375425
144.65742643392952
131.43197406466413
17.797120950256136
11.074327754039235
107.18883031743165
38.939637182057716
90.61431040573378
69.95153397693215
-55.956461259991045
20.611029598836218
146.54358296085763
27.82688428106628
-70.74232049227635
-130.8849158390987
25.27680013080762
-93.68553339508354
0.25483959047478844
1.2601551976835634
63.766540436945384
138.0196486075674
-6.5847811745615035
67.91071096772635
36.20257563271643
67.2332424173093
79.49583853086185
91.18619043112523
129.43810063977992
66.85033480514164
-59.89793495191446
-92.26688899911719
45.75428367589893
-10.32935882480199
-111.00193727279506
-178.8623253654237
-107.13268391336435
-55.60937131253293
-18.04879432765409
57.41522402247266
13.241503769214834
-49.18132930077757
57.288938972342635
57.2842716114131
-68.55769238011906
202.0256330972837
-92.63769224294457
-61.6421792322175
-86.69456571955841
39.377127363344584
126.8135973993913
-29.07777269277584
154.59437835309046
-34.389674376547994
66.29392639058194
78.78711704716073
122.84218225130799
134.32779619316483
27.169717063584436
20.359724045672078
-94.08588327394773
-24.72341445073761
12.775439930929078
-78.58380067365725
-28.38432083458195
-65.69457423849332
-66.16186308627744
128.34645854931975
-109.40298238250264
73.09066191505704
142.07027757418226
-15.449325659017532
-39.86709392675669
79.63975487947965
51.85307817512144
-155.1636729044517
8.715837577301683
-40.572720792500036
63.33612849078466
157.67788602807974
-80.68565230538057
45.63649186706349
140.51813093908575
-61.1314055353018
44.586363331575775
1.2312856904216507
69.01732850659866
118.97273982712984
65.5723781098191
-116.259616055515
28.488119908731093
22.51936216673361
-64.70652981555521
104.75465872762132
142.93375307411915
-195.57395624922435
-44.63450233018759
49.48744348315015
45.4586716715289
-55.11384176315322
-100.56385898464652
-245.8148368423644
112.8737488049603
-63.46105697102119
17.066388793036676
-1.6291873079536037
-0.4356647798076998
144.22809258236504
31.348977273302385
6.909437755230471
64.23149240264651
-74.87558942411867
-13.303964517343564
98.36993528191545
104.58010027652021
-228.25023961754988
35.66729443428182
-108.74160812009809
-24.899767897833367
-55.3578467843821
-324.9192572878243
-92.71303537609147
-155.98110217796915
-100.09633274236442
25.758714201820414
113.12420547049172
-5.740473639845639
69.78755733035976
30.580236696427136
-44.32511535387099
-17.550315599806716
-42.581551802829836
-19.607778828072068
25.383567602462193
25.942650406605466
56.010958812652405
-1.2348450810724114
36.88798105439042
54.85112897117032
29.8449062152401
-2.392817316927615
34.47464388824052
-95.68842859412509
56.92453881591476
175.15725552589564
114.52146048206946
157.85581700065777
-42.76136639599926
39.498354499613775
-16.388397180653243
-35.3487114289658
-91.24215267080965
-134.64724580662585
-191.5124487218796
22.29487060390061
105.0500035412533
23.199609747949303
-13.231112947446821
-56.60851735991558
-94.31171564485088
67.8208586900008
23.86093420192599
-89.68988199270157
-3.7265234789374144
-5.308992782136555
-30.150495560739415
69.44179406249646
-108.36241136797048
41.5266084598164
-67.2067488526682
-4.161657829471298
13.781223090440598
140.02737302803774
133.41329701608865
-35.3622211766671
134.0535819287362
-79.1241926212353
-72.93551234150446
-10.715536663148695
31.88387466992138
-17.644422148081436
133.7537936041563
-34.998960286633015
-48.454998655973654
139.46301321574384
-24.66054749040443
43.71863837944168
-31.851141938474687
42.815432694700625
101.88244575238379
-128.65844372632642
-11.313601261745422
114.05733427697146
-105.6629287246046
-23.06699689903308
70.63370529016203
-243.48063895927555
-74.61791172825794
83.53300777559147
-29.94810067448797
-17.021429079669318
-20.198591123676653
-19.961848563677922
73.44041137081358
136.79934694796242
-76.39397755509549
-88.74980827286039
-51.80988867589572
-167.3321196097322
-40.12780291331363
28.575101750630996
-84.19502739247888
-109.60194334123692
-3.756658674635909
76.88283357753983
14.31290205484951
-110.04888266837119
-159.70228777200683
-229.56221635817758
-53.55673365365173
147.06011929546167
-59.83505034321467
41.5901757027874
-113.82056686220474
39.43793837724389
-36.4311255687515
-31.64268159439575
-81.36167454459392
38.711009735913876
-30.028058789518266
-73.90057012804114
-225.54600103499305
191.33424280779954
47.13537140701801
-66.18276772696103
27.367438746091505
142.73238641208474
33.608958154244405
-137.32286205857076
121.53075590839563
83.943809604667
71.17160499235193
-160.938440931044
-91.95754229103021
-111.3972140121644
-104.79045615164202
-41.062685241747886
60.49547285817968
-27.06799589802977
10.204759513209469
-124.6320846410912
1.8941158282162966
35.856590466002245
11.445736611616663
80.41568908394048
-313.70513942384184
136.66587778544854
-96.45580857773443
73.29555159585081
90.84719231673704
102.64051942770817
-12.21675681517747
-75.57526245446645
-18.19782466430187
-48.35052487446086
-66.98259330147907
126.31437728973881
13.242403502214016
43.74281556652214
16.259615262909236
-134.5184659161599
-14.875594910353806
60.87398251442578
73.02524624002083
192.58326869554688
-52.53021696352691
99.71465315821658
-75.43884666937564
-164.04718753501356
43.27825546625917
-12.698890407324836
-31.775042581999806
43.85537319721904
50.07809794586885
-69.74950788734334
-57.44456614248046
-6.672093971764848
-19.091172837893456
-81.85053314898975
-70.04595299923196
35.116587065556494
-12.987026426432228
47.63174118587736
9.679813644809782
142.638904575767
16.275447201913114
172.3991176011553
128.07314668984466
16.051969972876922
-83.78557659779561
105.58348686090372
92.01520276382037
-228.4947690584831
-33.876167626723145
65.54428683680298
66.7755521548287
78.69780587612249
160.37426551670015
33.893825349862354
-78.77494300317834
22.046511929135413
85.11985622734966
-28.244749828618584
122.32960313208018
35.050087638959866
-83.83048166358108
-134.0893890599932
73.01077008275483
23.04825672533804
-246.70457790649732
-14.768254145765358
-21.00829033149015
3.1745755911466182
46.73134823696276
-40.61208681467763
29.820423918096925
-58.94625553700321
-71.8134958465189
-98.1457874009612
-91.60795897208058
-79.19132073042687
-92.84697308896888
-5.976426797283375
-24.62551707331243
81.17825470666529
-95.69325085518999
36.75183213318614
-157.42687419847428
188.49048380605774
10.434646138657099
98.87454081563027
98.75607415239146
-50.657805497614575
62.543440631195764
-36.929484418759586
-56.35717524821375
-10.091321989107215
76.46848111768402
-105.17927121460632
27.92508165252981
-146.53060609757222
-139.64478578262865
-54.493418849950956
-111.61556305558005
47.406632099494026
-134.0527245772339
-1.4609700709012545
-35.0342899717012
-53.69632752963699
-168.0070651113
-122.3305992118404
35.829681803390194
206.37152846435387
80.55096015946306
-78.17282712542666
-134.63959812084676
-104.73650733074032
-55.30478231390211
65.45461625334642
-22.844233927668213
-35.88231923179547
-15.499387414703943
-47.02291958276796
136.2956646118079
-9.951181006915304
84.70575901780404
9.135559268837275
-21.50728879534597
47.464429548858305
-53.36687997788152
129.23423086108906
-154.94087441517934
-46.8332091856653
-23.58462034007066
-123.24354718265953
-93.43996863120165
-130.742059974883
-17.739102991536694
176.42445364316447
-43.49014335140787
-100.86121804561266
68.81232033032606
57.937963761649
-48.88967846200212
-67.13856961942444
71.5601052290185
-166.07718471051152
-8.756433871134666
-115.25936276681398
99.68796783111851
67.94357224168385
-95.70647310580648
-1.819331763174105
48.702096746861265
-13.058508096563338
3.9173994413619218
-8.264951713870548
-58.422716417113165
37.10953399184287
-27.357250058465933
123.2554185369826
28.234347317961586
-28.492350092845484
260.6404417212336
-34.02808167920798
-96.70929516268387
-0.19916355673192498
99.26139565664862
49.58163590657418
36.6919142810258
-57.05298014744209
-180.3662782177498
-76.0997230915266
60.32189371180727
47.6322409813802
65.80755420543491
-45.23629190620139
145.06367651130276
95.73154084775268
89.7300931847776
33.572969109434595
-104.16771545024065
-52.745698827524436
-60.190813711344056
-72.83789710190823
159.9714233582295
104.3150749072067
111.58401312644445
6.402640553385076
2.019090517260197
-210.50285082935056
2.0530758700888136
107.80729553109883
20.01420498349104
-36.428089089287525
-75.48677327930709
212.810093371985
92.8970262349238
91.70217417174898
-153.41398965119276
35.32829036726783
144.02999180482783
-113.67386020848899
-7.581436874182629
23.19748434329567
60.67416622347467
141.95279912784812
73.19568246024987
73.24115195491972
-7.730920300720909
-196.02191871080564
-140.22798364976202
-39.79401206634146
67.62046560330843
116.45919138151878
91.88665072266232
60.02838898091096
-39.837777299026435
-109.19086181016733
-117.71022521349346
-60.807110770306465
90.71742016038719
80.94528253667877
120.95496241483114
26.74813151701302
-42.35958322213774
-42.590411730941504
-42.25947829714723
-47.767545403099646
-211.14508454347285
-29.6701774534948
82.69359805678643
-212.86194231000943
82.73149883917918
-5.44722071686889
-30.473345808479333
-36.178035704163186
64.46557554541353
107.41005391962895
69.29482949718661
-6.2239886748017454
-13.074508338588027
93.38303077945805
181.37376964781106
47.28781735446502
-72.18138492136212
15.808516284123625
104.42587201756426
-146.34512259066156
137.1417277420282
67.85323347230988
28.78113054968414
66.1829056610452
123.06888221013772
-76.80779236805033
-208.32939105941352
-12.95846678991402
-13.633705657554067
29.708916372684286
