61.2579832863695
-132.50535191358787
230.6665798913005
66.23096271067683
-90.22684964930927
279.46975430810284
-272.6511865465484
-304.848170897721
-2.5032978914486215
-157.499368097662
194.96814111620998
-154.1230818594696
-19.67640684923144
-88.98871053225645
-13.149536666482021
122.23828572792857
78.96635528519671
-139.33754590193698
-56.22048304228236
-27.4716869409797
-153.88034056155763
58.32408107357912
-35.693736603257946
60.83918493036073
-61.00904186535023
138.7631673194169
119.47315525850941
17.473900911223062
176.62803827598242
-162.22944062105375
178.53776443463562
1.900168666470165
42.2342305855088
-91.36337122668633
226.56824050399513
18.14698119952472
-188.1670865145094
63.87232385819475
52.427728055672624
-149.86503290367827
-208.24937765974167
50.18809071629693
-149.33692745712068
127.07976559163016
44.61932685968541
95.05322367064905
-306.8411704629205
66.885135895202
-138.61597771152506
-95.54274710948316
-40.700903984627956
274.7092421674605
176.3113005622101
-27.495550642632253
-183.47197106411866
-118.62930101220905
-241.76947397083282
250.69163332470995
-125.41025729573929
62.535150642143286
199.48649763944863
-81.22796428489927
158.38784014306623
98.096448238035
-282.8694690011963
-92.2625315535078
-17.04864012921275
-190.59617838095704
-52.31629963480853
-127.30844368862253
55.53910228086453
53.08282361757581
-361.1783656185408
-2.1298907721071645
85.80605398390156
-197.92852878577523
-128.0801149796551
-254.823660927177
176.03939117259358
-383.2532200937923
86.55047701141095
38.66389649011941
-49.48577294730175
-13.125969240683768
-11.499373497469813
-22.95345964582586
108.11507931105001
100.30668362952055
-131.37079233624144
106.92674749037407
-31.351904118011554
-92.97167365659142
-112.47289109503713
-97.66498718823144
9.91835702029422
-102.13583544881907
274.5933993196556
-71.31268356876602
97.85310123859225
212.91542062094
-120.07822680134069
-170.66561659340792
156.7871922573119
27.189763951767727
38.26610037023667
-88.34104557403236
-109.39392953228214
108.67570992655551
1.0687424032148165
239.82661456101656
-126.4522417153151
-67.16880026799655
396.7818307123346
-379.17899058836565
48.20606875715496
-158.7547183603485
29.272881712943715
-107.115913350699
-120.84067196306289
-160.08482386375542
139.25267112543335
101.75197860313341
73.36764096605043
305.1601824888281
373.55024083790613
78.50154941801173
171.7755260501634
-71.3029962526349
-74.33829138481453
108.89313076080425
320.29298324757
222.61708281077824
196.66821911809782
61.22426461180902
74.36253746316554
-219.19637123291585
-79.32248769282747
256.48842842909363
54.51727522242416
11.167856425161737
-48.43325250520801
-205.69569328503326
71.53739895016413
-45.95034429812921
-155.83316684239952
287.3026659544637
-81.24219413561111
-170.91816065619648
-158.04450439623383
347.8886659074742
-69.48010845224714
-109.75344801157885
-145.74601699925995
173.98810214193253
17.240972522418563
-87.08778812014482
189.41726208516744
-171.58693538634265
62.444194711954154
-145.44035302508624
-186.79270982757785
-79.37559033555848
-72.3846912931978
79.43418942184714
50.66334952911106
-346.6641008193718
48.492127032619635
-287.2174678772857
-92.73581137388035
61.74948623271392
-95.71986913297233
42.65450326077547
32.34823560356262
-127.13831767327656
179.93903122798358
228.87282011353858
-215.07543931897385
142.09046704780846
-111.91766645035135
-79.6189070776205
-9.97152980832136
48.48547420108472
73.16550188304433
-9.942470294302508
-217.58487502146903
81.70107368815279
-56.157713341055825
-11.070309235490004
-160.44834168475145
-241.37392027385113
97.2903184605352
300.54132851696414
81.45375537788183
190.01789587517982
-136.9976167133828
327.472593604699
-36.526491659040644
-37.58995907823164
-111.4495138132645
380.0175585020327
-146.0023339657872
-124.02380296157392
91.54722942102396
-14.76721019388926
55.352243568207996
-91.53528838972801
252.67953344395283
-108.72491326832939
-18.36698127914894
401.6633066635656
61.246065910529275
307.2660552142676
-190.16304033457575
135.4044217836803
86.47292916445927
108.22511816360313
-156.11959764375132
128.0421001413662
-9.934056420492329
-21.070954579807722
94.92986439198881
-22.79469252031608
211.088688183908
-110.11201766751714
84.59354827649115
-261.4264053927531
448.22056367127135
125.72395383052336
143.68359992115535
-3.464296263572124
-154.2453623721746
-12.625789794302326
-64.61839943666368
116.08018137796876
-21.587758934493873
-39.56383330562026
-147.91784252816907
112.46646313620195
41.32556920583152
135.83038825821853
-49.04714857760129
-105.50737363228166
-315.4100208979684
-129.97461872830306
274.512623699081
-61.12966613034068
52.67991818433296
-9.673891508546482
-52.069253493021726
344.66135608835214
9.686004432304975
-54.00116605674177
99.82208395378251
225.46329597508716
1.4197415200181036
344.52267612935066
132.73739693644356
350.19103401451434
376.46922736223166
61.618766157074816
126.02512402684606
56.96671024950913
186.34444553373348
149.77907854555173
-146.6444476673904
160.95138684171528
36.33286323003802
-51.10598554777921
-130.7420849940422
383.68772707822507
75.80845236380885
-282.88992066096085
8.586953280524252
-209.28095279953666
-272.51389558208285
215.4258600521174
-345.0599536445928
63.06613241752602
227.6971238889854
-33.102352538662934
-126.77357699681966
55.669886562462
-253.73767172302362
-222.16080623807167
-63.67759939339755
-27.392579499055508
-71.65808974839436
169.0264538189251
-30.339486322171766
-101.79790822930062
-52.26816092041669
-45.24122569321203
139.28302725003527
-180.91870241297835
-295.1556127198167
-47.86331080410683
35.80302630520747
-411.15465806089645
-8.003003867585289
-146.86274125741915
-14.790939581445635
35.76823296984533
85.97307252701333
-64.01919024269773
-54.576146236688096
117.62782196694857
-70.24475434513641
163.63455406802228
5.5665394488691575
11.822666842745411
327.0578677881191
-20.863692935446224
-174.41157008312032
-49.36515990622871
-332.7425348007527
86.47757599184655
131.33394171820183
-8.251528288038866
99.15916405958224
50.2489725157091
-29.16344611664838
20.288861884334295
-2.394237621814291
-88.9812039307694
195.66633777219877
25.519960592414982
77.97690212416346
141.3978629574147
-44.25502803479378
-63.63831247391682
30.986597779856638
327.1857947418954
51.86749042518768
357.85521229409636
-3.7399466498295304
-113.30445240429772
119.17740983423195
-113.95587931328404
251.59605809153507
100.97055606384416
199.88211773897999
268.1598429962073
154.19585344452983
-147.4449394873613
304.08394613516475
5.247999002683824
-27.076808004109065
-122.23878216652069
103.63986831635748
89.21005810427768
-88.57566148091041
44.1180967844585
156.60227463374355
-258.2815203105132
-108.58387143027493
43.07539640440884
47.74518392314995
-147.82291111448234
122.70405309029175
17.574693041871132
78.89963537657762
-372.35631301628473
-102.75883137418906
38.79795787236774
-95.49185744324791
124.9738918458727
296.7181755083446
-89.75783703564058
181.0729062115202
12.168626520676417
134.74199842941675
-74.01423785929313
64.8543550665281
-243.93663159584725
165.53181570724834
67.75541075287714
-88.7439366458099
330.29657607784014
54.50745117748991
18.331571086037044
-30.90365402688014
114.61499623388096
259.10668986535734
390.50113130147435
306.90104676810114
178.72197336364607
173.47322038688083
42.59792785269669
99.30277834490616
-56.28836491219049
-190.0115068658429
59.507751420769004
-58.97950805538783
-47.997444665039815
-73.01485597029598
241.7083561896377
-53.10112135762315
58.77028308198584
372.40469122677985
95.34903294067239
-201.79933394708985
-246.337891664665
18.0675894071786
118.47027063049194
-89.0162497177433
24.00282812389534
49.79551192828787
98.3809233184049
-104.84472259937723
-32.685021272770435
216.93407526803145
-207.17384110660691
57.57923053814023
215.74436174056206
-17.864717676507645
240.00686623354576
43.05719781048386
90.41743385663052
-53.14400172585581
182.95106973752095
-137.80362662484134
-108.42543437922315
-10.13605354644837
-213.86626331937862
-87.40905665211565
-81.03093113510114
221.53429427514897
154.51028111137276
78.31412807709974
328.3818051444161
77.02472857177818
285.60777337158356
-155.4158073517087
101.79671397478349
-180.37429585488806
174.46747285271982
12.853035931717729
346.2886932468018
-173.9713671113085
-73.9052915975907
-26.237145170197294
-59.022941466385895
-15.47571150356272
116.11172052776267
160.26096790550426
88.5522729842325
-288.8143589545276
129.49014359235025
181.79493392962368
-153.37057731814855
-60.72844370439792
195.127004566926
-262.33592087138226
-69.44209613176669
-314.5598758351911
101.91787868092001
-31.439106881747886
24.16080904678616
-33.929703609547936
-25.282595243490288
177.65971033361404
-40.05940853991802
108.71521651566223
-83.68421393119642
-94.21197508040466
-170.47331075934272
-292.28709919850104
52.72359029346691
9.61464788068989
54.67629063439552
-224.73849430185734
315.0886100017366
234.25808668669106
-376.3098645126402
258.9345699328591
91.98136279598653
-88.9621902803446
-141.04644622905005
29.21994134258006
-351.56737899514
113.09956480685393
-215.2661777724549
77.82275731589122
54.67132967848447
179.88326553831237
136.2754499485487
6.599157189147196
-83.4686517661081
174.09420215564003
194.11288483552815
114.77321310990365
70.52057421229195
-81.67867889844123
200.80110517161182
-472.712946453561
22.05204031846177
-4.617453066125237
-354.8865238694203
352.6965603774523
-72.95554748446972
37.86026114120086
54.58936815145503
-188.7231256041462
142.45262791678235
-123.10233773641784
89.66131093765401
153.31833444499028
-335.6011682552864
-16.946153363713357
-410.54381547881053
98.55805984430266
131.50489682322163
188.75664385367708
168.44415035037062
102.51369909571493
-110.20746987295028
-141.2125613562991
-102.91506190936155
254.22912366402025
-24.53954737631802
-62.20977830496195
132.0167432248882
-124.82838298979547
22.111367803087305
422.91514656955115
-235.58642546710212
-487.1176097600651
6.343403042531549
-257.71464304281324
264.54728863090634
84.25572215363488
353.2762448130682
311.0608015208111
265.34685253172887
-65.79900587936986
68.66169697254334
-203.14649645996707
-167.2405165147501
89.89282775628652
-206.706347498144
151.95352823376703
60.38792676766768
162.21232620658222
-8.669322660166682
-97.00370126502439
315.98735499704196
5.1079979336665255
-183.20642890571392
147.8705754619573
-7.876245902330964
43.471376287087615
-188.79562403920005
119.05703214084136
-108.44523777326354
322.71333853745335
6.980837990322197
-193.70608826469498
-79.92130035766067
89.31574956564674
62.70719543788827
-219.88920881636272
-86.4431782232962
347.2624856238637
51.6892902954827
79.03221550139878
-102.50875981204541
-51.22464511868644
114.09877135970379
-17.774493674842354
63.517411609004
93.32903339320156
-72.8258576585871
1.5607941653636326
-359.43381978851124
-235.0576429237013
15.315450335571185
116.45340199371992
3.574595416637503
-89.17072545774752
47.75892423544166
-173.53655854220045
447.6578461783436
201.60558719189174
2.3327861813646145
78.13642269159449
103.46070271147035
223.4383053798171
-2.8778087076833483
-251.48476767664752
208.6154186374073
-19.76702703313448
33.50894949348161
215.3590878542454
-26.125422647372307
-114.43534559710277
4.3894189386130265
-274.70920081995905
88.29350318297462
2.0432717339524893
167.5108357579705
-200.88097749206182
244.47264789785322
-10.398335199517211
158.32923934437287
-244.64280347336532
-120.06587956178961
-257.04374091718387
61.26431507146987
-45.63052314056517
60.813460043751704
-166.03935403133602
-239.46405566109692
17.094606506006667
128.11631712095087
187.75180209001093
26.784236018384295
-219.23757515620505
351.34145718454954
53.970174600444786
203.54187179885344
-321.93087319413365
28.464789450151372
40.716155612888684
-75.14194869197685
100.60059432426367
267.09588329337106
60.25627021010363
-198.4164362475452
351.8683596826571
-143.22638273468283
-275.5142215261553
-251.36341247707344
19.97878059686541
-168.16930324567517
-47.55032125657914
235.10108606483038
-56.66054434215187
189.00311147596165
-38.49794025872954
440.8395437490223
-100.5449198071442
203.05322248486326
-80.07377402028817
-0.19126724005988138
-73.22408558907007
-174.70812594277774
-438.0546869801302
319.38842349276416
81.05943618271652
-88.43292704290373
-168.99680600058298
-75.59937087121052
78.66127197446885
66.99717376110645
247.11012761937718
-124.63063270040871
-65.8169607021217
85.4016695589951
140.90057559592816
-226.4857154944373
-69.40879115575589
125.47949525232613
125.60468952429989
-150.6447062901299
-203.15720433095663
393.4223282839903
146.12117047724487
-178.26232034515098
51.60217760148489
221.54562622751857
125.62158134558297
-373.5645637135286
-0.2890622687729484
-17.935093357317513
61.36446577713423
111.54123319525169
229.52882577834916
-141.05115768889442
107.38870910282418
-168.20151197954928
-59.94228342382329
22.78305908112889
-59.51249733409962
-108.05687508040984
-293.7539114423024
90.26237186576205
197.21843475055178
209.31991285369213
69.12907092380314
275.37049857993344
-95.00093762181105
100.13632488213524
-100.72004453066857
-144.72096596211156
59.846706836634276
-32.87651937029324
56.78821713255937
36.66741174835768
-0.7003654516501835
88.04113317447188
5.493409901171726
-223.5148069824228
75.27882651801698
-120.49649376288254
90.48029742612506
8.227942261697104
13.323118355146706
332.5342977328277
-147.8468619830966
124.16753965496463
12.438795961317217
129.68016813326932
73.23471409252005
-104.32492712735996
-253.9781148000309
-97.5134499727079
-169.68617175533208
-51.87130458643366
35.94231744728956
263.25145739866053
-109.66149567996928
84.10333326146737
41.76453554596959
328.38614055300553
-1.0695278741231358
-100.92176544354379
17.07841733735703
-54.87887900885707
210.52083898121757
-129.0621429852414
241.207880310946
-13.855776090414142
319.82362600626794
70.89434161149315
36.94042416120795
265.30357106615537
56.34661942047524
-11.405574004899808
-17.16074431327403
2.825873824071918
94.02628155410966
-82.64909441138397
-59.2763112856655
133.31320280921207
-242.5230469239191
-104.16475367078885
109.66438902420506
91.86649237829413
-254.290973654687
-67.4540859946398
116.40486016315104
49.78208268586235
56.075148756134936
-153.46964545177855
-95.65266931650024
149.24430051358632
-0.6300788269472601
-63.98480034516149
234.71285419127273
34.528432906382896
-192.76171748415345
-118.25332328112
26.313179390766653
-106.21373111398465
-118.38685378730612
138.61989488356568
-25.794748458989268
-102.4090645980967
505.8635786502197
-123.80812060076488
-63.74427431216846
54.86744825513343
-152.26432858000513
306.34388993564636
-454.34400992842336
-190.42571688305662
-367.47967405203764
-245.35322948354684
220.30419494709744
-33.59595374892287
-223.38322566444907
-14.676080519616534
463.1307473121416
219.21356370105315
192.76872654247677
-104.04413307184763
-9.154994552652932
42.44541656180969
-119.87122595072891
202.4481332108681
-429.2817227663478
-154.93065221815863
184.20182332402658
-4.061668916031808
-281.1949627573904
-43.93326050688813
-247.6249355411162
-52.64090821290902
-117.64367774738801
116.93722531243155
123.06413316078053
10.518888661719915
17.332687031535514
-126.87727271356852
-133.6097193444788
-145.35715997369064
31.201804584181296
-331.32223193137565
-183.35615339373865
400.691264983164
-192.60558202328116
-138.14843575841738
225.10650007990915
-29.58172656845432
89.37193578999972
-74.0398456135664
-228.05047359441716
-44.24576761600207
80.23838375510991
114.86253842200912
-27.063418324000445
-74.85009048515361
-152.6194109981583
237.60808925991194
-4.036925706625928
411.9364055648631
-123.51233919661404
120.73298663103566
107.6458503387612
109.79881243289745
-49.49600374585103
-91.30500758005668
-28.115113923383742
-69.03335738950254
-49.942380290537784
-80.74946938119618
67.64216770991591
147.8533663498533
-2.6053920602790757
160.30448108745955
49.59688159784084
70.81521016483134
-331.5817554599162
120.04462181673725
372.22990187620303
-192.6092753299264
312.71502767139316
-20.96115707561905
34.43616423134421
55.226866795825735
-55.44839511686581
77.26051534707992
-4.500890908589843
199.4675601495309
198.7486836322054
73.21713163129498
-134.30346576554277
-71.92251387188797
14.062807236013567
87.5268750903725
-94.12077298942431
37.96057795459505
-5.764990421840138
-161.77529049174052
58.98606764448149
-268.0093336101063
-4.0632714260273035
147.02250231238935
28.177894541266006
198.8989081511834
74.26852127539803
100.72355364302334
-137.84838774788602
-60.792174128753736
32.10334441278622
259.4667031369164
-71.78339533039829
421.51952768652615
-166.96051139602915
246.24682601581526
5.839508489735352
-46.82966175913608
152.46220382354903
242.9277173370382
158.04454332952784
-184.73483672681274
-112.54142707432274
-298.9346538948377
-103.70740080914196
-246.01481124939804
399.76398512038014
46.096055704962
-107.46012963442385
102.89975423096888
24.584898006685272
374.139125571833
-48.3662605428897
145.60653257829412
206.38931733476247
-61.27240819708989
85.08160313621002
-52.74925312419331
-90.01274626920893
-154.65248051674644
89.4457006575008
229.56910618745056
229.6698339135066
241.94275547417448
139.20956052038724
-327.00773641916425
-142.6524186060255
-177.72676456556306
-120.52140409629872
305.61865234518046
102.56669617915418
-25.663268873931834
-26.247106873895554
-357.2701859447506
256.62306567156566
76.61141599474816
-256.0363228273883
-79.19103241843293
-44.73082530053517
79.44683025494365
-166.63554066156186
-318.2901308743029
484.5279157213741
138.51480846525544
-249.8368575650868
28.84410596033616
-65.56426421659798
4.191331390542587
-1.4396792451599596
-3.646990687332188
26.72396672096707
-159.89278945972748
169.48311223212798
58.901901951700225
351.9454349714402
-240.44059001082906
17.77873336361385
-63.66188293195744
-26.11452324843511
-115.73816831080657
80.26307218713227
-184.97250560420912
-244.8617465167669
-107.35216070837836
-117.30011971171199
83.82480708238695
267.4511863953459
-298.7239721418454
266.005529990419
-190.1937808367102
65.35097884238917
-363.66216350376595
61.88023613441261
-110.2138623591961
34.23666826414187
348.46231503084465
-63.07304703335111
175.5179700345891
169.20107512006933
-164.59485557048237
-145.7206597897812
-167.4856873606408
-35.14211081170885
-183.80880755414836
-167.59818366164856
-89.59608563677547
79.88005668062176
34.553205677194974
301.1180769501851
36.81329095224572
163.72852180681355
-288.6832021055654
-96.71632973979834
179.0692002829345
57.691761265461125
-27.74073629988401
300.57451277454885
-153.56652061639934
-30.382404789237505
39.75778871423837
159.67530071698155
78.03006348246184
-95.22677733945129
284.84975778038205
-94.27690535461886
275.12616617233687
103.20278108845797
-170.69835728955144
-38.50546529398937
-32.77434570390733
271.18681385787926
123.68164455826586
44.25216149158166
-127.30839992164158
66.3705981637872
-290.15538797405327
