161.96277627664475
86.10246346475319
30.67175852043548
118.94360161325496
-295.3152315134985
-94.68129584976487
-30.14886740621659
200.16651846695734
-8.795826131268756
-1.1938896572532625
-48.05794493081582
-86.96003890558833
147.07795358437423
-411.211855229617
-140.77954428969565
-169.98535436537333
-32.09948017234395
-88.14001508506368
-202.7376595709971
-308.3825395936522
-95.8170330441784
232.525313583321
-115.04523970909555
-96.48213310467355
49.490561940314365
33.528676866810486
96.43471984561278
51.551121680645394
139.49853113867545
264.2231717776823
129.6095589732875
234.7426313552115
-120.93487719304983
-28.57549750650592
4.109919275929599
-66.59244069618606
-98.40478922244691
285.3566323732871
-88.53458572928469
49.38973868391493
67.86108421069137
-86.45825212351954
-37.556386099974006
-139.35859676275297
-58.19607769100786
-32.18286246493635
-108.71653327273236
-166.79858587122644
-153.50199282916273
59.11280541475281
-343.41965210214147
-60.9749805230076
-141.0063794647399
-153.5958988551068
-271.7738833111276
-40.72239401064688
-154.03303623136546
-90.40545723699955
-166.05657435631832
76.9524064264544
41.261374805643406
63.82996680684433
25.884924444133333
-107.58303060105301
-80.61047530916846
-278.5285710057383
35.12971894905427
-192.81968729794738
-161.8811938384081
24.466138483912616
94.64429384349904
-132.4773466049374
-75.83720826032123
81.17814393210095
60.53924188148248
-136.3734432675858
94.94179164651632
81.0143508231882
41.19951892444413
108.45797969449028
121.66180967222941
243.86220264643708
112.75907734786195
-39.8435092969183
73.5768975391643
92.0971558226978
-102.23482730993037
-53.35661612618603
-105.25415995928432
295.6964966665455
174.96599658604717
-65.71754418190801
-37.12906673035195
-276.1524648769193
24.294177080886836
-61.00571408215479
-115.26596328588346
35.941687899956335
-89.19057171627868
-221.73264026286188
140.30219726973667
-47.952792843472785
-141.47647291997384
91.41990647574234
162.01326713190514
345.52948132556975
72.13205425495896
251.4943564709398
142.65365083178287
93.6890309609465
-82.40897523328793
-333.9440439362903
-93.63672965903942
30.427475715753904
-7.360340029490251
-36.192423678392394
-131.95538996646735
-92.77034357683277
307.66522826081933
-206.5048478088566
45.62520463787305
-142.79620193516567
324.78244379742404
185.59244274311052
-94.34107685027021
-165.65090468629637
24.990720327279785
188.13969497634005
-231.64747504890667
-81.74531796738833
175.834879046112
-33.18849964896149
112.71097914619348
-181.02152301043137
24.81897425016342
-81.97338782547868
-105.71476995859607
-282.7038935672553
-11.51318053571574
-24.536577653092944
15.389076695641936
-227.02021556687532
-75.08684164751591
26.60215433541967
21.45297100861934
16.613747678488753
-215.14179834048042
-290.21202451772496
-102.36144202348609
-278.2332794746903
-67.86195869672352
158.11266052242334
116.57341368013412
-89.35073884956232
105.43817659313963
88.5876442435268
193.04232146496014
-11.591027003928838
39.10672495767355
49.62816527860375
207.2442340999753
-125.26452424856994
225.3857885754753
-153.89254545946972
127.5535407824187
-225.13409464252186
-43.69464179961851
-5.7580938417059135
-38.51501100025938
40.77138049967265
28.34083238180102
-69.67466466878467
-74.70046582991624
269.69541190582714
-127.52294126601129
18.494413374379057
48.730924268429824
-59.68114645051034
-309.6287620117953
-326.38431642468555
195.94852915508034
-420.34159258025755
59.28641915404451
53.06855995325976
132.63736359178765
13.578148179792507
111.66949582016419
-64.78995445222036
86.8966598968078
-31.439227560225877
514.3182820628368
-70.38437987370718
-33.909055523046234
106.61926239213992
258.4208045638143
-11.881771099852287
11.16126007298954
79.86796203792788
-304.4762463632268
220.05758671536543
-16.907159858136154
346.56967461812195
-13.971154501062143
-2.043117103932514
30.20242488987408
205.37012444476892
-223.62252633161992
-105.94226091422091
83.7509119354548
156.46154327233324
-90.61035332772568
267.43033475576755
473.147456612654
261.1100771333743
9.697338558047601
309.6820157889819
144.06526549553058
44.90550154458221
0.22064983279807904
-157.90528187124187
62.89582176592981
139.70658754888098
46.83909200821049
-80.13446153535322
282.3967273140336
-79.37811243185487
39.371399503412384
-87.50606926957309
-92.62164663461202
-6.396153888408643
-90.03757912049885
-83.28657512147234
223.8356114874886
-83.43904693038586
-140.5276017950097
2.6358212577882636
41.24660812825938
16.440689618656535
-124.20963824008834
-285.88103765078193
-35.04440891316719
-22.724356813279154
-74.9722417778498
-105.71539014253311
-11.446584641271063
195.71834913112525
-26.545212806267358
85.12604788040598
-301.19050652745943
-194.6201212164596
-276.0064761803947
225.34576173590952
-227.5395828012202
86.64753971006499
32.740357460784324
185.43186066635988
196.62961180012502
240.35594357205122
223.53710257813805
-80.72158196212278
50.39186847902694
-127.6423488484496
169.7149359509712
-0.10544940788084556
-125.27227595913608
-178.42929178548778
-259.95035037277694
-85.28067687484263
-296.4040988195232
65.52671569963657
298.761139923088
-192.3808869540451
152.78538165355639
-61.473930434673775
-296.29826134793666
139.4364767542615
109.91973588909352
93.52091022014812
25.256249402156133
-125.79520495227753
222.39021106911864
-99.37841088710158
38.85632641585696
202.6508456761308
-135.44412439542603
114.61842224722251
83.43951658896114
119.83567779966616
256.8183305399768
82.02867296364505
-100.18486665995196
219.65011645655696
-6.634282509225426
115.11572275483466
-230.4677923072097
73.23723752604582
-339.380340864698
238.42198472607103
143.72657067882105
-334.8848897237662
149.523148793911
30.475888231010586
-328.5103283514482
-113.18931586561558
241.41529037968985
-85.42631558014871
-22.8508347044622
-55.648185887448875
82.17670316950111
-107.0492294291297
58.85057376874943
-354.6052440186646
103.61532838100442
14.391367983624155
-41.17569301972524
-212.64850951970035
-143.59285028659744
13.84763764283778
120.49046729888629
-67.61689085783814
18.55105823892543
-472.8620592129318
-114.23333487802374
97.07092924722444
311.14818643255506
234.4375543829724
78.00476252602857
-81.1344487621853
-306.1505631905051
-132.49441665255944
-11.2504797805925
-130.6490645533228
15.068037702291784
223.65914924048047
-58.254588416399
91.77988484131745
-3.429530116826819
424.95081099551044
-177.84986352122928
112.62410570432003
-38.5772448716584
229.40665208980585
52.09592540362843
-10.48167908119197
-205.94722946604494
138.02261657619687
-174.05914493096915
33.71719857481086
33.91954994413788
-116.78839531234021
-59.36483128889619
305.64544123413725
205.2027319379071
-32.02355400952726
399.89866096210505
-165.63778483532155
-266.7643488982062
315.41066111894025
168.26678534555015
-137.91301150998257
-199.79820395906626
-228.23439928317504
135.63702199660855
-133.43463398880255
-56.28369987492558
93.3281860315551
214.58754609061398
-196.204040462866
170.59470557985196
217.26809771190358
21.14468579976346
-48.50407854695425
139.19866885452245
137.31388323058724
88.31707852028939
46.841031009651715
-154.976171155892
-10.877918222070212
115.3441427857723
172.49756131179387
-96.79397150500355
-178.99631023773773
-102.26917806917433
311.5430887217651
387.38699424882066
106.85689807997545
-151.9722673720377
-189.2908856849919
-82.14889869847573
81.00620437409412
147.78906539518098
32.7186019514958
-61.743465576469845
121.62233149051097
214.59652685644787
-18.924620536923662
-155.57192928816227
358.13874644660183
-71.07980307393007
-141.17685437968385
46.220455239874134
39.291084212107386
33.91513644915022
78.43423346317985
114.73290123047694
12.401879997352896
22.855296413174987
42.82912424566393
346.27346588241966
17.539286903827147
42.141715593970574
211.81668337355114
222.95503158510604
-71.82536525534435
288.8892169378147
-38.08017766100675
114.74291295130217
51.25824684479084
156.30558458178652
-177.38026326640434
-121.72713665816123
90.20858362565248
105.65428512930339
-84.19996488621163
260.80080374481156
-9.999421362017246
211.7528145868527
-122.65844244170533
60.17134837908808
-72.8473711802471
-100.7583050424428
-236.41402705740714
-163.82002862871641
-139.10419565065388
-89.16078063817996
236.32374276984012
155.59024525004946
-170.79683443039406
128.12633456291647
122.48519905525426
279.21853291392904
10.169775145326641
-122.27135061425693
-330.76675094295274
96.80870461278477
-155.38400733123459
-95.93287481374898
10.528444762341904
-71.63398807224686
29.86246971855285
60.944544065512254
-76.85295890051232
-133.11250053471764
-179.3733301536914
83.76025755907682
-57.85876121751567
206.71812142592435
196.03482600181394
217.0658028385413
-125.01113270472418
65.23173551148479
-105.31123909939612
-136.39360019354095
-125.02926906820619
-230.85867755694136
-53.137815556971574
-105.19092884076565
-95.43030047834917
-116.19586922570653
103.83399145209425
-63.85781609969467
263.0563583561113
115.18797137552457
-100.18202565359597
-129.26289703988968
-71.96519013070953
68.12687862439749
60.960962709943004
-71.80061260078833
-1.3702158308014738
-203.47603715573396
-13.649102174819859
-552.1913725278803
27.24330752877693
-66.6980184569755
53.67723492193802
37.347706466473966
70.05069060430455
95.0737703529052
224.37702204008934
27.175575789805087
382.2013130852884
137.29368858939182
-36.31801639916414
70.41917880657866
273.3306051527624
-234.45702218623984
-96.67528337650798
-41.53079917244794
-244.14134990367083
20.373918936101703
-12.543803657857994
62.49391251366565
-39.30141823112942
11.533403074829625
-165.53457563056986
-180.42540604789673
130.89386768259274
-220.01620537262926
-121.47694058989123
-87.01292875807768
282.0573607449722
-45.32329655090799
-51.64940685891153
141.50472981783497
204.9016478774295
-64.27550446496643
-203.56292227919104
-104.60458026852521
-92.5471150207231
-86.87245220624993
27.883582686256116
-23.796550178997308
-26.939266225319717
19.653684241295505
38.71599335206452
-39.08125722996157
181.36578379080592
418.2896846823572
24.75394645881243
118.71119934073752
43.499391111689
-25.57830984860936
274.6299724766272
-127.54021336870186
-21.81822908699173
139.4517385548391
485.6151914848813
242.1565905922074
126.79922535320316
-9.157382898171974
-13.709009166336791
241.69216490391955
-32.7042813277309
-27.605929409479497
-205.38748281997343
33.052075198292684
-118.53502391227023
264.887441322576
107.99351138065066
-146.79084585321453
4.627235920290911
145.02687527015974
90.87581792150101
81.95632044457363
-36.815856222729536
-205.4149225401194
-276.2541067822682
-164.09558816544947
-75.30833837449534
-155.5761823541925
-154.25584594942762
-189.9943632686866
81.97165251998817
-105.35876243044602
214.89153855316383
103.61233972978835
-27.421935351207846
-14.389724950450699
42.251328513306824
234.25235503672445
214.73514908827747
276.8184601346265
102.05057627397252
164.593811353297
-28.083747501114043
-27.41589637322365
58.484521994602886
88.41523714171653
117.59123628483265
230.96567955713334
187.1753637246124
198.4873234009038
-72.89167180232727
9.894180917203247
-15.75743077649585
-19.741700598345375
-262.026799535601
140.3147614488359
-72.85915574286194
122.41285887250382
-202.55262259577592
173.0773963475734
209.5026116948897
-16.07160411304863
-56.21870591282083
129.8125011364604
289.42631932001683
-53.0719841834607
-102.2751313628191
162.72057648076543
43.064441828024776
-256.7197476371053
-17.62412099290775
245.76390108873719
-48.45788133734185
12.703009411718877
-238.89032997586736
2.5617919740138735
108.81075745703095
-134.43065330803032
10.967025142614789
7.114339770864884
-308.3214555209626
5.391569659102538
219.07628284263905
382.3540649811946
154.04580744648337
228.00642639314125
7.990090611965911
39.080797082838636
-20.155005127382033
54.48363802281981
-52.93657039694833
-27.130869589531535
-160.2679696044784
168.1684233540147
-89.02677764468851
6.466806889446783
20.49479864725084
26.0773574070953
-186.76148619683767
271.9251587455337
222.77780420551167
18.963156936409934
62.972680749057496
-252.37187609907176
-58.23731857633046
325.50795260788334
234.96391149546037
178.89836285179499
184.5618005987108
-466.1502896267972
275.0458390889689
-171.35755387565803
-315.4813743352799
212.43339924054615
-320.76256242185076
265.4119487529758
328.362644977962
29.41658055524724
-108.56427468476748
131.2277779215019
-127.2136490421916
-7.750310741321055
295.49943653057176
50.97015838264363
99.33939875976641
24.638125147757496
10.2869385605893
94.1152403010231
59.34217666332676
220.83767297724992
44.0697374124256
-198.36475172735499
51.09888917267595
15.430850017323722
-0.05566285926160752
-50.84928966197823
-1.1262584650695922
-262.1178938849949
332.102587750043
-156.62759347842132
31.596542441677745
66.18123222833994
74.32657541885382
86.56662403157887
-236.08017686655995
-109.54952186436273
-3.1193644139179346
-4.853709829975617
194.5466953897687
-49.878956330042165
81.27094238498401
-49.41983227427788
139.0234297603892
-29.093190604412612
-19.124716975164844
-25.046480568019533
-67.69744954109014
220.14330017591996
-12.964956711419665
4.781648707156744
79.3143531664194
10.046061681007105
178.10546205583836
3.6878515913294527
92.1839292160665
-77.88109170040315
166.32162061830172
330.6695651739919
147.66568869630143
86.45067770837599
391.14906915970977
213.46002294893194
-24.482460891011524
-60.51536740225906
-53.90357519820928
27.459652977313812
161.4250735745841
161.1352994523783
188.45052552246042
12.60190352103293
-64.04593636954382
-199.29805073196155
-164.6508921063543
62.46348055098315
62.70097502798887
-11.875874125672597
44.33116794562941
-344.8934331594104
86.21795446320472
225.63400836281951
-76.2615639440365
202.65762670396464
-212.1123757258735
-224.0294764627773
-116.70234024790686
40.84238964488042
-3.0053027274194997
-219.0698992821092
-119.54702730543411
-281.67515029960316
296.4563964348791
-156.83320447314296
-50.3264369261078
32.53399635360506
61.09460192291121
27.815463020285804
-3.5108334607836738
23.338850503221867
-197.2395621780074
-134.49271488186076
126.71916277995624
39.256015404910016
159.2804744143454
-56.111989744677366
-231.47057002992145
-16.309475856522894
-41.851875925820394
84.19141357142794
96.52238163529162
-66.98306423068676
-160.51864691341595
52.05126084379638
39.56425922722547
289.9758411696688
19.932688197988064
198.14904771285342
16.686138011955556
-28.38598459513488
-27.84729017287193
-439.5560395082117
-70.29600483108662
-194.41289165403012
-260.5778264506011
228.46870114551984
65.76540453994218
-129.54684465074507
170.04952020649844
-113.54057066417771
88.80112494101259
-309.1944396495775
-109.30555304590878
228.6940100814962
-165.51829574247952
-160.52597900625955
-6.794858036635764
-150.68925563220682
199.99802823525917
20.729973808399187
254.29758312931835
-381.7603597981501
-111.36570001016202
272.1159331549574
-432.3404025888877
380.58993280347437
79.57168463201644
-257.43023455018806
141.26195688982898
-56.04855559511624
-68.34717359940421
-336.5633396247871
84.28924332951941
-72.30340849386432
6.532357933711896
-5.915858638650932
-59.25505033609639
-20.322067282392243
-70.93522149290997
-209.16522409061614
119.90996927484427
-151.02042233510676
111.87795785522768
121.82356498841945
78.35827767848109
146.25367170300137
184.03202016307387
151.61374168619446
68.35479068870305
31.497208967680724
107.90646337820132
-130.43239098465205
86.05368487588964
-51.132935222560455
-177.78305122111828
-90.37821875792591
-166.55345055216526
-197.29236505350272
-36.29269410994117
211.00328980416083
-182.49088179714911
-196.9513632229013
-160.6608164196161
71.52047608927938
366.27755755230817
-104.46811930292934
185.5666321312415
-76.29094884841987
107.23527936706081
144.7212504776529
196.26086286594898
-336.71957511844425
-23.888005748850105
69.0148861121168
-1.9350907354011153
24.974219738628978
87.22162620089328
-125.6160348320146
70.48498361674794
182.55779050869256
75.60328077985533
179.27926367717558
-140.09957821686115
-104.44073293827395
-172.6738968290301
42.75038892916059
-26.284232903358156
163.52728769885974
-149.8734705863622
-80.51438001740505
40.85652171075214
-78.20439138162135
99.86215940197222
-183.23149409086756
110.61269884068498
-151.42905665725388
-0.6920378287254862
104.79718516369613
-211.05181710959204
-197.64276965226583
-443.1329896157594
-117.43816804586797
127.49585854335116
-110.81883090743541
62.548193728256756
-148.65562839629783
-316.3889163983663
-197.80287364787378
-203.87657536385288
-205.30990874184533
-179.435003960093
-66.88383215011177
-97.32585314156547
-182.68983929559045
37.95473980458406
-218.2469292809184
96.25645472180665
-122.92855421438506
-42.25341478043447
154.36359898173234
-0.6720331422811507
-0.7697699458231706
-12.995888507115959
119.4344705164865
-50.252664687842255
46.09279508925786
22.57688337241428
-141.88053330246927
10.684216414787485
22.08617003685984
-258.50156214257134
-116.18232922206545
-57.9004941562203
66.11653330281719
-2.2879126243840755
142.69625352021845
47.10114229443327
-107.45654544582936
11.011289913782765
-202.1571887846205
-307.2997079431303
-276.2712443335295
-25.855132516739754
-404.24941710998223
-184.63927907548668
-50.13640103710541
96.74496072725258
266.4684504823278
-360.4735874445698
438.4834427639549
87.18734755062374
10.514016987702444
-144.46311893590715
-34.053167698886035
149.02993320479982
-115.4657489832066
-335.11385546747584
-160.2351531407149
-399.93858525089854
-347.6893989772574
-21.13059577327725
-253.596211498096
138.2590602992807
67.89089693515277
38.6574292191099
84.11013284003224
-285.1365854381627
-33.89432563794166
154.96566193217873
197.35347571170516
152.56954884118267
-136.9847675618128
-55.45092385088442
-37.04064838991877
-257.8323427073628
83.10637513820122
-116.66619515001551
-22.960079700885117
45.558346128738904
-214.32557789321896
-32.59483000392339
-6.434975469256971
22.549243819631283
-353.55670150983264
-129.25431377244323
82.9929661859161
371.75154436805565
62.70199424065299
201.56204799817598
68.35253692275295
24.480510610589338
271.1439443486223
169.43515548710582
6.34012817143978
240.86088942144605
-61.87298970976791
193.97832963569013
-133.46165798379897
-26.770118498685235
-84.78677940085879
-78.01372166129848
165.42162801826493
-146.39441659893507
-64.94051039893176
-146.55744954429704
-296.5529537113287
218.21845896428505
42.59298167703196
54.56041208883692
-89.06498328493637
63.724782503554955
0.0414661161337202
-277.833399177027
-47.65012419345519
45.48447586722004
25.68253732676726
214.68895353901465
75.13442267265438
68.15788244869208
410.40822778949314
-161.3737084649405
-199.59237362747754
18.76366554044659
-398.8233357536326
-173.8031913809638
-22.577819270309913
152.07874903088162
132.0275893959165
-187.40092685625586
26.344715658668502
37.66276573787048
-138.97709584413317
201.74191289462246
12.523229263408917
93.49924047759043
96.28728686757354
227.65204854506732
-191.01560314981606
-272.6772890378431
