76.022143116628
-41.37670068251194
123.40307189397369
-206.8767686294956
150.69415276541844
-29.526109222493556
3.1803149448073245
-53.16294331993795
-47.2901921279576
2.7532615121155555
-147.37403889072934
154.42991803177475
-291.09334144990447
-105.26565627634793
62.32289509010009
-277.3299404720233
207.10621694003103
-18.19163562103875
-51.1213451241274
-92.90117192974058
119.7309853383301
-102.38902878331209
306.1498791072797
186.6935281726007
-231.04919080172652
-118.60697173798945
163.4209544201875
-36.563721628035786
-118.16756555617668
34.731292805686685
-273.0669681430937
137.3171075414597
55.60110482669231
91.95643866391987
110.6184478873456
-128.2828783715486
-54.58811982971929
60.75279983198556
-228.86950340108058
-46.658922496038564
148.58664404850785
41.13091002432563
-150.0037897984645
-118.58430741670651
128.2813913593039
-52.65309428549476
-4.24814076916029
176.83982484508695
-15.58326636182114
-7.09293463841761
-45.37034235011284
128.38515175056529
37.5315185413627
2.441684883053809
97.28929918044135
-98.2383429710758
91.67521611292284
28.874900020338345
-102.03483243061638
-124.94405628820621
246.7740511596781
-28.708771669779868
-250.84079486522427
221.3826827706705
-11.005773060218658
-111.1802659300885
-91.32267570172695
137.7386535839411
-49.94234955535394
-218.87864932944416
-69.07233244359219
76.34993282766509
179.16141930511998
-85.74991782091499
162.0182660882736
-57.07251619119495
70.15307060522716
96.62903909718979
-60.20517161654952
218.13893902222088
72.55952439846904
-180.9396277856074
32.24312328602688
-392.61836801165475
-136.1473207135006
54.34965234234243
83.90699423575364
21.48078624088805
-41.178280336032614
132.6331746380543
109.9651646671769
191.50602308778733
-103.28725566597815
-1.364637825960929
-232.6851304952076
-162.41548351948325
-17.341757240143316
-139.08953928880993
-338.9651240575977
12.115007072090775
20.932254540099557
-41.38975517046348
15.10347764904677
-89.05843116923108
-86.25096576676272
-61.62282986290015
69.94478649829315
114.81321580317179
-119.87132629101353
-74.70221904854425
182.38705839605143
-137.81666127134622
130.65643036395926
-132.0827010218207
-30.039719110806963
37.461533083507604
-266.7989060448345
61.351444875948836
-39.63271889602752
-7.975338434220374
57.227117447342216
-168.20766500674674
301.85358357578644
150.78862437145204
-195.20507254816877
153.9737773936325
-84.64849261534692
-126.14467772077182
132.21664409798038
-54.5308751103831
-160.49841172904024
-105.86462378542733
-47.98189389269639
-78.4215534957482
107.99825657250864
151.79747573515698
82.3015706376712
-186.2346758209114
-55.7880779939666
217.98213908502734
-33.59091068594865
-13.393512428714443
-16.68281681516627
153.889544991258
147.49564827752832
-55.29036426804164
258.5453323656962
-19.61442943172706
162.8525410997211
60.848054746764035
-31.329058758753504
-35.836718817484766
11.277690237598257
-53.108929061169555
-35.53909407495206
-204.17244408731887
-84.59732697227423
-35.80080148685804
-9.157087623999486
-234.41084651310732
-141.05346813462242
118.78190559828957
-124.08926306060214
-72.89045625954671
178.52250594059626
-122.01939629783666
-71.64708539107218
20.979417749868706
44.77247283986741
-150.45760819427278
-99.67065122165542
51.4118336623761
5.903448873302639
21.933099887023165
36.70825421167338
-63.024801057142206
-148.018945437531
-63.257617598038244
249.004759001175
100.94056949660653
208.37138649608679
120.51974836336862
-132.80163076022308
120.64177352197427
108.69360525751398
99.57480814966928
-57.94374872416348
48.734191314074785
-95.30826955739242
54.77138948039507
-52.08953895598197
-59.42878597421245
-120.13254531845035
126.31959769012643
157.0855877996336
-106.4554451710004
20.88745254051622
-16.637862852358367
-33.489637675596484
-283.930002310818
-134.1279830470368
-232.74781309979178
-75.27823775624282
112.46903273694876
-25.988242732720913
-77.91886909486983
-223.6005102247777
4.095691006899234
-296.73550187388975
-405.42431069989584
-57.66046806890497
16.867109410942426
92.13478911842778
265.04793561678673
156.12950191311637
54.56504120322461
4.708718163218195
51.87348525068819
-48.15291769726307
40.34253034651251
87.14972389063907
-303.09778407066466
76.52710990261609
6.179621987333143
43.272603831034125
-107.69071574655544
227.69151301104336
-56.924175103657916
81.5798132913977
-19.253280025440603
-257.80593682042826
-107.0407761482305
-144.84345602201765
-152.77785501275704
117.40100661111867
-152.10843037789923
168.74734698112186
396.2740895083748
7.95070362258417
203.48958464559908
-61.35565815756016
-25.14119658698181
-0.8478461316528398
101.52887635470117
90.3387214593218
103.57474944623482
-139.83787392601823
-68.3211153295221
32.70814566286092
136.37020878479552
177.05968864973664
-85.05971190655042
190.5965585379064
-124.8776205775896
99.39174253318723
79.45047347048899
29.09179677674687
-101.60568646918752
4.59025655907684
-26.20672334676251
-6.287187640733901
127.70523317858907
20.1304994447973
-48.814508382816655
48.69192394460305
-168.08949110022004
154.1074924610088
-15.755154311587624
-65.77243075392556
-18.502527211183875
-14.558092529085645
-10.807495016478388
-70.40349418924946
-115.76576326133372
6.144183090045969
-7.328871669256829
87.77813314096105
-76.11811038385864
130.00937700202914
-12.836276172856381
-127.63389440809979
357.148818411761
-19.76144246421348
70.56360610232092
40.896451008214235
184.2677065449452
-161.8555908219057
146.07816046720458
-252.74032169418913
-50.51545060908465
11.773821374973421
202.27214929457594
-61.49998073552035
153.35115124798662
197.27880413949413
110.81191257565442
-45.00907308802201
277.06516361344336
-24.94588646355484
188.25983036111558
-24.540992074661
9.565055592196384
-6.399485489344774
-56.66599130059895
27.572927169791498
47.72105954260287
224.0492310914933
141.2038179057
123.5112505285543
59.56893066868035
202.9307250199308
116.13559056912784
-20.10493272176391
289.1760243940456
-45.09444320252414
-204.90336229628866
-171.7907470299249
34.09147831788651
-48.27185669351192
18.817998734035655
28.659947120748587
4.958998391520521
146.2337256838783
101.50726758118351
69.58695374439901
-91.3151444064956
-92.38521884963419
-86.57138837153897
-35.78463695468791
135.40585161277303
-197.0931383573412
167.15079967350522
-103.51731392125944
81.09538868836
194.88410190519562
56.43988887924096
-71.0117674918124
185.39694246259256
-48.8951994533985
13.450680201039521
-80.75388301098506
-37.31544528379427
60.79590712906557
324.07975309125436
104.88866502208657
-223.03594067701633
-99.97839284682404
-47.41059311960837
-25.666677565961425
-5.017275885885784
88.8678122769077
227.32567158947032
36.05269824029642
-84.70572381190306
83.84109079605733
125.52915673283105
-107.27619760527288
12.728202285727056
-131.54946728578705
25.078668992744227
-133.5584528996641
71.23544649531549
-78.15808062905808
135.2774233579385
29.437070753293728
-252.9388752989714
-66.16549892495917
131.79237434667772
213.232090379779
-60.82230271295481
112.99340780201469
-77.76157744952387
42.14470936653935
-17.704606439561537
91.77431475254276
-60.631788242748385
38.934023306557215
-16.711865293873608
-118.63253067574259
177.77809510783194
155.81982703865424
-1.3564840040509738
130.5632855776655
-242.1715219115906
197.65392384685447
-41.03026098188774
62.580074879928965
-61.363401392263974
-220.60949390092802
-49.43117363987786
234.42258009415997
127.12433335904247
-14.157477796143246
36.90612740992553
79.98220207483597
225.41271474188355
210.35997785478907
68.81622324964815
-13.374638451882742
49.19251329692885
64.09208781481176
15.730202696213766
-105.57697460930585
13.493399767406567
-37.93330309061214
-108.55239950409596
24.486943414601175
-84.41517621805079
-8.917193881925497
48.38611622989205
157.56099545451656
-78.45534005714755
15.806617508840976
-170.7843779505098
159.69790078280147
154.92739476866367
-69.40222988980285
12.17041919871319
115.06880743835505
24.706598154985336
5.52307423891899
-32.86166815431725
66.88454672933915
330.8783732936788
162.9352278289143
-20.027450935494457
-159.8109745441927
102.962185052086
-129.2364601572089
-272.01117218448417
-8.970609139808799
-186.71722018492642
134.31753878057393
159.83536261738035
-195.83887071961115
149.00618534682692
-19.140411378650548
-200.39260388374555
4.3919958613192005
-183.20272208363946
0.732337648604495
42.525889877843525
96.48723398301644
-29.020701133935958
-98.67780692730781
-94.39730732521667
51.3615821277861
9.857982501445374
80.1367131945584
-89.888133353654
-109.89565212496066
14.462704080334433
-2.547612703880531
129.5715177122603
166.693812712927
-90.71129862018
-150.32153994648465
38.12591864373791
-138.0289659805016
163.42214422637394
198.52868552330503
-268.2212152897012
197.07838870281802
158.25906109876286
41.88323760602203
217.23691653447074
-96.19652124437881
-6.012458117324695
-116.87179936302276
154.56251255786552
-303.35892236177284
70.63120108525729
-98.17005929451972
-158.05474932144185
-10.359434853249073
-111.59483614112716
204.55518031002453
-242.7555401098722
54.70088012940376
73.12182127878796
-229.79399116274936
-33.1676295107313
198.87296358263612
0.9603656853491149
162.72231988104613
-203.58135923898269
17.39234262682492
-43.27504251441825
63.091806561324844
-113.99798010192013
74.79665610549552
-48.60166444849091
-29.98177023388118
-188.70296189021286
-226.1194229390995
-4.07487843959664
-96.41234398731628
223.5483395922478
181.33507972836455
-252.2194823792961
-120.86980321844484
20.16140723601266
-54.6195897384066
105.86125912752549
-9.124449291270327
-292.16566278856754
72.67152084194572
-171.01794017461472
48.33244764070416
67.92630888551702
-171.93075165033872
-14.266876633304953
78.84900515943094
-222.88600259366754
-108.86477678711894
23.350770392107286
247.16823435177622
-2.5805931729299036
142.0578319038264
-85.49163779862795
161.49318240815012
42.334008008756335
-21.276014615014997
38.04061452686375
75.77365513412357
153.7417713824078
77.75467325479448
186.7868504327891
-38.61588056616463
181.179866068205
-1.5221374871091304
133.29420901566405
-98.58084821571937
-5.377815014848665
8.530297615381876
-138.23409387507698
256.29775380377487
-19.73953715686896
-21.969366518135995
40.92973171231225
-69.23388128317077
54.95272089747492
-83.27419606721774
357.044590561014
-167.35207145996398
154.52719809704075
80.22345211395553
79.62967113998998
149.92427748252214
-151.7910130757399
184.39047317041965
-12.338261840931798
252.8236712335019
1.135737893830101
-8.600347811531394
-71.68019261580248
273.0442261938567
-17.469180427928197
-71.52036683497674
-159.51463163114727
179.50626308414743
-11.486217917942778
-145.37495812899087
73.02143216758387
-70.69204596742098
-7.7481306661206855
177.28734028082428
38.806904685485705
-28.08568403405698
-91.4356252618431
38.03913097628254
-51.77048365306053
7.57003778898634
-105.57214977808867
-240.5900644920751
180.40762723839728
-90.68891308619794
-145.94509016648027
-33.05388674489588
-35.45159807807937
-5.114703829436387
58.68307256746415
-112.51862355255781
264.20150767022744
-118.99642963932024
-213.9474107733086
66.11198957636556
20.901446166897312
88.89619313804567
-189.98472654579447
-95.16509668156452
67.959221848118
-182.82396577832426
-239.0193222454829
-194.89353179842908
-3.2727622689101667
-53.676657347155206
134.17716115059184
60.326769635650585
-7.673740551236502
-138.691572727073
118.21169997988608
120.91318131533666
83.15450170442402
-72.5881218035911
-20.524589823062186
-45.328415563701505
96.95487659162572
184.5619210856349
-25.49350885694762
44.127420246504535
-50.76661616094095
-196.52507981429613
-398.34987282565027
-70.54156562803944
-166.23267495963285
14.376322261198586
-18.28383796709778
197.55893233202627
-58.98839296445183
221.82617578958894
36.85393740919267
-32.48061924858823
9.083041760330003
-27.71763634388219
-53.281991553008844
97.36487463974821
91.07182256579077
161.83508960134552
-96.44530892670869
-38.9119859299012
-66.39847169745907
-85.45535074369975
80.6781180028264
131.8735267508563
-92.85401152038267
37.72455228377221
-14.53797274153979
3.4063712934171804
229.11864589535776
-28.108347585877123
188.8159901858309
-37.96780569207275
286.43290727205004
-7.181116824439463
-109.46226301222183
18.27752451730091
-32.73296374279715
-23.909208921706934
-293.48603138149593
-175.31312898268683
-24.861495930553048
-58.602545092512045
-20.75354514126757
91.75750230735629
-257.8461747294096
-87.18012388377326
222.37124831934003
-231.31344124705652
12.652425033737734
-14.843368183248943
-0.6944893602926753
-64.16303764169136
65.01736690343071
-2.2875659700970497
105.8365511112502
136.38888932243202
-129.18109528352377
-23.342996936453044
43.7210822039927
-160.07273457822185
86.87202922986165
22.25529478253567
97.72814624329344
-284.57501062801555
47.20765810331142
35.4321849659269
75.4514614813274
-200.18903304439135
-140.47694276975574
109.92681178271398
26.11138556017113
59.92412890108149
126.20805952121069
203.77692796960437
-61.4696195224023
61.12674397197942
263.22220248359923
-41.60061176099768
146.38775585672641
-58.78430298984857
197.47794732569736
46.547177164015245
38.0439988522508
-42.868754784864265
-182.42869864036504
195.890928979945
132.96692156443453
7.272166218255376
-120.2196888700727
-95.20545405365941
-96.2162262917636
42.8296681356557
-183.88227725501292
-58.13970930370568
-205.56044263552354
93.4371610422183
23.158319493195886
10.542508137536364
-83.26275736119557
-101.79182416702953
-146.0004424366592
-45.662211543382405
53.90351583952371
-146.9068580557642
195.49871562864192
-208.3702054120375
-1.3895271365526627
-203.71257981114704
-71.85390862792784
211.09396330326783
-110.04738729707188
62.374305540415115
221.07883785593964
44.660526598925266
-240.78134875935757
-59.911120196147536
14.868162274885062
-256.70677676366677
-77.62267925229946
-118.88479064861953
-75.4895927461016
-106.64125529265928
-74.34899559925334
-44.323247098888814
330.11957952233115
209.8495595896933
-79.43324794727835
-84.90211652407874
-135.5798087383987
157.93096320969386
76.50158937863884
170.3547424719009
241.792225152068
6.454784998867349
62.388190328259306
70.33857316620671
-223.27364639435768
13.540518674528597
28.250866729915707
104.57703082190791
45.157605873436424
-226.02642398780426
-199.45303688445347
-114.25570145975291
43.619519642850705
-94.48027190252778
66.44315146535159
91.81512764876472
-13.999356822776981
92.63918600385318
31.186024790814358
23.88801836658496
105.51656781823462
11.643557574010755
-120.89027636330101
187.84128968700915
161.90191064917371
46.61913799003223
-54.956183264294516
-25.011196885151843
0.9773156444589031
-0.8240965410830938
167.61213947838985
42.38278608117564
-53.431564514641316
159.42564075750508
-187.12379559337447
-24.553178172081292
37.50825820583566
38.09799322231759
8.69329403869664
-133.04750854289298
75.04069089090586
-92.55569793001402
-34.11511538216671
-118.28692141748132
-48.42215468826793
-97.68455174337056
-47.32474033678225
121.81804630280435
35.17527864395667
-84.78199168664328
-6.071787100683862
314.29089857122443
9.082842953266363
0.8229604960789847
-43.06560928715322
-32.61528214090626
40.06763714114874
228.86246821334166
46.900651994935934
33.35753480455648
141.3106050080482
292.15794656368166
-92.30915774271915
120.40976517801718
-41.536704049834846
42.83012654623784
-108.36827059104483
-77.11472633235834
-119.66407442944227
-121.36091100160544
47.96942550661371
-48.275549211383414
62.41950771253648
19.11594309739305
-90.38870220117035
23.032761875877885
31.781145190146844
89.76338503372537
-288.7091816477612
39.025257212322536
-91.82141263584228
26.301455261831336
-4.770128534808713
-218.65728603372156
8.160827928391969
-12.73624726741657
156.230534632827
9.858038789062688
48.33679379399196
57.462067249363066
-10.92405491419774
236.92437293284866
-68.94407476754255
152.29166679808912
0.8294040931545812
-4.332994789243658
176.76204994460866
30.620382736488065
19.395115806079517
-33.854810037933184
46.57984742465891
-20.150440865651756
-263.51852458165234
131.57656630864466
-122.57462843960694
-20.81898205238341
-44.95878661865904
31.403522203525704
-194.5009989539955
-59.11557062878808
16.997896212210243
-17.88531474993089
-71.47282042124213
42.122521279890435
221.3858450334323
50.81366944015662
249.98927338206045
140.64744304411315
-10.270846070798948
140.84405481861035
-40.15536693916149
-92.67277551596041
-35.12705821111436
21.797580850071093
156.3611826220339
127.39324372672687
195.30792561269055
-190.68625126617616
43.10215011186344
-134.6337715207963
-123.63775710595434
273.98661768695786
-160.6825633689609
248.07771039571753
-96.51296227228686
-8.69724287003871
-9.59718655391128
129.17429045947455
29.18544009458547
-90.35525000366813
-78.19274393891442
-13.623973678295744
270.18957524623147
-144.59406626920065
144.23015802289382
-7.126031589745155
-311.0305181790321
114.36022602451483
-129.95588149101863
-103.78779954319394
236.1345284907347
-82.16080354793087
-69.85721801456715
81.30505124735947
-19.71773375356833
252.46468827230782
-92.06666845113472
219.25655330039956
-69.35764453211829
26.395615890428328
-143.90526302560747
-237.0422202454475
-106.93137077542913
-183.2785721192465
190.91950116029653
-98.18748293565886
142.14410081208771
179.68073255203433
-348.87253346491104
185.62132191558905
92.1709478702951
-135.47429960506392
70.15100252622061
31.633814109134246
-152.89168529709391
54.46257499606008
-15.783965809137056
118.85403656417685
-227.13128581046456
-116.30591253865461
92.21392934464751
-114.99027700214656
-121.85741735582724
-203.99719519769906
54.43447386780456
96.53600414265996
49.54038117709621
22.191324513220763
98.90636478503286
45.13316665834485
52.5800966716976
164.50031064874668
-105.99192681321249
-92.81629613797013
-186.3964922125594
-42.26507948948776
-141.15775268159146
13.773605923604546
99.88929155515363
49.01695796979962
32.53820559917548
162.81559489085126
50.688665308423836
-5.454331516888743
62.57358363368211
148.53619931497568
66.07239200516547
-107.62934401660821
227.78035075704648
10.733027484062978
-12.886167548815504
52.39436981510322
-27.165518646671263
29.806598906360975
-93.13145305800393
37.78611528387132
-48.21423732230568
40.06701900388575
-65.46979820866221
132.8274666942819
3.71312927626819
-61.59727692720242
87.15443268483484
-62.62972627994949
71.53855588047409
-106.92631852315326
-11.893233899216325
5.059360693709487
-92.7987911183374
22.029198177986427
-147.0659127677957
-27.69756713122591
17.696542448952247
-3.998085533654425
-39.369144318828454
-40.78037432878432
-196.36545905289157
-114.71902314084939
14.59383958650838
-16.418102792541372
-185.28324578519127
-9.028049761211811
-33.36637820356398
-243.64652273996924
158.94360327402464
-186.71250738314106
55.71765698343615
-1.0456582866211257
120.69621075647251
339.3560659156399
-14.405685511640625
-176.21165911415918
-113.56649907132041
-120.71622322892284
-84.54259449151542
-27.89324728450661
16.39947344266436
