90.55260140330108
103.34405238095466
-67.50467664649946
34.38497481892947
-109.65285733263781
-204.74020036044465
-109.73434043095321
40.343542060108526
108.9564635857959
1.2691314811403365
32.844333179511125
-192.89803367114177
-76.44824792968994
-314.11938234448326
-110.63362113596634
-86.77436773104208
-113.75027734923573
-102.05585438130545
30.457473767943014
-88.48023555237491
30.057828825135424
159.99629478947327
93.58536718472023
-89.49210755642432
66.11537372189225
70.90380447574769
-20.94637382080678
10.236980226121931
135.74787955621392
161.1298363671173
46.870195231515844
173.81836897461022
-91.62207697844724
-138.4194279450155
42.53006804545078
-84.1345411924724
-100.8705894961194
169.85080653439982
26.589566879640866
-66.70435252895703
-60.230520217230314
-46.18440732117213
81.52323651735067
-190.30987544462428
-97.0857423137196
-102.81269042888668
-90.36564683304204
-286.9064872781819
-74.34465669447418
-5.7585191424290105
-233.10588384784367
80.95844892605508
-43.54958811634544
-246.40953384236278
-120.26782729486827
-72.1101217041667
-53.87750942081568
79.17396140839959
-91.78166657327532
84.39990780700248
-55.317199181784005
38.94512739217115
-1.013311931773735
-107.07411548120402
-104.97830126259258
-126.35315199817299
-56.01339170962935
-56.2501798940399
43.95649262328554
-26.45636683596121
84.90439814348288
-163.9096601223804
-113.34419207990867
-10.899766644568924
70.52529529144394
126.6259490428529
127.1919763086016
-40.515280185656884
68.54748719961275
75.49786234368328
-20.032183927253474
196.77989393654096
95.71297182353999
-9.55205809380013
-24.319747565326324
35.76759516426792
-7.909265032240757
-21.645651959059574
-82.70881167149936
89.94070781723103
62.54592030932537
48.062902100706694
-16.6529307914847
-216.84847559587791
15.181774957639902
33.09923198138661
-211.6715743185429
-132.64767681003624
19.332335874932124
-244.0899868113049
96.85040670249046
44.003742906864844
-59.132152951118684
337.818264794611
-22.9448827653022
251.9519506530858
178.0325214131451
195.53961827764806
94.20538109053189
-43.678101886073975
13.44331831402675
-151.4670981116205
-156.42203139323215
57.06520396212078
94.31863899642707
14.382439750578264
-129.89001390537712
-46.641780115884515
315.92041390956626
-162.25322434172406
117.54635205615207
-101.34257365094204
88.08794593492321
226.12598609261363
95.89747359455079
-313.3561393285456
127.05278316337815
127.69320365750572
-92.20174005962056
-17.678690821970342
37.54076806088536
-61.39737071218474
54.23852548311201
-221.89846705888021
-8.18953150468847
117.57556131732333
14.230651408624684
-110.57672450252157
-55.36100962452412
23.98045155194967
-27.16645297232576
-208.0709473152291
9.459904484232514
-24.309047419198123
-61.665764502467816
-59.18805365522649
-160.86898395094758
-129.8612230695967
-62.60085567910837
-244.6157957876849
50.86542667031071
146.63111632121763
183.403039738553
-99.81574752650118
53.33983327024475
-27.638664278567166
112.08797770972997
-25.778755422940637
-20.025478710307144
16.235092504746426
68.80299302319065
-107.65748019772265
118.93994973728856
23.16814101693399
167.21528858416113
-32.803018977499235
-61.67702920627202
65.64199874363575
89.01544846809048
-19.567004845642085
-111.63494704060334
-113.08856921255942
70.29972069782032
232.5383354917051
14.424178248743216
100.15196675949639
45.590678469382546
-10.857394104756724
-150.13486910652074
-274.59178476405094
171.1907379807431
-357.94773345752105
89.80803040176856
-87.6283645625828
-8.208033855096781
47.912161442986
15.867996993956599
-133.19975577498076
-68.90287664455761
62.80056362320512
119.92063932939644
-112.82338052134378
58.59575359644043
139.59858455495834
81.21515163723986
38.72649749219887
143.35017541134104
-27.378810838524355
-242.2885000998352
270.01817349192885
-139.21774835949972
276.17851997395377
-82.3865211559499
-156.5191654549778
96.61078265546408
177.27936563687916
-153.2010121545202
-10.353060587002455
92.74050666051815
29.73799671882622
-25.77749147555658
31.958994915686894
405.73983308072224
211.12599406249973
-110.62371169342738
46.55958008674269
175.4754668460078
-17.511395833469326
-6.416353133519664
-7.0190298405576295
-49.321506882185126
51.70690825535066
71.30487189122216
-109.30991375015911
218.49290426402686
-13.825817884477281
107.64921079060464
-81.58565402114549
-89.28435018166215
5.503541998834757
-38.119758093331185
-178.57847151210217
174.10749687404518
-88.63575189944315
-77.69808217891416
-73.6525692923774
14.702600054846247
55.93551889887138
-136.85927848407871
-164.55342465826385
-9.961988294035898
-49.190244822705296
-49.836528896316686
17.48972001211986
132.945990328054
156.551887204654
39.33330585552104
103.6253871544998
-222.17675122108074
-38.00337967715638
-147.7581252188244
90.40179232145462
-154.39903852448805
40.222577452942
-12.359678234666685
214.2807187301129
207.48216689295495
197.89171871454766
-78.96156946064839
-73.42563949340673
60.25210458710178
49.31237081727931
125.72419518992724
-6.123075147006722
-115.73444702943209
-192.39509627819606
-223.47659117663792
-145.21394503151404
-120.01253936731133
45.58598207613373
221.9897964995129
-17.39241277321321
46.03663820332408
-3.642480128410335
-299.084420952039
-16.878416363059955
142.5768597990436
74.42763958236026
4.86910527961924
43.27492444514509
274.7847374603881
-170.11731085650425
201.75425860578233
42.85841934146501
-115.99836842390265
59.822719600323474
-21.219064490810005
-73.41222125198487
259.1512391881173
70.13789031161818
-125.54657492067706
83.63598112910913
-33.088982535480355
-110.74176936717619
-83.4304972736806
110.12414116340035
-338.6529083959621
61.95668199917522
50.27286885683242
-200.05192146217928
110.00365997841064
-147.69027903436424
-183.03519355317272
-152.73129689846152
210.5981408218628
2.6289908010044334
-27.18457519077985
-102.2046065391973
149.04778770929292
-21.104670367928392
39.04215160433694
-185.9738414302155
47.99095653171959
-8.75537512670631
86.78047359600285
-163.40037965504817
-170.42065616101297
-7.256226597826929
247.52214411510573
-34.018028697799664
19.803504398079113
-324.7585450999581
14.175347976611617
-28.932876869980205
159.58091709028713
209.292416585808
61.880031215952684
-94.99769683061722
-51.21129613010495
-159.19423946692328
-22.022843618093106
-80.78814112333073
44.37174946259878
31.800190806956692
15.104471511060948
104.97676809481943
-13.413224358790517
41.12804159711128
20.007421876513973
144.40000911517893
-94.12805263475771
19.365637090285883
-28.891587969712287
25.050116033057527
-242.02893759108565
48.97926275948127
-163.1953066545778
69.56713296924521
110.85876603570367
-95.09678384395387
-86.6299989038403
183.52147652902542
239.38765290931912
-50.58806658297625
200.66725399872914
-70.38774976809401
-213.5155058012011
188.20969012597897
81.75306580396288
-19.546729354027953
-246.6829427604986
-119.30432977850948
-24.542953369799594
-192.8793110214005
-9.647868895402015
-58.56148950580181
180.23722979130616
1.1336206007763634
100.75187294329918
151.44844329979077
63.95820094050545
-42.13853493429543
-65.22364283914696
64.52648241708293
32.78494270772167
127.73575617730971
-98.41889330469178
-16.878001729068888
59.58790810511879
154.85764157704082
4.603895026636512
-78.35274827041856
-41.49689686792526
230.16828020033162
185.73342768227172
159.47608517552007
22.17310501912445
-169.8869549672862
-58.05134508074098
91.99736358198979
-38.97621000545247
18.657953392122568
-44.10669764539655
132.69640522788293
240.5335623891527
-42.88121314039884
-92.55482910325695
150.72896843270027
-104.8259710053156
-130.7831182817745
101.32731847390319
95.82556561618233
-0.33026560439597463
-35.801470073656404
52.539654442151644
-36.41328669308656
107.59736112814882
-30.494761805974758
303.7398055304298
-120.91131483391288
-15.15466810788217
122.39249612446636
138.5676377774795
74.44783242029983
74.69631848056348
-52.47461241467973
234.85398210122403
57.099679127151504
46.67679321987557
-160.6914872524975
-180.08086060024186
37.49141730964758
89.5437626358619
7.775491908047304
176.3542324369666
-112.80678755248353
224.96860383632435
-118.59777588296006
-55.610580315621156
69.07723070622893
-111.94872907500735
-114.2441206304318
35.42660925406769
-39.31146977655902
-23.720416548455688
161.73571108301346
-7.7738752683623975
5.849638635694051
60.4807560951233
79.57458402246404
194.39247313087668
-93.71363593974033
-17.68203522852649
-154.96491312685535
-29.63425013882673
-70.5474941223267
-91.64086537089919
-51.908225905534636
35.95587984655457
-53.92428361070933
179.90241289206145
-183.2735436587165
-100.87351105851388
48.24385005291694
5.305931030336515
-93.02620172494164
26.879796665807824
192.7291928222616
19.410877332399362
-48.90853307743715
144.10513717503318
-158.06072090649096
-200.3381046015359
12.997249183452691
-45.31072718688924
-26.59746429105937
-56.0436189837593
-61.29701508748912
-88.65667472449307
91.13502039011905
-17.94102542988839
151.84970496359415
-32.46287978685288
-153.76473042086764
42.723156216345934
-133.04557772194687
38.34915367165927
164.8090617910342
-168.2492248525368
-112.71184265206921
-111.22190573752579
-24.334441582852055
-230.886391748956
8.614307492409958
-4.845982167357207
3.419219705095718
25.787035851679335
-38.70322937852027
48.448002147221146
210.27323753422374
40.552152042452256
207.50789588316798
89.24542873088934
-80.62282830993001
-134.8707556998264
205.26662039473138
-119.75501890315255
-45.34436331997074
148.23082771237097
-109.48752516212792
90.73398128913216
-81.57122930200687
63.73983225064817
0.19848165908582893
-3.554947270707091
-73.00120771569104
-99.0361536050505
-43.437104664108396
-48.91905216240643
-99.976222139994
37.41324682933358
136.09568524473696
-14.643286308791058
155.82457788698912
68.12269001511034
168.08654468683514
-30.118459094850035
-129.48620680271205
-117.53404985228464
-80.33820409658314
-121.14036670075019
-22.364309641543652
-62.06807925108986
19.318281309985192
58.97820659199537
47.03875479792
-39.91918864723341
91.15069167178765
195.8470376499736
86.26850082377503
78.659912692649
-29.986918028997216
-103.49634869507287
184.82108858051245
10.88402442410829
-56.226315398518715
81.33320634728435
350.81045667600443
80.30444765020843
25.45858211351498
37.8861541776948
6.716174696164467
162.34859470797653
-57.85131614051344
113.04072656417704
-131.6149558339019
-67.78819509804867
-69.08682256814456
142.1898691057258
-15.26955693278617
-211.77591819107755
58.36985784022668
114.8972788920554
78.3888463492967
-22.541167223286596
-47.755333394980994
-191.9198898745047
-198.5404377889965
14.991162828824715
-67.21164396410659
-79.29749532429395
-78.87349016062097
-168.1630109049453
131.3148905553972
-5.887132282164041
302.71922909385904
-33.462346985759105
2.321909701195878
140.38631817825413
77.82689115325712
162.46115096366918
23.59758088891805
204.44393312358005
98.12285219691981
90.72593818526013
-0.9489443843923075
29.86991400797284
78.41684537067614
54.075559822031806
93.88838587935868
81.6058781786839
-20.802102056516976
54.992658791721155
-70.31918689262838
37.990210744546545
58.81948836455935
-79.20404983327204
-160.22795076330289
160.69850447412855
2.9339070496370203
181.77622950197636
-199.78618694027858
133.34109516245226
102.43640059756079
-88.13580451686235
79.52547593809359
-76.12882283911888
218.920235161764
-67.93552478200067
-24.572222961718804
90.17540548658816
14.490304940070693
-144.74376493649018
-46.404577118906275
93.22742829378501
-56.83428228757619
42.65715461602023
-110.00248462703793
47.03104741740072
16.652479537781375
-223.05666467822385
-6.158853740895279
17.50047122849792
-147.30450058651158
-2.704928132832925
229.43729529023966
284.43971206393763
127.67625299091193
103.33340485339733
158.82551396475966
-55.03739547549959
58.44840207411749
6.266463185602847
-12.133505227384909
32.732823484405905
-191.63222197517229
86.21863197589853
-140.0922927606542
-95.21152947659138
144.87726968126287
-32.91833956447684
-39.48656131094597
172.25650118521733
198.2359994301964
-21.339247192118343
-48.413777701682186
-91.65968688387441
-99.8955986737943
188.55383068203273
121.23082365315716
17.037002831726358
111.93959083188393
-195.08596752585427
227.62520782477236
-81.5194591117258
-150.68478797167623
126.22082370906381
-170.65765614038898
280.81675686458266
181.42985402615002
-27.724499321357964
-113.07830445238436
20.105958977290676
-64.40614528440612
92.36227781426796
89.63107334140712
-104.55660470116631
151.42762753010004
169.79736221224067
-100.1838416039198
246.24343227196374
-22.29959301947104
102.00679727750003
168.85660921868893
-144.9456230212784
-167.34262988021172
-24.48677686073704
-1.1300158628617571
-19.624049764959395
-122.03822080800013
-79.762802380712
309.4691141911786
-133.58173229820338
42.34672802892438
23.279726810380343
-3.505849477104066
46.1746855282463
-176.65485203644107
24.30991560296235
76.7879139663028
144.6124761357678
148.55146040358713
-27.97614991425207
95.6877141024746
-39.042083011329815
182.9631939253772
-99.90575446438953
145.68337406477542
-18.055516983779903
-50.45956934407101
187.8308105441155
3.975537782076306
10.427257922245001
20.97460306175629
-74.6908894728308
168.63639761025715
5.022094891587261
131.46932482407937
-49.75702805519305
19.736845002217798
241.06954292702852
187.98594339282758
-51.55446374495273
206.18185800282575
283.72901233568626
-74.74983263483351
-0.2447881815621461
-40.57381080802538
86.08981164853165
39.79851398965253
25.340730505245276
73.71446093974323
-138.40913456419122
-145.51917039805394
-56.61784154980401
24.309953609130687
-25.506115680826866
-2.3519692870946893
-203.84490670030564
-46.32356750288201
-159.13022950311384
170.37396899471867
83.30882130989109
-19.404911153671048
81.78471344867269
-201.31019319313225
-157.46107932880298
34.449718466929454
35.733213729518454
93.19674604303741
-51.734747569336086
-39.08877219380371
-46.750612276329164
153.36540674555332
-11.030803464305897
31.62749617994846
-10.659866657354327
33.46259265892115
165.51547547996793
83.30037034903341
-67.41210560181753
-211.2365012833097
-100.03092640039596
237.69146731368812
55.30204965627683
169.13456995785873
-17.299539600181863
-157.4067205623558
-51.62724377341974
-9.651476389237592
-1.8349816700287331
24.395689182830647
-35.912852631433054
-43.65962940612835
-48.483469279194296
67.43374899805725
278.3709140945319
30.93010508395847
201.85845706273577
2.8931493832423154
-58.65931751644318
-49.83154927040713
-320.91372065124466
-183.45561590241456
30.294103073470417
-220.7374159979425
192.27320187731837
25.71166696409715
-106.79471619434175
92.76544083109941
-172.07691389645908
-40.82113364303697
-149.06282064214065
-167.54470655758493
202.79959341961955
-169.2802358265321
-74.92125632671186
105.8491469487173
-86.74198476061069
168.71872934051973
-8.515119856859195
192.12550729492207
-103.71721352928901
-19.315232976089998
174.7134728747488
-283.14015607567814
263.0025044629673
-53.16356797082222
-84.1501414280735
24.57020131060776
-117.58056359875471
51.32531675136066
-333.3959202830668
-76.23462129460756
-76.22983182108501
29.640376856015273
-33.49873633845864
-59.03067149107105
-26.867784113138853
-8.050474352539116
-141.30185890469838
-3.091499119091406
-43.22406733592713
110.72297746471642
-34.65157574599255
71.72416100625978
173.10194450632568
117.41657909524514
137.20220591525683
132.82195250369085
-54.270476270591466
39.627324349042794
-87.17719835497088
122.77694320107068
-140.46246605817217
-146.20780688877952
-46.70366809655968
-165.56120297418133
-154.3874293199712
112.09111560946074
132.41307274276386
-195.9853177368856
-247.04689344966852
-164.3062845279704
-5.282314480360315
350.9550594320423
-144.43166309807174
65.46461590433002
84.7541017194311
-42.55614952208855
110.44682972552005
234.9264705472315
-318.3762058424909
-97.36092259744127
134.79194284058627
78.40506936469718
-40.00187019767325
87.53763479978807
-87.82730669695847
23.89773420092123
49.58481150919379
12.43013512501459
135.013982358272
-103.4905601407053
-21.019391502975797
-22.95114678381976
65.10452444024045
-9.999134020442337
132.76091748545826
-138.09781410924808
-98.27175983079223
16.103684273960603
10.847770883354185
-260.7110337002378
-251.88806543960354
-99.73691411254997
-268.2024763640275
30.344585648744424
150.55680622128784
-109.78948851250315
4.310621432837511
-190.02583537936923
16.51155337760767
43.249195268049604
-201.66243114250273
-26.493778165070108
-196.4140337074832
-200.48634209735835
-164.8096299187144
-164.24027381908925
-163.4336587878945
-135.3415489370468
-60.781948214153815
-52.943425799749164
-122.80294910584988
-10.816105312729373
-175.82428532701942
70.14057930930709
-31.28819151279794
-22.187699356051066
41.70014308993334
89.80133201288112
100.57986765553608
-127.00648328515366
21.618007688102832
-135.78808591891416
-0.20527587379313528
95.5502091566851
38.169497622231916
-63.035509306017666
134.54914147942836
-272.7729005937563
2.394646863804196
-80.30398097206135
-80.81768363259322
-73.1579354728256
69.21453082912035
-63.01707524924468
-186.31068444540202
-24.13808910186815
-126.81279376217654
-114.56194179710612
-184.09974874791337
115.23831497509684
-235.28811835372255
-83.12245580523258
-52.478622213292994
-4.079925828328701
128.88634426642219
-135.07782423743825
311.12785651500275
155.55663494429183
-0.9928325214341855
-114.29891461092558
2.313582079388176
22.76962689701648
-69.00112116885698
-232.503524597705
-132.35242957186375
-188.4935613572966
-256.6455004046267
-90.39515035484449
-68.33617800585247
135.50980465956903
-46.66082996358992
-27.023245568270365
67.84026481671417
-131.73329034855135
78.85299198535797
40.8184639029745
-2.5603624744121487
110.86624673884016
-65.54227328099901
-14.333136279795925
-135.13156024445883
-181.52265089903585
-32.34089225224452
-42.82110631406991
-143.2622438073055
-157.58398054320736
-227.46779884146304
-13.44278157524283
4.7596195728099016
82.05198553602439
-215.78551308723877
-51.91001263583202
112.24463021745002
181.8870221324018
128.87077742370485
22.897034733187915
-32.89307799397693
111.24700739760785
223.2843667144689
22.702689530716395
25.90420954132754
180.8491243748122
-96.29399994428026
78.98671483115976
-93.63695840420101
46.17876397424213
37.410341679185116
-175.51010998827851
108.77462939307006
-53.393112054821536
94.7845593428415
-49.98560368115315
-123.002808193526
225.19481160151864
61.42803371956371
61.281079266256704
-34.79741671166809
129.15728320702064
8.690286431965221
-227.35909333068966
-57.04848197799663
50.53194361124097
-11.107158391479473
115.14846466455575
21.815023703641653
-26.871205893960948
207.97010972909715
-122.72289546306368
-111.66985038854072
-44.15409407827424
-187.90369690988945
-122.25138506911738
136.19609989906166
41.92447338894259
23.470756532611592
-84.91145755889417
-29.026017345682554
-81.38748659894033
-232.1256879951942
118.9906655258296
110.6885990774629
9.549944409256815
66.09842637922081
234.2451805660098
-111.7384511323751
-114.41947858579964
