87.6437535456647
154.95738222984
-34.1977073754674
147.6603823238539
-191.16706877284665
-177.42120944756823
-102.50083768138919
88.89543571044818
50.16996516340854
37.67792946542965
23.722589366147854
-203.10781778962368
72.82838202360546
-286.61581584823284
-52.62011683802146
-220.95413502653193
-104.00395400982109
-131.31316839341238
-124.35092628851832
-162.041925211063
-126.73236198073793
197.5723087568805
-22.879825088122065
-79.53909070575963
135.04170981473848
11.921484997844688
-0.5487093870458748
-49.75318959105604
150.22249278515156
243.42388809283355
82.09262532129911
176.72717294430063
-107.63072050826634
-121.65286399964971
-11.629514765365649
-87.88981148807397
-144.17870367314927
196.9642579506389
19.892192331079332
-85.83016058616877
22.154348635901258
-90.3511311663734
-8.339972105233922
-206.4850211968825
-41.08650808664146
-143.48305755007786
-18.330073564892004
-204.06075345589713
-158.29262242209487
52.74462369518241
-192.7773033343073
-67.89276558692528
-72.06378269820398
-154.41191275990255
-159.84437724214382
-45.2672106866276
-32.03627942826348
-14.033290518330515
-141.08105139378185
47.73562771969859
-20.02142162333966
-16.229831232421144
26.208336491387442
-17.171588993011
-136.9981001204123
-36.35772114418241
18.76887060789033
-203.9462864789081
-0.8442567545384385
-49.87863502052009
63.84694837353264
-170.506667224379
-69.43660636529994
16.700447776896983
176.17840343870307
-52.65680419993309
150.01692877998298
-23.691989551376345
14.132763393378317
51.8735601262325
33.732887644522684
258.2960083019305
133.02872409480335
-0.16714460874868445
55.35586445310516
82.4637022922723
-95.33822176923493
-39.736652455688336
-1.9503712010010854
194.35270791811038
67.95442557711698
-34.701758522431085
-66.83044068596318
-255.10449243639007
32.02425893324603
-42.22840070328512
-104.4900278634311
22.236333684562936
-8.72131222207777
-260.386659036214
179.23822508950465
-16.834949553721003
-100.74843370659957
174.64334567833134
-8.399284393480105
330.6280419455737
43.82143839573608
242.37374632855455
146.00465946017079
-23.43790092228746
-53.97386389828606
-233.98721864841627
-135.73968548272742
71.40981681143555
141.36186740632658
40.63540828044436
-95.00362002889572
-66.93857954064094
307.6787461606518
-168.60811921789124
92.06799079019582
-84.07746255459146
190.64900144535653
166.0230165550974
-27.324805700339184
-280.523440643404
22.47624387982938
103.3967607302314
-102.27573639330387
-4.3462140748324005
50.91388121504109
-124.44104551633636
183.56942978927395
-227.46219818712666
-29.6971226166222
27.619882846669356
-125.44837671135551
-215.0322082477326
6.222468278537955
15.38029675740373
15.277011136349444
-159.49909541519105
-62.376469978810086
15.474912012764408
34.127987039446595
-91.59829426575963
-213.5448176119763
-194.05790193148212
-106.49785624788001
-247.17703524500456
31.790492933465796
157.26843554030685
155.0374072220003
-136.4558688515626
112.73013087942195
-33.74840349557091
188.6355766923584
-62.71689725865679
-54.87960017995252
73.18505156069095
104.76106896223699
-151.78142907100536
137.82995572411292
10.591113515878082
230.76063818555784
-85.0747352343851
-113.22954418859807
83.45309345589021
20.908154548360095
-4.14601696628372
-80.92114023975653
-116.8296808295552
-31.792101428137318
321.9394089802356
-126.08082648737712
53.65279003383072
17.182149919438352
11.870445645434668
-205.2849016644964
-342.7153127169439
150.24139767713623
-364.20032620036005
96.05849076197687
-78.41444704938459
144.56744007992873
51.109434362988374
-49.17405616685959
-112.90848597567418
-66.98986002274107
40.735176634761764
398.09321175214524
-54.584501333071366
110.0229639374518
166.9029576547232
207.24800773228765
52.237017911514826
54.66033038793682
24.760740067290513
-256.37478674611566
251.0932998575568
-68.48031348870857
204.2192749591824
-15.970444835429563
-43.7892046022595
100.64359186441222
260.42688232015024
-281.28597807672014
-42.80485361894226
188.83079233540775
25.723635732604475
-68.14494035574899
117.92411177213948
462.75848972318
305.3964546259165
10.156625936641237
189.74467070481333
158.4601775242189
-15.499457651416028
-8.527542126777384
-27.560899747700393
-46.46895272892531
104.06828269730468
-8.901610153549917
-85.53885493190062
256.014213858473
11.12563126441236
-11.269029260986542
-111.21039808836694
-173.6026016546893
55.29891284060391
-19.743693890345916
-108.35076075278364
242.29475340910477
-103.8559898536584
6.353505944219272
-66.30257087984984
29.774378939465272
-4.403948529310973
-220.42776780791357
-138.7651140006997
-56.734290732963686
-119.63698774386408
-63.24454672863682
-5.989885161439627
-3.3665659699629633
178.85812165921462
-44.976610326379074
161.18468283872804
-265.59797495745744
-151.89410572858156
-164.82466088554284
151.36700042426256
-152.17356646617355
104.4594086481967
27.803234080001918
125.8830817156546
167.9536372234327
202.12816692598193
83.90392952832612
-46.16342385288557
-7.862731884496766
-76.07133323505124
71.92307870599912
-2.6440865960597724
-170.61270083650754
-181.58695204849002
-221.19925117687902
-110.47275217305697
-80.00349909388345
57.03778952487141
222.08612910485377
-21.24708345737906
-27.884137042273103
0.441342433521409
-325.45024438007215
-23.78896561701814
95.62193922820511
90.76340007985831
21.08509555842464
-2.3033445935905115
260.1051643462618
-155.39992167845844
144.18327783382375
115.02797315921401
-136.50574978242048
66.43259755997002
80.14959664877476
-23.184124354420117
229.9246270620064
123.14793553956306
-67.30759704688403
177.16968531933608
-48.702247637631565
9.19291118400544
-123.21859335209322
100.67213914217093
-308.1613699673498
150.15328329372204
21.73813525686264
-206.3148629177362
113.83920995150851
-80.29142017421466
-266.8750576499473
-122.37025638872298
128.054434906843
8.279152772740746
-22.338638075038943
-97.32218210117509
22.05567532396315
-129.7528390408246
134.84429376300983
-281.6122934155079
39.97556340730728
-9.627858504496402
-3.853452763286633
-168.24181004907115
-183.6205740966469
-56.79821995216706
86.57133697896995
-83.35965305670345
98.01989279128924
-316.2886037368137
-125.81152092147241
58.399220841042144
183.70985862105158
205.7180705872217
33.870286920373495
-40.45839399832445
-96.4007477460535
-139.98494507944338
-70.62359635748699
-97.31094320537748
15.110966028707544
81.342657498074
24.172982991242087
147.6629827462709
-32.66490155017158
199.5537678101138
-77.53449643615653
175.18073858322194
-62.12746608153403
135.7265116218644
-40.20482358533317
40.982892715024846
-223.961384124571
5.099986349940578
-184.0060811548111
60.2692874730167
22.902190996696454
-177.09962832638388
-89.09244658086982
292.88711541831907
262.3255594452514
-16.74715412644744
290.00773475133144
-32.53337302713867
-345.4374330327871
194.58231485473
75.50000701157585
-145.6958563033202
-167.45529873065195
-130.94316523056133
93.99209379662413
-148.1525919490418
-34.59098784965739
-53.943551432586275
240.6162024768927
-135.83786375358596
144.0463941432537
151.2338296748426
88.62445278330536
-46.71337212932523
46.606488682005775
128.98492844569827
85.92420051300078
99.35637993543669
-183.08004384909376
-20.863447689071638
81.21194712030808
171.43480784408334
-91.81312178633705
-197.85670499009595
-77.31435884388482
331.4500865439178
297.4346937811251
168.16850444863346
-32.07861473076298
-189.52964114273232
-52.064688399525245
17.377232028609683
-6.05318275712653
-29.027722956114665
-35.10355499625475
189.90792032596454
233.63992320972574
-93.62304428683875
-144.9539250485027
237.5268479667873
-113.95032351986043
-164.54641996141726
41.81281820873226
45.55093535145412
85.00841313281843
1.2077177542059532
70.84710380582906
7.129727702552779
88.9402644919501
63.105588723704216
338.3242216460238
-24.32390160153686
14.006339888284959
160.46756528990772
90.27711674653679
2.3369845481154883
147.04934188157011
-125.38396530395917
200.84972187563926
41.881303014117535
127.52644339114582
-211.8843570870951
-203.779621531513
54.11213678504894
147.0777804368832
-33.928664299077
186.91945644914748
-43.644258192853975
158.83827247625513
-105.27110478909096
19.766313283312332
-1.0174275041456948
-56.175031131782944
-256.6810146571277
-41.41755824035354
-59.71033400193232
20.589869927263003
171.2668835781144
118.58028080530632
-151.55181983663377
105.58258088278552
48.42333421787993
295.7355813656233
-68.18235022945797
-91.03064997490247
-266.5847815477539
64.4432564149274
-89.73088329610015
-124.17982384750802
-149.3529154439179
2.5011473802073776
-12.610413144868108
181.47446237763805
-139.22294145849682
-98.11005742381965
-26.05619192802518
42.83566038822619
-144.8043054648086
126.37093313839827
140.57605117445192
161.11394383701852
-10.771050639961182
162.79448249153484
-56.99261364834581
-189.62031961093675
-38.236711342019966
-196.58460758773273
-63.04300723153795
-105.28221481006182
-86.22550981825802
-167.34755880119687
161.50504669934574
-43.82234524551818
139.00425928550692
39.38446390255292
-170.3387846821342
6.201412563351729
-139.0575689007847
19.824013888266045
100.64177948584361
-128.5731638418118
-130.37391716848805
-237.81050103508016
-12.041371129357762
-326.90348078602756
-0.5768045173398684
-101.52914649048282
10.759252137640088
31.18892329547801
-19.04482986860733
151.45465730376668
230.40525032812397
54.28626354618901
362.3947009441085
86.72836318863943
-90.29781395562765
-51.625301458412785
273.53153679183094
-247.20538827635792
-83.96452709657484
100.01245449366147
-120.09278084192267
162.1626498392889
-83.58054940076221
54.75035590796885
-101.89729845852537
6.049473583886373
-111.71199171518943
-130.58248123092832
35.432007360660776
-143.9672783338559
-99.10336795437362
-48.06783020429289
182.45692359448984
-56.06312527643103
106.609615362398
-0.017607034374815367
252.84401870127078
-63.712807380302465
-94.70892671240512
-159.84872786601767
-78.5243338642849
-150.3850944200542
43.293535079402545
49.06766652669746
-5.977967574768295
93.42384479748341
105.41490593545024
-52.4103597965909
192.02106920615688
296.93656113506637
58.62606663901397
57.77938662837434
108.03646486955247
-36.68772632655826
239.68484232315274
-130.70556819823665
-57.41349690421472
107.67599375697499
461.5413590647826
216.50813931325865
9.39525786731837
-26.582845956510887
42.41812756384739
131.0422612898199
4.866056397409011
54.658295274045436
-197.79095018374323
-59.24799897527798
-34.613089243544586
285.25275312960713
18.690536227911913
-160.69866345087087
116.26216014021459
144.0683335653921
73.4716090221747
58.747971675646156
53.312104505617604
-260.40106337324943
-248.00436724615918
-93.42254976354052
-108.38322228842902
7.080779026366415
-168.77434493365877
-243.31751744946024
150.98499172237118
-50.90594267269595
273.52673583807433
16.20085045132732
-28.655833738981087
102.66902688703499
28.208208384614323
145.99975515784612
55.61731215503529
239.13856552483492
127.09500295827591
196.42911084599987
-63.28820929781338
-39.9375374764645
96.3087520995585
63.296415509886465
35.58213524035414
173.8747536219132
48.35208036121371
141.2726464600981
-122.38949170478034
72.5124146307714
55.44331999069264
-133.8648479061448
-206.89838550473854
248.49030562604796
1.5567495760884702
118.85408089395816
-126.81923460762587
229.8401080318145
148.52071199990627
-26.29190205210462
20.796060071556397
-9.139431195123876
194.9993524221363
-54.875956057151285
-42.357042743938635
178.42670481385176
-40.739036094209084
-182.27303471027383
-50.05014311310458
123.28538433765985
-54.95384799903799
1.6981782732912394
-207.36512511191526
12.915369662596117
133.34216432800505
-130.9292507943438
-10.85924103738056
82.14834923020548
-250.96107636231562
-118.69017415614934
253.6988285363125
342.5338047488774
114.44238270098882
158.9990754704386
60.442761222273404
-8.906112446735854
3.567001442556152
107.49070528937371
1.239547946955038
-28.381769552167295
-256.6626980196652
137.7020531090135
-182.9650355612345
-50.274535212528804
111.83074718943244
39.614869983816014
-181.6891690716845
250.86357496224127
205.07299020424338
-22.596495016110925
2.8584087474354853
-192.7457761643552
-123.0336605980476
265.5544934671131
216.08430846960258
105.48364532803093
147.50175050115735
-329.29352913742713
210.6341032522036
-110.24872489333211
-271.4812536379466
163.98793896698362
-188.63564566496768
283.56167303166575
303.8632512089523
-16.761386240547324
-140.83738847237743
102.44719178784551
-163.32705257819936
93.07928203823234
94.85017140817925
36.311841569740416
55.29570130264153
108.45643900507618
-103.64639956920055
172.916654549024
-14.416003167444943
73.192014503978
111.10603831815058
-184.23163575537959
-67.51158270567221
19.623028660386478
-64.84955919070225
-71.00168801623595
-47.18111459567297
-191.96881944370898
312.40410026846473
-146.67528096634285
46.86184581160505
70.9046677296969
-33.43678568674206
69.12280831582474
-124.88666940732551
-87.24319163359765
2.766056073729805
24.923854170739506
120.17197052973151
-46.42945557244776
54.82749192960681
-34.063670710045564
97.5756295181516
-128.26289431985194
79.72487578961942
0.47126697395802863
-117.57381982520855
152.43943434917838
-79.37831750207133
-39.30142416120185
-57.672300229094915
-55.484348460624346
227.6696763581123
24.267754004597258
119.26841661400574
-6.708984135967631
90.89622712333296
320.065500361167
200.69335160950158
43.386520345629634
319.1368312318784
306.03271120748616
-40.20385128438871
-72.0039299787313
-59.24698801414092
79.34274781893427
121.99818583051439
133.62480561141413
146.04350403141953
1.4896270182805114
-119.95928859566247
-44.69004116077029
-36.41617505089193
-61.805789677391964
-48.28222392343308
-70.76636786042936
26.253066316804606
-192.19525863812754
148.94042592282605
205.4179529723406
-61.42935562041933
188.72072671516833
-264.41149069823337
-160.04932853066774
-54.84361488166138
33.040523297009386
87.67411651218364
-165.54207967339374
-64.32011160454527
-216.66333860101767
165.39315741001275
-98.78774123997532
14.604839457306694
89.0344493129159
78.18412256032198
107.65706991007617
104.9301041583658
-119.88417900680523
-201.8887752425607
-137.11104630341916
168.78078398558705
24.347557024009888
200.65293382236604
-32.87974034005021
-283.5469010016796
-79.47837365192572
-116.84590272570522
77.99511822096574
66.17120387744563
-86.34651352497347
-92.52381379343336
-45.932903946170725
111.17866343795947
299.280146803659
-25.91948266739966
151.01494151032068
-5.887233029261744
-49.73397424944219
-28.568856992520747
-386.04567264477174
-172.01674382235072
-27.718261035221897
-288.1079864880783
202.06008211623035
-41.95206560469384
-194.34430671283872
100.960697837937
-107.86201909009662
-53.02227503222193
-291.387832660432
-51.93313030611349
254.7039410907818
-159.5444164853128
-140.98983932489236
-9.830371564184455
-98.35604503744554
165.95111906801878
-62.706005962089954
189.97232135598537
-320.6673453392935
-30.20832345258266
233.24304762814077
-339.5026122552968
245.01818601636867
66.11554143004193
-115.20448436614775
38.3352455774833
-159.3770333763406
-63.722373405968064
-289.5258524430429
9.27149727750871
-103.15053536210536
49.151141863749295
-101.11998896704687
-70.54532938841932
-64.97750031928621
-23.62205333786284
-161.75885283145755
15.176646906211875
-128.54722122582425
219.75423095879293
29.54745281933591
-43.792034855482406
158.49854243832158
97.42052491289563
173.34011894466397
88.81047106870139
25.206758544627405
125.84102265903773
-89.02208347242556
178.376830086539
-122.412543582581
-155.42457544838206
-101.10391620731305
-181.97792621059585
-306.61646271349395
45.57195768795077
193.81114025589488
-177.15631509962571
-195.59662091796784
-143.76796476687377
24.349136264184935
250.06008230020268
-90.16554875735974
117.80546435912484
12.033399372433923
-25.461909413972702
62.76906370146546
246.68047293080667
-344.63299471551784
-76.01814183450858
11.992418975430414
9.541139379842015
-41.49370803104054
114.23472345951227
-85.50364808810095
53.38584874424454
122.78663213397941
33.83028739757045
148.4349273107061
-103.57089200463233
-45.70393275106308
-105.36351311601203
59.6696728373695
65.66402802475412
192.57644411739267
-192.533852347821
-35.46153950164231
48.33214404867403
-69.95130163329367
-56.74614192166844
-289.46248781203525
74.95900861920005
-201.83832731867017
33.874741558988966
173.70406426482688
-132.5003206629012
-107.69487138652829
-267.31003175317824
-22.545293221473443
66.10504161421191
-209.10401049932165
23.371462011861077
-219.9568523295716
-203.25062336469253
-153.7846903491425
-217.20581913502687
-100.5132110571965
-106.07999390458674
-85.5125766980688
-134.32754657319884
-153.7569528956406
123.41520847680509
-153.72232239752344
127.35240180207379
-86.58516022438322
-47.07322832886515
60.37803619868334
-0.9004204004755487
98.89060129223002
-101.53435172883049
94.88149090613211
-69.39373010182871
-0.4139748566566923
-2.0537312538145773
-64.6176945148009
-70.17762634860121
55.76855455609157
-270.98687195566475
-31.61519299781919
-24.605572103908194
-36.6870830291256
-136.27930100162925
159.02151744509789
-35.9059944965121
-160.43275513592891
22.461135489017156
-260.25144029340385
-218.11263272617896
-250.38931251950112
138.99937588008027
-394.23090036357837
-201.4246800848437
-13.232467288223786
32.2714999145959
138.18520090178865
-229.31423005183473
367.1374361830695
92.47758634612887
-7.842444054343254
-69.73849537022478
19.961580977949748
63.45078639411117
-31.021277602082794
-258.1842334831509
-125.68681506998938
-229.88871841815376
-347.71359511541533
-95.4571456119023
-127.4139865148366
90.41842238682459
-16.5853675103022
32.46748535148178
47.00148108801591
-186.5950730016432
61.53583723193224
104.94212929689071
61.67687788701466
29.358747897190014
-85.4965137900502
-50.43300979080109
-73.50703219079521
-153.68249998763605
-31.5240770231496
-100.91453000164013
-174.27309921067263
-98.03690046680094
-251.13362840995654
3.295351285573731
-9.270474549670869
78.61757086937578
-254.09332884009186
-105.61807653875933
24.75196312702074
230.17873345521002
123.91317197495461
103.84988598142792
-12.970445295931682
12.810648161483424
333.22518794236083
100.79448861653968
73.4757349175213
244.799583432921
-11.710656395869439
123.2606703895317
-31.812606183513957
7.799741820751805
-51.93945088277476
-182.32018307382734
124.84470618878544
-38.336305294454185
-13.425564879250153
12.052117309910054
-223.03703486905482
241.6483892945991
25.804949682025033
-23.991116765993898
-88.6365848211467
55.158028010344346
2.7895348467974777
-366.09650239693167
-74.34440805867793
-15.435393497085538
7.306893567764858
198.69953444760375
11.834907945660914
30.425507356910988
237.2381505658375
-70.91775403126573
-158.1682890010365
-80.55094224508072
-234.3221642681981
-139.80147905799143
78.26211797416178
92.65516178075944
79.28938261116382
-185.69975851767947
77.54001194147739
-64.8325110601737
-193.9759474182152
180.3408575618724
91.40894360440326
46.39889776981003
108.9208448400909
332.56786966422993
-144.81795959029344
-58.662736499579914
