-147.44380640886928
104.11822221582707
216.5014805549178
-128.8342296633479
73.35671230323004
-273.425641299687
-5.581064361794153
-125.98076077542873
79.81217920326957
-45.806394929085236
50.79776140260641
189.08772711372737
-1.438113692954612
344.13018785341967
-90.7452563352476
52.4648218386742
72.46141120018643
-146.0375954485078
91.57440980551168
-10.727302854651512
70.22145042189612
-80.51910460161265
145.76684225532955
63.731246611438046
-11.070025875295382
0.5078524763259107
-0.44818315777313034
34.42607981275719
69.55811661434316
100.88096175060376
-10.770557446326796
33.21088789364484
-126.46098964932486
13.59563590924774
36.73009761703231
-32.725160052023895
165.07026298573297
53.20339192299565
80.70296585544006
-21.140854761703217
48.095144793828396
143.28491739959378
144.16494360820988
-22.126735446756776
-161.68915788552528
-44.47292098912497
-61.27605614805227
141.70754857004636
90.32669586174372
240.52651702711705
-116.0265787358548
19.00870878544899
-17.239357833157058
-137.00418359716707
120.76639047821175
83.05848456308273
48.71312591706393
48.69971993140161
113.20349111809576
230.5310063612446
73.32930263751436
-7.09215912182068
37.864940272674225
-1.5361227372344568
67.18504471797303
170.2506001297241
28.118512684118297
123.91892820433868
-14.670909589786547
155.78759070282968
-13.30780544385065
-71.15515722396917
-31.11982901777401
164.04357334040716
47.83184285793651
104.96368839969156
219.43017440094224
-233.98103669827077
65.34889985484166
84.04907871955464
114.8697603745131
23.476330875836418
226.23357293459134
-149.12519780039017
-223.31978456235436
147.0250067387859
-92.58170812043434
-30.52466170666214
-52.153264808557296
143.66326198766285
288.87356531411194
102.48072763026751
203.50002393544733
165.36344705085386
20.529054643356773
56.98772371310625
30.942776077249754
-113.89039910810138
187.7054682094522
9.363484437295645
-146.6012311888746
53.85878183598445
-27.764347373581522
21.72450179669303
10.329454638803545
3.2414684380098127
219.57395677078307
123.41294036812596
39.1776665703953
189.44409361795496
-86.1214993777393
145.95073668946728
234.33772008655623
220.21420003164457
-38.89099517770813
-89.01771310163625
47.628292093872176
9.453226779693768
-69.95690736242284
125.58215237293375
45.02817512758334
245.00886764219933
45.19943377885181
44.51766232291293
-80.51849939979861
376.9070652836978
-210.4719886722469
107.86690395143432
86.83458517720301
105.40067507438725
-33.11578674665634
-132.40102229888427
-99.11551042569023
162.73034215785825
-3.3471413999888826
-54.1363226344238
-10.650413790675266
-16.25716718280207
210.9938291204833
86.91834498089716
138.89045603587257
191.35306345559073
128.56114374829698
279.9301784578881
-72.36703017446843
122.36338028603556
243.18345424718413
34.72424070672543
-6.609409740520341
-150.66937045766858
-93.80123402716464
118.85738964072452
10.580283279510716
-30.943422789009787
176.3007403615931
-112.83391886528076
240.85070514119008
2.020319507095045
84.69712169927566
121.86911212525813
-1.1835332826985159
87.4174443931204
-267.8609695986775
-63.95382216172868
-96.49890484563932
-142.16460436659338
-142.38441387279036
115.90752808956219
-48.056493980126874
147.80053271255778
56.86738063405397
100.3156636114869
225.11134679687214
144.65867462143396
93.96776365660226
-81.66451786837878
-56.3107246039712
-120.2030600601827
-24.4948933588786
-100.06957411365649
-195.2394189265175
-88.43413212580607
-51.65738452674106
116.32463838457151
-194.41351286973455
-61.707831072185066
32.03251189482704
4.769385999726827
-85.2894495349009
127.95796514363713
-18.866993718925468
-61.79213015707074
-217.81400240483433
338.47783461951093
350.5736934097734
135.6756241791501
-70.91951151201452
89.52676837443548
33.15911803467543
-229.07489647252905
47.75519165597884
166.24052951619495
78.34935331938738
36.481294716362925
200.79805275978194
-145.03616987674866
-351.61946407782284
-81.74747829888047
18.447445838645535
-169.5891340341374
-99.19156148451228
-12.198779367725852
383.15221942968805
107.28841495452909
-163.2453457063972
275.1501009056573
136.22491145706533
-150.3265640577527
70.71003751011023
69.5936746895264
246.52691954317865
-295.8559696130624
115.41031334720594
-0.17698602594276192
-177.7101303007008
28.41728406923174
64.08439646799508
107.4980057069389
-305.536032770265
44.309779625746366
-28.878075331297534
-66.57445124134246
23.45230384824614
97.46784566146701
-81.0918555424656
37.52771677511641
138.90433951655373
-97.12796934809586
105.9903571926001
-22.905925339968327
-2.0357170818693815
-95.78562730742567
-102.37773319539961
86.56514732956624
29.74111905206001
16.172807997757488
-51.83457264751666
-100.41436738302782
-42.42679935742266
-106.27121253266975
-110.76596114448738
39.90918200870146
-192.37726386423043
-78.06415235673387
-133.45760229989668
60.68581867814197
-3.343238446238183
-111.26116949911533
129.46182327579035
218.88170205849806
55.12354404641126
-29.76682548710817
-96.79917826516129
-218.96513338620917
12.923983680965778
120.74516445724417
42.13799460890105
129.24382901517689
-19.371352520655538
4.886355028331623
193.91164349719028
-52.38662507665551
-172.82242945356077
77.83418138847584
-171.71834040619206
140.6377708926401
-95.61641623380412
-70.70009391172773
-128.7523463369364
-90.58466592621333
-223.9018834998666
75.8953244381255
-21.16419400120074
-29.639243210424052
-56.79377544269638
-88.59097666314378
81.38174600335662
224.46311567731013
117.42199982104792
212.52678733144603
-1.1560704535165276
293.1149937050702
37.151085415705005
-20.68693467197071
-4.729041011289621
-182.81028572853378
153.54739577232706
31.533630840546795
88.97771120007758
-123.41732265823691
-29.555258300775044
25.415504678466057
-118.65195236022589
351.0917922657675
-180.82361509463792
-115.12308371010614
3.102962483277359
-10.855229157412055
222.59608385878215
-72.073871712191
266.7971055912485
-10.871428406367713
21.621464753812628
-52.530016626736604
-90.75734523855154
-8.662152609436044
-192.1121603667283
41.515468778501685
56.393031978261185
-68.73954172194082
76.46021416980699
177.7207968919757
-22.86329179911411
203.94983235513
74.23118665276219
140.438272638938
-153.52360298569786
-139.61710133734533
-74.95050064050687
112.60317128114592
105.84395213412142
101.8396902995082
-52.65358730666462
-3.8171923154545015
248.40023442300094
-65.87135461991625
-52.54122218021645
8.455333997810339
-53.92439308465307
254.46708203306414
-39.71595474587982
-75.73055358213902
281.62828049122675
109.441713682756
-84.44933280261068
-20.857321895599295
-208.8870302666183
-274.3764864708029
-163.62908124944954
-7.4788852364406315
-35.89393371652517
70.4164336513503
177.5537678429905
-236.16678769987655
59.23404762070613
20.196274702286914
6.846326043371246
50.627319807181934
-116.360143574419
-171.9112543840687
-150.1516015294919
-196.127654745604
11.042429201902934
-124.64923616328863
62.438205413300714
-60.62704815524686
59.848885639982456
-59.48922035482269
-23.032533654831308
-49.80879313476652
-33.49052299745374
262.29988835994453
16.23609676132568
83.80580853984114
-34.27637245087062
-100.9102211871856
-48.70329516109417
-14.926895666981153
-205.54055979459585
7.576960359698234
227.53550970236387
61.950917100473134
88.57222430156165
-68.54335322258513
189.93112855328332
25.339717844278727
34.77074809043968
-9.480508949667971
77.50505715634864
115.48920182601616
-75.38891793646555
94.19374699681717
-104.943849228691
-30.647363177560226
175.34979113433226
130.81904301632605
-126.4132022184985
-170.10810790157004
120.21267844117334
-92.04115157248157
-208.26601334281244
244.62402769211897
-129.7560702157857
37.901832127269934
-33.993322721611605
-109.7275002206898
-186.37130029735295
322.4386011533476
-155.14701259327185
97.36683142680984
-26.535281535194112
118.59593125523945
5.417076514770761
4.0145376736919065
148.62628556819735
201.83670571156247
46.101615600933336
-71.63281052972751
55.96080794226979
148.98712213639817
226.5373000050414
107.18849735449388
-0.8940193145131954
-106.76862253725541
46.66187978430502
0.027830532013905923
-148.94939830471918
152.93642497088348
7.667319629540515
50.799891717379104
-5.855808014859685
-116.98719426282584
33.360420760899835
-24.295149150982738
25.81738148975015
-242.07073629235484
311.0071615471284
-104.79836936949965
217.98339729078575
-107.92588512656027
133.45545816349468
-223.14652633698083
34.176262906929786
9.72880460527924
-127.55617512061788
-185.15839037259212
135.05192389276343
-80.52575008685895
-20.93633190265039
-62.11813457149093
-13.857236711249305
62.82041610085618
-152.97097975180242
-66.58465980734913
-81.5522546150369
-252.00299098083875
49.23108857646857
82.22335199128743
69.54985692702303
25.72785608077809
328.9104167501166
283.7534485256972
2.4557036311192926
-55.603290997267145
-42.45383790102997
-54.04435617788845
96.68755571838292
-301.46964571288134
-26.785828544031833
291.2309893261145
140.17810929883322
-9.929044746559795
-111.98718355746117
-180.4780045751462
82.82448862484097
107.86856671740748
184.78619019993684
-109.92532074476456
-122.36103789981215
9.48956489285581
194.8740726527052
93.38592704660863
-13.292200584406114
-3.069491614107297
246.00833292528267
127.07725336611382
215.34625952531877
121.24073009127518
-154.3255423804024
227.4315040484435
-43.82449873336382
-151.46818150521344
-13.534749856478161
-132.97190496462818
-63.97926031253827
-24.719731692710223
-261.22861949076764
28.999289200670617
60.50308873322336
90.93441037493152
-113.8483756081018
-38.50892548999425
89.39855018241965
52.2338354397923
26.587906386206342
172.6168922256063
-169.3210056850927
-171.21607136773042
46.557099926368586
65.20928753566366
-17.25307608336645
0.8168028350882195
182.74407785959355
-130.01674360990555
-6.4435692019670725
80.19318496597566
186.7820604469275
1.848060345052241
-88.50226683115719
254.2897496476852
52.31785393883975
-128.0191656240667
58.438142630183116
-110.6039548824104
-135.31170894342725
219.5160263807189
9.872646822293591
76.61676027506326
-88.85930160690275
-23.436983867173154
150.24792900445865
-108.96345123868575
97.20345435625453
34.30163350083515
-263.0153505916268
131.85775388971894
26.80731034367883
-22.44883594228331
-172.9905714283071
-175.24653510748487
-58.542933076977796
-62.55491553620911
-163.11915628877213
30.706252140159762
92.01028026021028
198.19429999862024
-92.6044508466886
-20.44126250247093
-343.460767854743
-132.93217553846995
-188.50809286201198
-24.123049491753502
-43.30812911221853
-51.894507899095046
-124.35792839519783
70.63084247377117
202.80855309264015
270.81335726803934
-36.15376449663339
-29.297556988688367
-60.7258528732932
139.1666906333585
-38.93002363776755
50.363123705412235
217.6801563126744
-32.64269670465529
226.5041213896878
66.29629974142645
-30.287595945504556
-239.60477996468077
49.94375530069741
83.72701055985665
165.98203428116173
143.45141189230185
80.848322289729
163.25439823030422
150.33284281521358
-30.3519005206282
162.44184316929662
30.09799184688205
-56.864764352199295
31.44204749095085
-100.90044718797351
-310.02232758044875
-21.93332882344239
11.697172471394198
-112.72972909143577
-154.24333929982416
-34.75181659128664
29.70146858970214
-163.73369710252672
83.35033821110123
295.07367178252576
-68.79283518879187
125.17231568273016
122.01555056993756
32.79727827724304
120.24669710811254
241.92360582681
-170.9278668029607
-25.80727147993614
-142.7997283876229
20.2174774886213
-105.48013567514275
-99.31514506162497
348.24628313939223
-168.33535229691645
192.86641091647434
-69.80150610603896
-54.84931688494683
-174.79589431702686
-162.2822211564524
27.657169085152926
51.50880644255345
-154.64830119892628
133.29707838223305
-24.27387095565391
-169.01689163690043
200.66283432546683
183.50769711101265
-132.34987757627295
-149.23766514987912
-53.4673474825893
-56.72585597846673
-121.08795920823643
174.29581720743113
-137.66432082645346
112.67214294536025
-143.5344873259599
146.57650241165754
-114.30091413296465
-15.37539832921755
104.27066354695472
187.90172877174606
168.23832918641537
162.47582003133013
79.80497636110427
29.328640078612192
-44.9258150530132
56.75418065291775
21.844958375859836
-48.35680733653363
201.41197927177745
222.97246738202875
24.091004472468533
42.77137744761704
-0.15930469785652568
-125.79081789921226
-113.84512137270136
-15.368122564509553
70.97255821978561
-81.40292044411947
-160.9695160561873
-53.64358454181012
-99.48952238485558
-136.47558474658769
270.1331548975383
-140.34498421324665
-132.6458805353657
-31.691581500786153
-67.4695496779549
142.65506168715189
-72.29629321379063
359.20158352267777
-166.71528124525398
222.78149133119558
28.60484474844854
74.17919691313143
93.40539249301807
40.89836685352752
80.2187287554989
-9.6895916537189
234.9964149391469
36.071811579385084
155.72597522982267
103.12072797798174
-22.269021768187628
49.54108388515412
5.170814187717555
108.19026358884756
-161.36481602830554
47.6012377773564
-153.56836704402403
59.75778147526319
36.33619934787806
16.4202083629694
148.7404966835895
150.7520283817431
-27.526952326904045
118.23762083873548
75.77006565949
94.26208214515955
121.03568010788872
-162.93801974270136
143.8100467317226
-38.900173204756655
26.23629698883291
65.45986091508705
-299.529655626779
38.14548028498885
75.1405839358957
140.9711928406787
48.21635658136991
117.99335112437466
-121.21897818851312
-64.9346737455594
-154.3549273805676
45.72219985639533
141.7693894324331
-184.83425107210311
140.1264720348541
8.728391208954461
67.75341981162181
27.095759564811793
-54.94829405701702
-94.82774781270216
-87.16945631882797
-97.0085217762345
24.71003006078304
16.625317213015187
-34.73521749105514
-12.06621890685125
211.34014237135838
-19.904921147808185
-113.9326271741906
26.80152118266485
-154.63667036754634
-29.82000544076061
-97.79812060594008
-56.80680888663155
-112.66583653747479
-192.38942422228217
145.22887366107602
80.64278670010479
-213.62990777120177
-177.42135814416756
16.315795986663968
-204.6368967971367
-12.235293280003095
-111.32028745741002
-87.31201897639468
62.42824248217231
-182.11132391364566
-189.91794686715394
-38.40825105465322
-25.437846325437544
-122.31699066288229
59.772086677067655
-136.64946025606994
259.3813097905151
-141.17737181744636
-159.41609228443352
-80.4292020996576
-33.17626258191428
-222.50023929290137
-88.78970996160746
-126.12471926568176
79.15137409353996
102.32254655148219
-125.208491745233
163.36243451005598
-162.42819785547434
-63.180808056685116
50.90168010881203
-6.559593012795551
-58.11468330063356
-101.77400001646213
18.325370113079686
74.58619215288302
-81.36253745189744
26.72617674350482
-10.402910192730866
-238.24281503375613
-89.25790063889175
104.11984399084436
73.9729247373352
85.43195438781335
215.20266741577012
234.54936240224313
-168.4697458726452
-10.09341271090843
90.60749382475535
14.47465793404192
198.93552055353007
138.9106887250605
-107.53024989066348
-37.75217263605938
-100.4622590486069
304.9452940731211
39.71538601751237
49.61059494960971
87.2351829498059
-32.3116755048796
-71.97104906273785
-65.70582602937057
-286.56707212677753
176.07632311697165
199.07301424083767
105.48763815794608
65.92743419297229
-24.65929410853427
277.2701022502632
-97.55373461648104
-65.10478192784605
-75.6935504618863
93.80921195109016
-54.8028777111037
56.49268981813911
-281.7798910859287
4.087122183540085
23.774124959381073
-89.20571740275828
-50.90736716569498
135.29631291208526
29.527081732960433
46.30827834930113
4.568542299227335
-54.55987246002894
64.89314856720402
-24.78346147912946
-20.86140134612603
-34.15744444936196
97.64204185381398
-202.16117000825702
-22.955338541454513
-100.58825185015802
-6.874135306179273
-153.8862691814795
412.3048656916286
8.05047787856973
194.75239790819214
71.42372389388112
192.1442910637163
4.610486477752095
251.234740785244
-282.2425886566395
31.095922414103
7.051441151582715
233.72531851361865
-133.89858686720567
60.073953951187974
-0.37618062617530423
-64.70701733707685
135.4352266236902
123.3522949970169
182.82987117100592
107.22295813823544
191.04969346407304
-84.93027686620425
26.00086932367202
-26.62010025589602
97.4192391633555
-0.1913872855630636
34.57087913480799
227.27078434819748
196.89484387662915
-298.0118926448993
10.134772434394241
423.4947811982303
34.5752422318706
-271.4867063388281
92.88292024856112
197.16727258471684
53.126368772241335
-64.67924448501434
22.989354686599903
-20.467915098698732
75.4857487177714
-108.77964610375241
67.33343079265849
166.51584599645486
64.30545713381441
-250.38078458200008
-87.41039871243711
74.96661072645357
-95.16249052815425
387.7493530839856
-27.558178298820174
-13.821743464337683
144.44501484650291
-175.337034056465
69.552071694189
24.54266788982602
-168.78392941129482
-3.8919859756817887
77.23981263007285
-123.62124314010214
24.934042797503277
107.59599915255521
2.0931525433395795
-35.14018697897542
22.959156806632258
-83.96926796006308
-28.581829704437002
-123.77945074246632
-66.44688962466408
36.69122870888552
-32.55672117304849
90.87327429441369
-33.32480028285369
79.44061381693024
-31.906809146233766
73.79966538817911
-52.86111291421833
89.93324470766854
426.21901571942055
84.1904899827867
2.1308755664757433
-88.24062115844721
126.1694918720253
-117.54661787934495
-43.13748974046218
-387.0399507646535
84.32728712227784
102.30114619144426
90.84500721687616
4.187211602988603
84.36575565749737
-34.40483559163777
2.4259817946577025
-41.57973000900575
16.18847267721113
-411.85585730879353
52.79629752899493
91.42574672088094
-52.662710636341224
64.49045415456139
-183.611048527506
-170.24040612584432
7.699931972447434
-48.24841009566766
104.21263446181005
-5.159796698823788
-2.5260863007931285
-18.957948485773567
288.81092915626783
105.21106586490328
-69.53521767205702
-100.8419107809737
78.75296128288115
73.0319612906534
-174.23257812694462
-79.21026163615917
-9.209277700993496
-260.7581269039145
242.60759626417226
213.07550986410214
-97.26216006879301
-197.02496707047644
-88.2714307167998
-185.6226634231083
7.7654967649674465
-184.64675850767432
180.12019888383082
189.70561519522138
-199.8815959317113
-73.9688650839888
-32.39712505544299
237.65470039047744
-6.250788971023921
-152.55022641555777
81.71227814765425
23.045689379011293
-178.58815312881873
64.73261935972066
114.3064021696332
131.47891277419484
28.463040192216514
-25.353173258477106
-133.48544282247252
205.2386275049378
50.35037592299142
100.7301564308997
33.044680818896346
-263.0342400008454
-162.4057768798764
-87.9186232809571
69.42594521748678
-82.90286386237733
-166.22144773920587
153.90244106244728
221.6075599157465
172.77656891896865
192.18971256732758
148.7775547003209
-109.5069704999478
-105.47412960121365
59.86191820733183
-95.93928189461268
-25.01772167622294
-99.64778050216627
-25.163562599820665
-74.80239303677224
-37.84078913392806
20.07237859188832
-94.5976456243745
76.65583047689654
135.10761632801476
0.046790380630021555
198.80007046201976
