-147.60613383134674
-232.53054931413143
283.97522490209633
-110.75431429036934
84.00582398503813
-53.42760902346952
-58.62933688365628
-188.98872246761707
-94.20485121114132
-19.935950717886197
32.03866026990013
-119.48279584767639
42.56283349188238
-99.17836518368591
73.58498147315422
16.92501323476276
62.4037807877113
-452.566387955187
-127.20267364705748
-236.30332157540278
-40.86941684828824
-137.8722637374958
-77.87121812569929
-220.28697768465398
-130.80630707206547
81.66295095568708
-199.37361496330323
22.120251832404065
47.73521780183655
-45.8131009133174
1.3812702054998185
10.069848624193643
-35.985793799689965
-206.8106098894696
129.68565529698682
308.2425687675866
-86.78892704480059
-1.032008076894311
-197.45565867985297
-290.82861608275766
45.13565447695035
7.761636244553859
152.91333934488958
-131.8612458509734
27.692937500517996
148.77673366764085
44.90081818976687
-21.915171887235115
-163.85634435053535
-17.843668547697103
93.77633795477063
-222.24094382615644
28.651120464399103
106.53303473552366
-31.40367726807355
-126.81270669557725
93.39292191202895
197.6424879661022
233.69220289834396
-106.7358137014882
17.792968733999484
146.17545167689443
151.16710218835559
-128.9956223781497
-177.67034490660086
43.64467939108301
29.149722888898513
-128.79281105584582
65.99145261038696
56.251152694891225
104.08815907184862
-194.66114271604675
86.85091640472639
18.553328521929593
65.24404580474976
-2.8148278411309464
-22.84199916506113
113.30922456241042
-295.604524130546
43.2017401936096
108.16282650620602
38.9843643613801
-370.4887438489551
-123.27428850076552
87.8737740998139
128.7085361302953
-83.72890572821403
-40.37520772365795
77.9972061255443
444.7393904662229
276.30977840527663
-107.70222510274291
19.81273942756503
-100.28662971897414
21.27691535868495
13.021316264758017
-196.76958680870175
214.1599242183258
-71.97107047209369
127.8971766640055
216.01921600137723
-12.101476298325625
-15.66194150264292
-135.7910908061098
-93.11075408048036
-75.6584061870839
-170.2876415671092
-108.3483018948462
161.09839340041833
45.02106204505943
-2.9205347973349975
145.0485600751404
-140.3326069785429
130.647512526269
185.72358726398738
-49.60731185463564
-173.71314109655512
-118.04950279777839
61.24727321483016
-17.246882066514516
85.30850488927958
-48.4482194527213
273.8271379119954
249.87558021390223
161.5267097959835
233.8140345728227
-258.82777118869296
-40.18599341411354
131.6740014800852
-62.97997383836025
384.92761752157736
-283.21083489198287
-217.17622696371507
109.38776299638376
-208.9263206727634
-132.57983819305414
-25.57393629263009
14.239657736699673
171.84589431199996
-325.5446835045292
157.09923783870948
-103.31704721279866
167.78872351165484
46.601499642318984
-46.12802852305464
23.16669512581573
-192.4577059489488
68.91862723522779
214.1424344962192
-44.10574418950594
-131.9034617719372
198.53601843943824
53.21392146670129
-241.1030624400169
-29.325827913024337
-94.20482074790273
52.730882429446595
273.12933702440927
-20.982854528630956
-11.343831618244401
12.407613826624146
33.47235183656284
22.05674895171504
-129.50223465750486
-9.733188429612326
-101.26967277289944
78.00146185295876
22.412190652793
151.34846362550658
-27.849299024905953
122.3518378239927
-26.09174900473624
-91.06363748974675
129.9524791261258
-36.590311513306084
100.31937366534504
121.2197050372815
-54.440575787927614
51.10550385126764
-175.9462748028247
-102.67398785867294
75.97370613176616
76.38082401402663
195.77735540913392
-335.7386630556231
46.83568982595776
-63.674262170092625
57.930164538080085
91.3357407228071
104.17199636538099
134.74526683940027
9.578433507307238
160.8964916437544
275.2133597213825
50.48812204023826
-92.57327084545004
-173.44401470883278
142.64799475671322
201.6600312463021
-74.85347597996395
-225.2697016646772
-61.37742989494796
53.637040075134436
60.326417177288704
30.402078747509492
5.379655861888787
-16.119074733052518
-62.30463465748443
-198.54656941155483
-361.1968160798655
72.2915923102604
77.74177551806994
227.48675662850908
-141.1981230888817
-109.79262747490345
228.73761008429662
75.80336356438526
95.11811506791442
-144.60757276554006
-108.13677297662906
225.05044635689651
-320.5157771242336
94.34025946442378
-151.89634492876786
21.172088949287616
123.7442508956327
-199.60497213298626
158.2303857893006
157.66422590157165
177.31732371073926
5.3050496735012915
212.07499690601443
-37.71087819990465
-13.70302240941232
-107.85116281202849
73.88549988082511
-442.49285251623616
-55.40380398521084
-201.63722877699752
-45.51889410628572
-1.1449354545841661
93.01037590601658
61.161837493064496
-208.54760652330177
27.667272438978635
97.45411390003024
22.41709823269099
-222.29283608232424
129.31831041426344
-123.11120080553962
240.15376197984156
-106.19081525207004
-182.2925264865296
-140.09416330162028
208.9856341720494
51.09524346526135
61.444261659027525
-220.91727761848367
18.421042237958975
117.07818961357022
-228.8625233812752
23.907770970657264
206.14163622339876
80.16888818591498
-12.167978076906584
118.3297464322072
65.353743044395
164.77771511552302
-42.50060840580735
51.0393588690087
-79.29791745074583
-180.59199099234496
-65.4217674481074
50.49367129392874
-186.98045726217208
198.96270243587446
-18.856354117032815
-37.543697115676665
284.31045599546144
-26.300951799536065
-128.1669010778216
-104.2909263755191
27.70899838611652
346.0197351078334
-200.12960039365933
77.39906214599858
11.569195346469884
223.75793501622
-16.165335336262913
108.1908899239204
-35.37945276292096
150.79317990563752
154.54725869496824
-52.48188860760214
39.98341425885381
-141.63641161419287
215.16621431186815
-115.9254780353194
11.272318105184134
54.369660926783446
-72.34710808429232
-37.428840695629006
10.561816135953434
89.93777121685497
-98.62759596945595
-190.40891667621003
-212.77286859270714
219.5486734728128
-5.365231376118585
132.4172644969084
91.50412518228485
-243.48210072624312
59.12418125843461
35.6677294788234
-7.577215253837231
-76.93826475536636
-9.653160293168689
199.26905623962247
73.94656121444619
-146.56979654832278
184.56769146593743
122.12603425527442
-163.46900242916757
104.6283842810198
-31.034727421224723
51.51581083390019
-30.695224941579998
81.75649262931674
-63.29276541766971
52.32581444353816
-312.2709869634292
-59.91259026864018
11.731956008676752
117.65576941492674
238.48338828189628
-205.1551187756609
113.49570923453108
238.70228140735327
47.494492063936086
85.4867144450248
141.59870905599766
135.17615222512725
-118.13937154767133
1.0403437586575295
-44.013917886399696
71.24423417220642
-88.72724581970637
148.30572426900906
-163.1751650293102
27.989275883740138
133.88127764153245
-16.93459398762339
272.7758819565037
0.2613031254707021
22.972802475480616
47.80195149168426
-7.438304105272206
54.86982468946197
168.03169278852076
4.347987749704056
174.46876805545318
-436.25703248968705
141.38297336074172
135.7501443100371
-193.16773158040633
-162.34279618246597
-2.664852979469377
138.4180947772264
214.49350059406956
-124.43886405676369
-96.05590340317278
-22.022359857301886
-294.4930212422078
225.672294379551
-36.22710531305659
-197.38525606308005
40.24849736505553
55.94944063619487
-19.643847945960022
-115.19955450070086
-33.78048240920132
10.707306989480006
86.77307472462871
-274.0387290725901
-116.43476221548376
111.29271736878941
-68.50370254767395
165.1978535563484
-73.83906672414157
58.52432883827623
-80.76153375041763
188.9837379146281
-87.41434148545173
24.041002552539396
-422.3233036275198
61.82891007320071
-100.8442221438511
-161.5456616588348
80.39496222025453
32.642385377084686
-25.97533358323917
-33.92699378843642
5.641461855229853
-29.348585101140003
80.43265483352016
-165.83177583168668
-397.8770000932266
39.266565433524605
-171.53763174716084
29.720269091328078
-55.28416440739021
257.53472701015977
-254.18678163996438
307.63146361621506
-47.15359811402141
-75.14183935455057
-143.82391243612759
-50.84851398068109
-113.08418215856372
95.60588768037132
118.72383901511674
-96.76996065315596
206.0382466210053
34.822509327893414
-138.38394911688397
242.4904859570365
-34.69856162404733
-106.21846452686324
-119.67368289306187
32.749235729271156
34.17044591654204
-56.14311818747891
187.85584404446158
118.7860361705243
-223.04278072389963
-70.3027505516967
-20.534248695396368
93.56256147187597
-238.98142498230231
80.2227186845855
-77.37378745835943
-13.85608764967007
-348.79334450220443
-102.93036730249091
153.6006008989691
26.92767811172069
-369.5129870091974
-149.48755022191526
-175.50460092562602
132.00873368685714
67.1209206031775
150.40237813874825
-283.6679079886266
226.71942153718186
-208.53965464948863
-53.291717837378926
-196.08039659343274
55.41098199378644
-207.01882793648272
-32.23704646979779
152.04889866297194
128.3843518694637
42.09457817214025
247.17914066600645
-115.81526991865734
45.714717109116194
-80.51537517666935
5.198378787965595
47.7873561839037
-366.91283922726956
-253.38147039072544
-26.03035950720472
-97.33922733071078
-221.47848202783558
139.36087520101563
170.92199360691993
-163.7797718476414
-373.0523590325686
-85.64547171185085
23.275979310377718
2.747164885459893
-2.913359525111019
-112.04111071123323
-96.53298015983007
136.02981774173332
98.21229386604497
77.96378952590452
-131.73577528797236
144.54297986505296
139.62076046978675
228.0079714514403
121.57317805274323
66.79147123845253
231.33105336113005
16.59415635553134
74.9888017150819
95.05945552083995
151.84571379261516
-188.70616311871817
-1.434079780479937
392.00686602833605
371.6426612732366
239.95708298275537
220.45143536330414
376.5346711823285
-132.090346141391
-125.18226231469939
-130.27454206371377
141.19324127989236
73.82181644827159
140.14926036793418
-130.43255171152447
48.23886103572966
130.02134241958748
-100.99321672612177
-147.66528449315788
-36.607422239587386
204.70340959020803
202.424356547163
-22.560044556455942
101.11022062746633
79.50381694977443
30.74663566349338
64.70434438611815
-161.3532430962464
125.79737380660225
-115.76456021815993
-261.0297524229427
50.33113959614637
281.8887012232624
73.82676352111461
-48.58401208593194
-209.1174945041672
88.52722865945479
-92.75297588010564
-68.2707954072569
-65.25747911321909
35.455830635377595
244.08787293576492
-95.37776514222888
-57.32532736357979
92.31581951254131
-168.2233909714077
-3.448827998595628
140.1472167170751
4.045134405473915
23.561412284999466
-24.86142848529549
-5.849188362815381
141.92372955807258
17.429854982907564
-380.3783166722319
-83.47989627234327
-42.4075097412066
-110.97212154173967
42.44222611620405
-34.196758475222936
154.62703362833932
-63.858546773700944
18.920023242132075
34.77888648459182
-9.958431568665157
102.64250062966136
-31.80456113594442
8.02693297858573
-276.30772496531705
308.4798627505209
63.31453298200833
233.09652829912693
275.2431467222957
-14.713656650708225
-41.6194333912736
-56.3141197495426
-80.87229057933541
-5.728605265830389
-81.70989592821319
153.3012388040679
-68.14125882985527
-87.7936244018805
133.7968186744999
-253.45803649699675
45.901302396235934
-17.215437972636863
15.817995441660152
161.18027653422348
-7.698464327162165
73.54783358895462
117.26253969348274
148.78104900103017
-34.678516056597076
14.721492785775402
30.117732175837666
-189.23570286687593
223.20366130764566
-136.71528445907856
280.4971552771779
-13.400431568837178
139.38148389586837
140.2106108715141
4.321444433696507
-247.88863230646885
-2.114311093626693
-243.60858902420247
121.69332696495933
-305.69880209311077
-110.94544504092924
10.747989552058128
-13.98045048079299
298.14126593163047
70.7012883536757
26.882153356986517
361.73761350669946
54.636903625230126
-77.96941406411042
22.97935922701046
-74.24547002309498
40.969927243836274
229.0997414234191
165.19663882808499
75.62449448541722
41.29539800607855
-16.453454800211674
-26.73611044919562
90.75387497320813
-159.09178584087343
203.68041677372537
-147.3358036220494
-151.43301344261135
-235.26830756324793
-55.54069953839708
-101.4961858233459
95.0656948014907
149.14900229496374
-16.059934271695923
164.93268299557602
74.57007682934227
119.23903473749625
150.69233945643893
-92.34858210486499
265.143275355305
-25.10602621531002
-74.19410534963947
-59.168018265414815
-143.4385579727171
209.5339026226713
-168.45797689143978
-42.739282724840464
-175.14746616190553
-285.6278251433243
234.9925522602146
-35.81366522969011
-124.33786792401965
-192.78052534466985
-6.117433369897414
29.7714480258931
20.07460559350157
228.37701179647314
160.9834018621018
-94.41462761088236
-93.18204760642361
-82.48580394812258
30.319470507792193
-18.259240937818408
-144.41958714798105
111.63716342305318
-128.83758897291082
55.43676785880094
68.80487339852577
117.38096035077564
-85.09881587569772
46.88118082849157
-35.21289910010346
62.8455692568033
-97.8173108374185
-23.32170714071361
195.00925336843417
158.24815209217584
205.3237142945241
-295.63553425512487
169.7155223053467
-257.8416081889619
158.87688069481467
191.37470029453306
-43.23452306819
8.110210526288952
-276.4693988568521
70.02377190542722
27.749697887359364
-22.79849504352335
11.201592311610534
-40.774250451838384
51.884126069722306
101.11811523750964
70.42120100107263
43.12153523898412
-20.99202346792019
-202.3798615657176
267.0009144112019
117.1569525107071
144.57588733493165
181.27035319964145
113.57835350021683
5.941060918898401
82.78100544036
-97.86396198483332
210.0853772463907
54.698031491499414
-254.3625959713168
-21.906511869777653
85.25422254764739
39.66483973607896
91.38018386362147
13.46607030033116
158.30594710197778
-173.67739670049883
122.21430069392656
-326.2229010346893
5.921630200600925
255.02608861313053
-21.17261978282893
-258.4412015707626
136.51003238609468
-72.43606639343184
13.735728348187907
255.93542349248887
-16.108513834393797
-22.818673825284492
38.66211350523645
-125.26186046478759
77.57818152239126
-36.226748662513955
18.49425678024924
-48.95527020664666
-363.8633158218853
-320.8509470032039
-6.602990277082139
90.41625202862653
39.46219958236039
-61.63840830149313
196.95005461257742
23.74525215598732
108.83761953571701
-27.954223461633156
9.4388926091791
-234.12128576531842
175.1962149722122
5.4615493870332505
16.82522883914596
-53.40804225661099
261.52833028345924
66.68309196280697
261.40053208519765
18.920939219872796
6.129243711076405
49.348639623581064
-69.70474834647868
264.6846634773897
-176.8060191255093
-104.42543159260852
127.71177888919851
-125.6079929674803
101.78957105290078
57.121653982812866
152.2257553279318
304.84519379386853
209.4494065612695
29.38427990868522
36.02362652841597
-203.3355344175182
186.61713867938164
-169.4396175970483
95.30783924978782
152.99456140314862
36.43635170147365
212.7502883468636
-151.55900663247155
46.205118976041916
-40.79392663722865
33.802275300854234
119.6889391517184
-70.59727592411404
288.4896291337238
80.50994401152761
-101.13508164003969
-80.14624481184197
-80.44674379407886
-5.542674653625552
-20.44231969677179
59.63058775726169
108.83764431762806
145.02468398119973
129.66171942189848
-116.11452423128445
57.242104997761814
-167.73776122058626
-17.904165564404188
37.940314038157304
26.449415399642007
-255.62511904307658
221.81599081762488
197.19144912717655
-232.26555470944496
218.44834413228918
126.75870985265546
-295.0979009396559
152.63161092065735
-89.5910225025085
-204.23539783070197
239.82536303492444
32.09384457911367
77.05657433812965
65.89144506849178
109.40711430782889
-66.7924728245589
156.0332194405411
277.4452007483818
-109.39169167181583
-13.842010576386508
-152.80507015644318
81.24475689099687
-118.66932734004808
330.135676499804
-34.79102004436306
-155.82302872339272
-168.1161041594101
124.0118729587087
-184.8568540976471
56.955780492823926
29.71140925487221
125.94430684293461
175.39475745267194
-2.3775604789112976
-279.9274413289018
-36.89724006430169
-339.8341692614298
55.67735061138585
-165.97077249290217
44.341714927929964
68.11787495414565
95.70064602782777
-11.125908089154843
202.1026120315863
22.267259856526852
110.91661176936928
83.96926471648261
8.58401437886071
42.63535704920091
199.19910737044452
199.00551587776255
203.49601290587626
-161.32824695753177
-182.1100543301786
-150.08669349898682
-61.874460076292074
-280.52152865553865
-101.50722595673923
46.01122471126332
-265.4995696686924
72.20637344884071
103.96792230676905
-98.39425935641938
-72.16488736702553
-114.46488446602147
44.81381928983883
-71.13637222974666
213.43339121085774
251.87922533796444
146.6979062283946
162.4306612406636
3.2637717441211533
-127.2051271162313
-12.793808743774543
-80.8909118224992
-31.396184031917894
67.48045605469798
188.85644621603774
-49.36760664595347
87.87240818878207
-85.29736247550441
-51.65740639927231
-92.81376927977216
85.00220271771575
-70.49623557944857
9.897683679131621
27.457289639388428
253.1744025789501
-97.98378381164959
-334.8172830473216
167.98881273523708
47.210209233029964
-48.032005212122044
207.91983674696692
71.44963556131442
8.953752211775816
181.3533547036596
-1.9259543370026044
24.38815963812699
26.855572297731598
-91.97366553274372
-95.06764433030027
-13.501061092024848
36.30939663220954
146.89194608822314
44.570976675804
-221.5040044517209
210.60820912727098
-246.37329640463383
-89.57353331746748
-151.24276500245745
39.91767763305715
-106.84268484328797
340.9776898472795
-12.148545465038772
62.293582673748475
36.851538691877124
-88.81163742387653
75.35077576256498
62.94602431455992
-80.39384620607359
176.44683434399963
114.31148222438581
-49.44444546225707
-47.73164441834628
32.50725508381143
81.73573308735484
-333.21202354010137
-186.78027694825676
98.22185592783384
-175.34544499504537
-65.24399993984626
-89.92701751081874
-220.38001556569176
150.9366392013382
-230.31205842986265
-29.7225556814914
-131.72045689245618
54.753751042359895
92.8855891521249
143.39224821708834
66.74815976004008
-30.471656028902185
94.73021008858315
33.408088287796666
-89.2290346456271
9.42333481369961
-236.1689690816207
-74.16552298296794
-154.06132130262165
-100.93899333849745
-42.279763110892915
22.00554216169033
0.8870196503367174
-188.70346861897622
-81.37641246787159
27.363791001972633
6.603736495061856
-152.4529643162475
175.9278652849252
1.1551767994484443
-39.68919618681156
-53.87399687291111
40.12506250688177
232.1522732164624
-149.70807919598838
-25.467107939944164
79.14090286812231
-26.508828081328176
-8.30098905379276
-165.5559500843751
-316.2171114191823
-371.09867055512655
-83.58127517009437
-131.9516209589944
-124.7186508139609
-33.85125441055592
-183.29892319743374
474.24188061758866
-73.56060312744783
143.79529004052125
-274.2930077956718
-274.52378333194224
147.9104821300933
-1.0163762295615046
48.390321398369615
172.60755945009507
15.288381486290639
164.2006253660724
-22.34433624301385
-3.569169462792561
58.8328507249938
6.578741848239953
47.45901281145812
17.74076625388539
173.71718258975795
111.11310296391555
240.9701237098347
-50.82831003476123
-84.08707439651097
156.2038758975424
110.52794060640446
