61.09337915734738
-133.4501404656537
190.12774552661872
37.92675993620688
-24.74870394724926
-12.372336126291163
-220.664975102572
75.80860486783644
-14.083383500907996
-57.55770923053881
-89.38341456067667
113.45384563115594
-67.08677160712713
21.544080427189236
-177.3911601497707
-62.97470465920436
49.05291895327408
-120.44995971855883
-177.6489202657709
67.1521806324291
-103.9942217448089
160.2809376828989
115.5811141963368
-165.34487907794744
-33.083221026646
174.51348686198315
29.640441107067844
91.50612604479187
-65.2172431955963
85.57538152297305
28.808810052511763
11.066672686581374
-31.99492739635081
-136.91044590994144
120.68708701296373
40.50896862356592
-77.34174074336461
-14.34922703405919
174.29505412762774
53.28334222798368
133.37496842573236
-61.08664390420397
-76.55093560639915
-26.681693451035592
9.08837653361741
-92.14178470061466
-343.6163581410629
-66.10693127285401
-186.14888387004035
-211.17635627259173
-167.69743848567066
14.487174845056646
-104.02259805301706
10.759084046527443
73.20109595665488
180.7471348349412
-20.339156712255026
-1.1177065714597914
63.291144295508744
221.4733835430625
44.40137126922265
-86.00024735635267
-53.897136827652034
58.19061085334978
0.20608510812277658
-313.44586669304823
100.31553803724779
-4.228249758453098
-59.12955477004267
157.16923124793374
-136.10735451738645
70.90541350783683
64.52626546163803
-116.77420268936402
97.12991136744245
34.07462418556429
-130.20645708799324
-111.50852016671
-40.4875483535716
3.0454530763484025
-116.03521099596253
-183.99033605649265
42.54947906038779
35.89317075908208
73.10510900647824
-33.040048741028045
-31.83021961060609
108.19985907916279
76.91143325504792
154.3560488755927
148.64295827973777
127.6262225263205
-3.339530663668141
-4.193826208197216
176.4216174926681
-29.59476464682207
-48.23661155093155
8.806259992582046
194.45530403887972
-149.69329382276237
1.2648924158320287
252.2636488821988
-206.81409880237516
13.474912602221378
107.89215766511603
108.56510638202789
162.18028150655329
85.68758101869415
-71.65331828260666
14.466266398796366
1.4266509992094334
32.53811439712031
-135.19221885841233
96.73592705544876
57.76344390367794
-87.08187459839931
-42.9735188022338
46.10183792696004
-154.1788060651385
-9.220449378479962
8.355045949709409
-53.578063730616165
-9.901188908808102
-29.72936315306451
-125.24609276828556
-124.75436000374779
59.88165412156375
16.569054437993437
22.75770600249272
-42.23344441312175
-133.40621101278415
139.5969548835561
170.8034752728204
71.52631086310895
-53.060553895727594
-14.112204227790288
-84.0825686587059
-23.190466827785805
-68.84866642085134
34.754780201808025
40.97838715397508
109.5378452454661
47.23602346959844
91.20677229072201
28.260666546165663
-47.40632169067797
-39.458891124962946
131.7324651381023
-19.763419202780444
161.57688460705586
22.3635703919719
-35.64407473454678
-129.63575561243076
57.80313196457993
-68.0723939224537
65.05417287980848
23.2233528434596
111.76712347201241
12.455884698078476
56.80177550239048
-69.6971957897645
-155.72771509599832
6.689606303129083
63.08946602578011
119.90731722105606
-118.9166124939689
40.64469765256679
58.302479726188196
76.87279722707729
-118.39065926268624
-148.9162170118601
-4.387661552225886
46.52436275169272
71.79907973202181
14.798718020501418
52.488720851494726
51.390592551199596
166.08023923679914
-106.62103985509624
-193.34550821495438
-106.11937200730256
-145.10428361720966
-240.97158227313935
-109.80527831038229
35.74411859540082
180.94530697372699
-57.6749914267891
-45.021049681609476
170.6651161481881
82.31530528560735
14.303838180721675
-142.53032810804882
-149.3164057838685
-100.6320780242117
119.37403227273046
47.929121128619975
-97.77701654694475
-167.67704500316034
-28.735571830565767
69.16915373022567
-45.18243354425376
200.2711212971806
-31.65752762014906
99.41043809743088
154.08835767456188
-129.42163718924823
-59.871679012691864
58.60409834657077
109.4826311042485
-95.54961301041253
87.10041345878447
74.64967490271442
-258.04095383337835
131.30799167353723
73.30469498520331
-77.08211146934028
3.5415002196978422
-116.60920293218771
-9.801956734562951
29.01824850089668
-83.38264599857467
-65.64166588792637
67.04303618025162
-9.506843209265762
-156.07375320625573
168.84972231187518
-257.60595534054477
-119.35110089961925
5.794323136061477
-4.1247154021330275
152.30469531927437
182.67208204750386
58.463593769260946
25.025155381837937
252.7805515010609
239.15967362528608
101.32817076483333
50.91498992831662
-61.678558930078545
-207.208793475071
25.092275181417627
82.70111950325739
64.7378930771976
12.228610445570945
208.48872494931948
-36.15599990333179
70.76705342903736
-218.1413913123362
57.15501570340022
-118.02952422084358
-23.46189352677619
89.8241306853891
44.28846123728259
-99.51437287577083
-118.6275528358101
19.508688069295378
3.343846976284049
-83.43245032819071
293.16633380683686
58.85272493144785
76.28383557013238
-120.22936986642213
149.30241085654777
-13.986796856599002
-7.746363527586355
2.4298041449499412
122.56815619510633
115.11209890468527
-53.436693888967376
-122.6169579799549
34.32662807027286
247.03081194770624
-125.6216507697898
-37.00794907717949
45.03462797236404
-18.869599292392536
149.91280521424534
119.02672413338513
-44.13053988113794
-44.63546495199695
-57.96358083021674
68.56863437643275
-2.689777213240111
183.60090484683542
51.82609603836672
26.910623232353085
-84.0281362958915
117.63751702162446
65.74220898167741
-102.843635983387
-290.91208951687423
-95.91980130918412
97.75004107568483
-41.56521487735789
-146.79072155732996
19.653507124694343
-11.226071644563472
252.94666392940903
6.425375839177105
14.76583805000304
-27.576546508240874
-167.41091338134325
-168.40989122005794
25.67109924497538
13.00705970848782
70.7721236200809
54.28379928486164
-21.555381485251658
-22.704539704391102
58.38961398420411
183.44804034034868
-121.00233419593015
58.671647632401715
-1.1571238508647255
-76.23377246074905
205.6708630204159
53.586014106146536
15.272624721352582
-154.65575833381504
58.99011834950523
-103.82399284311283
-18.203120197362804
-108.74548309900283
-309.13596660841216
-35.27394446847059
39.09791160633842
-134.87023931630418
73.03380277435802
-64.82822087979044
30.01988546954191
-69.98225438138235
175.51542443954926
-68.59562470930418
-132.1108774633452
30.71432411724743
-76.646400690976
-76.6775672930459
-38.50151626127836
-18.681602431985592
-70.0295697953746
31.459138557178942
25.252756999063422
82.78764218105455
-132.24764023087693
-232.5922105202934
31.700395958916133
-25.573451270461998
189.1518675143065
163.16053761910743
-50.832451749638196
225.95785622689047
65.32569308344246
-29.082261748053305
85.2137366168771
54.58936774931183
-153.0139220099353
-108.84448536104902
-23.06744241100631
-179.62196304700976
-96.30320950101799
-204.6297247002645
-34.6458249237299
127.4827472398808
-4.358307294297238
208.60160554465367
88.23882652919124
51.79164414287561
-54.048737897298736
-23.975118030788597
-93.08194045789813
-44.859713185906514
66.81115885438618
60.026074877846945
-122.53863531402503
-34.83251037155141
-21.281487417629084
47.81833999696657
-127.15679545515682
-108.2936381100838
11.629047048568633
23.736890726265358
-90.26979380343136
-134.00417991766224
42.641938123183465
-82.29670149280354
-99.305944755038
-11.129676900539584
258.7149388838652
-14.89533945294407
218.88726308230213
15.768278145194785
133.70391168570967
-35.8249099136843
-128.7267325850349
29.018893628483593
-128.50654712640264
35.570074451831445
-84.02603557474315
-83.24357488728607
212.68846811847212
-53.106976135848996
-58.85776240587729
67.02982063504284
-117.3405126689014
127.76335992926388
-90.91269827507656
-21.30631166416235
19.67784738328019
-108.2118920343647
-51.02562550897988
-95.59407379894334
-14.218954642452998
-6.2705284749949675
55.43353125735377
104.1377759887045
87.0512514697504
42.564109716021655
-120.26172947587841
79.30433080679306
78.84013040846376
37.01720112982761
94.04455605630125
56.54203460132716
150.70229728384172
73.29409178517658
3.9918586437927166
54.81701604065341
137.43194162584916
-82.22130569624885
131.05110521869176
31.03054214020539
168.56463388739124
-2.5361046882823373
-2.7428646780600214
-104.07673530265286
146.74236433943943
174.241368118974
-90.10611803279483
-89.3883706662848
-131.4313554390319
-276.0359920943097
5.130258983583795
55.1895939714678
47.78677964861789
54.55332679441824
-154.0770885397028
-21.10206798288121
-32.95186257210938
-138.45097341362057
157.10873285900442
-176.85357262051298
-121.89858230161703
-11.344734749052636
21.727324841396978
-20.814224486258126
98.80240049672122
24.695556583734987
-50.87471044614707
137.33598831810053
76.26789954272846
44.24982241392965
-116.71433437471542
-3.0883040993492727
66.28691851577582
-49.02452852677539
46.17153237017431
56.398127804067556
-132.16172638972571
32.15391307098271
139.4689302282914
-17.383660567203354
-146.67968147928232
23.302164138471884
-142.17964425874635
-48.272767616643215
-42.63827028091548
126.28664922784128
176.90242827366154
-55.62401694342047
-91.87568535085208
52.452375848490185
39.583561537626224
-150.04623773713857
68.1750949802616
-8.312404325153636
245.4561401293899
-6.361838618035599
220.2640446416394
95.13711526816269
-106.12996793243146
208.80412310496868
209.3500582391729
-175.17781252860902
-98.58415970219828
-19.070167505129515
119.32594318710392
81.49300855086311
250.18932142430924
-27.50055614274669
34.2686062931083
146.24231360274896
44.587163844901596
-276.45506563274324
-3.442709610921706
90.56005427691095
-53.04027718877771
120.95292835709904
76.40908984941011
169.73827638280636
-14.352659194487535
11.02856543178711
6.348575610502651
-56.37474707493453
-9.584931810137507
-64.67640540880758
-88.01363755006636
-99.24765816136656
-135.7103137174362
-64.45922782711489
115.20767721830094
-192.308668354156
166.8555971632376
-7.733663589010967
69.11685589438943
-7.121029555868029
-145.1219287637592
68.74586889062373
-6.854148292837519
-26.213216344266318
179.68801548179835
54.24766549188378
-178.97686850106436
167.0112829427193
-110.4971259923596
71.5473736530333
166.73797398928784
3.2576870273490854
-9.448821305153212
161.8471089017899
35.69676833673387
81.09752696451349
123.64909273823221
-51.461174429830045
92.03119622513385
44.18684575661022
264.34079037253315
-17.039377980652098
32.76823647023034
-43.11459356840224
126.47081363130268
78.92328609581931
140.04987319557938
45.20544839506082
119.86663608250274
-118.34755072236526
57.01176981881118
256.85411053582806
104.03475938075823
125.83548812184436
-54.535673087363946
352.8264467333905
8.722235508674633
132.30898153292978
-20.161197053866413
242.9203275555295
-6.423193132206933
170.77859607010976
-85.98306751190289
16.4116020105387
-148.42791301069053
-149.24891089819695
108.05722022456575
14.052418284127132
-33.608570919976756
66.13200559892508
-367.7652215708127
-134.8849397283205
-39.417773639285876
66.55927190914106
-43.398835804498916
94.7868160474215
32.70455110153132
-131.1581413253092
169.29477376338608
92.60407857817722
61.686329327774416
92.31410394519028
-90.16834296247106
117.50281981548699
-164.8187269882811
-56.21666308444207
-76.34713931036146
194.18395389760994
98.50168545777395
35.66920392967424
16.918011056715173
12.185115823235394
-137.4640979139872
16.690537522802703
-62.168388012087945
-128.43354922808953
117.50029720261317
-84.10445815257637
-110.89552477891704
20.09735414813678
-75.13922545329497
80.7482068443871
257.22546175869206
47.667253826020485
109.15429189178484
162.32905540381316
31.120740830741045
170.70735552012175
-99.7047239769255
64.11767626227739
55.63149555586939
-23.70776386861112
87.4836055187182
-70.26652031191105
-6.398783281154304
101.02147485807419
61.48823090067263
-1.3976902831102325
65.47679069970498
60.292279491377656
-19.262404452502174
132.67469063782653
0.019234416018848816
-188.8445684884889
-43.61661100215273
150.8193999690493
0.3420576281424299
182.21453325141968
-81.96132475991907
-125.07526221993379
13.623637020064796
33.45532383998531
159.3667957312241
-24.563249623465794
-86.72858709805112
90.13689131375143
107.86154274265007
-211.5583130604128
53.81402826619675
32.71398222876305
57.38314924601087
-119.041784555984
-69.12722881268468
-62.27271927424918
20.076783814401388
271.84970041696465
222.9837104439539
-3.462340618452603
-267.675823212323
40.96694995706322
34.50591871448577
-2.486984760471502
15.113772634661078
123.46643142665474
-40.455141652382935
-254.5260521742545
-184.8601684965391
-128.69986457672735
55.8233974167944
280.0525103726549
155.50260943220806
87.76543655019313
76.50141130168339
38.54714267284064
261.60333381349676
135.3326450136738
16.198368436403726
91.57167056621074
-134.17635579529883
-158.3483198166309
-23.903366895998474
-5.2078445961448185
132.5781374488922
-193.6539853547794
-31.339980827682034
124.9211499417692
-77.09975459921736
-265.7667907596872
-95.19317874596888
-141.13074755195998
210.44015421206922
20.493744793644243
90.60388256725057
-35.4441343042309
-141.00952172843853
-102.83875844140856
-139.48981653706267
62.102790321859636
85.32330864281062
-228.78469484057578
-12.958526011127113
-212.6833911041767
12.577549529007394
-30.55172216014627
-99.37700834775774
-39.800123098053746
10.022360436637827
-148.55925234832745
-98.65525942634369
-17.521015587998317
-205.7738344908327
103.9193625488169
-91.6041300055925
21.18960165142761
79.44920610424536
-236.07189629446484
-79.66615489686968
-167.14453144417422
-248.7675126661048
167.67247650994528
-84.79007281116135
-2.9052721206732004
-274.3133215923099
56.992672918115446
-61.555342768276276
228.14770134516857
75.24799060450202
-239.6888367389203
-56.08455303596054
92.40107923530105
-93.32351362823549
315.747582185164
-4.690256126118995
97.891954648872
-128.21414778394862
-160.28845779811604
40.13826616792135
-29.181622468435844
-17.028560349387554
-91.4905708488941
-58.88764615185853
37.99888521654935
-101.0464025152324
-33.624008910888435
137.70967946314303
-89.39692576645555
137.69960468086023
124.83925288567266
-126.00314998014568
150.1684944787988
-14.886736338308863
-128.72403295520286
-89.10242150421085
106.3591567343751
-63.46063058375309
31.541385557593017
87.26382521393977
-56.14413761902712
-37.54813115069536
-145.23324584178906
125.42483117173384
81.30784004014785
132.9592643738992
99.3266333129532
107.03381983475522
-37.530093569574305
-173.73416361766172
65.32627895426565
-64.50245635421938
-102.14086997327793
31.215045045090257
174.73122469775242
36.74996808842018
16.85771624048392
173.56159029152738
87.1812360330167
-160.47239506901423
16.738702614933874
154.95997919914095
-158.24838092195208
-90.71492174252201
98.562480632587
-127.16347747325656
-49.36475841451935
70.04843239270772
10.878875518976374
3.4730260869900627
165.67340574308258
-210.6081914595353
107.12332713090188
-195.29018507279847
24.96463792200879
139.04903707347972
107.73307055046436
-97.31420318963522
29.113269962226934
-34.43534051387112
47.17271197871769
-3.6281535326468726
73.14902099758865
-69.63394120300825
94.22795697475708
-5.069295191397224
32.81171284890029
-123.6674748059941
-5.323750728060892
170.83956934664423
45.548860097704974
-75.45089964384016
-208.14729407334676
-78.66219023127316
-18.678754221327935
-77.37212849305575
-109.71041337265676
-172.88938173086822
103.21893468975732
-82.03064661963724
-6.761634427504175
24.518428928734576
-106.84217472799885
-93.71770446977125
-124.9898840494508
48.03249528464194
40.498766572547645
-135.02946580526694
77.78197131851329
-141.20879654318753
-134.3258093723748
35.4732713577246
-152.46207812411484
211.69844593917327
16.685565883591803
205.15285696908063
-151.99620381822245
6.955258935605548
25.565754049793078
-92.80388054561652
-19.96753219788427
-59.2653429656018
-78.73339813189058
-40.34271605458194
38.50280776236053
100.60019290370465
-116.63277617245963
4.591963273780016
30.337785337073495
75.82688178164895
-36.6989096476053
99.19192186720312
105.65313968035214
10.182985914117257
35.70862503033839
68.65765597047982
-139.8408672773263
-170.94427856108095
86.19456407168887
98.42838699477976
64.92235976600384
-168.30289170875284
14.206044784612391
38.33476531746575
26.46100238308003
104.26970899100245
65.84114038589145
-140.71340454101147
73.29225705348871
60.752574948016374
-103.02409255670686
-27.742511176133853
10.075798821603865
-166.53944596459024
-123.60779947132056
3.019274882009497
-3.5408423659056023
-97.55207748580592
-15.043191836909653
-53.20939548927506
-62.346435055895
120.45897460898887
-80.85337685913804
-42.92123721016942
-142.8278264861734
3.338556265972427
-72.5488659302073
2.7728362146427905
85.50696574025088
-8.549628982475403
-2.986470680189626
5.424071512219536
-112.25775332637241
13.434660549047736
21.236293497302142
2.865960387191163
243.32785006377202
-127.81325839268236
-83.14344846043645
115.44618012415577
177.07580345459021
164.1079457625967
5.948322987050454
42.68049697365716
-93.73559953162284
-19.562353586845024
52.4417941234218
-85.17967100664316
163.49553398471312
-142.69809813539388
-53.589893689253735
-41.36962425623736
-72.952374380919
-65.6701617075491
117.06552303721467
-28.56368542153934
-148.18570497744648
60.36778983948018
117.15023543051915
166.60582524681138
14.965902864458053
14.900568545285687
21.78635914584516
46.74394620513208
34.670111005699646
-21.323635694738574
105.4777763962755
134.1891527494307
184.78169978840236
172.5622948371135
-266.92728307533935
-93.43072070981839
8.586450785462404
-54.63634803443754
14.47349018579084
-19.83271573943462
74.34725283077837
-189.58605496338714
-33.92722252947903
-83.64982630685641
59.96309794407709
-171.46646321234684
217.6218196845556
41.87533442920931
60.134975225779044
72.25451600654571
-101.68620709778281
-33.920328948051804
-22.080567499263186
47.616165783625966
-38.65818119263817
80.31641303014095
-108.52878912411511
-20.917447918157276
85.59658308420579
12.213413638557949
-113.41274733254667
-52.09339063802723
-8.132772927262156
-30.193985935762758
133.13647487008285
-5.758774847790163
-37.05325351902706
52.25378467839082
-148.4921108815482
21.971918331328943
39.58381182555302
-104.20342984958738
-3.2967065547055396
-15.441322877831148
-135.7840237398188
-137.35983942340982
-186.8996734182852
-70.7651951027068
-46.19845278335097
86.23046069297816
-76.97806593812018
-184.8811658334574
-129.80673707815285
-190.07973935645316
-11.20563400760284
-111.57667482391567
139.88922209245877
-18.72479099825692
-169.726396857873
-99.14297269826947
-16.773621335953024
147.03649288285192
-136.52792130442708
101.89254608707353
172.0609678583255
-91.79021410016878
-98.55138047902803
-98.79444356576343
150.35999319721094
17.26836206378433
35.65128820747951
12.52748976115041
6.803879839478204
-106.89241788194458
-69.06667658954541
156.78869045869945
231.76510748828127
-85.24126405248995
2.8327421350651996
86.1253563619071
-2.1038170105342426
41.42681112868569
