-20.38874062064637
62.320704246580554
36.92897583629811
-376.9436208623311
253.43335975770873
-65.332864823897
128.26289829593452
44.97529837802686
97.07268056492784
-79.40269754626135
-48.308134327285444
302.81400359916574
-199.40797579234075
-94.49903773441054
59.931558062864084
-242.1921901046674
114.46960754012825
-27.899036095893152
-78.35083503948199
-213.01089305878767
-94.25339541480285
-188.23380032137936
245.8499931399082
113.85184711897664
-205.67162785159712
-111.00546894363079
369.5741116428929
-31.29626661960372
-237.26942459738657
5.073395535804192
-246.22817506191572
176.81747835358803
51.81807144232692
150.28337513441653
121.60139640620892
-0.7251551319223233
-6.205530971423216
97.6016889790508
-131.99615273510665
-86.66939327892871
331.7604902267178
116.68924487347952
-140.8568064909713
-104.10282359412349
55.97660853085644
-145.3547248312042
245.45778707552702
76.9536180049291
-111.89218454768336
-248.54020576852753
27.0220172309526
83.3152234075693
196.11011294701206
-95.83659946381827
120.66825646943352
-34.7028802418456
-116.5728434126104
-29.19876035711536
-92.01103011216983
-139.85946700989882
303.5211644226187
-33.100126809230254
-130.72347618292733
100.95211382308693
-58.48505138183825
-202.00472493560343
-128.41624773780464
79.37345231916859
-39.74402302949271
-242.6954192053713
91.27931733685718
142.75274700023573
140.95768690708445
-210.49982525164853
192.09114555552966
28.226896956774237
3.362804359273931
-65.45271446253645
-120.31415121296544
205.8618346642165
-45.97262321765705
-145.437885101421
40.19419826533009
-298.79774983143244
-279.27544065092565
135.70764273961265
7.7442629025460334
119.25787888447663
82.63119054666011
34.257971261947326
28.112717099107776
147.46658717724196
-188.31077343753918
-95.66916800472953
-273.16374831804484
-440.07641420752833
89.77302119875192
-204.7427614455578
-256.4276482594063
-32.752330470006115
79.25112809613526
-46.78826043876399
35.52990895634382
-76.88578616491148
27.926265613388573
40.47614672979479
219.74098403410244
126.92525442595328
-153.14880716959482
83.55616261167846
109.03635092394512
-279.94706313195996
148.9536200534252
-358.62286626131214
159.1506263313403
58.178365983306186
-281.9730493632217
14.389350776620097
-61.93881879892167
8.27156009764422
33.699579018422796
-72.11112952508381
326.8596426149353
333.97230868229116
-158.80333723124068
136.85729253040495
4.6405393602091065
-272.3350498408303
210.83316163070697
48.055178234866965
-219.23406618730826
-137.02013776478347
45.269460808158094
-117.16261194754645
146.71908727422914
111.0529032149755
268.7096896632823
-186.3307156803023
-145.35574762535833
326.00611269537774
38.26057545398304
-75.03648227806583
-9.745280917522186
82.63845269654735
2.702924834427383
-108.42090346147943
180.90802525764133
19.12634132526751
45.58711978458319
-86.50253754586487
-99.93253504619986
-327.79564239976065
-79.84882371619499
-196.6355833692332
-184.2644758545622
-149.6707940596353
-69.34021513813613
-101.17013416857212
9.249049318356825
-325.0650373088918
-101.0476475563598
83.70649398260221
-293.6338391485186
34.28168235300737
367.9954892469428
-159.85080828506742
-35.783859173752894
236.13549746725067
-36.06299002849499
-56.27129865084165
-72.66762403955552
-44.672876027401834
-171.03774877320376
-10.549698161663521
-84.79309327205645
-106.1442514311316
-210.15164141306784
-11.286291550958712
136.97980545849734
269.32184081755815
219.87410296664524
-112.11576759865414
-300.14972015916305
367.67144246215287
162.29489702135857
42.03068496289741
-101.3897915754753
168.76878838906194
10.635170276500082
-10.408229352593938
63.75429663546014
-220.07734385336565
-360.8574453739161
287.997237509287
219.6808098402668
-117.68004594985338
-58.14225178347718
43.76607031821192
-64.47668067501814
-413.7690506820576
-179.18743921184787
-198.17301762768875
-36.11965663111982
1.4924003304324398
-35.27103559045964
147.9027763879244
-334.72353990334216
182.397621442159
-383.11266204317906
-542.8020877856383
-28.372916159464705
52.88784506536779
-33.86257799792886
135.32647566892
160.3423569652833
-28.517617986990903
-98.47808333852134
29.065844301539503
-122.12641024816344
-83.71585800373563
73.28008122023947
-308.1246065712589
-132.895354209622
-107.86815188621743
117.24269640467351
-190.93160157053958
101.2276534609609
-66.87806699280944
114.818720821026
85.76746584135817
-2.202705603651575
-218.90758430534623
-159.23734378441054
-209.06030337080247
27.04795070387456
-102.55789063164994
169.40233678495525
452.2376541461731
0.27140020019079225
303.1765109424373
-156.15629478939047
-14.610375384104591
26.920127148938647
109.98484314117256
170.00867504253182
107.51627144003925
-73.87067488099859
56.65072987898625
163.67784831028652
188.54451473803323
247.16106328280551
-142.01442854855958
405.08481413705454
-92.969776722073
295.18588602718853
86.35085460712433
182.0459475543196
-131.86400666151675
-67.57881119475601
-107.26245240788147
-13.47374322873284
-28.60987503573368
-44.69195030446078
-201.29804784788118
137.88903402391648
-47.28540280818852
131.38270408260996
-19.97158218519177
-241.60075357096258
-131.61715261451394
-118.1728812029949
-148.7094390770839
-80.70763170598012
-294.2169249668534
-19.594456884754017
-42.781449095155786
-15.109106466652829
-86.59209385301669
39.79503300464124
35.50180518503016
-227.10039005323128
153.8113006805485
-160.23763690200593
84.70493625018203
140.41246571620022
112.84381982779102
-233.1556981793807
374.3043852260303
-404.47510952507133
-100.77998051774044
-76.34494924377913
263.8192027335645
-6.182950480052207
283.4459221793317
266.31651934270144
183.89346394662124
-167.92699252938647
527.8903639336319
-101.94075996257163
47.49874980841944
114.98086312083498
-77.53940842657406
24.09827647442073
18.97030053749643
69.8508307274069
-32.41473415991857
342.74036053254014
148.5169826501809
174.18374871736822
225.45140920661456
175.71374810347956
295.74568503522784
163.82845256466086
302.97447640400515
177.11367100101185
-156.89037593609856
-222.5731641067374
159.0022022460184
53.40744581361713
-62.77984855073414
171.01036602995833
34.39007026536881
114.30070441578762
-19.31476837612625
43.23736207698363
115.10919324226884
-84.97432881186367
69.18953973358934
6.158172971666149
250.72072250683033
-157.32109512007818
95.21381401530356
-239.95977193271423
287.287169229731
36.12766397138614
72.45693215104373
204.75359647592504
91.07207129625367
194.7627187312114
58.15532641998091
0.9530808023606121
-86.90716867641011
66.05825599844746
373.69613659175786
-16.152509564171915
-122.31341041214145
9.845751784903994
-184.3922800339718
-56.156737620846954
-271.057924336994
43.107521786956156
223.68365376624564
67.6184821343082
148.08095081013164
-49.62787623222283
215.89847636865102
-176.88375695730423
96.89422454734205
-184.04512661757056
-69.0815815559194
124.65228268772593
245.38748703448803
144.3657707439612
-96.01509914965438
-28.139498963975097
-367.7158782148414
85.08011860335405
162.0338426291318
237.84695569158083
-158.44349653011372
154.01937185404313
-85.1271285150613
-2.3051433914620407
-35.0130798482939
152.9623662321463
104.14629673335817
98.20180469609424
-92.78253534001114
-53.563425583368264
122.68940173071014
136.49910773276403
-176.7661687726791
174.70175179092118
-263.7075787560978
58.04134341366243
13.077307622059493
7.1692172875622795
-133.20955061125832
-177.6467585287083
106.61151834718972
263.65528766361797
156.19435872047856
5.53352477845907
223.68548589938524
165.53387655611675
254.54794590947313
169.99333465979885
-107.4195835424586
105.20540365377425
19.07317755864782
282.7041260778858
-75.29015113916877
313.05257729158143
150.05642222674433
-140.82034097050146
-125.68589837223215
-32.47510466399965
-10.457170394707807
41.19753972280478
62.41768249103006
188.63151422004933
-238.40137063972352
125.16579266503678
-253.78469007873952
-20.634522822903016
135.98751051140482
-191.7673845937737
-78.43530993822662
115.18540934022191
11.595970132207835
-196.1225447508701
90.96629408027135
20.899536990812244
491.2365953506566
65.42723444173463
-32.708249684883356
-55.94681297449226
99.99296693408469
-163.3541496246397
-472.6554150311749
103.7238158562718
-92.27683116772207
211.44344770125997
39.601760891718456
-312.1695322877399
160.14966296598806
1.9208317814225186
-170.5839109971956
-123.75845337560312
-129.8079828821066
-51.96398043626192
-95.68565420583151
54.168559902546704
9.235385423254709
-235.39704454021933
-143.64234585691253
132.62173799447186
2.3628293262614686
187.48542374160542
-143.8728609091177
-131.57274323903437
38.170961853913184
112.10922924319891
67.49096840167948
332.8054159194646
-210.2445212274165
-210.09926768029553
169.42993785729794
-242.72901906774803
360.6526179447218
61.67829137299923
-39.6098407615804
-4.038473178626294
179.84225392421175
94.36432583974282
184.57475700835764
-63.14422011782843
2.4463000561076984
-46.55085768732971
-63.67362993687855
-210.6492456443647
223.31635252965916
45.27793574597742
-116.40872296017439
136.42651493121784
-147.6017871284565
253.66879821987868
-97.73830423916495
345.3546687267511
108.46693924406682
-213.09431586357758
-106.68742005434744
188.5885873390771
25.269043786853917
150.0103413100067
-157.03553566387487
-50.76272487809124
-150.73573289780438
188.98215906541148
1.7419797293264259
-148.73136851380744
-131.30547671825818
33.43369510301298
-233.55373202874674
-99.56421909490767
68.65344769424426
55.4020895346759
237.66707164516916
392.32972738281626
-202.28211819339407
-283.95417355830335
22.15418411600956
-167.86835417929655
215.59025497882308
63.83182689014097
-317.0139287726916
0.7789214200951069
-108.1788022559116
-2.9813710545032057
193.97357502236719
-75.44735987379765
-89.57962781080101
-67.95204909592512
-188.9372538842031
-192.3167702286681
-83.63122336528247
196.80994590608697
-149.3469690015215
83.02889966261122
-9.793637453037718
186.3175386255079
-107.17769098982403
80.22285981165764
41.46441863705766
298.2490146321959
336.84098408976496
387.7364650560363
324.741305299665
45.49278309213052
274.886938345425
-96.73359851938338
64.91848967449671
-32.1969463475765
134.623735859966
-90.65108889510802
-230.590744652295
204.45351559923108
-87.6107020292426
20.67790838607901
62.01205984780217
-222.9198372111619
34.98074615110444
-172.70420844045807
208.85894399163413
-161.70623910083347
165.3824356325891
228.19169347626647
44.54002781400677
214.40110756120444
41.49384796010555
241.63903124010713
65.90327128948793
294.6941339143768
23.467273848128244
173.3936363048506
39.256580850182345
301.6102683859738
-146.20769408496392
-19.868799468994894
-333.3616742830491
183.18494395952675
-195.60588604925627
-132.62526741980056
9.048242649361406
-190.02278860432838
-20.879171619365987
437.2671432165347
178.87321543367185
-17.080226930036872
-44.91864400883185
-20.727134116824047
-4.266446642734138
-20.987447409385155
-171.22255302300596
-297.26288000977223
-58.14178409094724
-90.32345449485408
-216.98773029604303
10.506580850221305
100.46879557256578
-44.47125431973757
2.169743376973431
-41.39291936151421
361.7783040139518
-162.4363710110852
-52.65246039942914
-66.39052524826464
14.516666725028184
22.2874374994062
-426.72042631048544
-179.84941889036457
119.15914598738328
-149.2491254998654
-185.83029250137645
-124.03770201191041
-120.20759194831619
4.405857412568172
-84.00818055064511
-0.7924052616874102
-282.94292405854884
-129.95451021558108
6.825818937316411
78.0232393517746
116.79627606222172
-3.2906721627919135
-54.68677903302628
-212.07671048274906
-49.05454735456918
316.64572840741437
-42.31791444741502
94.4873940725391
39.86197055184302
-148.04104318903424
-347.68840883883684
-256.0279659887322
-79.01053642607346
-110.68790793495963
-12.464048138285733
206.43232756860607
-133.30428793803614
568.5632416474018
182.1364766801652
-81.88896777302102
-88.4616841171006
-58.0359299983597
-34.68378912922506
20.652174099587775
7.528215095127738
99.85822007100984
-95.05995597068231
20.09263029593003
210.0113078343663
-149.4667585453691
208.06897286303197
-61.31420309549461
-118.94244821511062
-71.02634764243057
2.1902215332649675
-62.54628116853809
308.15368561360043
-211.7497736698885
252.99613328956266
-41.92076288455517
233.8210447289402
94.78361083186776
-213.9695481916427
-79.56651011474624
159.3411996087629
128.5711311817186
-146.02374115353538
-234.24226362356555
-139.53488396789433
-62.13108491445753
-0.6611230900389522
-8.784572071314749
-236.2349385164797
54.14224104746272
261.1343112818326
-159.59619292564437
72.56859454126142
16.40199154755833
42.694872162783675
-165.022907161473
93.60365225278106
39.19638280718136
207.82612025238416
328.1873028223066
-68.78480146272648
-119.92014930054633
141.56144907571323
-440.0051941167685
-49.51120451281234
-193.2454081724815
59.86732721972836
-494.8347880554043
30.817483470853475
165.47864191992264
-17.992183603414382
-337.39081781633223
-104.27877726894855
101.00059247067655
80.19403454032874
-32.590822962005454
-143.19534222732142
135.69152562795213
67.30947573418813
85.9039151456954
230.43924707680213
67.79167710334512
377.33455048469483
-140.1189454933224
177.3161598302481
58.592076833664485
-40.77816109120199
51.420239933074406
-198.19795925870707
186.03780707927714
195.17036149139284
18.8263557301964
-221.82956682796575
-192.69657080825758
133.8631557562699
190.84660724630496
-310.8017303774413
165.69454765050088
-170.83857513332006
40.56656479336888
-62.6436979612859
32.485552614104776
-42.66240345743103
54.78770847048394
-154.04091142008343
39.27264850918881
240.28664630316274
-236.3507821423461
228.98014497794938
-223.57551530886394
-30.09957346064535
-361.67571367396204
25.575307733066552
353.1228774881349
-216.84283653668743
-29.47080339100531
346.9553553057193
39.24204954163204
-368.7187494773218
139.95477157020025
86.94908835481974
-356.6549720437041
-158.3060406275098
-96.82084904148925
-84.72723360016016
-250.2206771159634
-72.47764772958755
-99.16075489244182
261.8666296021217
158.02354556159068
-41.487400134684286
-94.41943503184858
-30.25785811219757
-27.91195510587786
-9.333910634885125
135.38713384080728
306.65183894375923
151.3906724099503
79.20919152510625
-7.367217970903467
-255.6955487642985
48.951345220725386
-105.80875123794281
272.94782398142473
134.5126291157611
-306.32034706120044
-135.10764575535842
-180.53938730474624
224.37378094540654
-160.60915991317302
15.144494477089529
-4.417352787880226
26.49281762917258
157.92152819090086
-92.1178163179777
7.268610878031786
185.12209226267348
60.01193694113336
-45.42950840960004
-47.620025631580745
197.7750996170171
122.31204264659608
-95.70589836848619
119.84867764686231
51.427260701890745
-134.72250059895484
341.57343775861875
28.506035195177102
-113.78067622507434
-8.212690063008768
-117.95545559687541
-34.26644884125877
165.8242077198231
-47.998444701477744
-76.85223878259072
35.26355369652425
48.26722636566316
-158.4823976080419
-63.864298045845096
42.76624075580187
-151.9733554649595
-108.32239043244459
-48.238583531499046
285.7385558515834
-52.01201854954316
-197.86604635322763
89.18622448444845
508.61702280665287
52.153576625123
3.6022906391879337
-98.71174477065358
-67.07073968009261
47.94336745486836
187.01725900303998
48.2428829533815
33.89499605280743
391.34100629616637
28.79762634882477
-12.52009038523477
149.2717553860524
-92.13172390130147
42.87918166198971
-210.73050868112585
-193.8426045751767
-98.6294437369695
-37.86301580698555
-22.90478900314473
165.5560352381437
203.8471190817285
-161.59244718206065
-2.2563593584734707
34.342697424457185
-66.5551857414585
-46.48516719070504
-216.34586005655422
9.769019091943624
-283.2471595884702
-50.34424643440448
-31.92498227088693
-207.2332156436989
-78.78504629868279
294.5451354995632
230.16600743980325
60.2575102358022
61.236379360983385
318.4594994857411
12.922141251060548
78.97858173742897
-51.46013953718675
204.84643321420523
70.37744414917009
139.6786090812454
97.13750136736347
78.74006019423105
-121.41206379178826
-86.2073146461314
12.775469048289414
32.654187461441886
-249.8248260811298
179.53227585180193
-246.46078317199147
234.40512100184554
10.315269555703946
65.77384185622387
-355.7760474298048
-83.09959537301698
63.83012056743315
-80.50178736143852
-16.12934655631082
32.499582572279486
239.4907683179365
-81.48140866081853
216.4274166576721
79.2251514977824
-91.46391850491061
203.29362232281534
77.38329294615677
10.52062334794237
-200.77552611847352
-70.1172422813893
182.98756445790823
64.6640039812375
311.3493776117618
-46.71316595923952
-1.4339956028522933
-214.52745818784007
-201.5174098716791
159.66181974246015
-161.6013241130332
336.34677660029956
-128.84548762853842
-114.34449893261785
123.56211781555676
158.1420026024668
-101.93831499234203
-220.96890024197592
-156.09878570812916
-236.04022627774347
143.78871389819093
-101.8785306003939
273.27412025616104
217.17096411796444
-170.14448482023963
225.06048137592973
30.24580174026342
-7.59122103887299
231.1930110420866
-170.14464031906448
-132.13055080249012
146.40639855430393
-148.91090452710714
173.0331235973617
-70.82522901021102
211.38939807975595
74.94554919241224
62.494971996990515
-309.38608006095524
-61.77321389942409
-224.58248123758685
-128.30440084869454
269.15332007808865
-19.709517374858933
221.87894350752558
208.26144715430496
-330.2892982644405
12.738311227194917
3.47985530726964
-311.56958443616423
87.95222690908352
-46.33648207648208
-193.37135921022542
123.13580823297731
-28.265536414655973
90.99621446482695
-281.2169114766662
-212.10093753189466
171.4768572972731
-48.10857333955425
-118.48094728798593
-208.81196800733807
-21.226977382390967
138.472063938622
171.30206426598386
154.79148766155697
112.1665717394731
262.6844146324476
15.964917473954616
115.87075624634804
52.64464848679343
-55.572737886312986
-112.71589346359146
-12.443911274839143
-125.76026357751473
-41.915190993263145
58.22598040742094
-148.11483005719305
-9.709574150326429
266.89590358646007
-52.739598694969445
-70.18569646710165
100.3989057898097
224.96611076416818
73.97815624039747
-87.01600974437149
332.1476779744233
-5.805755982055501
-105.32546541410184
-34.96535339603419
-4.509543324103857
49.35022414018487
113.47941407267366
-167.117986678916
-84.45519402206577
-195.21377912747303
-175.81086279513897
84.39421288088991
84.08563413788586
15.069013890054332
190.88754789035568
-156.1864858058206
115.15981216735595
-12.464497549139784
-10.332803686638957
-117.41422355134145
-258.78609900493126
77.25319313623616
-83.10724612521071
-73.81643493520316
9.814744293439286
-67.05492862839577
-122.40864953120634
-123.28513446850923
-430.1682587233985
-96.94356823095033
225.92614282076457
-112.0163967187675
-163.5054366984347
205.12037582911603
-1.3448969898733927
-294.9436149371893
194.12386377263468
-291.3980123454689
194.14411000973547
-193.541094029061
41.669156243168175
318.62875931537593
14.532729123155017
-175.81982235501079
-31.21310973225489
-89.20071963444272
-0.03404194020693874
8.73624242259697
119.61556122312635
