-120.27627102306784
245.36506523473753
189.05114747684902
-186.87568837910487
82.41123416382162
-227.92772130931564
114.58145410748155
-189.61519729435008
-32.505124134211904
96.95995933673206
264.59836740491625
56.0150282380335
12.4761450171227
508.29919288995677
-58.05197840360764
-91.47218194203234
77.94487556716761
-245.56756870685078
141.55844228037836
-47.85791825217084
-65.93286025101786
-131.8357691923588
226.3581855991771
23.99640688746868
-37.9914299441633
-1.2481773394040854
16.17110773658098
-14.380167094653702
135.9410761448359
140.59296560803784
-93.43475906962227
-48.3892922450544
-203.2794113721042
118.4123164292635
54.849205603852134
98.9439773024709
59.322314654434884
35.24252730505974
58.29282455206423
44.587229159323336
113.74458396204334
25.270084135848705
164.36332605748728
40.809082289220505
-267.46664407622677
-107.2558038172363
32.307440619083806
278.90695083044534
86.17040318761232
157.66249943014878
-171.2709909425127
4.2465660861095555
-12.23856723898286
-282.8533762497512
65.03336435419062
-30.36902370698814
58.58720638724508
6.66174141417866
72.21811151995297
231.5517998118649
-46.34348338829867
-52.24485842326296
90.73299479650254
49.935872417157015
-38.48622433531882
286.0927367018082
110.06453047744412
117.20392111670671
23.626457106221554
302.1680472994004
12.805829577415663
-49.78352093579858
-63.17529783367251
92.5851664355097
122.7061412638649
96.3993381316155
87.86345017849096
-213.8104304944045
65.1550681059105
58.764860787161226
131.00719778344208
-10.2095713504849
232.21533472151253
-36.9260373443095
-110.8620213504256
76.88243205459203
-218.46040042288587
-74.69682106857931
-1.3841623570207346
22.824031836788578
243.51691814376144
72.31814864807102
285.00700753652416
77.81875291675361
90.8162492464099
66.47181316406312
-37.78158716596878
-85.46750953258092
111.84821687447374
50.960416308296
-299.2258694290771
-4.848829793719865
-104.78180167147201
133.1524057575406
85.60296535090994
-26.94302424013502
106.74986045272335
54.37186369054997
167.33686226655055
171.24781971262246
-116.19133644325085
3.892535490033075
195.709009975244
207.81353191536036
60.513852006331696
-72.57747865739384
-4.34420807670404
-118.0500359048367
-51.58170445908867
68.69266601173356
85.8859326478428
462.7067699682172
-52.602872137721846
-20.917084752088456
30.068344282867308
428.2904505454126
-268.76797408612305
51.24036183365362
199.78665738018083
119.11873484522985
-11.355749549014018
-161.64977197413262
-147.55611165542166
130.115699625128
-165.42467012126988
-259.3513232583761
-39.70517972056001
112.53614848580399
118.63928866884491
190.57953312768882
15.25286678925339
435.01243571545876
177.38579061608982
295.80684813510345
-0.1919226285562805
155.807865383769
419.1708826191777
-65.52631691116618
78.39954159382329
-97.89113807745895
-130.79495099983862
27.012165824933366
35.12304260247679
-179.02460302295313
-6.9549933804220965
-110.47018031123908
167.15583285031047
60.06327716991585
161.03638763717177
161.47788770651124
-25.61128284506179
186.65603910329574
-469.11737922032177
-116.27764212272234
-139.52446136766613
-237.65083681668784
-206.8810770940589
224.22632806425685
80.21587592915809
94.25868008270862
117.79304360359264
159.8368192954066
218.31613556393177
222.0799859491242
106.3822052457673
-58.96666694534885
-80.62895301619925
-29.739561640866263
7.31033832746501
111.62062908445722
-284.55934154177817
-152.70569118847516
-169.14073285696108
54.84166856621093
-247.88731842512965
-140.36814558540314
-18.694097856240216
-5.479221381328901
-166.73273234183588
52.634814939661204
-91.84833942462264
-38.97689513194711
-161.97959395957773
269.73532270782084
375.7100081020328
44.573193463939866
-113.82544565628754
43.11121442261078
50.54684016393778
-57.64650504818887
5.802857401336821
202.07796470930302
30.40374532159488
-115.72451943511544
120.46098187637533
-163.95952549427724
-373.5564315129103
-311.5164044482187
-48.986356605710746
-194.2982641154633
-177.87612100733958
-68.27650639926544
287.4589039879285
73.36936429948554
-15.839876110311547
225.09664316071598
188.0142424373443
-77.03870412093943
163.4765159249258
188.9717644573824
246.38076215611375
-175.48645012392242
-53.04202098967994
16.97552902521161
-182.23602258486255
-21.616648285008075
258.6879603124047
-15.575526822509884
-416.50123069097947
-64.89599416934708
48.35026943653495
-44.85139696014794
-44.46130470090323
130.45122500327483
0.28866698668947066
107.95085371313
50.25572250686727
-126.10379726649063
250.85276148587556
-137.10193867111465
-87.32695806629211
-99.05772510487547
-103.41078716102827
85.72338106148214
142.7675962549774
4.457425114041911
-107.47210549569976
-37.89544460703141
-17.145908840135938
-137.6382661345014
-190.24960654584046
98.81129510521656
-192.40703863549967
-54.57708710078785
-173.7173824142687
52.57982185392276
22.269760422163802
-103.68157199623029
210.14743236045274
261.1924928931683
-5.769125658348628
-182.7071408169163
-87.58166213445855
-283.28455071510535
22.627379057711547
170.30157768656431
38.45122409989685
75.46210410732286
-63.08661417390332
-68.7921655927771
384.8255025266537
-24.948982204304176
-249.65981761566675
149.60434406014144
-222.63045330704233
42.3234017459729
-70.49856567643133
-157.88875714862525
-40.23070229008031
-10.386722816450831
-216.46628789836754
133.52960132779003
-23.042058702643523
59.695712103138234
-54.212101971524255
-91.61061816479946
83.80564265136404
281.80705947641235
148.42078822492684
154.6876114116768
-114.95341731252715
288.89169491999905
12.189780069830993
-166.1388712982712
-32.27044955358792
-203.54944170149847
131.74052940137668
-73.13930529440285
-55.25792358374012
-188.59995370606572
-25.647254761184705
-8.153418116683468
-153.34060696433414
215.3429649189285
-79.79059367595524
-151.87489049507823
-106.79885144663513
-22.825724076113946
123.9478850146702
-15.048627853659248
580.5621122804404
126.16418971874546
4.5311308471145315
-210.0143509934133
-198.08573139574187
-111.09178243264388
-179.5534327095815
-91.23204818153931
-91.04170395074328
-152.64674285244087
128.3007086211174
226.5724205287623
-92.31133050601302
224.14817299174746
-6.567907381108756
-51.80244193913323
-80.66751204945818
-319.2575011739934
25.076381533030343
74.67967927972764
-86.08551920481031
221.10183103230685
44.389563453595166
-100.74045351625213
309.7119694552482
-80.43481407797428
-46.58114516867715
45.378365326712576
-100.69239022356872
305.06248008147503
-25.46570986610979
-117.27908117214095
297.64328836439876
202.4998171977632
-130.83189419588263
-32.0230384514533
-333.43669104134256
-301.127178762743
-71.01965971365593
50.105316272997165
-106.54123083733403
38.640056964038806
121.77988081786644
-44.25525061106396
38.27642985533297
-15.922811673361403
-4.9898454463529065
136.41282293844588
17.64795697425905
-221.37033331515033
-240.26651709509673
-92.42871132960352
36.93227158257628
-182.57545964590938
150.51264880837388
6.197324915624204
112.9117487027243
-129.42497212983187
159.87764417847214
69.22501641650791
88.56776704554413
408.0500586110867
-131.58687168642027
122.87559518982403
-11.065111240512877
8.059525492339326
-142.35353304724467
-117.0526746371998
-222.1412873299828
-32.341044723323165
364.54088771190663
55.234510157839544
45.727532001383544
-72.57089594052903
112.59216686204276
-31.39276966912195
3.198531141686313
66.78683444679454
171.13313961153534
208.44073785239058
-30.895754700452073
114.23104286586374
-48.82533987095707
-51.94918723425395
122.74323912267316
142.2378193010324
-160.33395636539754
-150.7718812703412
140.15817990021645
-167.08987425335482
-91.60065605410018
321.24547920598843
-212.53849616010004
-81.90804352623479
32.72779826627709
-79.80430097693194
-263.0627470359375
368.48931442101764
-46.79619297859225
59.71772403235286
-64.94266347161808
151.1085199712218
-5.244040819270298
67.34540778628796
143.62393274619592
141.97658772064818
105.15150213496997
23.45648733942292
98.38548985696559
106.84828374594414
366.6228297783476
52.77871748335899
-68.42001649487437
-47.47985554393094
90.31858425489847
-47.83476550095374
-80.10462115907045
22.23428469400483
117.6871420216539
-11.628102373916791
37.240924874060816
-113.37467129650327
49.62849686658247
88.59057801476287
-7.698235760629362
-265.3702175446026
383.6826595936539
-183.0100774700191
99.57679055083817
-145.84648998707365
76.56560221368359
-154.68052512856693
-28.925831507839906
33.6339945444146
-230.9738518189779
-206.70533012313186
235.88250522061324
-148.64660760127606
-142.6090611390764
-268.6265404362059
-26.818173114484367
68.81740094225006
-127.04766803783225
-134.13521703889924
-127.59597760465746
-484.9006820470897
131.3592447027702
117.72696790431186
150.40712266015933
279.414361649822
411.0218267828391
163.90290860307528
78.05650281275194
-133.7909762023351
-134.43068310443667
-40.99539318216469
98.74273090586077
-147.34512874105255
-144.7513690785228
206.72767086116122
135.5931951432621
0.6437814566592133
-175.78490037363136
-118.9932089173288
-79.90417018296769
66.80340510534442
67.15477149483274
43.261610759761
-58.17975191536052
-16.03453979919753
160.61412174120136
149.25487064833223
-48.21176209322734
-8.381214106561115
267.0055766059277
78.01412820041885
333.37697311417827
228.32115622738536
-98.66767438149638
239.8930970368692
-90.65260870986972
-198.84166854683482
-135.31523991505523
-218.87993169337858
-137.13461008140806
-61.7367842474949
-6.152821262337459
52.5453853929688
-59.734517094412105
65.06480226946985
-193.68291838656103
110.68656130047272
87.17240762832367
139.5154566442036
21.39963577936478
280.5843437573777
-267.8435512597607
-262.8450019207595
13.537802683855272
-41.641232288245114
111.60930477604424
-148.17624722597554
211.62316698345262
-204.38981806678512
270.25742471262095
101.5926809053539
240.2297100853107
24.739263674222524
-12.519937985109387
313.09275011310103
-62.57148790001557
-270.3569410220116
47.337602483984
-97.98815770592695
-93.78976557511653
252.41025027524867
13.624693221406151
31.239552939395356
-187.48814616587492
-92.32499403003766
210.98359679596336
-130.2334858765459
104.32143670322641
-22.257607247233246
-324.454133897458
217.85593164760346
-42.09851661801294
-116.2901801346393
-222.15112729855127
-353.5677193166343
-28.43167178192057
-97.87769278353801
-266.6270364546413
5.747555638703336
95.5566136105553
272.9637131849837
-152.3147735239219
-114.13759839694693
-373.30792817697494
-199.11738613437214
-192.82030272185764
-17.1913671408774
38.38562646443693
-106.16091017933142
-135.2390802728767
89.67377659704843
147.61643698927284
253.14517768894487
-107.27949438093702
-57.47232182098022
-6.540974114126068
182.23506760198893
-131.6985082541619
-37.18489205098933
318.3622942438888
-79.43423399187337
238.54730202234
79.83379384378902
-89.58042667042021
-140.40900972073214
125.68641631594748
13.314295726230785
235.5661653388269
158.627621237221
72.7753298895054
263.25151053246793
310.55616007605744
16.028527647038846
78.17594207443798
166.27810464668954
-3.296838932691478
92.23898140933834
-78.4927727894852
-262.09954954016496
102.44891416707912
101.07158774224615
-35.46224002294951
-142.30575414862582
34.79038497169944
162.41679627575513
-70.58985072752942
80.46829679691531
331.45887762613324
-11.699010810820097
106.14161495334905
136.25128957765233
66.33989007843682
110.48865920074734
323.1575664782626
-76.96210924139174
-14.043462785128982
-103.95694671616587
40.27990804271501
2.79096856183717
69.2821889633191
326.0913539323291
-132.43145430889828
230.42119891033155
-97.05945952039058
-73.20809749181878
-122.99976776620336
-142.77231485047383
39.919440541819135
50.66196773852826
-138.27547326827076
98.57576184194266
-12.414589334470197
-133.94027774265362
346.1518754020364
172.90275233929458
-108.51155203539449
-222.2189624088905
-64.095059491212
27.404940001425334
-74.29570410559093
276.61242329035923
-22.943405468688848
44.433567158944996
-238.880125755379
183.0652653998627
-8.793481809579886
-38.38833318758127
31.017282335811952
124.95374967620478
303.7599425455726
244.56200217704483
125.43450252579974
14.022023488530094
36.72254866958972
-210.50313387361174
42.21310738023391
9.524206663302989
154.27778576074942
192.4378290183892
40.67242482286109
182.21295979897917
-26.31253760648902
-195.8433577705417
-5.9961798231186405
-58.11362069903405
-56.759404278457005
-30.357543743041337
-104.61398333894957
-52.980218534593575
-180.43505623846843
-69.60294028277764
130.48625859912786
-78.14813509614643
-149.49710030012196
-2.2889642936417665
-96.62310858072075
19.37106355023982
-117.39340602797974
434.9439313790251
-305.96734851954426
127.58571200540774
59.81581321464015
167.6655032125929
149.3383670081406
87.38448496312942
29.59209920013201
86.39789983782826
238.88913969467873
-5.935322343841722
71.8428846831355
99.04164455741953
-127.7800847593618
-15.430667989726533
-0.5088971087699594
159.88329813767965
-208.4710769124705
9.988217131011137
-294.1122721761481
93.98721113742468
-171.24546629387328
55.43764433413904
-54.92690495856471
197.19698671742788
53.660462518261276
280.3489018625729
84.27090189032012
25.084341527182584
44.13768459317638
-67.63992037530684
24.972457275938794
2.832252454841079
46.43849671092517
-23.265207874352058
-381.7378587416002
71.03007605017093
94.23835010929861
85.60597921328642
-97.26896207598405
-9.159312038257594
79.99535587385922
-54.620671357779656
-163.00892936842826
-106.84582291252403
313.5712122050301
-114.65786164880126
88.12462486121525
82.01535067706064
74.83803725363565
-38.336446901999786
-61.41576899088378
-231.8569915394022
-67.8573010859719
-200.95175174598506
25.149125722179644
-6.537415795623876
-88.54979472036084
-38.51593039297509
167.29690518170213
48.25934316838526
-152.07768033990007
-95.81702376190323
-77.46858419356727
115.67184447387703
-43.577765642219525
-188.81328465098522
-52.495326778484966
-197.5377343960965
92.05540999336587
122.21501682215705
-223.75432153815623
-139.90110605888637
-1.3194353143077864
-274.0626308987493
12.38075062684191
-168.59925921149176
-96.32756236155153
129.77145504031435
-80.78009520078345
-143.63883691045658
2.6380693278102307
-9.389362058824428
-6.2297555590251505
39.064109103258225
-130.2156932527283
242.55924670402828
-239.06719525353637
-158.3431015054332
-66.54462636671234
-53.561839956130264
-236.08214977389557
-140.97919056166515
-121.6907658186886
5.345450550175844
256.1659035957152
34.555612086865395
399.28459319831245
-223.40621657854402
-102.2216964516346
143.2622644305628
99.19760202977274
-170.49014585845538
37.264826870037105
-6.7787215134812
43.795059365017
-188.5376377363435
-1.2350304977139421
86.4716136017045
-112.90366335413076
-73.89068178786535
204.24631090171158
18.667089698662426
182.59776644571332
175.23867197935306
247.45892938981262
-154.7520492398649
-58.63403442214657
41.67873388574065
162.63176575158727
334.08390650197583
153.0896788802715
-161.7028987308652
57.95137955797445
55.73991550733796
187.2018040210486
51.259068929173694
55.785203541331626
85.38657002885495
-188.09119799012413
-43.337621088014146
-177.50983671020467
-236.59173023436034
183.65782652934976
288.90847099612404
28.343255866670354
38.69045575732616
-11.94573880070417
455.8968620845377
76.93208276717162
102.90346325076146
-115.93544372942009
91.98692606263505
-144.1255484774402
125.81559026320352
-133.6094085249448
178.73152148354544
-35.200740740519336
-162.57494725851166
-142.989172340786
102.12446145320364
10.164559545541735
72.60692178673614
-0.8318183010630444
-0.7343318204057475
224.27334246950008
52.50437696743474
45.86642481877226
53.254175458672776
117.5421955715042
-237.99305232472972
-7.416898076035998
-163.92558529859932
-13.14715208585236
-192.04381765521208
391.4296229724279
47.201793147030294
153.43364343657822
118.51972736990174
187.42736016749112
-26.26623872779908
230.7333005421452
-192.58911589892375
20.239928184802345
52.2187353413478
146.12548300770047
-134.56676992403578
5.264261263173132
57.00856651637392
-236.39176107332005
149.84119234964945
247.84040314566454
71.27333365111903
-29.521550826797082
288.79560477266676
-193.91891030476205
162.77304472424748
-104.12131678273231
133.7789022147066
107.38362295959448
34.52112826222517
173.28753228039292
43.14668617002325
-312.803833576338
103.18045607899167
405.0774044729897
109.19136530435257
-113.45877163260403
49.7452310490454
279.8822768712497
42.00454338184772
-7.812807385047533
-4.704966420985242
-154.70610670596918
-115.72960726537433
-134.6188445114566
-35.254318216689406
198.6569880007947
103.47603667207639
20.44684011528506
-187.00912775165892
39.67334221782533
-69.2557625775856
356.64610876773816
-102.55948311103597
-52.860299582725354
110.78005464172628
-228.7065694656917
53.73833855941181
114.80939041314917
-165.47261757068688
-24.330893778527912
137.33461610178486
-107.12336330798095
-16.382528911740845
109.52492474472889
110.00358296007663
14.195616506411433
-56.22063377927711
-173.27919297690727
-72.17769490213881
-52.72144100253329
-127.98269525724278
91.49742007552567
-172.65728896647647
-13.067786559628429
-50.56780359351825
-26.33120875787673
-191.1024983777821
130.54230422196963
-168.42212511672062
128.83732571871272
367.4520370016899
-4.143236433141976
-38.57712157870317
24.944361857977007
103.03932916438032
-10.384352768143708
-115.85915161084228
-386.2788091025969
71.92565124363372
-9.552677111387585
209.564300559496
127.14245932969752
57.53245679194531
-186.53981184590484
-211.05885776724256
-49.51074292750717
70.42505825400005
-589.8866837792026
75.82512797699697
80.48288988830639
-13.522772589183262
55.86889819159943
-21.17139006579565
-217.54521457718437
-15.259240200470506
66.1298580802409
105.79682735845533
-20.70709995125405
-68.93480974508299
-199.40617016239915
167.557950558564
29.66725399620369
-15.587359873682415
-82.68031174335779
71.10297654605098
35.65039232006556
-191.81393793422237
-42.21298398935562
-14.042807138242344
-278.084567543349
291.5200813739903
190.84152013625328
-134.24421940210567
-260.44699968421094
-113.76288421116881
-302.5137477761709
36.27397677523869
-238.77987962454213
33.80036438378334
97.06052663850795
-361.44215590122286
-127.92478290837957
-147.21808728931532
262.11327154993114
35.72538603366472
-194.42153183198397
160.59635129107133
80.77379844061291
-188.40004574020912
90.54106598051796
89.02058410914545
183.11239720295157
65.26238662866618
41.386257598579604
-102.69146565777733
205.13176332809135
216.29375836450728
139.72427288186654
83.91900036346055
-332.8106030369622
-105.15264159092418
-16.230997215575897
70.06260899564619
-13.632940923700978
-107.81825300052527
110.90084552809297
249.98034690265823
427.52866875423695
122.04742015045801
52.498312982551994
-117.84380313326234
-238.01400033778674
64.65953652674679
-93.26628970140109
57.888808902455544
-84.38290190226067
-54.55263227139696
-126.43639208142511
-38.46436220505969
93.27316793899584
-94.91009029088504
204.96287518260598
238.07138746702344
1.78141071683644
258.99106149050453
