-31.19479535317198
87.53537588775764
56.11510161464106
-435.9985130990448
224.99648983433167
47.711249797075126
102.01724590899002
19.544248521386677
13.41750167031609
-48.38005928957167
-215.51303095447767
233.36042375369294
-261.1593909450433
-150.4387085552953
-21.156860787562305
-251.5300696146555
263.17218302235017
72.89800881085274
-108.86074913897441
-128.5457698599016
-1.2868466278118247
-201.15287449127143
315.26039836125926
91.33079772152287
-173.2379695969989
-60.32830951380673
260.84962106273554
-43.00674522037238
-227.83143384711704
-44.20544153040032
-265.1750395016094
206.9491744454182
-21.119721767813395
78.71423015597576
205.55094158388735
-26.236488593560452
-52.740044185098924
56.11042801479244
-227.0796655445735
-52.37705976332528
293.0084330873196
54.96395394778188
-158.4080963564296
-76.43425932500303
142.5302646788854
-167.33893670215141
127.45443808134814
84.04848928725295
-103.97388590741045
-123.70802610883452
0.8238971423514703
62.45277389053163
106.16784495616078
-33.36840076584217
81.88902557372042
-24.280467902845416
-22.538484639592674
-19.58323193021976
-170.15115029048127
-151.27456089453898
296.63761721352034
-69.57630881039347
-123.22748125276256
185.86132337972558
-164.54476514756252
-118.06454938311732
-154.14547814094297
76.28678548293004
-71.75220003635097
-257.80993070560993
77.61714876100228
158.40391457833695
189.18709940532204
-128.67105670195033
220.8100653903588
-112.06542558422736
67.09703034179994
81.53466086066493
-91.45218135399863
177.52110596811883
23.732255195727788
-63.02687322238097
106.14388598400745
-429.75527965638145
-298.51976858835417
165.89971222469205
16.775095277334703
60.39602408691432
78.27633636323347
-41.456433672755416
136.3888946292532
135.52813562634756
-221.47516287804578
-79.63678310617145
-220.44420107284435
-310.6846418038498
-26.159477413179868
-176.30631939050818
-270.9505472740174
31.82165987755088
-7.966126384001108
16.531310467854855
46.63607662850088
-109.11847823249002
54.46644861547247
24.38064846787245
205.543521859962
115.47299276835356
-163.55173783591792
36.142152979069834
188.9774854328474
-238.92266973325582
131.68962422337364
-263.6664356285938
125.52012878925736
-65.26472718922362
-117.22817644936075
34.77442921109982
-63.30850325640212
16.029050157410442
27.71228157542056
-46.248224127190475
332.35921866877794
315.9278842020672
-271.69343598754153
135.0295831809746
29.18682543050375
-176.53795866313425
150.70512247614596
39.3778304436215
-214.36724181011982
-143.09509155586633
-65.1446237484091
-89.03934000163613
155.26590659926666
219.25068308271472
207.49354685997426
-158.59891735460351
-33.68462584928016
292.9214064997934
-54.391980008851874
-117.26044566383759
-48.96502361814225
60.685389874331946
62.26915342766499
-192.33268630965787
76.24159583058643
97.588167753338
48.90310709666679
30.41405345032749
-76.22269354610975
-175.7022277822943
6.587142572137829
-116.44667004088872
-86.70283750910676
-165.87473096606584
-112.63907971306085
-136.46578234569043
-26.968509251236735
-221.1769391355064
-147.76756330852538
138.51710325337413
-134.40614091552393
-60.16492387875673
291.4168445209785
-141.31828552741223
46.72848245675643
134.3404034881676
33.390335401390885
-122.15665881692266
-184.0992887530124
56.056143445141664
-79.98798956422496
-48.194825770017076
-60.65391393890118
-42.93852672458578
-198.67415725998296
-54.21734355779214
148.71771802810812
215.6775695569988
316.5285295893445
-29.79327134439802
-245.50601697263704
223.66590728683184
116.139682394983
60.84167303904927
-31.1844866606939
151.65332997339058
-71.9361404159774
26.435302052172585
41.72069037503431
-62.63948168271727
-291.60073032234124
261.897445328959
129.786157351905
-122.1728009802614
12.845653705138323
8.078408523195849
-36.80401744482419
-319.01255543354847
-98.74234928574336
-209.82093593048424
13.054980271074026
-53.89346402323991
-17.552518057696645
124.67119936858303
-321.56983671646617
94.59242193445161
-388.06913577869926
-552.4526138821537
-10.29186301558504
-80.42364058217203
-108.12177683856982
182.01741940307278
255.9182058416785
-52.14856716300987
-66.13246558456129
66.27063943243368
-77.99432423273274
-23.485334858030928
70.50146216336034
-357.97708168120687
30.976403725328534
-38.74331451287001
151.06758230666642
-166.61694370706428
126.79206041741082
-175.9738079659983
150.0538918462997
-49.16463226149846
-98.90437250650933
-116.2508445951827
-102.40111477554534
-102.93871469880564
71.09468331370216
-56.10675390880093
191.0416330516174
431.8768465224193
-108.90650307819203
237.2056382710096
-28.76142205319582
-23.797698480300976
108.23338494850744
77.70943864390141
108.37781941941263
94.3429683123915
-93.93368187868842
69.86290036551246
156.61650226155487
147.60205334765226
141.77966261946182
-184.12538939735146
370.6250357650079
-154.47562643174575
203.34251544137018
44.093074057323506
195.48599000599287
-197.9760352808621
-35.75936344214577
-90.8826753015028
-114.43888592306202
-12.98312718810126
-32.24016805362662
-156.52492761568948
162.3192999427842
-196.35669672700536
143.99308302162746
10.465760389260701
-272.7049505476142
-138.68235015630626
-140.8143016119624
-117.34291802628583
-110.69433889663998
-233.32221710798473
60.52206421494734
-36.375807005462285
83.38259550641459
-61.37943339761815
57.407910424645
70.76336219839628
-237.04917399782028
336.37790857298546
-104.10934268536586
85.67670544259501
78.55202161890938
149.4351347815224
-159.25279189789552
271.1981108477739
-425.21246726765565
-108.85830578028734
-8.83374773450466
232.00667607997858
-68.68239862100522
276.2956043011662
222.67345201796377
122.69194421691124
-140.03994482798694
417.72685530440816
-54.708417239991924
33.27431416568156
155.95818383463012
-116.9271410345373
-45.11652660630147
70.39475826224833
45.91612537561309
11.931595051800917
348.08875102275783
145.8398885924368
165.2390463518089
166.68182640677907
128.7738203230998
206.52344817263443
94.08436123804962
350.8055593179411
92.46236167742735
-137.41680011340853
-130.80228397900046
23.777371331721163
36.28483877084311
-73.20814927371269
46.78429259873732
-18.043005826028807
82.06634072146996
-69.41471272840585
41.684352935623615
-19.17224615168694
-112.0865887806461
-46.76148975802243
-89.52519963055374
266.6154984303871
-204.56488097143256
122.08505954410843
-190.73930492238154
234.87019166848089
115.26580448220324
19.501262173601603
131.3825295805969
136.71804237299085
66.92202998067367
86.28461015241909
-83.6773382834497
-45.394922085326016
29.357125366813086
257.4649642108378
86.28229054623452
-184.3477299985395
-36.09776443956928
-179.35422050559694
22.78200637878101
-163.00457239239876
105.22528958451556
320.29856505710916
70.80518166496891
-4.409391723983097
-103.79214064394493
186.04360758438708
-139.34886116998317
80.85830614564367
-158.14676630557466
-86.83732473216394
-10.81753507830318
158.56672183966893
98.2031964761743
-83.75697098311782
48.230764634247976
-327.89812693312916
65.02321118674605
98.71984937289952
150.05828467672575
-131.66402738105765
125.21324021236086
-108.09835036526022
29.94293417510737
-57.11005930962606
183.38154270629354
155.66788008288452
82.24474008581763
-28.646032678638328
-88.42814524713685
125.79158784285887
126.32309302714668
-139.5562481752392
130.3939954494568
-266.21353682960347
93.44490144828838
40.0772883999284
-65.6398826341761
-129.7714907949883
-211.3998634389862
41.952681674087806
195.3555394276334
120.08964745456066
-74.053102966012
107.65876216831687
171.95817998380653
199.29056066960172
190.22576061231157
-73.31451850841971
98.21540489555885
22.575841952317354
254.09792918546708
-71.77814563451888
83.94557803175088
135.0719301579928
-157.69673086984125
-221.04380224904315
-45.47061314392751
-20.22636637303674
63.22291399152748
69.37631115885704
101.24329778316506
-268.6676046002014
102.38303192176085
-206.38705752822693
107.40929711493212
77.19005602484899
-146.00356110311048
-78.84921101318783
166.17050631586497
55.68306694268118
-93.74802033696074
129.2319295932257
96.74294282827636
464.36857760833317
131.7481009969444
-94.13179872250107
-76.28790150967815
61.704395039717994
-214.61864355176616
-403.7436329888464
112.06232118762493
-112.31502541969137
296.9831996369297
171.9335774834364
-260.13996933853167
163.3958800126389
47.88780301311331
-155.6562636288869
-67.31944484368128
-126.50375655337804
25.68904145958111
-17.47108390163566
155.91667925195395
-115.36404810815478
-238.0649523461254
-175.10041728140104
163.32668577806484
-12.894866086380564
46.44572785303859
-123.36104036919926
-104.7123493212572
68.72940990850972
36.36422541224686
-21.989376767491365
297.4090336750185
-305.7695537249305
-202.4567546901867
142.70676706298607
-126.43863870575828
261.01572234374714
107.88457363032863
-181.71831320190236
62.373344029744985
198.1212159227817
98.77954403120604
243.8167412030308
-81.89819855604254
25.448420396694626
-94.3112597019044
-10.02403134117398
-210.0732226474917
211.5263528918102
-19.195952011701433
-110.0345904196576
91.9865084046869
-189.97323029475143
300.2300379306954
-198.34874831114195
252.26025314454154
149.32021076752915
-228.48269286155502
-45.57503257760546
125.21530606621303
20.889610189785426
118.254854767604
-202.443724688007
-43.091020439374915
-98.3411356526594
105.20651103722938
-89.72616869276757
-5.689755667915424
-68.10735786909748
-23.078193326880953
-276.37393101916274
-240.7315420935286
76.39549965732836
4.600434345111239
230.04179198687578
302.9126405097812
-317.4759590252622
-198.7514886705533
-98.57572898416603
-42.808037067260486
162.51632993661107
-9.402931596958915
-186.8523187485367
89.75107839572075
-86.1462111756205
-36.75274605063863
220.29953122430766
-126.51265376717976
-53.49750042587067
6.547887612721041
-295.6083973756243
-131.40813169661857
15.955279702618206
192.48530208098788
85.64054069268286
5.754531974649535
-61.51094622952202
198.11873141302215
-85.42612939841912
-2.753069293835196
117.74849146366661
178.56013609529717
260.3871930131436
324.5832184620144
307.2022355967144
37.94030716780718
229.43058670179678
-40.141829268189454
31.728297704379287
-120.1182699104993
80.00391182233776
-28.334881306341565
-254.69180926001215
249.1881635365422
-14.132325858544203
10.086019295077508
129.95978062313046
-121.11994822892085
-19.21631237888793
-113.66459690309834
328.4720256679104
-273.52684328400744
289.60874812666344
125.29467755699865
92.477851807321
143.09483024213515
-52.84793804292936
210.3064208467403
19.725136506226725
281.1814830064159
-13.94017357558756
77.40267891717446
-36.89325055157584
385.0530419921919
-123.74746974021244
-19.80818674399067
-345.03672675661113
176.1859575549275
-110.32230416045718
-96.88193522988699
-2.009627626277593
-147.24491789685888
-64.48657695768799
413.24277852180495
178.01355789680193
38.58744783597665
-100.50051767303489
3.7093846843524805
-5.086996595362756
-62.065770892294815
-176.03896952000875
-245.3445025631274
43.68943776245132
-68.39680460248553
-140.2009413728562
-47.30783436120677
101.56740264433998
44.94810090156709
10.58182487049829
-115.15785037157187
350.57749500637306
-139.3911192583358
-145.518099564704
18.517350578112733
50.16298345692756
2.610731007411834
-329.96258645900457
-136.37067666324845
146.75089185727305
-185.5035920738193
-217.17616186177247
-150.48988454161844
-82.15467836688356
56.239845263972
40.375918334371676
-3.3356689332028666
-186.28798316454146
-203.16218293401948
69.9532913564284
80.37069572770652
129.62851414704573
-59.697072590392736
-50.751829874782246
-200.7346722090674
94.27475832910096
211.67168686183402
4.219231969372778
51.67118148674057
46.61549576352473
-178.2292232540773
-336.98233611301765
-173.53607353080693
-138.26789477517244
-46.07732419510171
-23.943860962843956
164.7846231241704
-92.37098543262131
386.03778715202543
183.9973705885223
-147.98111137648246
-22.176111374002144
0.6564670974630182
-65.84224905709718
14.754902430703549
64.2658316745241
210.24672780850744
-135.8487884835826
65.67275220436154
131.08881713300912
-85.97327854100915
112.4946368367993
-0.25501411868457824
-105.79321021022326
-39.48181132754916
-47.04943816132614
61.81612009155487
287.15608476853726
-224.42167484810525
213.8568716255396
78.01497310373448
204.39451204636367
73.63955375626549
-121.04248382245012
-3.4089241847821934
15.391008635520507
16.897894748646184
-251.60269064930728
-275.7094160917674
-60.922094088048794
-38.79036405211302
-103.14441942881115
153.0036105303549
-210.90894860278237
-29.79561953457673
252.96688562899658
-215.0241353458383
-11.949442044931512
32.37972677968964
32.46234023360238
-125.38260168449624
118.7746483320021
5.652075647346858
182.06811097775656
239.3628652043855
-156.14660119896226
-167.4618178083564
21.583401176247488
-309.42766191962056
-0.7520810094941087
-129.32709236877176
28.614609702917
-360.19900680509596
127.13393376280791
123.35883507482869
-34.165637577131776
-308.5878127451999
-101.6684037042072
101.78606047582478
78.24483218199562
-97.15610889096544
-9.038396607083277
173.87097874284524
60.14100572471326
104.10769583512588
251.1597217914795
58.22561567634168
267.3275478728739
-34.77665916874426
222.8630019565129
78.66096346061154
-17.50646045671878
25.613142296434425
-137.67446091298825
190.6879647300144
220.59077000256718
-10.72700539306931
-235.31703688944438
-227.47459968480823
42.504439627301274
119.68520711130853
-304.1485672220399
103.59599057377544
-139.3961236159768
56.02330924265321
-27.877614043330606
11.90221461251834
-141.48772327728392
16.769041409159932
-178.1156394845055
72.39612020170314
277.979338211758
-182.82532944136895
315.4033438586065
-106.34004011291078
-142.25990976570858
-401.43119026680193
-47.099550734592896
365.8965126301544
-349.555781876303
71.36333096879339
224.13351364366713
-17.07906180028786
-189.9977293703782
127.71931884290659
191.70624317920903
-245.11504436720585
-232.39641587307634
-208.53284398602557
-63.24241912727276
-87.68041315031354
-31.61871817093432
-40.99853854589849
283.6212239064274
171.99185346825155
-109.39489363602651
-137.6278115083124
-81.51088485641635
-39.64297798355672
56.382023630241775
183.2099514500176
213.32316165586252
145.4295874685861
154.5002812317341
-21.087465931904852
-230.87553018310612
57.04180850322056
-69.98640813752682
175.56926320583355
83.05731648427604
-298.52362279118285
-107.53888118716594
-202.80810854112792
98.5571995493991
-120.66773209983825
49.595860847312316
-10.644131022534163
1.6343378844385812
126.51991720995547
-120.56000457054763
54.5142941375808
163.3054947887901
31.745887180172392
-119.54540042980503
4.157244137223355
200.37044345214463
100.51775459414559
-174.35755964027408
123.00156185656756
-29.130500086553255
-74.55048269875896
273.6116706817616
39.44533250212587
-81.09844009512882
12.720329413860405
-202.93299858355402
-2.932895400143786
152.27368058140894
-25.234626042428992
-86.062962256611
51.659952833325875
106.24160477875958
-55.60531199649457
-56.04608541897332
-88.5719254055653
-90.75859415121225
-95.29611001817342
-108.1111050854353
137.2209485537466
37.692912255717594
-208.75103165387318
116.83992687406379
299.192008387302
110.79104791983131
-59.647175170966854
-138.5354550139042
13.212378231233373
48.12015730370533
190.07957454697336
89.36715226610669
10.23100332493118
235.90799073981472
179.08881672676435
-58.89605172931152
187.20777025516674
-75.51869571419206
36.96335075736201
-204.733809836659
-190.70063109283797
-114.9482663915287
-65.9916433834342
-11.319652903425826
146.62725386608665
193.90264347774666
-137.45179977213903
-112.84845619709647
35.85796962711435
-34.93557575614771
-5.511415722538496
-221.90472603262998
-4.221378484506947
-267.00262068836037
-37.176473065038515
-46.37465764869803
-298.72791269355366
-29.646280059782573
133.28415513308966
255.93532184138652
75.16020666831348
34.59417033598352
207.18501710195977
24.197701573843567
86.02588482131675
-100.55875633009911
170.77232142181387
63.166735375992104
66.17416216898717
131.3461919979558
-16.78480848231637
-25.26069364048074
21.965140103646455
14.031058164495313
-37.73350836539194
-150.90428477301054
261.40562532268285
-202.6764239113276
27.198567892092814
-70.63939205889254
108.85165713520361
-189.00543292727377
-43.36190738637231
64.10480709874456
-25.25908953692645
26.415827456688
141.2398340806334
247.96476013017713
8.919678186168001
144.2072883058327
118.42663304567927
-85.13853912130435
278.89534096918555
4.218896716075596
-70.01430096543731
-152.15853467355996
43.58567556049374
86.01147306919368
36.34297935241634
247.5344683683773
-40.33653460359092
77.39261461602403
-212.76301158215225
-126.82816855040863
217.941735709382
28.091868063102797
292.9554180320355
-109.21516222654319
24.569740164829398
-37.362702508916996
137.30572152139916
-75.49252379969458
-208.5677880124773
-159.53980634845456
-148.803277987176
213.04662170169792
-56.92526050935105
342.75006574128884
101.19617596628456
-182.86154360957664
206.77269774496614
-136.79139818168423
-124.43964520389932
167.69375550702256
-158.5881771818203
-165.45847230103837
125.50505921566145
-77.26665896565802
136.19407201386107
-112.28672682579638
196.9310724617614
-58.42378122756182
95.86052015741028
-343.8067322681259
-166.64586010241408
-154.39859588774013
-123.40860561732293
276.1971102005749
-9.462158901319121
200.16303661469686
85.91450654944249
-301.74761258341505
66.91904914773508
41.25294217228609
-245.6292088470879
170.89893739577687
40.88745976849011
-204.02622403340192
101.740770345938
-3.1939084975420053
186.42934790952054
-229.02557987904586
-216.8615989644268
115.999698546126
-100.74264754061285
-104.80126158016013
-251.505387197528
10.179624072675647
113.97852163935515
31.33419582308121
93.41111633225451
71.03431477845581
227.22832304752217
-19.526164103292334
142.92488709452064
93.09320103458026
31.175301296898848
-68.6007350960041
29.779045951142166
-203.40102918047396
-16.085856725915857
130.34325635559262
-2.685241496523826
-38.81989097188587
338.0483746151016
-41.83776464641141
-42.279305069260495
102.03640809443257
248.76682456653893
132.8237338660981
-134.80191153252647
281.79607822169055
-57.752086755026745
-36.00128888184343
18.084358826380324
-13.91154566852379
78.89682977631291
46.0576399327636
14.559605538139692
-124.5221865949748
-105.5914691632851
-100.96360466260262
13.888482441774087
-3.0669834141927677
-121.30177259812623
108.11534699735877
-72.73344478738878
109.27570830251683
-25.43497629811448
-94.7388587632707
-146.69107268077514
-186.54387359908563
23.859689476089937
-176.20728963097446
-30.483445015607856
30.522260756701325
-116.22510125386441
-35.95986838840169
-87.29854305187789
-497.02976484131216
-189.78281197284326
130.97423135556693
-136.42131894414786
-243.52769667030674
95.65429440993948
-73.0776440935536
-271.95512195641464
156.33420200753054
-149.55431688973187
152.95706457128216
-80.42358608400802
50.27778300160927
409.2229349064978
-21.655273932570324
-157.35755788169467
-98.02712687652307
-176.4830617178661
-124.21269520610133
5.989168796821051
110.89570767790264
