-181.82252295036915
269.1442623470525
104.25388483571676
17.652477710297358
11.251600690886583
172.62988532209636
-71.31783077733809
-34.64499856153098
-2.1559921253273515
-84.30001460972608
26.65317134770498
195.42543636516422
-157.58566309148551
110.32340897368357
114.29019708591115
-16.282214240242997
66.34503193023079
-127.71672560707566
-317.99971277767315
123.1918115156337
121.38241836939653
80.91748581653471
-69.4303198571233
-220.342072604215
35.78705853442132
-46.538282027296674
180.2136155560818
32.98340532545577
266.78523754661205
-116.2726257375732
-117.55186335474184
-127.66399132239626
293.47976964610575
-95.25350144986254
-44.31776110838371
-108.1935431126589
4.498520252524872
-325.96549739768716
16.981452857488353
-152.10415150160543
117.16625941799938
-116.87507323743262
58.811296943439125
-15.910095030001429
-33.86148215614889
43.37856631886496
-82.20041651829112
-55.849940772822016
48.6127813111688
-271.5774915881606
-162.45461690945396
185.67500624091258
128.46379709199948
115.62274958928413
-104.70069487102606
-141.01817285541847
-116.9539784862034
88.04178734192953
135.5057803237754
-153.1859507869672
128.45294665372924
41.76183247081804
146.68648778722397
6.393767380381096
219.8052556268372
-57.72575777328576
-113.27176177648079
113.0366017212252
-162.90832874594534
-44.43228307869774
-35.46512157286011
-142.9904414534499
45.86331980420226
-185.21768733615684
28.092612892602954
191.52689520089217
-136.2146514404576
134.13561404940486
6.973684231531809
-67.45555834875223
-93.96784514406366
177.57994658289147
128.42240057402796
61.09137808638798
60.70478258538093
10.121049966426703
19.431404188214888
220.77948797274695
65.22478907607844
-139.87643685288393
-15.245043063762544
-178.49596888281107
-36.844246996922394
-155.384964190305
-150.83188659923556
-92.67454205000129
175.2567226767348
-40.25865914857766
48.757125145637076
-77.20364551104721
168.13697654979066
-382.8797214463646
-194.2434333163047
81.29421749821906
117.73512547788404
29.275289437039245
106.72769875330991
55.263313164122344
-176.88113740353248
131.56808563828892
-30.996389868098
-149.0099127148498
201.8106685418884
-5.989082603174278
-68.9468425113981
26.07070102581003
-85.05534253870142
-80.35651725341035
92.13571334040611
35.80328723813023
60.969774746273096
136.50180326829687
172.32454824738127
75.53638773152272
-272.87482071271074
-145.35020883434882
-37.52206816379362
55.54696060282334
112.23297366290446
-129.07055540403758
-99.50348965671141
202.51023883177444
171.5741374260893
-17.113797290304355
218.87858423244134
-80.78292342163442
-230.65071574654974
-22.205880548142705
-292.478133258735
-212.44810176504114
-159.78100015771128
30.495315178650213
29.859250191334834
229.77218804586929
17.38479361330959
100.46285415143367
130.91564399413593
55.4039053312605
76.49557914015895
464.6693217110534
-27.398062277645728
-190.99962414978276
150.2714075870945
-31.48653249310413
137.00812426219247
84.3164360603026
12.492965633153707
163.724917716131
-258.342442733131
226.9341202149853
132.32602962132992
-18.226243018452166
-34.86922103514167
-33.164492355250935
-2.638429660527917
91.46618432356267
-253.6218011174868
-186.32997672495344
56.08500988246049
-58.26927349167524
-21.693325774193564
-95.43146352382377
160.47606917933837
-78.49992049234045
47.01465742227508
-41.57879524715226
177.96298463273246
-103.28781292415506
-40.528948064857325
-114.24000766615994
168.0076842011811
64.06351819353462
-93.25465322060522
44.872874394760025
-103.2426563434449
304.2305926842636
236.06856185161138
93.2888907223053
-25.408804748892273
-238.0791814045258
-150.22621007033325
42.3575995528124
-69.55731085332833
-140.6343405020185
27.041473006255792
126.15453986107653
4.8647120100016945
155.721439485879
-157.66346437430298
-207.81772854491192
-245.62162809188717
-188.4406261494622
-234.47109093915643
-180.67716063290584
-166.08196503477396
92.16646152977103
-121.05763863454786
217.64786971562305
-45.98724893061537
179.6524639959133
61.475660469182515
-65.0344615079673
-47.83236703492888
78.45825731424895
261.9689537029872
-97.92543446346464
-83.22934127369365
-123.19791737868917
-281.79107069166866
-0.08714565790296014
201.07741820056262
106.82831241384274
-12.451900058622627
52.31254813634942
-15.197851208432855
79.05846429941296
-46.05109145967337
-127.50081025555508
-200.52769382236764
112.21150027803792
-32.18899279737513
126.52621853984046
-0.4425723493493287
73.41378509724302
-206.11021253455655
-47.33200656495733
-59.59194364241314
86.87780881056909
-50.89725089694301
16.87939646723915
56.612030857585836
-250.18670516264746
-256.3036423237234
-71.25125261547375
-129.0549844119762
4.904032762105119
74.27381903011496
-80.69794937224003
-62.19922817512706
10.770247950797607
163.0246522628203
241.92127115071716
-272.3377960326618
-146.14905907420808
-297.15790066445317
-25.25591794944534
168.96178571055566
137.1277301811118
-94.79403709463648
490.34499484744947
6.859597638434986
170.73839441797415
315.12819434408215
-1.7984920098671848
28.646032729830374
-103.3358796333524
143.2601961968286
13.283519618646874
45.942893902122876
27.33063171520811
266.5887712160327
30.637211428138176
68.92793364088197
156.971244721139
-173.74353490424937
140.97223774324564
3.5204287411621444
-160.89559705835444
-125.38696042970649
315.7443712704408
2.0112967077867854
-261.3806066911677
17.16616347531532
141.90402146421874
-115.2334735890362
-265.3687389541306
116.5002240664759
-136.22096814773053
-396.7888857335769
-46.19224767634128
-1.9559323548024525
236.42648352611982
51.68068355004271
-124.64822426566688
-237.95284460896224
12.593329929156164
131.05286974529685
-120.08721240569967
17.485829266818822
6.719401658149348
78.76890960275591
-47.54029397349183
170.91078290194045
177.6437448510867
-29.35830053151552
-93.91588175420931
-77.90135593190364
-26.30139631828199
-32.57772005369383
41.52685566774956
178.08828691226574
34.80947417526915
-83.63787607703578
175.81901352188834
111.99997610454668
37.13898763175614
-107.82009273603869
106.76656870710116
-188.6411829350136
-50.723823132163645
-32.500648890496066
-69.1328845187845
112.72879872570257
-159.16556207953093
218.13652091542028
160.24303371927508
287.4542592825941
238.37372928298652
-1.264558899825571
-69.98503860215231
-70.00788950829877
390.48633812289063
-64.88025234893371
171.6181924110194
349.83213437950985
-138.95766950675525
-30.17770587303791
-98.189853233102
-88.24030442666674
37.107133499178666
101.91023389934104
288.66601620983676
-149.26307580621986
236.80713835979083
-233.98339906696833
-67.1965390622425
-21.273184237188385
225.75839245586047
-16.633193537764395
246.50058426876285
-43.66615291639592
228.77096478156784
40.082449079104315
19.638139965834554
63.00840067852385
-126.64729569789138
67.0491404078833
11.01102818178446
-252.44374734739804
-64.15055490408994
-83.94718089849104
247.05764930234494
83.43722403023149
-23.834161044532355
-317.55971088443994
30.65406895851334
201.19412169102372
-84.82900968562365
210.04902468197523
-228.64924419452657
223.7273218267589
-185.2355739088931
253.6711189628867
70.94905904472381
7.800168095117059
101.89761015495384
-99.24540395632539
-30.19366716032907
-79.47378704764587
27.63947390918287
-199.73627911499963
330.0871982228206
172.23088906612003
191.29126105625284
-158.54496266879758
-19.741029451423184
-109.26939644054745
-166.35161668888654
15.497142679778904
-4.365122708386745
26.671781310558135
61.45411046737607
39.7659419817641
-31.483394669769698
49.99837125248422
215.84853039647308
128.6119929330525
-21.73747972203203
28.23734825449868
-86.6628840221675
-35.67720882251879
-172.45142854188012
-160.85047374498208
-304.49430491506206
225.54570874900622
-11.893746270811281
-80.12788514278654
45.334971987231015
-463.25927989958547
58.34360983665334
179.71157312655345
-97.73349341021212
-51.350811970142004
105.16101480736619
-1.3507093878759138
146.9697550061862
243.17277384710266
174.27328851249442
-70.65119481234872
21.863507155921102
-228.92217911139582
-190.69078697651256
-98.9269914271717
-10.092347608364621
54.066794074615
-241.28370766442043
31.05255947968327
-13.191047087893836
-105.651188904414
141.79037032152246
-25.623403594877352
-38.16722935219279
-68.51210794712398
-30.65183905302565
45.29896414225542
-3.967209665631665
32.66246338536229
-167.58351979862326
-173.59123476855888
160.74147425659226
137.63696982719648
-216.79116197361833
30.40375655216674
151.10408965164635
-138.4819473433953
76.65528348715661
-89.73187458193352
-139.15965410606742
307.3866230869562
-175.0589663891165
178.5236454930337
111.95966943147961
121.56675762247409
158.36309246659346
-17.838906750190407
-168.47745639183535
-227.19648440135384
-105.31402169620348
-11.439990341086688
-80.7997068178293
31.450444731590483
194.04060017092098
-45.91145058097599
198.85974023953204
-176.44744534065467
-233.72900612337975
49.26433448984936
261.6736953801472
-100.61721526184529
-11.736899958798467
-3.3594171042080623
54.128108850223676
35.76845183467561
67.78902446945622
86.07715906801884
-25.53629017051421
54.912826232259384
-31.316542314582563
163.26388558934897
232.9980119241652
85.5024920305657
60.27678501979983
116.30562146678892
-27.01194601489529
-51.93400170265363
155.56742432500332
128.2884513564967
-136.08130649674774
-183.8862855764771
130.25153319084325
38.76553863990907
69.05785939200456
168.65400091706735
208.96567789567865
19.459604959018264
102.64646085569635
8.716692373331068
-203.16246833311152
-102.77965915288863
122.8008404198311
-73.73260327640324
320.16212163441384
12.412461374125789
-233.1862120525507
276.33226001838005
-157.13944924746787
74.05909117869894
17.294982849898194
343.9560855103109
-197.07744599858904
-346.3821979241176
19.642678562202853
-17.68698856161827
-67.83322829413271
135.78270800687943
-102.14720003579916
-174.78592086373558
-232.13603093896066
-44.299110525875015
309.10742479002585
182.8328152645517
220.92164705608758
7.487599090514405
283.32821335322876
170.2300929803807
30.73280070074599
61.78865194545285
-103.34253824579382
-130.15227699638177
189.8724260224786
-155.3336951310124
99.82928411752624
-136.21654745877757
189.3920488452029
-86.95210562853897
12.314763511795075
302.7365686381976
153.25969763035846
23.23885482680998
174.13469962484015
-110.07720651231546
-46.10699369178933
-57.747045484603056
55.301185388703246
-10.462144982325395
78.2318591052852
-8.410263710465658
-53.06381941576065
59.75262422332887
58.690727838807156
28.103261865512952
98.4586128048023
-96.6452054144362
-33.562887205024396
43.22717822690957
46.353000016959854
-84.67336092816997
-60.60151519269028
-210.71960609059252
135.0318964064419
-10.390112724345313
0.8310235016177208
69.21599888470317
-161.65576080922366
-199.86838442123806
46.55307419088295
-129.33792187636013
57.24274089507711
-54.400341137469795
17.43928312447308
117.87882613164192
-129.4113243927062
-211.29621839889438
-30.457195875734474
-161.20878078642122
21.922271346640496
-128.00005320066785
-179.19754274773382
129.13372024767696
21.588032589757184
39.62812117941994
216.95865382493665
-266.60031816981024
64.79953377344623
47.07763868020256
11.243472866288597
-251.52493856411363
-6.4926787071023355
-19.773194316408706
-22.14448451876855
9.250897508685547
116.10385121701283
7.071857501264635
46.28414046946786
154.39999262739664
54.92851667567252
60.32311906329029
-107.73600137540042
16.946749840592425
342.92307774015785
61.306726155607656
-335.52063079305975
-172.99760118524543
-128.726965085028
7.573248070879525
186.25779581215244
-354.3268879067295
27.858496472487356
122.32891927217395
-10.369351714366951
9.830648640619984
-116.41176207218193
86.09712517782695
-116.29120150458384
65.0432396253356
171.66655123289675
-296.7437052218598
-64.3802043500176
61.09404922373393
-58.75090754479197
-51.74880611385009
-18.883664096195506
106.1152306458449
-164.50317274442253
-139.93532144631425
262.5275490483742
-406.81944452142983
-105.32971000838438
202.45708032325237
147.39786443273684
-260.81873588631555
-178.09485566893028
168.61988850753633
4.429445468132365
257.14248755556906
-132.64124358594614
-223.0074808202626
-23.62247297599086
0.40309057108676144
10.855986054439217
-74.12713662855313
289.18531898080937
141.37220450649446
32.87229437030451
-136.3037630673032
-224.29367735056093
-128.37343466814914
-77.63109121783266
-302.60524893181355
-157.44483306360374
-126.12671556091658
10.633410470622653
172.86870971964078
235.1177525461426
0.0784062473017344
-37.420463247929504
-0.3516145673636898
86.80791424104788
220.66565696929283
220.1855474830784
-0.10477882586039566
49.696117293930456
104.34506715760753
-157.57863334605733
-73.65121287921241
-30.37834119140925
84.53921780220305
234.42842844315
-100.97581014686833
13.456372788474228
68.63533107777135
-50.14631719348978
252.76534395361767
252.3291827899768
-25.430821033809575
213.48476580413802
207.27689329363233
209.56332039922154
-254.30828306391604
-139.9560411167803
193.0927682386011
17.783538992708966
23.79347987335109
-122.36569552054226
-196.56435168331527
111.59164268009923
96.30616281339383
-155.80452253173794
-36.279292677005614
95.46576767325261
33.81917088750211
-60.1670736123557
-67.12435849228402
-144.30822631839314
-99.14224654547688
-132.09120590581807
-44.06257291966685
88.75198249394913
-6.645516340080687
-52.08824068489086
-95.51355717195396
106.01098039225116
-56.915041316007525
30.768920063508205
137.64136139431875
226.0356466375944
49.95384915661755
-70.52539004450642
-7.087742987864795
-82.88089029398526
-259.16494716469055
-144.43677229088703
-26.479701826368483
-160.24387495795074
-92.85996886503125
-93.35065663328285
-61.79474242695107
-94.22604093714955
45.1689663260733
-111.82852696491236
7.90993260953263
8.26972179939568
-155.33765121560293
66.36935336115373
298.8120187922501
96.37168372504568
-90.69658213650358
91.37244030785786
-100.03098403865201
225.15579479131208
22.999373992592332
275.4952918106608
49.495305508405764
-188.76790869658745
55.068993995879445
124.18298809880204
-58.10945913218763
350.09015533698124
95.19791482509262
126.85556342362257
-375.9815419007883
-123.78891592593035
115.83371159602443
6.604285379477913
-168.62394121039844
365.83449224800546
114.84417764495578
204.8967052091202
28.199802210000673
103.54811320187557
75.46549735773782
-200.87940544313912
41.55404464533119
55.14032325467522
-101.30756763862514
117.9900823451307
68.84569414999697
-184.26416675897906
-95.65335601735285
386.75958928888554
-94.3766650221086
200.83733741935634
-259.61394414473637
-42.14259585569085
-158.06605261465643
-90.17120581645302
125.26648125057189
107.30905976543029
-55.65998778305675
-32.325359890231255
170.73098506851892
32.48653914473562
-67.82292232759733
-124.5434701303428
50.8709778999015
-320.9432861140661
9.168434238990674
-11.02973497758133
-28.044168831978993
129.503356579653
-77.397977688801
262.54126429935457
-190.8035201183161
53.48191957010135
-124.08343907725592
-117.71134974055317
-5.442193708671004
-271.5193525963363
17.639639806091136
80.2632164355441
-15.100740431571154
-239.08104687272035
-151.31534922551705
-13.261710361500544
-235.25789302065076
91.06865074156501
199.16142658855335
287.1720301986501
-20.892600244083273
117.85941931542197
81.16815954140269
-170.2234418234909
-93.74053421748802
151.54447735444032
100.91732237629743
-319.54450723322793
-6.375707191823026
432.7777863344757
179.3977994619774
-122.15616630632846
-53.031880559739335
-8.92975836823473
74.31470980626604
300.91355071726673
55.51728057716435
23.22568476566064
-28.6926824468458
122.77330135554426
-90.9124126607052
103.19226699848495
25.984562589357196
-156.12256833629425
108.98407861498657
-36.708045084874854
-111.87868874283195
-55.63848051141225
-62.72812468152252
-47.168718076215775
-280.98583617195715
-59.56077138312033
-14.381881503292488
-69.99504048773221
-111.79270517183869
-49.93766154648343
-13.535737230022532
-50.750272555442145
125.48763728295097
238.75000734236943
27.27213381227101
-140.07873105882996
-253.21467172882433
-281.01322736854
-229.4809401091614
69.88926624234554
145.71205755681734
-144.584599872852
93.56676867378764
-89.43769892648686
218.2780141991759
-53.88930111757559
-100.92978189952106
79.59461414900153
10.544935312218398
-184.82685801748588
172.7281781144944
109.14869731128547
179.65984022444485
11.023545560673096
179.09988005188754
-36.91094323790788
131.17091627828262
-221.76136167941067
-157.19168040408317
27.052278306817566
267.6838137770947
33.16948565867626
-335.76958703813125
-2.202475619592973
-94.40627947091706
232.1275029662127
3.680830126626554
50.728466011121945
208.90489409466292
2.2978555459370256
41.77651898179503
102.44705829315551
177.17337926232025
-195.51097706511175
5.359918900153199
92.66029648273194
-240.67216172052272
-14.190998629782072
370.77801748785856
132.76807326694288
-92.61865359390427
38.045457063460546
-10.672778975536167
60.597568780610004
-157.89377057546278
-51.37404363314053
-90.81503601627514
-147.61094095949224
100.61073660627875
-37.24919054603522
26.74735693296435
-101.22933452921404
-286.0017278653166
94.3195375617083
-50.45787761985181
151.262615643088
-5.175945285680689
252.8030073989897
-226.3595620073233
-205.2023046790972
138.94742249186032
190.98319644455043
-76.27576684498726
23.47459996628199
273.03461628541606
129.6487020726318
-127.67950213369242
-177.1657779614694
155.36944805361117
229.81197060008057
-316.417034140242
-82.23323060512826
-102.82747544490189
227.6960617524268
2.332164584105008
103.23470195976303
2.3531429128673875
-140.03688573716957
-107.57603704065103
-223.06713948684717
82.3893723002359
170.10906986564135
189.51027694600415
353.45665074203896
18.876743520427414
-267.39091089670427
98.13396485651431
-57.63201178733691
-46.39378494591879
5.98441726736241
175.3433016742157
162.7533205325535
-34.26137031600051
12.243568682754251
-44.38932757187183
70.2684518629737
-136.03706843432641
2.6101320575974207
19.28983937316325
194.46596526519093
321.20569271178647
102.36970589132794
226.73381726883946
124.42601937463844
12.933108566314981
-296.0982769773467
31.87562768509618
264.8771492239881
269.7070713745538
-143.37579658642193
-149.3977099800711
132.76482340231186
119.36838508041151
-320.29503601563147
18.154807590843262
-127.13899162931733
40.73696770843013
-16.213247187722665
223.92376983515427
268.05916936169774
-279.2813900745705
-253.36435836476215
332.803588791459
-62.83426328880136
-49.95264111150958
-124.79726359870914
118.58359450245366
137.42377215631893
124.53965846549131
-20.89879469296424
-171.41340005883617
-253.23210029558598
48.62620105334428
106.56833808631703
295.0422035608382
-69.17847179517705
-99.5104613874744
170.2874026328188
-63.01586181530083
94.71923076789017
-75.80801872059361
-290.30551895379017
-151.04825604150858
280.00278167416286
-174.16605017690185
-122.4818370139685
162.21992224976125
116.40764696937968
-123.73546620783965
-104.62361518578302
-156.04714203777635
171.81824941681452
-129.97429754520135
39.54539083988031
-84.67781952011158
209.60201961533625
