42.51610743720544
52.57754639321935
-185.90560185284025
51.12559038222651
-367.3397578777629
-500.68964671544035
-106.02318177979679
127.66132490375874
36.138591787855894
274.6308947142558
104.00596483473903
-288.37396909321023
290.59359028379885
-94.08597767240045
167.47578243992552
34.51032363021734
-91.51517823080627
244.79852318410718
-152.02214136675818
152.4715991644232
-418.1683983077346
35.363264684005415
0.49052793779526516
-26.11618535007011
-85.64973980716732
252.91590950222232
165.2762972720141
130.23917258225669
19.285923417888892
11.810945614637463
-26.507393956856493
-195.555788962421
-155.87685722344898
76.38308251935858
-287.83101353169377
250.82311559619725
-69.4130878258981
-140.2358005395606
74.41452827249687
-203.1295359053913
-239.0384467561843
218.73137386424852
-191.98358215862626
84.76884176716733
-215.79782678411246
20.598309892779255
55.823971667847985
271.259867976193
-261.89779687581654
260.95116492326315
87.29386146425836
-107.32389104656406
-86.8660011145625
26.119817498878973
12.045914723372208
-277.04044916657114
122.50779522180943
-192.43315012025687
191.01868039235492
51.62133017410787
113.83803631656168
119.63767449623873
-281.7486700037753
-16.54705284976189
323.6615881670516
-192.94725893285124
-61.618804159744734
-156.98652525609117
-108.87837941767609
-229.87304085547896
-4.505911184949295
-28.89163082264663
71.43758760268337
-165.9335139715931
-96.11941931711465
15.384607131096034
10.239849777916527
-308.4231088920847
-62.76169036612449
-144.15029440349335
280.5637080341554
142.268429015434
336.73248416103934
-14.158060006020676
86.35133460071754
-50.50920006402692
48.44448328922811
-147.0659917988037
-223.66602322763185
168.02723585171455
241.91760168595613
-1.1276118189929976
-106.15314158105915
-17.5855642197752
27.95778686860636
18.402270148196457
105.03435731415614
74.21012712585676
36.063201797052784
55.175490516783924
-37.743430995133245
225.34824324618856
66.27651871693041
115.6644197775771
197.36878036299572
-146.9055519709166
-231.37412366326396
-84.44839374962459
-161.28493955309764
363.2119147022421
117.40714618265993
-221.13548207173645
173.1073588679869
-82.60178871080065
-36.38994944760482
70.79186611508818
373.40680337815655
-227.93335298632837
118.88516098622911
182.50375663994186
-150.30027054633803
420.51404824122363
-269.42948267619954
192.73145016325805
-162.35942210178473
40.71979739030664
59.08659842746574
25.440803681016845
-331.3606242586827
-155.64809252282205
-231.76238601766505
393.0110478097986
-19.62764886583992
-164.567942212795
-171.7555155694808
-46.78946620346424
-221.89280363351475
-64.8985960769231
344.24742644571967
-0.7852375385617187
-215.59667029968656
-72.71556368574849
227.9405680119563
127.73208283159218
-480.32206136672585
-229.96189556215322
-211.96536039180273
-87.08915998759727
-110.87214893529627
-147.6361838804212
-41.54068931927424
178.65429151862034
89.5490065197533
-262.345819505538
-111.93259293735107
179.80791904799915
123.69639212481567
48.69349680246081
-217.97397787878086
-93.44784537751086
-129.9990152376069
347.3342752281232
45.566457449737804
-135.61255687922548
128.17838925370825
-28.97184019955903
-110.59846034758012
396.9500765654484
-26.281098013037667
149.4896022402588
185.09423385613036
-107.26416153122273
-297.311398206323
-150.6420907366705
-25.59269028564983
132.82937918079503
-258.1949164322882
-50.30886609538564
122.86467631978265
-265.4746691412698
29.61394659538863
-204.61128649184917
153.1812522444255
157.44401168132708
37.76672769719951
330.2712535023705
-53.956550800286365
204.17555884496733
246.63081281098124
69.62547630452778
69.72868796035347
-111.24768359912974
170.59270454641862
-235.08106129820126
41.6141300784099
104.56211963782715
108.58346286957061
65.05486060261887
-86.85688836196518
-112.53874906594942
213.0788830702785
49.33742800046708
160.50505576364083
157.75558838634424
-376.50281647770566
237.82351471179538
458.4124337756495
214.4925180932395
-45.75695851472284
-283.9935675392648
-333.42697728160795
165.59696824203488
190.59974807829747
383.7909404283207
-229.63704856108686
-71.98732645888096
85.37672257887925
-174.03907629239552
-22.85687642255296
-47.46768049979565
53.05952294822871
-201.46673174661552
63.128619608333075
90.43471202699499
7.218667112188524
88.13455780944011
-208.82517462348588
-242.39052009077574
306.88249984245067
-107.24904202545359
265.3340235008481
100.17853193798847
86.42517649958624
225.9121889737061
-448.23124998438715
-56.9791759343234
-252.19803313110438
196.09528575609835
66.32649140780178
150.700824805218
-100.65660289724471
-56.103344870160484
-163.07381478202456
-299.43259232760016
-254.317557493209
412.3719182794941
-152.64322926792926
-202.7297683514958
168.2085514160098
80.67902396138072
-150.57381393507848
-206.9363588946012
58.01502628431186
82.89043141539418
95.22154036049362
2.853567008759815
-147.12530409121774
358.95602316230037
-176.49258809960014
-75.76147292538575
88.1282336813252
167.01366798459546
24.43107192660529
207.32181530697804
129.0358157737053
162.05804817964244
-312.76627400879096
197.15949052712529
360.51953994030794
3.5602524958795243
-209.10459527383142
72.07712437757915
163.84888757534998
200.80977012847603
-209.26021085340776
79.01215118852454
-26.94742499204586
241.15457517459637
-126.39214768350121
-28.10042046228049
-233.66749259185084
-87.83224408163443
-38.50265497137925
-120.86928977891712
-148.06080170260438
67.29979943891469
79.96006377119488
29.775637915401376
-318.90397596693134
127.21133574466218
78.8819985074181
39.22820390267599
-63.19908450668159
-82.64015757043043
-307.7942822004631
92.74888651601033
-146.31399992100316
-310.82195696845776
259.146531094927
-3.456434414788956
110.50885271307297
-177.13372078259528
-213.99230436111978
-123.07752266883536
322.8374118767323
-47.53376605895275
154.19812336032243
-25.31265535480125
125.65491208690199
169.1803406730295
-157.4428498955893
-139.80504489886926
-206.59666663972345
-106.4571676257934
-203.07211657823166
-310.86303885674505
-66.62423593328396
192.84470296084356
-54.3297047507951
116.13273419820867
-136.15266055823992
46.18197351400366
-73.5570582773693
-86.1639332657999
0.18352618921622066
50.30749582082828
200.979287945416
-214.90932209256164
-58.57903405561719
92.8983514407907
-285.2059565202508
172.584191530071
229.18830747860318
5.4340060756369
-88.07629946620763
196.72845540105294
-43.354128670410574
294.555653229793
79.6777361634776
-113.7869757038921
78.76442849538566
-52.69127546068598
-64.61553483310595
26.891980613731864
249.5282011335028
-116.04500141106693
128.0344232235289
119.85221924693678
138.50887233308828
56.6161917539714
-226.10281325705142
138.218844102504
-168.6914640299718
-85.29088852280577
-45.4435853759261
118.70720234535028
25.03906596371184
-230.09180350160838
-79.25968041114666
37.64178154922197
544.525135142176
-69.87818435916036
68.02149526101918
257.51687332718086
269.17941049858484
-93.27763499505657
-221.20492567418503
-30.79901944526171
-227.51018888223052
130.48678986281294
8.936639845363059
188.30037691271173
2.2971803323333955
136.30510617756926
-275.85275442817783
-12.52195480267605
-5.819262140678386
38.04723575476957
-276.7359321152992
-435.24948665083195
-123.55289404378075
203.74883613697804
-55.676068537897066
159.90231186187256
-121.31720806925487
69.5163086920703
156.34048866543424
3.2742515748325323
-141.2949839238992
103.00847865894491
154.23300333366362
2.286447182218318
-181.59882205588616
-36.76825827367511
189.9609031974711
204.6404773499442
36.95325974956623
229.18164037599306
97.07004506177375
-171.61031945239128
-71.63492562351314
-227.4773986111615
90.28170793093065
-22.874607243683023
-250.50920779297488
234.58357997649895
23.37993507594068
-206.33714709570947
-200.68524058498807
-225.0197448448027
-336.6614196802511
197.789851399489
-66.07864678889608
-127.71197651792534
-292.1948097656386
-315.48406261356496
83.53468894311877
-67.0545170755756
-72.09190155828624
207.34552413423555
11.700132771912259
-198.8702416734076
98.12724808534858
208.7203074298732
220.30907551592466
-6.130580728239298
-78.94645842140532
71.93376193976779
150.9962125179118
6.913006766406628
-203.02243980023852
-98.03723170577288
126.24602699827092
224.93355571338543
167.8236830060849
-40.213259330657515
-304.15740027314786
-117.17616018736176
-110.26434551589485
161.63439846238526
168.27883248076597
-340.46729615836693
-226.4549771921065
156.7589233771995
305.9427602565412
167.65325394457733
117.60948352166203
-57.801959386004874
180.41349045133637
-240.40563706094912
-71.58434304834692
2.2445468910216917
-71.58209679229869
252.80524589390785
21.803039665061075
8.425229571134182
46.102949326654524
50.848510348992406
-300.82935435298674
251.95797899813863
7.461140916799438
158.1390063769047
-116.11375325088908
46.82716102862071
-75.25598768637329
155.4713232234601
5.027676512952027
-58.85689410198173
-320.1528043361857
105.70983674453359
-233.13818006215996
73.88075140140612
343.41927143048497
-118.43344379866888
-5.687815181307308
-69.06556886846113
56.925699679680534
43.55407254026139
119.84080278153267
-38.01912746446603
-86.22036001016488
-137.27232693759711
-68.04507028722304
-180.7814758359273
256.88198701821455
57.19710080250654
182.98581928205064
1.8767153212639631
-249.09180285291393
59.33308535665471
-102.68743601739752
-3.9623978168477
-21.533530171206458
-101.16747231201256
0.9950947871022855
-2.0650472823624515
18.702697983796313
-113.10403477177208
89.34039371140302
-5.729065850481959
-11.198612716192208
5.774592049094664
347.42026815212034
63.77672139133844
330.8058046494584
40.821874126894095
110.61571628273924
-293.5643613711274
-215.7735788316772
-33.54797420303362
-14.556274254919922
-161.01925808632325
84.55540305714162
116.56754175842782
-165.7156929596443
-334.6405144083344
-76.52213029947616
97.03872493371252
82.44949439792639
-133.77459600220408
148.83493881318427
-158.11124971144204
63.154082918872795
141.40014619628846
79.29683719303047
122.46993616507818
-172.12905145072654
-264.993470003203
93.46952562832784
225.55890025368151
-66.68085303732337
23.17975826527021
-205.1286566299642
160.82009995520187
219.0896779001178
-218.0023505900938
140.10276904144325
-25.5643871937381
2.546818439367362
-22.228193831528156
-342.795848693238
181.2206142807087
376.21765632146605
-150.8801789705662
127.63573246688237
105.85422614907722
-181.81720772487162
-150.37818153474126
-163.62399543671708
-6.389798978812806
-78.61674558765029
30.848339725662687
111.77866621007264
185.59556337921217
-27.66665964788741
153.57590067975514
-21.278450887560854
-109.49986668757235
337.1100586322832
50.75201502018241
28.249059517098797
-147.55060084441283
97.64467316607508
210.38782075459983
105.89722914999156
-235.75673646201918
24.247461050330852
40.88173432495654
41.249385917534674
-147.75033116273158
110.35650411005028
-140.3390589393246
48.81308312812843
-134.0118877477287
-76.91279730209052
79.9791494626731
96.8906580301443
236.1970414149493
59.953640751808344
46.45990450579355
24.616463233205394
7.2596444174913515
102.4217366681177
-166.63669180859083
99.73838122117216
92.32066200379276
390.08288515097144
116.8250111457279
-229.2914636493865
-8.721916784674562
120.47830891302021
-105.49263689253817
-12.504914778140785
419.91716327283604
-140.3135938186494
-19.93152857101197
81.54509158445414
47.33805543280307
-253.1695128700096
17.946675129248867
80.91471271850742
-33.51915804586668
-94.22224183113678
87.91863539340875
-197.23032848272297
-20.52295978272352
-108.00891357044026
271.28697929131346
-43.62745938816456
-99.10234427700125
175.42661453060873
345.6788217450714
-25.901074495805183
-12.777625674907629
278.6519613990007
-79.01092032036625
39.554262444523516
179.50270627657335
57.64800241196326
183.44754501244003
78.12645654841778
-287.26742532157436
56.98348835013492
-61.96754455442577
105.00438680691417
118.08519752696625
135.4928113997045
24.37264752439402
15.763139673995557
-205.62506599657894
-117.31404789923542
60.90155270467016
-406.13497304929723
109.04694398798738
86.4267662496681
-274.78326402771717
-263.0652405330122
-275.5856570361866
96.1669522961075
6.597255715526415
-82.54177036408058
-272.6546280952594
124.63096116769167
-105.01089988738815
-79.66266583865544
75.61362282075471
-174.75181966583136
175.8893438219417
40.44751799932693
-210.27064040376007
-28.412704761581303
-2.150909647573634
-86.35191832068489
165.41781579814068
-24.766052671342045
327.74944516927354
-80.87413100041034
-3.8187051547620383
209.79175206005144
-96.59672237797655
123.30724884855935
-157.643489542022
-76.49430563674602
-155.10499840470104
68.2025818445147
-45.528194766569605
124.8896698592841
72.5295639134779
-93.06106572173279
110.05295725308568
135.4008122521232
-28.683672581914127
-280.81985384377873
178.41178612018635
88.25207290364388
-62.21793122394911
172.06822295183957
-227.87995720407596
-20.24988894841538
-9.884461943611743
-68.17142548226055
-63.71858471248135
117.71673687279454
189.44584291791483
-62.65221256124488
133.36021456044062
392.7148987552763
-72.87462720127772
242.55429190844234
-604.0130619666688
22.869705954706056
168.4473371148421
40.88806634382214
-110.30575773132409
301.84893971665247
-192.56473886011335
-4.511568284679736
-148.84109778188892
-192.03074818121627
78.32182640781078
289.47632055141673
-60.6775647955192
-23.802593021802316
-14.500695206601783
31.575741435814606
-212.48336176629638
-129.5584220725127
85.4425140045785
94.5922478025348
4.276069149191816
168.34349231392625
276.2451777300186
-15.211342413231229
-233.3478435180172
107.6382526471311
4.856903396321409
-117.29802707955619
-95.45074522403644
-63.917044348360136
-92.41409778786762
-82.21047658887304
-142.64348989819382
198.22140704267358
-316.8975413050756
-82.21817214519274
-137.70992682802185
-205.88009185627388
-188.4249153580658
72.22468340895517
78.62806442064294
-284.7260398474719
70.88388157308812
10.090693080151565
-57.57534949592892
35.91381851397786
265.0855797134999
244.3407679326042
-433.4578752295148
-94.87744446757408
-267.9995291435688
70.26615930416216
-46.36840990317209
-43.15586466268835
-61.617848029633805
160.4272844484248
-51.655960745074275
69.16231630617429
98.14340113839388
139.4445054117362
132.36519921572614
-125.96701937392778
-103.49784636092842
256.3597559434325
0.4302365157364354
-50.99438982621145
213.69934431846409
-134.98199640826934
-250.43142001285435
-87.65901927339775
-125.8338049253858
263.9840108229429
-30.31944553141285
-151.60155465840626
-43.21459201231896
-4.440616090695852
-148.48819932836315
-194.3604254958089
-318.77553059888083
46.0632321841243
-85.84098045297793
35.404577375540676
308.4872680982329
-52.53981573166847
28.98257165035046
160.69903901329053
-107.54149120756703
260.2889752410661
84.44188504372423
-89.52168624269804
-59.867514668510154
-65.74125001801092
-222.85171464909823
106.15428026324247
141.28060957315165
12.965474303104102
3.264033287398302
22.039018734675924
-30.707221131429886
67.02586747825123
-28.352008967082572
43.08284291859023
-226.2280123630766
7.0385026509906075
24.075200631302025
-31.806275403230963
264.07699657207706
169.31354027822354
-193.86856593392042
320.80976345307295
26.94728935954411
211.3011775626332
123.6038904422762
-173.60495047505836
-28.429449635965007
-91.0688972322471
-66.29720228987375
-130.24560900424123
20.720109978242377
-62.26887886169515
268.6011544140213
-9.92408888584536
350.87127164393036
74.47533994388591
202.5932901403716
-177.7472194447555
-116.37674118585234
167.2710823663401
-19.6119488160092
-307.363837751663
60.423146624209615
194.5424666258485
58.18424491694952
-137.08510423797912
-72.0271062386752
35.246599308965045
243.59555391062463
-25.244163878247214
-80.67101105786169
189.80977863872363
-85.51742387289173
-355.43622499541
31.761740448606524
11.119151481368279
59.5261548093741
120.94901662052143
175.24409134539044
29.481590278407296
-4.248783722617269
-224.326503335797
336.55219603636766
-38.72176784381551
120.70800384459976
8.113260855346306
255.78761150230642
181.1933362703172
252.40431422189488
64.44198569950261
-66.40172718025929
-98.09304464225295
-24.124338948183826
37.923698602488685
-205.5409163572571
146.68379407075454
158.29826733516887
-151.03125260110528
-12.575478669156475
51.21507738758727
88.05199545990811
183.8861720183873
170.43678261354523
-23.841402546067325
158.2155615239054
-126.94698428297278
-449.8333940982525
141.69242000207706
14.673478985639981
80.92053632942576
-65.32186909072153
-26.085021235681452
-81.88846590941986
-341.88587635602016
-171.27077141002758
-91.14941644380208
-238.34053839886096
-407.3449411304337
55.73937501029143
-222.1952376736083
301.52383234333206
-18.994618453768304
191.7125876116213
-311.3053395594165
10.12337480849344
22.494731448813006
-34.641469828902316
-304.84625182579015
-137.66246402877076
18.33990686387715
-177.63060967270198
-155.87225713155541
-11.355274921525702
-166.6454153085409
-2.162150675969658
-21.222680481026146
-51.788763681087005
120.12904034987719
-1.443545886705832
160.04077225613054
-114.21504558739603
99.34271417608653
-11.191048695042744
96.43461675871279
-214.94563952633163
-214.6228241575837
113.99408512627191
25.112691920557634
120.71691422751455
199.90628423031794
151.34441953998382
73.70305313001053
-361.04299044128504
49.29794663848889
11.02529216593307
-287.19490830085397
-67.58741014164745
-149.37196309453904
118.63198329127131
-132.68940094998928
-45.690430639898075
-115.10633075319775
375.25295302705524
-6.882426143498064
-120.33321415968446
56.06212995651827
396.8514170653395
7.954446047670858
-75.43929558956387
76.11100035751781
-28.628613254906615
303.9158078018926
51.31980704231652
75.30088567590813
342.0604875835669
107.01969577398467
-216.91503209443175
260.4608511229662
197.57815757526402
-55.874562807668454
43.718542908732594
179.7437344234758
42.58277547196411
54.41269355518233
123.92122175812439
-114.41933130992095
-317.63018578197665
-342.3768930964475
-257.88917194991456
26.83095442213915
36.21082850918391
231.31504049279633
-112.663174706332
-59.17568520636349
204.94474035684706
124.32926922056703
-108.02442414906476
-108.65793873730814
-50.70840597936968
-284.0117827987243
93.88475790203952
18.083101016976975
-128.17204028326083
-121.68621949951807
-117.41891733945963
14.56156204465136
-7.943349753445201
-169.543885564173
17.78879904017387
163.75518759886907
43.99787010331718
178.68014911028854
7.530245577582777
-118.67649426569994
76.73588101662978
-183.9217064140019
125.72438860398555
-72.83076294094995
320.47912375335534
255.21088224181892
-207.46937121485382
-77.66444568308113
127.81942362541415
104.58091417221578
-34.29102292337739
85.64282072444425
-33.427156778055696
98.5548257555043
72.32123597921733
-153.66902053577718
-107.31548715139246
24.123142192246764
-123.58166769132887
-18.080067068342313
59.95662903794667
406.30665919609106
-42.889260089698006
-33.872443070884565
18.935328898645633
-262.20803867110254
83.11741466509892
-142.90522110639634
-108.30367380475766
