307.060577188852
182.28908299517084
-162.7340597487807
51.43845565342988
-60.647081676717086
34.59500045376767
-98.86618373326633
-193.09734067073046
271.9103992166238
76.89170640033566
246.93168168865427
83.48485953405753
52.75823485187134
-66.59224579442485
-9.438473206157383
-103.853551865492
33.436349650826514
-73.88310939055029
96.6959650064786
140.37603200936056
-53.83394562721199
77.22116934830677
43.47404291890108
131.22076562357816
-6.297171976409499
-31.50577975936734
44.0204435510046
-70.10637098875674
-58.8295369020385
-51.44614056325635
156.39598528342188
42.83026785632913
149.2869771339256
-29.035081548535693
-48.17953320480582
-199.093491104158
-87.99034112086116
-20.40129063931431
22.89358793071852
229.4115400134647
103.64123888465782
-40.73111360413752
-59.54982237080113
78.79819881678043
-96.68293250673764
29.86305951670761
69.62640867049669
202.89119248574963
227.59408102242227
114.16820271266955
21.002227690237167
-62.54755753802726
-103.64503447682384
-38.65288854532581
182.83631914454506
-186.9696853634741
-60.96015607337027
89.6843511070807
-167.03901632989428
-91.78967565727758
103.72591898217479
57.0039015911152
50.6652109145977
-68.7764176108306
12.33643867985199
-4.648010742086074
102.28082306871262
82.40820382186583
-67.48485033309755
-118.21846184861225
-136.02605207618944
21.6323142208709
247.4932349175052
-285.05286595484347
-259.3107892684076
29.010613046256875
-7.293561347080628
-190.40434040208874
92.96325459229149
-39.16017315880344
112.14589580009762
236.6457242193171
17.01457163497974
66.11348433312793
128.50625906435184
-2.9324175727037876
-212.62928732670002
44.75511569949352
-48.84470767343297
-123.81398850534221
278.18349202879364
-29.66099157016549
-149.74279577389748
-200.7036965111034
-13.5557945884044
156.68342685580865
49.306980731312635
80.32872868202035
210.84212848253057
-80.16183450968957
252.63659951759325
259.08453883012805
283.95822202048214
177.5766034307272
8.390736022176116
-32.93216407127001
-24.082924219485495
338.20139727493057
-138.77794556605028
68.46648208583157
-1.541264531638161
34.17280057110333
8.486759373978986
78.93154614955236
36.66493413302912
-125.36709265835653
44.302252778614296
75.79146822944652
-106.45564776751915
-106.28492435321704
51.652306489986046
-65.66509074335207
-222.56509683568257
-229.91700676259347
-279.8042596932575
-8.958513233761165
172.85343026045553
40.102597973740956
-122.44420578737449
-40.92722649156804
61.37555813589928
-58.72570211140903
-83.46493324005775
-10.058985902295909
353.8296273313091
45.36409004182888
-225.99486810223095
207.00678896809788
118.76743397733881
-5.350896862069868
-207.53738888679968
125.74687334462139
22.6231072444889
287.72648122049094
55.514424671406736
-346.4488498867704
-38.772330725612996
261.6001088915956
23.056446062569744
260.16963409475494
16.674546316988945
-58.63077356267075
154.4158123587026
-78.69928386894722
97.1360701495988
-91.50871708344214
-42.09272988752573
-17.21714130264473
-29.711102959513397
185.64589491749734
17.08958365767375
-102.68970209543815
11.210259344698189
214.00416787355914
57.32788297757663
-60.36894503333345
-103.08915399855302
-77.76959161945061
-146.812149213827
-1.3616962196221596
113.71509629140365
-18.717510210717258
-315.78472349131084
88.89157448202774
31.766775402504592
50.93981448110406
139.10313379609246
58.69966468603962
41.72772300048081
-177.7418374049812
11.98645245721073
-14.027907928400653
10.098662996186428
84.22368704682341
0.6706509710564617
80.97350924366218
73.58175627765142
-1.8655799335847552
11.067708092527269
130.82025342543037
-101.79412247649654
60.674138697817355
-35.26165848692538
-167.15892520464223
-127.7524869268532
35.87831926124545
10.799598880946284
85.9875882025121
-21.76131789825708
98.59135858822432
-208.7538209171211
-51.749825763546255
-207.92604551523846
219.88218091792487
18.19086867368587
0.8733170551015166
-188.24517209711084
-94.03530006576408
30.124270850500437
-0.013701942335019979
-214.55679068336275
-52.254072720755346
167.68869247492546
138.2521877488938
55.234758153670455
-1.1269126420684104
5.321445619512669
-195.7668568893208
60.461324063060374
-31.16587556252575
-113.28117914685949
37.50135806014209
-108.5131559187781
-39.586598310369716
-158.89885294303818
-176.64568149218445
117.89583121291726
74.73352149844821
-151.87938249349628
87.93981647230918
-142.80728858426306
114.8180153059689
-70.19241693602751
112.34939675517397
-89.48106536070874
-7.022787728703704
-181.18860154470676
-87.97161488181702
144.50513541566843
176.42556980290684
-31.868735334316312
-11.778431135465734
-131.0372528213688
69.76519844167495
-168.6039698196234
-23.208795807327984
145.9085605411124
-119.92442713794546
-100.32455975477896
-163.42249659096402
17.625270380701615
-20.531130367935905
174.88343438066198
200.74106855267027
288.68363752585896
100.80309953881762
61.68653644983057
17.32354158752085
28.511478524044783
172.45473680655005
127.87466535438612
85.96646069944984
-13.489578614638376
148.54159169558963
52.382240328815506
234.832460638072
-41.99111911869711
77.774623593045
222.64896178651384
-99.30053071957158
165.3210901320509
-79.41834714065162
-115.73197375838068
34.84601774823113
105.8605728401855
74.1083152590272
-126.76852982107685
231.62695760966957
-151.94448324540105
56.09314122566067
-92.29589108026589
-23.27321070219546
34.8727198640523
6.137902174001691
-21.711413558507033
-2.4003991880813818
-40.486116762824686
-147.57582488958997
34.413723293984866
-31.08359440802721
-6.51473586151061
-149.97005871519147
-41.7424163533955
-3.146771712899653
58.00260428510019
21.49548711949117
72.21985197313427
-53.66598122090286
32.33029260482459
14.015849493592274
52.479615299250675
391.5443494154107
178.4847457654226
84.55020142561841
109.67054919884154
129.76364070217238
41.9812258933301
15.992923379003264
-129.86628003344117
-86.09616698423974
103.86402680210115
136.61104340951889
150.29166584346666
201.9257021717859
214.34249888713072
320.34666104778876
105.96040558354545
233.69708577449
131.68576956878528
345.0643570063198
113.17052891631428
69.07929425244676
70.43870255687793
-175.36787211416924
-301.83902979976887
-113.8456841302959
-46.15800911449578
53.91873737020776
-165.20027679181754
-278.94858657139434
-121.21891632270227
45.09549508044459
-143.77645918597463
-156.49873459665247
87.76623368452103
-62.54108031310776
82.46605403315475
0.576524376784106
-92.24288366045722
-61.397546957597484
93.79684912049798
104.75123820770213
161.88221775815873
-250.97865723310946
-94.71083104921098
49.16777792490307
-57.637731560188406
67.9005271793152
23.645193534744358
356.62647483788317
-96.05111327083745
-114.5604216412823
106.65255098605274
219.72479728866273
6.302512112614947
37.539498123561074
-172.17253634038263
-140.20655370048044
-116.13574981789017
-91.25196181232546
-100.12679854423303
-86.88420357825741
27.086185024194023
203.72705808949797
73.6271228298267
16.501430480958664
-141.4632921347379
-37.38898752062529
-11.91106315348799
-119.6284113811094
136.65548279153205
-58.24580414851918
-127.7729098341589
-82.07795752815242
129.9701705812243
22.094943145794787
78.85457045157423
85.99356260641565
-134.5814775385883
-265.9310259007837
-173.41456599534177
-115.60521860068367
-127.33544758523863
30.879315258060952
-80.41277630801093
-135.24760799708943
22.70647180814612
-127.65062127992098
232.45599019512628
-69.50664637293688
294.3442119457148
44.07060812645605
132.45220366341698
-181.60721534494195
25.452347594630425
-112.19388560981523
-259.4461373942347
-101.8351198638648
-264.42654666376336
-44.208870226056355
-69.45921954566643
63.558995200118794
32.09000582178533
150.90511079443286
-38.202287061379884
-113.84534205810215
-7.113645531578243
136.97269660118968
123.64253246812676
104.32278006370969
-84.89341555382809
-418.06335557314503
41.33444536475259
86.38474258849867
-8.96101680824945
-128.4770975756055
140.6022525618624
203.50815546552053
116.17332004279405
197.2008804946604
-23.64794593180245
78.45858590762437
96.85301256805278
-22.677974548847104
-79.45560918323986
-33.60860831695633
-159.99068182760902
60.750095383049285
400.14330898316814
286.23416404464746
154.6568415957868
67.20640891822312
9.385062155551426
-65.60198058732871
52.98023982510208
-5.156440686005468
64.49245211285286
178.09013865580755
-72.49932536045898
-100.3293167707146
-224.75609085311967
-83.8433462677936
-179.25113131423316
-110.61140143171524
84.1270696884527
-164.44142464947288
37.78834126047763
37.56656542923822
-82.2390523338021
68.09676853668365
99.50467822091915
-20.45876936141325
-26.0583442267426
61.81177133186522
181.4392704012413
213.6640114840594
-82.0181292861664
-262.6155285523793
-81.06374153133254
130.84384647512553
126.127416009197
-61.51456936439743
-35.88252740817228
-79.56384874658603
176.75748619976827
114.5565495074007
18.203435927718544
175.03720157887201
68.09015258401612
183.4618601678324
-129.54523186757856
-266.85365575386226
120.26176708736787
-169.65039267853882
-6.583562396498476
-6.81400911187836
-35.765430341823986
-28.419602450824364
-166.13762835653225
-188.27884316480123
-100.42592245415412
-20.09854204033511
-6.663504466400904
-114.89381963458676
-98.38891228065141
7.842727201632864
-84.6788748225922
35.28199458214495
154.39976972196894
70.99036237694173
155.43596979860868
-101.27117693394189
-110.88920234938097
152.77605522733316
32.83451247910318
-104.95298168018313
71.28765529513069
-79.631241764688
52.80270438039263
45.95166581728603
-85.17321048172572
35.287702953501636
57.937179392452606
-149.26473426202475
183.8790112467274
15.337988502031058
83.05601034463837
32.792116665857776
2.2480456225692858
-67.42876945248868
-111.12918527637255
65.05355925289827
-48.24734711473766
-188.12904209053582
-94.35482318731898
-55.114249010492266
243.13488944249917
49.57876453241561
36.94184279170888
101.72263628231507
64.71209728385865
-76.2644663997513
76.56860783798705
-99.83698964536852
158.82952694968492
-29.772817166658864
20.233976598607832
-17.5975840617311
-47.41129746939542
-209.57741055276395
60.86294671803168
-0.7564290828204225
18.42289101576185
138.37882429983432
208.70541155210978
-23.179727258989075
7.695118779088799
-74.5692688861703
70.67193145783897
-1.02753758910437
94.26606259547354
-24.25072086129985
-24.256270008276857
24.087779938216418
-102.27902959542519
-90.46812692500652
-140.8536345643296
-145.65990922966543
10.902820458317173
-89.26471423096946
54.769962040341184
-184.3231590139201
-40.696235379867424
-96.34372384209168
-109.38341839115621
-177.1420741757219
24.045023529114257
124.43734478176668
253.47394451618695
-108.51821410055435
68.66135689314568
-25.55934668777674
-18.437689549400435
-12.184358276522842
88.06769128602251
-251.40361155992858
-37.47756833350261
126.31581754776458
-150.35828582275852
-11.997697128001082
-120.23767917461917
-93.26619236115013
14.591308105565016
21.479139599742982
-17.209945358791806
27.034371210670205
-154.5936829982083
159.8305444141455
172.87248833569245
-120.18077165149141
-62.82943739245842
-107.21877034704524
-31.288840181277298
-156.77196388373216
34.1915020682904
53.23724436728415
-171.89464226157133
-52.43273641739826
156.94151437966426
92.54960225195609
-77.41529201956834
-76.09540747966523
61.04196420523895
-145.0404237685453
275.91101847744847
-14.723777406666635
-32.912632552039916
-76.78171763116859
-89.68860348605764
4.163568206780222
98.58041455241356
65.61415562426711
-104.24588417886531
111.726967989351
200.31718534271388
120.75018296689026
123.28595150216778
-222.44576584459324
116.95561061485803
281.07183756290686
-178.70237767034328
268.0871277933461
66.3520467775232
-11.386425871501721
63.84074967027361
102.89415668706934
68.48306820822465
-41.57967171103932
64.77658334646097
-97.56491246852384
48.37772956076119
-82.94215078140492
24.140707665278722
-32.24992878988852
-207.45143356210292
-231.95251321375397
31.678840605909233
0.9659510363494939
-17.638787152109057
113.64867926664571
-10.081862334466326
-120.98904765614003
141.76234944415475
-40.317650033229555
141.3787369963068
33.561887802026774
45.96188190740213
-11.978509280126433
42.707734328564555
193.86795084619416
10.785603543268957
-44.72410500545924
31.531415627384014
109.23335855633248
-162.9076760615395
36.34612525063884
-107.76454948086868
36.56920655220965
-52.57754513292564
143.22120537480757
-265.95134257865357
-220.4347392437493
27.529594549397135
139.7669609408266
34.21830992032185
-91.62659056018109
-48.09951017513963
33.73804212817667
-117.38393770241572
203.4998569516546
1.3105270837946175
32.654160902749844
-66.7488967536856
60.29683059916338
97.58168312755758
-21.82235004225343
28.88459406169558
-56.28541498761616
-158.06552201132283
-134.95311495961272
-148.17209273493535
-203.98594000093362
273.24972746016937
-79.0763765178362
22.27818784662017
-311.01663321425303
-65.0786026578027
30.19208193006716
17.998423884311432
115.27885820319236
-16.20557178267214
-166.18168104171832
-97.02179004266262
-215.2985612751818
74.62034756902588
-109.15334880265782
103.02690241305648
126.22007328357665
-31.029286622532915
-221.1916834019608
-51.32263199480286
124.3428578548261
42.36954167684779
-127.4806565110993
-10.906602552747575
-111.92743737067556
195.10771062345643
19.940454640343734
165.36977125378286
-41.56016235700253
48.93606870134132
43.981639088988686
163.0454817677917
124.68485268917526
12.206723550648613
-124.62763530010558
13.9748479277612
84.60095231727747
53.05857834007075
210.45883016863198
-85.1691042396936
41.077796762806
65.82344353650197
-217.61067173028923
-7.755671276722323
174.51405996063212
-71.26226279252664
-77.90785240690612
-59.49998271945675
-243.6484904429378
158.4038260472261
96.03651474208101
-162.2331103103058
-61.13112641813962
-110.70607313694504
-8.967635620005204
-279.2319723830781
78.7991222939508
141.59814342485006
98.63076682167305
-64.97188795771683
30.291498341106788
-87.69404008204705
192.0731685970925
-97.22191653256925
-2.986528137413443
-58.372335814155015
180.15298543379842
-132.4443263683983
-120.30244534614138
86.71162653154263
-20.9600987351176
-120.26325986178291
141.37184521005025
-16.80327335469218
39.2813945338333
164.69095804454636
95.73090789204211
85.21252713129245
-184.51004980718136
253.8719708224994
44.30374091888084
-168.9863545508321
119.58818239778142
-87.79112761960116
20.077523430234063
33.937752444973306
108.55583993582832
89.13037728615896
316.51007002044776
20.56654270793841
120.70454181523009
-116.20415210462366
-101.81653079898162
-93.52338636828499
57.96535917466688
-46.1876136689381
-33.64156268756102
-81.87744099439361
-105.3705738578688
-67.65354613819538
120.6741698217625
140.9994718708799
216.86787476294407
129.39159204436976
-77.96351068182827
-121.0926151740997
-121.81827023140036
-134.43916878093057
-22.698056646950324
-72.3191477271081
78.62583166093665
-10.957987152443648
102.58722391964805
-5.314664761087576
-31.32192051563874
232.90226778209384
57.77000334537789
150.92983758290697
101.06385827749115
-13.097534049900188
-51.99332003307461
-64.67535734728283
157.23083343202308
86.56771021659331
49.11792048958638
5.801107147639888
-188.54242586903
-125.71523352828753
108.28718954585064
-80.2051995500554
-11.097533110375236
-188.72648310089883
-89.13532003888477
-102.53487310667522
53.70783383494908
53.551146709553116
-76.98613924929145
-21.442262583268132
-103.09839361324346
22.509951383589165
248.42123823790146
78.96350440151545
-147.48064384794478
22.524287881639154
35.213756746770535
161.44325633364255
318.4930524882542
110.85330330472824
10.116558455341888
274.1975045816019
-65.21047239013299
47.34265450617275
65.77158650456059
-172.6930714887132
-103.46621515998199
135.8477990708079
-147.55107273029353
-266.87395083450275
59.919197593068915
-128.67447091750597
65.31658235634599
72.35176129660313
-1.9445446133779702
-89.73052169268819
-33.93669835741547
73.83642519720523
168.30449209176683
4.227872795315741
61.47472214081064
-124.38830775011297
-22.733178994258772
-143.71069880610375
52.65430278935676
110.27385474680204
-92.28788021227003
201.11408833017077
306.79794027680305
-95.66753013886762
99.61013972948821
-169.74754962117072
-31.356719389996204
-232.35911322467237
-120.4072581099664
11.076372104637523
-116.28808370086799
-52.836905701351014
-21.542475801532223
72.88102178057427
147.5905098317634
66.1341901132954
-210.1827988456653
22.045350300306634
357.4450784251437
-7.362305439521296
100.13855527599345
75.58496535040301
49.800713848069265
124.83306487939579
-107.19418111802267
-101.47271480775679
-333.0298291046276
-83.68899383927516
-70.3020045277102
-63.4946614906365
11.870220417913226
-89.84377027541716
149.61909348038444
137.40284526444302
-112.54336113122608
-74.92682246084155
-344.5971419513984
0.8673848722214041
-80.44278878131583
-162.33093973132858
58.37883943661176
46.062992490778015
-35.13927556111887
108.19764610967718
138.46510073400327
70.53237373986002
84.94812900679325
141.35680661451428
-197.78675877216114
-85.66213507080828
115.81522210394739
-199.65114301606542
83.25681642628554
109.68657811891529
-40.72109694669735
98.04405045624497
-66.40645812167497
-229.78511347833586
267.1913386221663
-66.43329224941189
-29.188814815846605
-79.25049331920262
150.4689176704233
245.36597053214982
-30.691467336411872
62.38686124330652
-133.53508372138808
-114.25585737331826
-41.77697311169414
43.25772970049138
93.03871038189202
224.16839397447634
117.26163970845589
218.0896116780417
136.12502369943158
-1.8361370241649446
-130.45572119557377
-255.7210117420454
135.53593546916755
-2.7389441595242263
-84.35250530958304
272.55214127406305
-129.89996463788103
-153.17565097768536
-128.80993566697867
8.156160707654985
57.5931380888634
-36.2903004866384
69.94805488463152
-6.491534964929032
55.8097967634242
10.937750683725945
-240.4762971509293
305.9742143584733
224.97767151772302
136.09182196222858
218.93646291559554
99.32399926776974
64.99286049619475
77.83375491624875
55.87641951432998
-18.854103365890584
19.261636626991727
-75.91349968772028
-152.10768943514003
-231.37884630188162
64.902816919785
-16.3948096853974
-48.20385928684111
39.51128405694805
-189.03244652508386
-7.917327225842248
17.979154842036912
179.6757076853039
9.343452280924925
-78.10552293251956
104.86449336650428
104.66653613434083
-98.71990975475306
-23.239703112258333
-142.98404034386533
-67.36974653633031
-17.033626794104098
191.73893198026965
135.0364160243863
134.74006141506308
46.87656784644571
238.5743175049632
11.815161787992425
213.31225689500798
-65.82922617446181
-147.86866077573683
15.778845373399449
97.3474449039633
209.69136315272624
-29.83444875725448
121.74880871158497
-80.82218466451508
20.05745423300367
-199.80800234401568
21.355900780096437
128.20918553648943
116.66257179320267
-179.3008616280497
90.77421545782455
147.02169154124888
-30.04033099127817
51.54736769992091
116.02346816704089
22.111904555809087
71.54654890273484
161.56069992649793
-106.80989447261953
12.900119211973408
-276.51923267769666
