-89.07005147970254
139.11014749978665
-29.702380387289917
159.10812012859364
169.66296218632388
-282.3815678288904
30.10421578451606
-219.92305522458523
-36.90129565970823
-64.10824104971768
70.4916719702727
-17.04569334222863
-217.01528697411968
-116.90987219139538
118.24376015601455
-178.09289179940563
-77.45899862731389
22.58001562450189
-114.9556983044094
-7.324193578277201
23.357488415882976
305.250202070982
215.2596069858449
46.70204404352914
-91.50984383743317
221.68037671543937
-99.40521122622599
13.63993661162982
-90.42521375051808
-50.215988812441196
-89.15613725132373
68.07210609728267
40.648036517181474
202.11462907167694
-84.93799601507763
-233.8862232872349
-1.050790084157799
308.22035203383865
46.45575442496636
-105.20385808829376
13.535725605762583
206.7622405973309
-33.98961970941557
-26.557267290759253
-98.03154300541637
8.786729744080429
-314.8681904647585
-192.76486569437827
221.8146424035691
-337.6800924825133
-92.2761126626544
-128.35677293632347
112.49217534559124
99.88394186523354
131.39958659178203
-31.21433831519644
48.30429285098525
53.40557759223959
-17.491381897080334
13.189793051767136
-192.89472464149313
-124.43050058537936
47.53689725456905
192.9645085808279
-82.07294100797128
126.65800926799714
198.71999761247875
-50.86301957348667
214.53081039980876
-161.6439856244053
260.53324857705104
214.21539248230403
57.987272187202585
39.71133007019645
-338.08799264832777
-195.12687997111348
-178.084709399693
-34.84852275883344
-105.2946296923277
-92.7355257079637
-136.5218044035221
281.6820440079935
-276.4959382476131
51.39279061147635
23.643507337464477
-345.59837091651775
86.31176953843513
126.76524139124409
34.93619221918102
-15.302779079322132
104.993085357735
66.6265963780204
1.927887244868022
-27.624974087923835
15.4452830941539
22.099981986086124
-109.66920597874417
227.8478045653145
-143.72503986673084
-78.35284991238645
-122.98305765088526
-85.7102763181987
-26.847162583750958
-146.05081841479134
125.80453904685031
34.37010509903767
152.32743623731614
161.05281267970983
-63.37871794676506
-132.31599021549343
24.707715738756654
34.170007621400444
44.15793765801205
50.26767181716998
121.83355803815506
-93.991043644928
189.905235312183
103.61258352132943
-385.8183607420079
206.91670591059025
266.9282685039781
-61.00181605618224
-29.096759791088648
-51.43166712905511
-254.48790225939865
180.5879829599263
-139.40382865228366
-118.64822163364192
194.6156288420567
-91.97944337906856
61.936055403174606
-268.6303168162728
55.95300627367033
-8.07494283906273
233.31371731606237
231.10140335752965
-121.99140419027319
27.3148797905663
78.86101044270484
-78.1740901026297
-45.481859329571876
182.7621973001118
111.4291045774179
19.126813280017316
-31.562112648821827
-6.780931898668257
-34.13716721840259
-229.51985285646012
-157.8174298719369
-38.435575666280926
29.964029178643084
187.28310562970515
-434.94959464493036
-106.29435651003641
-125.38428659534482
-84.84763883367766
-96.9833832319191
38.27576702643289
179.0846623632313
-41.84842179597327
102.88334177860406
345.5373798836769
126.99211880295363
223.9318598548382
-18.549203345774075
-177.8539763179826
-8.198698446642696
216.58151726474918
36.96841762245103
-25.636125524642054
-17.64071194230969
-6.199562514070984
106.66933462221017
-88.58112776267464
-107.36061191458236
148.37662747168287
4.220628049321014
65.45975077156106
19.769114974601642
-93.29963181478756
-163.28103590974243
-277.1593653532998
-81.22820667887719
13.637686014715646
171.53515318349264
21.85360264895623
22.744740610588703
-116.3809208102547
268.5274834009341
35.50783684850156
-46.33758833536007
123.81351235974005
58.45533061619155
-269.21184250934766
239.42517873243546
-32.29545507362439
210.5790455338071
-11.972807835356154
-105.47860006980576
-266.1674276330918
-138.69244525198482
-282.42447045878583
125.1703894773995
-130.32324335800217
-95.99332725433622
-162.3062664116826
-32.032827824633976
214.76625607413482
252.8107526781249
-36.73790070533028
69.64472371828758
-186.5437430911249
170.55931238683988
215.41203138089625
-9.133887055923324
-1.1223957615945366
-32.474979196861334
128.38729162489113
-73.0487505086699
-7.9311251520804955
-281.8479067479064
-32.325742358486295
4.032268373755271
-130.06772608087527
59.96291081218969
-236.07090377888727
-261.8751279119411
7.6584624075881385
46.51436665197881
-206.3863905850256
67.69038127113224
23.824594913745834
130.7439706795647
198.4157806511209
199.9011114188984
-64.544454943949
-18.661083495797122
49.837617506809494
67.76378147838264
-60.669012678099634
217.7785295212025
-95.47348676054523
195.44541435085466
-54.23863450444447
210.9552077790941
81.79917873725945
-111.14226462980668
-121.45340387806365
100.13131051326872
-244.23020019834976
-59.75509294270733
297.8459922326249
0.22906580372811147
337.20850791124724
86.79301724745928
22.178808836908097
-216.32808609266215
-50.171713353082865
-263.17475774239216
3.28040494898955
99.95303335854729
117.51753281562962
36.85305575692196
-13.47882394531988
168.16044773995498
98.52494635939037
110.28770569840374
117.01336721580792
-133.67786095647614
-193.4758658103749
-79.50128729414085
-198.354078533959
140.12582919575095
93.76112174971021
-87.54927667351627
113.5891178077665
11.189565745740735
-89.76377787094992
-22.030293263210474
-41.48731844059884
77.86154570620536
-50.926548611941556
-160.24482383550648
377.1420944412551
-208.0236231288818
-77.1170701924948
4.277304427435192
42.38853369570394
-165.16656377396197
155.19239765894903
2.393568677470352
116.4311591204742
-146.71869457400908
-56.303348871126914
207.80960054306584
38.109722934261185
-53.98643153892645
171.97580331938727
73.55548332150879
-133.80783971449299
-241.79776319799112
2.21331383753089
-179.9892979801165
42.76800368875259
-156.38370104275668
-95.33402314256156
262.19084731054784
44.80434924285354
221.61910599463044
59.27501461165835
153.32941743487117
-155.27023033510008
-58.41778139953828
246.58441311022827
135.26885020336616
-108.46632219634049
144.46427262301995
79.74115347387956
214.29162425154158
-49.80357498321904
211.450481437335
48.47823655116602
138.06429388643136
-43.56927412355557
32.08688971715001
-215.09957178978746
42.672438902834564
85.07123426277003
-280.7893592516091
-72.42788856994791
53.9249795214663
157.81887436014176
-131.87884690448473
56.78591263120418
168.56812838575493
49.233655681707965
-107.03311195571531
-162.19427101568075
99.80324324276741
-29.724150267683516
-83.64634118010139
-2.230258880017304
201.9512618745785
-22.026437626816346
-257.5796415584193
139.63027976415057
75.02664193678478
113.38431328432176
-94.45892755138298
207.703863757082
-1.2243192384606054
100.06247711202232
42.142781950262
93.69420329993326
-211.58013454166638
-92.85218341291636
-135.04396708148812
126.76220077512849
200.8481794695153
49.7931460592573
-216.53523768767593
-193.7315119598413
-64.41304087674415
68.54308463194721
332.8010734746224
8.756041690222025
-42.839157796630765
-3.650101115607317
-28.12899176718668
-186.7250814800827
65.79709583197774
-17.448960159242162
-5.356928577027547
-9.412343069751213
299.49415070461237
-203.93820096075328
10.599266369712975
125.76324157577648
-45.86387474387012
136.02289921883826
105.56212750682472
-127.94724033167202
-127.55128548124938
208.1161685061783
-21.65934213148466
177.48941274566457
-182.14364085416554
-75.36565416208494
-221.83696516383156
55.344607766211944
139.7587254605214
-225.28426673629514
-82.41967685027412
-221.68081891951422
29.28708307857933
-82.59928325108633
84.01457205537864
-134.9164351591072
-178.80007618355947
-8.074521210769118
-214.67455993108015
31.243667517471817
-176.935133284163
-33.97665459737225
217.9716651094928
434.24188160916077
133.375489119743
-142.1823501633981
26.188722091033238
307.4873339211015
144.36271358235578
184.22695492845386
169.77906995760944
345.4044592186022
-63.46805721351443
142.55843375453128
-156.18538610866324
100.07907644446496
-107.04505817962836
16.347292482586237
28.9158604460895
-367.91772238707125
-166.4988040032096
-152.6822499904169
-285.75432601540734
24.40952475908184
-184.72951723520254
88.44786282828291
-180.18284186913226
232.4590576078654
-248.10817653003204
-60.99538424181512
-218.83589817519936
-36.77957229584176
-13.827941073058156
196.02266689646854
111.80661126190842
113.52416536435227
-81.86365093103196
-60.42408829212849
-27.514039558106
-159.96549598872295
-46.49970606468861
87.62206801178364
157.508430616878
-25.979752788501674
113.30310580948165
87.13013195576883
182.53892440486018
4.056852403619375
-56.20097387567363
82.90784709528756
-103.76200344629012
-170.04426612689372
-233.25972081191944
-31.494168645547326
-26.31513271609808
28.434480402880148
-161.51240385288193
-143.90979183302593
114.99560391794033
-44.23028439299644
-270.040466909636
-31.38545025255808
148.4650953982421
212.56696057792857
152.04883789309224
184.74620658254412
-251.10172225139064
120.69904438554784
-21.394725072637243
-120.37179071466845
-181.79821926077207
-121.51005044373105
219.7187080371757
356.60315045459873
-70.61303632665985
41.639535711795716
47.7620179918865
230.11124480378552
124.19207003717993
11.503205197719062
187.39056381724708
262.19188190403634
129.4287906330621
-154.58478941964646
153.32112595129192
27.378500716373324
57.31364171417171
-57.36277743979924
267.13737650963225
9.079218108996693
-112.93992137476457
-14.799342023162797
-115.45769167478295
-128.988796480697
134.89620424895804
259.87783277335006
207.12403800246327
211.4722033100472
12.361222850183
-49.18854005816458
195.3915629299829
-99.32896685782677
172.03010867046817
96.30205511778016
-6.9329641354639175
-49.437972746423
-110.77783228704403
-9.89450878767678
-389.8534936152976
-45.97821980457164
246.69822594386386
-227.33628916888773
-18.25186872774962
-78.39601366613542
169.5391709727171
24.816560070065368
188.84520474507167
166.51448813314923
-125.2074392760319
98.91056536556111
-92.98187754575746
124.78660583133617
47.746585123479186
-16.408844718581634
126.07423226758398
-164.73351277242628
212.20639002381822
251.1038124718627
-180.13236864012651
106.80203014196063
-5.213591808648833
-211.92762860346483
27.10463551400576
72.6863699699027
53.302783004497606
115.11446227698251
-9.452914029349037
-229.6940964353771
173.212329612004
-131.88401140277477
36.43777758528614
19.414106896500428
-100.09129081463716
175.51564418713028
62.07592265226701
106.09113404645525
218.60918577292304
123.89683491537409
-4.642764059482035
109.90377744732699
-246.6005468824097
-8.928420341264056
-86.89542204244584
-117.4012578674342
-411.76181459628935
-40.692217172509224
-59.957855344005054
-60.16833483948587
-60.89688726473217
239.13558658217013
-72.02687928395702
-190.5095922266433
41.36521147142278
-88.59760344803401
-124.81669844018508
158.46772735598518
169.46208489274105
-257.2751814592591
-56.708652638794746
185.10956719589922
-154.92625728685437
187.79808696008004
-172.3658445353064
277.06647087684485
238.76666186940295
-201.28477192650183
163.72522674135456
103.27944573142679
-110.76947134844897
-404.136443819112
-115.88525532923393
231.83100069622324
157.01945102215825
-27.14513481512341
10.678396462154716
167.21443747643292
22.849610827257735
155.52330357306946
-7.012519822603937
-175.3916498559588
-104.01134319045411
187.08869287067057
166.21379944973984
-40.98042666080215
-163.69176289173842
-87.59649593262877
59.25645976397679
-20.646627673074136
-9.565042248817347
253.71874168509055
-97.76594277407129
223.87552853151232
117.89778191191887
132.38311123378836
-24.25787841656357
145.01178515746963
133.04372189826717
291.2212912171083
-9.745503994058172
-93.8796498453309
127.62565717921059
135.92860493898544
-41.56421879166117
-325.87570311718764
24.951604453244865
-239.9910903691411
-254.09090840403456
-98.32345971011011
-78.38334866712344
32.01434430359483
135.4925966452306
-165.80393989661718
88.02614937781712
-69.40127280789262
275.72768879901435
-188.51163859261052
-88.74143850801913
-75.21845300462853
64.40070206591594
96.05915695514719
-44.36091618935198
263.29926154414335
-109.04881198618608
-7.5709772033345235
237.70600575965074
-78.54551899464137
-207.52636532735298
-41.74153722256338
85.0996293103891
99.13015002869156
313.0774315727649
30.43628923966266
-263.70820302513005
-169.31479642189737
80.0285470145476
131.6029614377981
241.8083374555861
-108.2309950948125
242.51583428885894
37.05397337635079
38.97930577453845
305.993813418165
231.4663597215453
-226.83872882208564
-20.797574162520228
-216.00776362953843
-152.5369387921015
380.6684814930796
4.326927513505453
-9.044991142424067
-53.010364478588855
-154.8738817829963
306.57817700072843
172.41157146253516
112.62195689607874
-62.72030424314954
-182.12423251804626
-143.9306390136483
-161.17874647662677
-14.03975969540049
164.23701370579838
25.83072862526883
-53.59409351541924
-134.32196656601084
52.290819196206876
-77.04579200111644
-83.79551961175954
231.66330152913957
121.68583981162725
-90.46422110797822
189.91769946764174
-111.37921237087576
10.67315532818229
-111.3965612341033
175.347881547741
143.47965193410522
99.21466529093533
-65.42163384466855
-73.8300168786869
-245.56838131884612
213.59960719826168
68.25455356470361
64.68547563464793
-161.3636345660061
28.887331168076013
-17.782216387657915
138.63510698428297
56.99530437462824
-43.01300084305458
-165.8648494719832
-257.0785983274772
11.494561468724275
-14.53524377827375
-70.64062221028001
133.9109406545273
-225.99052905363314
208.4319106328285
0.8985874399143265
93.22744357508182
42.173056619115854
-206.39917428706008
122.65959140929097
29.381810596657445
-179.0454241169751
-90.46436658503202
60.87080576856342
114.16728404000776
-1.33729098066322
26.608302459820614
-59.28364999179152
-84.55366080958478
213.30863647597656
152.37963975891566
0.9678492122630951
78.06726469826822
248.00300640860073
202.17871762129388
-176.09299112947005
-105.49136692395355
-130.315638879688
241.31137111742132
-63.245058363141005
-8.539711700020883
30.15753652431208
82.70333289395502
225.18903992937663
-2.5917350809724238
216.9260244578098
-114.4651456139545
50.57456489292594
-149.99213305027675
-8.066677766943824
117.21786877685715
-43.063446871507374
-167.3099953053045
-152.34229129891028
-55.99944065104722
-82.07006818404135
-40.14102525693171
-267.5537059148176
15.294574580296274
-2.7862720653555315
-227.05002264381682
62.20071272980998
105.16635917584843
149.68918289833084
125.66570929195063
83.99811901766329
37.793504028660635
-150.94804182338999
-93.36961679639313
-336.9092159536078
49.76140842728525
42.354558539358884
-236.17383578712608
31.45018130536005
100.63445657249065
70.92685160269576
-107.87659407432479
-2.2019440037166835
170.34917467098603
-14.313499267015526
9.363386143399401
-73.02657505408924
-192.79078438362586
-167.703362695228
97.4967512491935
229.03044764974416
169.02896993258702
-9.55133963277733
115.56448577355692
281.3923321411789
30.750964663563945
-43.92712708416626
246.65117370081472
-293.51682501387603
16.83863585406462
75.1352847451168
328.1479943355909
122.59448446133526
-14.120854833693786
96.99956433507067
-152.86405376188551
65.20937129945482
123.30015251680037
-195.25088065869178
165.4159544329868
-11.333356606955622
176.075713233884
15.69122801086566
-51.65701865719558
174.90341592111272
199.4747839122532
162.46278754329066
25.008840134128743
-107.57620272901067
-31.217375729684957
-9.174341025791174
15.941500975899833
-334.8907999718608
148.41593639033493
-14.320619605264957
-281.34982965555736
50.58535454696468
-163.79313565824128
103.81770701052832
-197.48075153920684
-104.55717474988121
-51.482116368926796
-219.8709534406587
-103.03638744873552
132.2488051645722
-268.4738429144008
-83.09803466895114
-260.8533810022267
58.87450264390774
27.799554983573536
40.926552081871655
18.265181440929805
20.48757004412712
-215.7581230472035
-112.16687969588764
175.85010708466882
64.48199834602688
-8.944898541215704
103.4195056586588
211.35080622829918
-60.20485832723848
72.65249340979226
-87.6631016846127
-3.1458347463727754
-189.3140424215596
-196.25510828008274
-2.8559679301631675
10.487187664026678
-122.2044778704349
-33.79373991943984
-85.09661537864878
-46.95729722260804
103.38799074696954
-275.24575387713304
120.88469653217344
72.57274037370159
-40.30761338394719
-72.48700704136134
55.318012646491404
-20.43911991557936
26.628265324841575
214.63666683792465
-152.7942300193602
-245.37761619263415
-124.40844508178506
-105.25542791601714
33.907069577373115
192.74579312884867
6.2344014453480865
-74.22138609975698
156.7110403538739
-49.3315521105342
26.512231371551476
-131.65171079730828
-81.28507890914986
26.341757526945152
-150.60067202517342
44.889301892898295
92.78619176634386
10.618434661701778
-117.70063005966146
-136.24328823610878
23.65961599857692
-211.69354772349197
79.69630009079299
225.1738303083695
-114.65665290003403
-39.351121294843736
30.656643478701145
185.28607610416014
264.0062554972702
-193.30673895318512
-84.31382755264899
-34.82129152356158
-236.22735310860924
-22.020457770286896
-118.7657716500331
243.99600778522293
210.9682182613963
346.4712763859851
348.4941697611773
138.5076883309874
93.63402940243921
111.56208886556594
105.43304668428232
-399.07190164932695
134.90391304580822
70.36089209393887
-49.7103475854024
214.1483635122908
260.08641969954823
-3.555390147859587
2.0158607821322225
-306.8485097082505
19.60032412988477
-124.6052726126788
-205.52128155092265
190.81413908137966
-38.29501073698933
75.5546548461487
55.90801920084689
-18.849064947210966
-68.19172848377875
-11.390604693473614
89.6994940714733
-113.39506583822282
62.55492520806335
-184.34435974464472
272.4435616633275
-286.567695465394
-185.65419183953114
-127.61521493253811
-92.20146924810535
-46.905358773821526
-84.38659169510575
149.67385877859087
137.20035721174384
98.9993059450048
278.80094490457486
165.65829021259492
-197.72503757928726
114.77802903498802
-98.85657794450054
69.53123166734726
55.485284144367476
-176.69326200889367
165.9065997952282
-110.73742724065984
230.2843667411986
120.43779075481966
132.51369556276444
-186.86388505895064
136.61019247298321
114.25740740025041
303.90132449078925
-63.68978880101587
-118.45755261859428
72.77655807695832
-163.7806933585374
-258.11845868529497
-195.02610819926338
-100.74247404722342
23.414630003804398
-146.78768914765868
112.21426060412888
-5.176096670361945
171.1543273634194
12.740619564116347
-88.55737060360633
-24.230474394314946
-192.27892539898266
66.76540749736783
-127.31087721564195
49.09894363684152
166.97937401671166
-191.2586785267686
-4.474308786175969
-58.50420146126643
15.871753806480275
-16.165996120612135
-292.76833760091563
-61.18968208667135
119.70033150497933
159.33329774640012
158.04419948555034
165.61382744233052
-102.50758036366895
132.74831345024265
43.567103071700686
-82.2530410283681
41.49966615152076
306.5629499541388
-127.03171338498117
-51.1356295380358
292.7504909972529
14.481036938044307
-416.7255858344203
101.80015540766985
158.67684475721003
-6.4184098657537
111.46085265428593
