-34.51035320760292
59.10518300081399
-5.384326410962169
133.41332410069722
-100.30725167652827
-232.13246992726192
26.8050721008077
139.02622000290035
57.1846210310724
-61.41785741736335
-42.91445237828119
140.02504741109763
113.39292179613588
17.288532901544734
-22.4819285667517
16.940373962681093
148.13099247305888
-15.058850702524694
43.62954691281479
-19.43034328884008
64.12217779033665
-35.84791950009081
69.19307423970612
-12.061798208330734
-52.90161416594238
100.60472345073603
-93.21993822233684
131.97391005456288
11.787356452485552
-44.34038333430515
-61.2636250315525
70.59439850250038
-124.26355753732437
171.60446858092246
33.979089490174175
29.422839839811648
-140.42025467355597
73.67911252865095
18.622324513291442
28.81432196752466
160.29945147235486
40.52860696111421
33.78089918698283
54.091769280092365
-102.94596075561067
72.33260415714481
66.43652337783307
-51.44199555386127
-115.73376704902742
-177.71450409046614
167.69965507345773
-90.02416022020246
-1.3647679761675837
124.92840840542638
-121.21979460664349
-161.9439136518802
90.7998118925788
-4.394203811267777
-32.21178229974383
5.572190339723846
46.43507195866324
-103.88911041266334
39.41011109792211
87.23471407952077
181.20961647778893
-146.9127851113905
128.95789481356348
27.27066790176545
69.06219376895436
56.77541773164555
-99.83911215248195
-124.53832898426943
-86.10643553276182
-92.18290165770209
15.701416142099193
108.86542758882986
-217.54103460657262
-43.681732466328455
-18.306002155047064
43.78311385611793
-101.8434813594784
98.01595081007822
-53.93395426742367
-21.576071989968423
-178.3554721533323
47.8914787459998
39.38551157508527
-118.37094184721185
35.522831520650236
-200.17110735681956
15.929567693496804
-21.84582925984352
48.08336804664326
70.1243524310711
-55.64366892717026
-43.11734679181157
159.195048082578
-40.8276402638366
-0.4404665480863903
-64.46901863933323
42.35305080197284
74.72541784201981
-63.02029761934006
63.86175342599572
63.16140150380772
-17.08064824582606
111.30332425090667
17.8829345904987
150.44171261212475
214.14979729528807
57.6940024378315
124.0978436571295
146.77031236757153
-92.11059596081348
-24.31293299208434
179.421044193252
82.09837590676808
-54.3367761419064
197.4689304702723
-95.78993812868605
9.6240567817888
-50.9993797063417
-16.275007994400337
174.9261705658572
22.574430770411915
326.13814727508844
36.82255731289364
218.6100954558093
-69.91923415282565
-119.83236418820431
45.78338969538077
333.38397972604065
88.5265287192365
22.055804268079886
10.063707859465305
74.34851242939858
-88.60738378563228
-37.3108187659876
-14.865527256990347
138.59672067746482
43.7255850987096
-172.69894106748228
118.09722401551655
-182.19459718206596
62.956764380956265
38.35921549353544
-44.91394553993892
36.15886881977228
119.7219882269087
138.2650409691215
25.170173843938578
-57.14484597614284
126.7912916535254
-111.94159453323654
86.76635029518467
-74.92876523994141
-30.858799898887607
-294.35057909113266
139.3656121157278
107.79471626700078
-16.612114978267684
-21.01303205931946
136.99950285311203
-178.0942579305592
-65.85799298977777
111.47763588163717
55.293034623684896
-81.93585530624216
-159.89909769171973
239.21427976948868
-168.86674393309738
118.35703846377804
192.58213788521405
-240.28235648541386
2.985654302141999
68.07774507779042
-24.044599391962873
26.11304803094104
172.66705817167568
-113.1985666953552
63.792500936437804
246.29135093350345
35.287823543140966
-51.79563140624121
6.0429740696944245
132.9999050655641
-250.13999364334506
220.31723083864046
-95.64165197158388
49.213622095050496
100.8568590555523
231.47413564682492
29.186198451344993
-253.20145726662943
89.65373902395069
-162.7761625114765
-56.21153916750169
-25.23430898752783
-68.9106979644194
-201.55897311645464
-145.83739780783407
-70.89542506420224
-143.75779076850668
89.36789932998857
-35.72992688495151
-109.52740865437792
-209.77560382595752
-223.07849479330133
-20.153752798193533
-315.03568161050447
149.8296998324075
-234.90581496694182
78.75958265375276
97.37783639160708
-48.87747180097041
68.6665589634222
-114.70783877013018
-189.59785827135352
-210.88841177882088
-133.6509954984708
55.555178013404905
254.65938345740827
14.362376054773218
-95.06705394905636
-77.20187093555232
-75.28816495420614
87.29289203071926
62.62723611917868
101.2436426101701
-77.05678568862895
-83.04983243797332
83.78835865605448
202.9746925611086
-167.23167286408645
59.36845836655702
-92.12071187300039
-5.271907513573323
5.541990819624522
101.35421234825418
-13.454512341764575
-40.2384412976684
191.3088159094639
1.4675391639968454
113.04692843278737
151.0386595947909
82.52878300269963
-138.9464595323296
172.37560545026454
158.76965704207612
45.54190924353851
210.51476185773922
-73.56575305387453
99.76540626638393
-114.31352299768807
101.30115822402627
-80.51934546822478
-36.99118765382583
113.67451680348312
-10.192295634391751
27.67084814898254
-60.59007428661125
2.876358321964859
-27.88895821433606
35.879295465351255
-53.48548039467362
-155.44569961896764
-3.716890004111943
67.51364863161275
105.01586186611583
225.34843576809473
138.86168309160362
-40.71045666506127
-95.47486162366148
80.07555316639028
-70.56805610474352
-201.84032618657574
-87.69339201821177
-99.36656873902132
195.27237770712088
44.6104654193706
-89.87143980086115
49.492749417644745
-31.03465929602653
-40.467795029333665
-160.25961830778607
129.83145490209833
-4.258841874823005
253.47487289837628
27.782250190121488
167.54583160901274
-16.02513405529492
177.436792759795
141.56394309352402
-79.10974629133128
-97.61248605732595
-50.947799921013114
80.8543241922438
93.77224022942293
30.738073383230468
82.71226562389737
-363.314040070515
55.19183816283914
73.52274501439858
16.066022772364533
-63.386142309353495
-173.7422029090461
187.3923973301318
188.35189102922692
101.77179556263741
19.327159603532564
-144.7233357720883
76.11350516108955
6.279553470696
27.870539049110132
69.92483280038388
132.56684116535683
5.119077555572689
-6.982036380464824
100.27931929449787
-60.53758520396223
-15.273609223000093
73.10238300918455
27.09635582550847
131.59333295615716
137.36489093050488
-154.8445612802763
26.12322582562943
-33.28974272391926
74.63728444195706
-121.03356055177427
218.15040615973612
37.4588048444877
-24.21433430310794
-135.71836321537583
-232.02212237421764
94.67089536947084
114.0201590030751
15.702710142246298
167.26656655843604
34.0678421788708
115.86436725431759
108.74816171891311
-72.66568951499055
58.99220469976425
59.840824808302045
-40.622312897398174
116.05541742405123
-218.38026785170283
-40.26542794666805
-32.99663022422013
118.93088888000258
-30.991111953043244
-94.62295517260262
-168.818557164653
-53.99018421647709
-46.63063685095211
217.5051958169338
48.39854385186712
-157.3573256744343
220.39618551747148
43.687066997580764
-87.71071491734465
68.80776237145363
176.2478671599427
19.318263192648004
-101.00713966236334
71.83261549294934
-85.97234402677917
78.28587029004551
72.82019659067696
34.0401078244808
1.188423975724381
13.177909608619604
69.83721158173928
196.72831357881358
-269.68726867799774
-176.46324585396638
120.06873516282947
-67.54230127752598
143.4524352052368
-56.03907763665251
120.42685725407819
232.87274669666448
-161.57271534771843
-42.796481486095075
-17.556843472364832
-11.315506754081676
38.54320852915742
-148.83282874141804
-33.167294222764895
23.373609904327598
-47.78595059976195
-21.898238201868406
235.31181714718946
182.5757004102853
-207.8389019100791
-225.95181169497195
58.0060714905708
-219.29452509945148
29.52127777533873
5.38315680314479
218.86977758708778
-188.5659849163112
89.39922872263429
22.408695596676857
59.79957921364738
-159.98967425243296
-16.044538829700464
48.616327776258075
109.90561586077445
-10.390174522921047
-108.73799235594383
233.70077681410328
-36.69075887661276
-66.53439183492543
-103.72660664878825
11.056943448468532
210.72343679167093
69.95839196623521
-188.1022108499059
74.63173888353295
-265.146240539487
72.52867132636514
141.77797380328084
-55.69476199682835
112.92339065926994
-9.522413061257478
40.07510078910233
-3.293866885276406
52.82023951029651
68.2841028889476
164.4448971547097
46.99499690163012
148.9320240662363
-51.817187697131295
-255.47869620025668
-161.37664169873028
-275.069708683926
26.29730634892952
213.6752002252103
43.25851081111066
35.284439642947255
260.1094202694598
29.434784587664428
84.75430782054103
-72.27752010278903
-61.174691311496055
-260.28331027177927
-14.442671530017645
10.805527416802649
-140.2460009142435
28.449985316117772
47.31943823119514
84.2446271078814
-111.88853375910486
-144.35093139146048
145.19244044133362
-225.4484630272605
-35.699212970463506
241.27695973623216
-154.61621164641105
-330.83188635702453
245.3649932608972
43.51298610102039
-103.07479572675601
64.38531566523638
7.336909444195143
210.32572269380285
-122.07538312330699
99.46946778380044
-53.90005692718846
-124.61488411085305
32.71113966617921
-163.40607074165254
181.50744089791482
120.34131318967131
146.07532660214173
156.11049482012115
157.18383748019554
17.60393790115501
37.800464846394846
-7.07312331316948
-7.5376571536970385
-140.9215591439159
175.30418935546643
-176.81275427266175
42.58022081261095
-110.3234036580638
223.73191628400437
54.92747273722517
65.37972042885494
-236.3041644991094
82.38841205353154
98.00163085458941
-33.12273360908751
171.11434467163636
-74.7355559343698
270.99150066348324
45.46696727088175
-12.509579531261991
-111.89715284053102
-73.4665443225457
58.37233858884715
8.521554896462744
-135.41036502205367
-84.71523167789599
-75.94496662804914
-140.07991225820237
-65.11796674987141
150.34185832006506
-50.910039367558866
17.4181293427033
-57.12439780252586
-70.88320483908649
-33.82652078349196
-53.18606268097963
23.705289011695143
68.34079287070543
32.24294656455504
196.1384162259352
-38.221648752275286
-41.8385632721939
-129.34325073626863
-33.696523735703174
85.82214386343476
-20.281963430361714
89.67561662514343
-132.2080695142899
-12.534293290378717
39.765621061322285
69.18217113001056
288.6533435811063
-7.526607939583075
-148.40983038374793
-97.25508925732468
-119.03730363522557
68.77160152677092
-333.1690587329257
42.35808685816671
-5.5439330022100854
234.62931849021913
2.8617559878707115
-1.7145184681278305
-33.04166422385109
-26.071271125627337
46.4722088258947
183.54603176019617
-116.84581757253197
159.57398455806594
-115.56828075021981
-22.539300878619645
176.4571612449778
8.25763212074605
-276.56589675451806
-289.7941592067912
80.70996768841614
-227.78243768410687
86.44501037894074
205.11007026984586
10.684580360756366
37.66406543925843
-124.73032668658618
-30.28713309097549
-299.8852487511554
51.60771303617879
82.40908124047617
-6.915894649304441
-43.74462929120722
142.20216558839047
45.62595790732731
-187.61547146988323
-238.45325570557281
117.87243393137615
125.58785211422155
-57.70154903433603
-99.50474500027049
101.31877158913997
-156.6211909793246
-199.61191401131552
-11.094942238088388
22.23418705417144
-118.45693805616035
-36.72146939396624
140.6931689655063
-156.22530635146347
-68.48860249169758
1.64829530733268
-155.89945412291996
76.26892336123389
123.54330882605123
55.43075281768405
-95.14099392768661
90.89132413045509
-41.61076628558866
-280.66406749088657
44.21826907073011
-71.7533699475945
-15.370790053590971
176.71036692363924
133.30855909936565
-7.03662982322029
153.03117595761606
108.83247008128947
-130.3954185555161
120.53224146995147
63.47141623397491
-268.9605096356129
-383.0602418932
-63.10682994401332
-181.736636529955
12.077727290102745
-10.54819500692825
97.17988411213601
-153.444933573752
-146.0168567035056
60.9320565947783
-24.42385644410813
-48.23491089695439
32.0505751717942
-214.5517852706356
31.679438716680743
51.521754212950256
69.28498741530386
-251.73882800812277
227.3648527309594
35.423171944548116
236.6532743013271
0.27253015964532146
200.9227539805505
-18.803450354071025
1.747627447022036
-99.17330061006929
-72.6665380841614
40.46117339090767
144.78391064361492
207.46740272413993
-93.96606219648305
109.49439032027028
-100.44423739011954
-192.96997268155798
72.19478444198216
-19.30037529542239
86.65082456396878
-194.55484911592444
24.987855112273635
-87.32379841754941
-165.98977704555372
113.39494411429963
-193.7862745904433
-144.8379209047878
-88.2509563275109
-1.8321996067063564
-109.41330870701303
-54.912181878759235
-133.47930143388467
69.11685007909072
-95.03056815092869
29.277087521462242
28.74436060818133
52.34148708101802
108.80243077857499
101.77026735097988
108.21800243308999
-44.35758682321462
-220.6934089709347
120.79656353138766
-112.67283949983957
20.335288044440112
156.46088232627721
252.91831926821075
12.965400745299325
-161.29124469243143
102.53783779701206
-210.01259601114316
-27.729045158549646
37.12172331026258
-119.55898788200797
129.32951125717838
29.268621896660274
-184.20205056250117
-12.185226526114663
-214.49524871184073
-75.09774402204911
210.78218228879828
-72.39517386264032
-59.79047265095755
-73.64519435739801
-56.84248384839689
-30.808884282070412
-132.58653386341814
142.62609708582548
122.88006661123651
122.59994856052734
91.15451322274764
-8.15580549915522
-23.584888767780267
-19.433407026707147
-18.219858308310553
20.403370686841875
23.223709132824606
17.72890715344443
148.02954487965866
-258.98331800914406
72.88569815988687
242.95851746932053
48.554374540233326
-65.60010526414422
28.78645478894429
-79.70038123511452
119.70109050500189
33.021408164302436
-74.3170897648671
-92.71932478190196
280.738671201626
-163.5848105157017
194.49918184592633
219.25167365183745
29.25354061468461
56.02491043448809
-89.05614219981636
-186.84676709576485
39.36861361361743
23.196893097534804
113.64867450789131
-93.90026961468679
44.070979011700786
-110.67348300004133
121.67031034165787
103.38754494850153
-72.0267941232139
102.93898179024004
-125.01337976396152
25.28011222896641
26.652511995995113
51.91659398295171
197.50719384145387
-61.509326308877334
133.9393105337382
-74.74788410594694
293.24494561262566
125.63849857869354
-25.58279760337511
50.02224478693046
-106.82464724988374
-4.809443656563774
-48.40073840627281
19.85781641872676
-18.909412453430622
37.56601966349877
133.4627663579295
270.8850056722738
89.81836193008809
104.94650722998394
-108.64794160981137
-27.114634862289346
-106.24995753244099
-244.60407454184477
251.87590373198765
-59.43950313241453
117.08333947875197
-185.44941402435998
-46.179375155002425
133.66464502637297
70.83729251443172
80.47795218407535
-151.3078196435351
31.314688237293108
334.47388646480533
24.494553551577315
50.4396380534258
-39.87962064581967
-177.931957731287
29.623739827916232
-260.5216451254693
29.730142010313518
-71.47405888486907
-33.710981805344495
-162.3277895932674
95.75760034533471
26.86998591790145
-247.86361888681537
-64.22236661122481
105.23170585377831
49.32026238659634
-49.60311829674796
170.52073974526454
1.1796812271090462
-49.70525041083815
-50.188728587754156
-1.247965706227754
-163.798089198875
154.75768164191598
30.477249305770837
383.61041002948184
114.13822584140053
43.82413574155429
-58.762286177394536
-71.94967711953299
60.29191102921337
-20.72768644913219
-64.13479934057803
-69.10462499555982
-196.2272677473404
-38.37736452437471
161.4414318589785
153.95128608868737
103.29783412355256
255.7418108120872
-167.83277056000878
-28.86861469437412
-102.89945657518646
4.051487563337304
-1.7158335416419086
-7.490329225371523
110.99941958736348
18.173370495730452
-124.29241473430717
-80.91091029064276
-110.41820224498301
-269.89475763371814
-87.43590905326023
-68.90835953286184
4.168356011658856
-88.94505703816455
-13.170243942692048
232.70742399524224
-128.78031413826682
-144.80108796627255
-22.052306392540316
-10.266495548835538
20.235232854103522
-111.79759687092749
-224.83503639589952
6.38319652817441
258.4684505956193
11.015666096143178
-118.97417164223116
1.348755719632463
-60.74203478703799
-43.36576843836399
-81.72927312315652
-381.51197346388335
-22.740465873199977
-23.610449419869312
-80.7733512652917
52.48031320049386
-22.928194081041674
-323.47658994689533
-92.04752166400765
39.97419332582541
89.50829979740705
31.952210901404197
-3.1572037541657556
-24.284501269548194
-162.63317688309263
-110.47344573394395
-41.377124565968806
-191.97145577056963
-98.9214501964847
-73.95695138561021
32.981544034390346
132.11801434345674
-31.103124652683864
123.62114321708754
-54.83979965308256
-262.7875871306845
89.54899472959218
71.51482275724918
-92.59514571257124
-4.438312887858827
141.95671139813362
22.28446018937226
-45.95967393441712
119.29218924344383
106.62181247693243
-6.601396943331214
63.310078874214454
-57.3832635035749
-176.85888334516767
156.55947347731427
157.20047609589594
8.051325667866799
-251.88205759353446
138.8568886732186
145.70247333394062
-18.00969118091851
-25.46344232582541
-33.63540913649865
13.753182218629318
157.11616364598078
133.14903143546556
106.55629026864662
-60.56458802513489
-108.74619665399308
-83.3941774920794
-278.6699531897267
-76.7625152513574
-19.12260785951429
-163.41662207255865
125.5165622207665
-114.07187882644679
16.086776105663528
41.41776338370457
9.561611327580916
259.5015983401627
-75.09128410877345
-37.242999376070834
12.325313014188003
40.854054179658064
-147.22173043908685
142.61023060550434
-188.73012980057632
145.03945171781965
44.948727941328066
-34.48521236635305
128.38712450586198
-24.13742462055543
85.20366516810962
-96.28959631272208
-119.15441058624822
-16.278633545956094
73.19288879406405
-28.212523472317812
85.92457364369133
4.874194505938824
7.072992498065808
132.1700427007654
-25.166117122323847
113.2678988234596
-22.60182623153045
104.37635112953458
-31.92419475987934
88.71577860137936
-2.951281282206582
-52.70955634165534
-33.68683281557356
-83.81193009715913
-27.166398405723264
-160.71243361810176
117.75041934107911
71.60955178975351
-127.78330399251074
-75.92437451272917
130.3276173608748
113.93023511527203
-24.24564454666734
76.84694831700857
37.16048354153322
-12.873241435136336
-75.46894537764884
-34.83797389064478
-72.01646438594635
-5.658483270763339
-214.31622912201533
25.78641643642467
59.66730108296371
-40.173878758598825
-14.291939292962152
86.55602608981151
32.616598815210786
-62.08014978514036
148.0965510218235
-38.9159706125369
-19.98629174412926
331.30727595754905
-87.74395360560918
-0.6208646575344474
73.66700104344602
111.26921205473359
311.04583698047014
-57.07196033432059
-7.0555401464198635
-129.87969648715728
20.18633989230671
88.52462105789402
23.806651962073275
30.74214387220902
20.306759129326814
162.67616963873883
43.316014163321924
-126.27271115039075
131.4767699192752
125.28415855372303
-56.81118072121545
-26.053686998556476
137.1932740791647
134.16031841250663
51.584514952498985
94.92706547938315
-54.73398471688173
-73.8983401233049
124.85166790064247
-14.553343551355496
35.196661487819455
-114.66316257673337
-221.33137612744085
111.79367874062687
67.70440027016245
35.45629269940514
-65.3647892142726
