-140.15794183504624
-172.3513171525621
226.80176700469343
-98.23293743577155
-18.58400472318411
-56.11768287918451
-50.89624124867617
-199.75394522915832
-122.97035492390492
-72.32214962097679
53.70333860013583
-177.68848230962416
-2.535326051521515
-64.10024954188412
104.89538339903946
17.2871671362983
48.59181325532296
-442.9662718406598
-110.74100318799132
-199.87174284324445
-60.712236409427
-180.46943169646715
-107.91314346234603
-181.02222093718012
-131.3290294911629
102.42507075540746
-205.01628331154834
15.177094424599888
26.858222122404044
-32.711573733016756
-9.91076392241184
-5.350654575882565
-12.321087146274774
-209.61573979895326
80.67160807394107
243.48906106828835
-27.447571659732567
4.070165076473287
-165.16038038635332
-317.6002134684087
20.39824129488789
56.311794869650086
107.47769722300013
-161.46840088377115
26.243223241662683
83.14226121823141
16.537420320038372
-63.3477092744383
-156.69737447735957
56.06913379041922
70.11102319445105
-174.00655777435122
26.792184706405195
57.81102420061807
9.08283109158094
-113.20824600209376
50.35815051097476
210.50237275543938
179.16907466808885
-70.93022163576386
-13.424182252964979
165.62219124715526
89.38275738762626
-131.11745361691254
-87.43863715486677
89.82691321163695
-23.502163239155372
-84.5657401378805
58.059160993898445
84.57338181236969
62.5782285325448
-142.44086729045029
52.74809354366879
75.73674230102375
25.908726373123173
-40.807447252039736
-25.896363604789702
45.46097204154482
-285.284272981461
7.82675992842775
131.6315494908866
-41.083753658961356
-365.08870542880777
-125.41322040573675
116.43845454253892
93.50267147368535
-72.56938526804853
-26.18549860611963
124.60615780573056
379.85051280689135
229.253534281179
-135.30694179616
34.812894491191216
-65.34787004523722
-53.724231368154435
20.333773386186266
-174.88000216959023
178.02429112712525
-86.6908403792841
116.96925719977723
259.4286972942427
-66.9191975998838
-95.1456438785197
-219.1394915406802
-137.29780339312262
-83.74179721789743
-127.91255999961965
-119.66457675275582
167.4972289448602
16.183398477588046
-2.1326606285693597
162.42016295791367
-196.99649246170802
146.31584325618138
167.55119959712007
-58.31584267913719
-187.66868982833867
-185.6484452007977
-30.249539814253982
-105.37620121190596
70.261538275947
-4.808794636570134
264.6444459361675
251.4849489551407
92.83330693021689
225.43680167395038
-277.81298908720976
-63.31613280422685
103.70292284983142
-64.9646251634246
405.8351053636932
-317.9156304601731
-348.69032924602357
73.04471438273835
-203.2776044728477
-116.8932005066981
-40.98628219133803
-10.654589652301631
183.05648586524586
-335.9979404848102
39.70255050241991
-14.219244224507737
122.03941833532353
11.744344560037021
32.497482808210584
121.85841208031289
-267.87922341671964
59.09955571011914
231.96206409706704
-37.19607526202453
-224.1920007656026
178.75330496052055
51.328789813553186
-213.80987035725232
17.18909471365358
-47.08901792794686
26.612530770127442
255.42976090305936
-17.550505393274094
-5.03321238923453
-12.126941599395524
-12.112307739363494
31.294611465578946
-97.4271819375207
-10.237614556496142
-147.582839663381
99.23837029656875
127.2038753008152
188.63616095866013
-45.319066143646836
111.83425692004899
-63.87875339217217
-102.3977550742329
117.95702354430338
29.73799064343993
62.73744705041005
180.3386228148203
-14.930043120969788
26.702537074008227
-206.5856572378665
-173.90536686295056
68.99776215917629
-2.2341190734713603
197.55630778342112
-358.2347718667427
85.7558437150187
-90.31355030579766
43.49673468051605
66.92144008755396
136.25229355244562
80.42694101962584
24.86280509800404
193.8133172230614
239.77240897221697
29.178552921243718
-134.57729590036448
-191.75502924506637
147.52193700654496
185.44419164484106
-64.23616540066112
-241.59839718549063
-70.79072519648345
96.90584047511159
2.8930396632591098
26.39925250793303
-29.812301193259557
-42.2592751237245
-67.72159948616164
-155.8702457429654
-367.39502818815953
118.76670693154325
54.85813856522363
246.5420036335418
-169.28350820312767
-112.46270063556229
212.4030782623242
52.008356829604885
71.27414268743122
-171.09114114910142
-46.21051421893928
248.51974006482826
-291.79946870645176
76.20725331991116
-102.41525192987399
-30.692516780753078
133.64896100934035
-137.1000293489491
126.33697753532307
125.13122328318705
213.18915797683331
19.018977288989255
222.11765895650228
-53.29493766936739
-47.177369673006474
-132.66422880941565
108.87416237295757
-393.84814568055015
-124.80195145472518
-222.61004814068508
-29.88532570624476
-24.08695602669323
73.33655126264894
65.96833311967337
-168.09161089987293
25.06594167557445
119.80237471337584
-5.660366740060208
-259.6611033724099
100.4417086573789
-81.15965917374785
223.86006792199115
-103.90124370688558
-171.4025210185234
-120.4004135872119
218.9342395613004
18.630193230656555
94.05566911804904
-218.30062952360646
-30.282358952795196
116.74908465599675
-187.15686065603268
30.08024459039983
205.28628208185282
48.670483817503076
-66.44206331737708
78.8001581951628
71.57467884201219
163.0181263548281
-96.13314715489089
146.11301708603094
-108.92663008039884
-142.47786610333955
-10.757872140203492
38.794947432360445
-169.0499191135229
215.24483393564546
-4.920676520920431
-4.90899076049384
317.5510695548445
1.8291036322835297
-98.64863763487642
-117.12074892283478
23.114789841852946
259.4307209778844
-194.51554840524855
88.5020565343643
10.131983562143587
272.89848662642794
4.393220524817231
33.48137327423281
-59.95083786856051
147.66925748322794
86.53688353870012
-45.12969298186745
-5.1040990351118385
-150.0935266054413
190.8740621170076
-75.7349206145086
74.18622160048518
105.68854531825859
-40.628645152416006
-65.8323489883548
31.36704106381686
100.86184622060156
-136.39646722838495
-200.85145705101442
-202.21437333258956
143.56856802701856
-46.167589581267926
145.54291486604387
99.36585744495532
-234.85272305454168
-25.435070742460805
69.26438096936278
0.6898015622906852
-121.65626184929484
52.624100919002586
249.48853592718228
93.45274944685912
-112.67854119993815
189.39759338622878
88.1949802864057
-164.9105605575213
60.78711381870305
6.02250317578532
36.367015864266115
-29.575974351693716
113.58703717197496
-50.87845948949795
105.02952072565881
-292.88539994567236
-55.4405129071271
35.243133707270516
106.52833850438563
195.28581180517781
-168.557030035344
139.00924219229998
214.79162458401922
32.69701858499624
74.57483847749671
205.32483095879996
180.36216169076386
-125.41622037633206
-19.164891321792826
6.5866963498510565
30.015609328038355
-105.79705296090354
134.4966784808409
-109.10490452005016
48.38884412324988
91.33453789329491
-75.33320454157865
216.30533199806916
-28.70525195722481
33.85881564007627
61.005800623358596
-51.87475204774363
35.228551600623895
190.8290170949455
-22.84662213417767
209.90452145474
-412.0355305314616
115.8675342152388
148.24462095124844
-211.60572481291746
-161.76911934383574
3.583929772199104
171.48948675029916
228.19974827000974
-124.93023677926784
-129.68367768697894
5.657455498794592
-301.1489351584894
212.72441164614966
-49.993080698837076
-139.73715841976937
49.53627818446918
94.45960156403359
-6.430931073815848
-89.30165465316858
-4.76947277478086
-11.88794649001623
55.44259597210327
-283.79703428549107
-145.32144846026432
92.24839197822311
-78.12207620203382
164.18787047049506
-80.01048826392032
20.499159660040398
-116.44078173105895
160.5189367744078
-82.50132131901891
78.38478566708437
-388.55716367810885
5.881366177116936
-101.42770840422973
-172.16662030565672
27.740382361226786
24.102383771079598
-1.2541740318432768
-30.692159147813882
37.43060953008871
-4.119787707029461
95.06179504053404
-220.44704952820592
-395.8408000886959
43.832494608161774
-174.1128672692672
-5.2207880827613105
-73.87673481177039
239.39139503845587
-288.4612135457107
266.2621646613326
-66.77237770362626
-33.326667254915684
-140.70138942217562
-72.00524601833587
-99.59830150709209
144.59187990033033
85.80590692960051
-102.36285958906262
184.50729972229757
-10.84486650558254
-115.73865028922931
313.0092108743344
-85.23807400738622
-123.15512734753361
-116.65928769261582
102.14027495148768
38.062739469086296
-81.47683206475622
165.60448547002102
65.2777677025379
-171.4694014177967
-100.018590951224
3.9027428280821304
84.84381865207106
-244.80730895114598
48.455371357804175
-57.73139180081431
-55.685054252219864
-313.4224035758479
-49.28612301328076
108.77676746016029
106.98339235768728
-281.78916940496214
-159.62604720341412
-170.85967101977874
118.62851608230862
75.04289607057677
120.81706495272681
-233.21131903035297
247.75401724343882
-130.73368733631668
-60.619326522396534
-204.0580778801872
57.18588624308324
-215.10853226679714
-71.14259344189507
129.52508373976093
129.29797196305168
57.54038422132718
251.24185318800323
-111.0758872856721
19.14182721849903
-92.1510744411139
-50.878925992423255
72.20743292532484
-375.4853530847832
-272.1300031374401
-34.85991411623956
-99.90952245193996
-191.8817203160951
154.84292464378612
161.55310329506437
-130.51930754040154
-363.28837874614203
-52.230203262456456
-10.9199558332983
-13.2898103515456
39.82625222441335
-98.09156054291084
-48.91265870894355
118.29496075940398
108.72917863739167
20.740185996326684
-58.680152099717894
100.49267836559041
132.36424783198012
148.29529029834538
208.142086004738
94.5005529750716
134.7491845482575
-66.48591706225628
97.56900745968383
59.67969117548078
140.88693004373755
-216.3870871103914
2.509252388214584
310.1573814421896
354.2561174456458
182.7191521908437
223.99157561926341
358.9590304162843
-147.63930559090718
-165.57866513563087
-74.60983814046122
87.02238175019808
94.75307640425711
113.19859385758701
-101.98540815109935
3.6373828240732857
165.73584342399425
-63.73927186697912
-155.14461993048056
13.807847098970552
182.4584943640312
186.59152247180091
-2.7636739475115357
6.239365296672552
62.78398629804058
26.64843913096568
66.43457533328329
-152.0738607032707
99.79601119045391
-115.31805996443455
-199.14490524341127
63.0465311084694
277.73075308681825
47.619206402934516
-24.624973020275867
-180.91258281156612
93.74241720790795
-85.08316587198088
-72.81869046634517
-142.66049425423338
6.718986609522068
176.6244979251227
-50.22853508967009
-85.61794311540153
88.2694650784314
-169.5210058165942
-41.97753510317145
119.90803718760064
-26.2146932578571
28.49914517830233
-16.78451040017969
25.550194416529116
167.4936218049424
-40.201453922625404
-320.9305093414288
-65.08324314420896
-27.10873076147717
-30.36850726457752
92.13438857861968
-26.572690295118612
212.93682557659366
-87.48381524103326
-12.124489259503315
44.086819001587976
3.881101293734729
72.97529614243685
30.285445703475705
33.1474341088332
-241.33079461107715
342.01135602647
101.14942485050187
219.7233307738382
305.7517968550065
-2.698583151032826
-93.1643597204994
-72.55231151867314
-99.89360978461515
-62.02938362026921
-86.06900842529963
192.49864729038046
-101.54918575945193
-31.964264267939388
129.1696116169122
-212.60003642662593
14.719252194040985
22.41444817003992
35.3124888379448
169.63775440594011
-10.433683881376437
121.1508593096473
28.658147556378314
148.7846413465293
-28.134996155196653
-14.860578878932317
6.0429603902438345
-143.54088322518604
210.2195011809525
-158.73632575948065
317.8415507726061
-9.254317247439216
178.6272220308276
121.33522388231984
-9.990776047797727
-228.99692342065163
-33.55874321803599
-184.97098212998802
92.09002925525634
-256.4748893885285
-72.15462682552678
-8.090154165904822
-58.72593326619944
280.3423167376536
61.38756135789559
11.920721733701797
378.2669252566808
7.933096573519251
-91.92205816589369
49.944102782370074
-57.56163549579948
22.456088716113744
223.81732482005862
145.12202413604123
43.76526432546218
47.22961010607181
-42.27980418043808
0.873545263291013
62.01422789191387
-121.14771424427211
210.07618167604852
-169.86230668492684
-109.1914802578701
-275.27095606988564
-103.76495617699523
-134.70421721031596
45.10638533082258
174.59365869987076
-60.47703144162743
118.63695367982956
42.01868557142631
91.90901932100014
109.43532041846485
-153.73582506129824
279.9775926199517
-60.84913663406609
-163.82055678219754
-52.24805947191242
-128.6367348364362
199.8458975515153
-179.880484331743
35.07008469736862
-189.71553407106268
-215.71239346872548
201.22502567406727
1.366189926410654
-134.0968294459942
-179.30457047899912
-20.930829226594817
38.771152772826255
51.439201966967225
234.3136641690701
153.13111659760455
-42.52062728715176
-68.37740563024525
-37.7896964716224
52.810838386080384
12.195521734999131
-228.01692987702836
33.97395754661458
-108.21117694512546
30.938764475095976
115.77076696496405
71.27180991266475
-103.6964540647253
2.866778699344655
-53.267433560677524
-6.11979063258363
-54.744368396056075
-28.292995050208354
260.2117676876566
121.02437020583021
269.7837866457762
-211.8440044278965
149.00250033289825
-265.28470769317425
57.57746103630945
190.87718290533746
2.839545284190293
-28.89352912592682
-202.8143008782566
71.70881841078607
49.8724680384788
-17.40410826944601
-11.123466812390339
-31.032869785152357
49.047776459142106
65.34957617006603
57.992990491975455
33.489362178971774
-21.364022980987574
-273.98781375420117
262.9744258889912
121.4438093319536
208.59888012438688
122.8679578384013
99.94239444263341
45.56701703198929
129.66675495949636
-106.35434162275966
199.82948553712012
-19.255875831373267
-201.4467034520852
18.920107385378625
81.68795108040419
-7.708264961392149
125.3032030932944
53.004962004977656
194.6865260326836
-131.9422154363219
84.0718316349368
-335.25820931305674
-55.671525910954486
194.88501021040892
17.68580788041757
-257.3448291506472
61.917588605178956
-71.71033503379941
70.13443982383933
266.5942859975313
-24.970890477968027
-4.87445804383468
-17.426494211949656
-65.50138408769611
47.29298561883197
-27.70022750799459
85.44665301366427
-28.716512939373448
-323.18551151542675
-268.12561681173423
-8.639578828039168
95.22490336013423
13.037933249622345
-112.36684530761559
240.2444344311155
46.46484110022284
58.77486256089071
-13.444519057400386
33.29968179815642
-181.39537163339764
155.19831267653018
-20.116948708053584
6.159497144288524
-89.91877543178325
293.4347510852073
-6.202148353455039
232.5539685199463
12.179906078803256
0.6118480097917072
32.85823992123858
-17.667564160745847
281.31608330956686
-141.36584186825365
-44.22530360229926
74.05411268519794
-106.22607432152829
169.51658301422117
61.14191196689835
143.21519792023358
272.1528742216096
216.62448820946554
63.8392944180027
45.428474724790725
-175.2013189995563
238.42120460618506
-129.3010291367318
100.2219054943827
72.12190633244573
68.18315674411474
166.36457389988183
-165.55375419138974
55.32161404609194
-36.802308707309976
14.505424709622531
120.67772385764934
-97.93830739561835
265.14776713330593
139.47510543984626
-135.77791381735042
-93.65596846597421
-88.1674989204366
5.924717008738492
-0.46513634547204274
46.75370462508526
151.56565983175386
91.41856991018746
144.26694966160926
-46.92232559033654
50.63636043118771
-207.2242681107781
19.788585856813658
28.27401659608684
-6.006475144127541
-195.57420368455604
210.24810507714975
263.4249536770947
-265.7276089894388
154.57247201465293
92.0640945929059
-231.9195379522667
132.4641595314608
-109.26879462050212
-176.4139965558925
196.13925133552794
-15.438972519977362
58.7813540207993
9.446806084063699
118.50535648697678
-104.98975769982789
115.53735097358744
235.69265690566468
-84.8858187035471
-2.897580296979829
-185.66139325912576
76.94103115630854
-125.27200831020971
325.30293795616274
-82.5565294643185
-207.32893527578142
-164.8724656279522
156.884365387751
-206.97302988012956
44.82723908514172
75.59403476731242
84.1843990915032
177.78734534593977
63.75874857176863
-261.386170979299
-34.761863116354846
-291.34085545781505
117.18669013020313
-160.5247801131457
32.54535657439691
77.52941161880739
125.22384361331281
-31.381969926271747
141.4978115616703
42.364652528613675
142.28601063208362
42.951534902388566
-18.258849777621652
76.6906313542844
211.1962216131769
197.01683759395436
206.35959815194065
-160.01263356767657
-134.7992819646134
-109.99674971635153
-42.2744344834203
-266.2635331809075
-70.8851520876326
103.98987550404746
-324.2843416847743
48.68869498809951
126.20613121968165
-126.7781715432329
-37.57079117127791
-117.26675807894411
-16.976873939790732
-127.3838150852725
166.5373941124088
180.49267954305247
115.23677613528274
109.0577222931673
98.87148159482503
-134.51169047902502
34.327289338603116
-117.925212202217
-37.93119458301366
31.35086833106927
221.930990164714
-22.331044924238338
66.99731124035318
-59.52045025943569
-52.762313756044605
-55.15850176398986
77.52064059423618
-131.3035076562832
27.546311613996558
-3.009277596821438
243.88562263926616
-106.29400119241939
-320.6701156403119
175.80762672384847
27.707397823873098
-91.43303758291705
205.41638634317064
73.60568487900301
-45.38259334366907
175.2025119338613
38.286773975865124
18.362273577456055
48.22623765494434
-74.5334023218231
-87.25826656807129
-46.27347676519804
56.4968598750695
176.03341023765353
86.38508801252765
-256.3989092071739
201.74416376827588
-207.7912297598571
-136.78520624692177
-159.38679850677835
45.729713751202716
-87.17335566350597
295.9486673487598
-95.72333505678041
61.63238043180731
70.03944621875614
-132.88005315323207
65.20867994114882
41.33615094124821
-75.90417942272737
159.7566085653983
162.69247642503052
-76.36120701724711
-53.20983813534634
67.61758020130213
66.99721306742785
-353.0483225546376
-147.6705209535276
104.86941579574028
-141.48850155680267
-101.53085038917293
-73.75212281603359
-173.3149760391319
142.92322599127073
-170.8127911078545
-88.97016358295843
-163.0673638405713
106.97377695551637
28.983017564546227
101.22048108810213
87.69542432044376
-40.96690303034857
63.60227337559208
84.75862648389406
-48.31657768516523
26.69432038458936
-229.82213270993356
-56.6780055760868
-192.30598109311435
-47.11164695334359
-108.91523017745575
-12.094626396343667
-7.79711295459717
-158.76320703436642
-70.83712759789618
41.2036984970549
-21.783914749291338
-25.77294688222692
109.85969672308637
24.04227649134754
-47.697476614112745
-17.798510868331554
40.91455576728426
232.04375194337118
-107.64586613527902
5.635275730161589
68.69603521416565
-28.185444346364235
-59.33523900333714
-114.47055067964945
-279.7018469987397
-301.89397840338887
-68.30957306452108
-68.29008935055238
-90.93023652938176
-45.22982264773182
-181.18922652878447
504.2555658580471
-88.0504388952205
144.16719736160488
-301.4571624838909
-239.14091799117108
107.37930169986298
-31.87325752727222
19.0054250583985
164.25386238504993
48.295951053522074
159.59186288664296
-81.77082473570904
11.995563458602948
19.350889220457503
-3.0487271513143273
48.22122129086894
-16.480754638008914
203.08526500462267
75.52067167536164
157.63674239024058
-5.470263769622306
-107.09843860186147
194.05614328482665
112.62578883464472
