-56.24427846619639
384.8321341920227
84.89679354458758
30.86611581414599
-60.879711666658245
-68.27428482675406
-68.53673408080911
87.00371981186623
-206.84705285214272
187.28443066170195
-194.32099330692935
-88.38209149661894
-90.86641850445608
326.74267012651757
-47.967816329842385
293.8315372210397
160.0188780466135
-121.10313835743274
-229.20950024659737
274.53327944451576
148.22647411949177
67.6257053403438
-108.79817255043831
32.656055410519606
-158.75468345548924
86.68865489620414
52.7020180411603
-220.24286696684769
-49.29639280362223
118.55331539369172
267.73959569336324
-152.05930096006261
-129.5219134452952
-38.21185407289744
-27.509365132270716
-89.89258395290304
32.31167708703562
61.49304639395509
-38.50348423379205
-8.350555760855052
-329.08152684884317
-265.3664015560321
41.9925317473549
252.50025694252244
-61.13072019813483
120.63660574827337
55.32972771599586
-140.17389838169856
-198.32198996303302
-40.24000001346439
365.5831366711203
-62.977972561999316
187.89737422956594
-289.006782259198
0.5869850609537548
-47.76310068716934
88.28060098345374
-119.58160683845166
-276.5890037575176
92.41773482442142
-132.22160968757996
382.0070256764549
-8.032830875956169
-82.6154319028978
-114.01614602457296
68.6647310881938
-127.88624964572712
-90.04242229724656
-11.19464292921339
190.7034397194587
-212.06392481373396
-179.8673899054707
-235.9230880395195
-47.988186579082964
-27.09091320399132
-52.95451518853142
269.3603918411451
-64.46873946659476
181.67278980103313
-86.95605548602558
-87.3540766138555
90.11668159402707
-161.71484014399715
347.1230297049328
170.63079373992244
53.057876528302806
59.61039953791789
221.96224408569793
-89.7089293875276
-20.179342660438724
-138.42353018677358
-169.11050814038975
180.27416253328215
-127.97535740256438
-124.06468172190361
324.92548886682823
78.63826291455054
-271.6248883303581
-354.26497278055484
6.639674638295326
-107.58784120373939
-112.50551382401818
47.201741918225146
159.03748724520892
7.009418734428625
99.72879158243808
-130.78368819731162
-94.47000333332421
-251.54840791217015
8.548946482370157
-197.77992575863243
131.39434552472161
149.52945828711154
-345.6091387356044
221.775148785807
-34.67890097919629
103.46074970337666
60.22252386505077
119.28135412485098
-12.798540698213696
-33.733587894089915
109.35686053366278
-30.132870683072213
139.81168538110114
-282.6095283331143
-50.66481190143615
321.4258524217094
239.05087707942707
212.7173385066962
-21.743856527353415
-157.16248519983134
-45.02943714409131
151.2489115574488
-140.01727480430063
-288.37965755199593
76.01088825374816
-0.7332392350251685
-18.774189562303853
165.21892793714974
56.492952416401884
-0.587335635809177
263.8543398714545
-296.54928195064434
-20.138522645971804
-2.2275050151036986
148.2925255980726
11.391117148739282
130.6525083745426
285.9728511789461
24.74314481328982
73.9545517475637
-18.84251470804632
95.72529342664977
155.00820641818234
-53.77713196819019
132.21934525870117
-281.2394306333369
-67.32715404064248
8.248111743270911
23.10268602666986
157.8088694807012
171.09354354312876
-74.20252369081591
122.94495209350153
298.71057840818094
-217.25357937053965
325.9131015419726
198.71149014208743
-77.50868674054148
-182.2879856276336
344.3334091156195
41.01218480360108
-57.30190274425994
-13.437713117905533
-19.71934285775937
-65.24948392894878
90.13084710058132
-62.890728491222575
152.80990229096196
-99.16208756799861
-300.07843773971956
-143.36306690332597
-4.972141865993127
124.07316937689544
-48.016703683860385
291.6121720290838
-46.73746338530422
78.50187156606648
-97.74890773497056
-47.618060330836904
109.27769030473031
59.943436682646634
-26.12134443652407
-127.72730778351293
-183.91944670185498
204.10129710427026
205.45102634890932
163.71260020625135
79.48189071775455
86.22494995663314
41.07895083233293
-71.8519675340863
8.300272474344798
-115.497872347724
247.67944099190257
-78.43828032266481
-16.987679716711256
-176.13409359075456
238.4733057343485
105.40066247458648
198.89731972836123
-5.009151559785472
74.51471926419136
187.45991482986105
-64.06427518207089
-83.3481466192028
117.4130306183498
-115.8547540795629
-96.9398381128528
-70.23759335971249
-0.46772097901364784
-128.70474839308096
-97.40700616052415
-15.871203996290951
100.33096667572272
-87.91008488717475
-82.69336637328698
62.337310597578124
83.39816880040974
101.51819619438767
85.91448891638775
76.40893734676185
190.8992200929746
-186.69677807029768
30.770313499677524
-222.87273703563818
-131.06591646410033
46.183817175062906
-9.635809851715306
51.46283945464869
87.32423124542571
137.96943377738322
80.64065448675116
28.17565725611422
245.3556595716457
176.17254638334575
96.65436263254043
260.84754970704523
-170.67697950779672
-88.35186316693859
182.64045919060172
198.65809598319026
28.85604596162234
181.61455659883373
-43.14411847098309
-103.21215455128275
-48.482081735219154
-377.0259982207367
60.58901318797989
-4.647787628941838
-124.33475475192428
-109.24934100486351
-118.21734612129724
97.91585853276646
-92.98067057095736
422.621736240012
-91.45279906285259
-366.300337324435
82.31254538365299
110.92743152223947
-272.6965780545667
85.65981421386132
-10.463722929201655
78.02288970387576
109.53859633875282
-229.52241120146618
143.40018682996305
69.21256272058447
101.116271971224
55.51679115934879
-22.80187408622451
205.44841345911422
248.72184511153478
184.4749943590555
36.434717132132135
-4.178397258883076
112.86653962972335
238.62036151754933
198.787514885472
-82.3141822828597
136.37840099435186
-76.29533367550859
-29.113381090144394
-87.9574514847795
-104.5284721905397
81.96223531716099
86.15516366601021
-93.86321716541741
327.63664772177054
-66.80747884709824
71.43682238815988
-167.95704412087778
-31.666093641017774
20.103074676211016
-128.54093886006052
191.44228128717432
112.54802181749794
128.7285120427008
63.49715997774587
25.591716241333234
-117.53719077117584
76.3129218188864
-113.1751781438185
-53.10529586029977
179.2034233449827
-81.04928581444705
51.760295905546435
64.82231564531239
-219.1824134340893
201.25431980881484
-63.764119883707004
-346.8180548268269
-287.40328002971694
98.00310480330654
-186.52194850892332
137.713529415666
-287.9274538223379
90.40685535729276
-128.8664007081711
483.5187062252612
133.50192282820984
-30.470667002680937
-111.49492089110063
-215.72142813375993
-239.8246856905744
4.106411067486265
3.4197538661736675
202.81037162815127
-176.20550490836808
33.33602301288888
51.38260502190458
333.76808047241724
-52.40554041579597
226.97854795743962
-101.58338551334798
43.57475167404357
47.759752206128546
-0.8240798412059352
27.196271642250956
197.1747834636224
106.05169261748443
-377.96294994485555
-44.56874279715246
-140.8003175104005
6.5737279541701295
-250.18847226284188
91.97482141273922
-29.98994536061454
-130.2822199541526
316.1296444001033
-287.25155383613213
113.07905295026981
61.83395938570657
-31.575361501459653
-19.529396341979
-93.33439712271971
-124.61933225153014
-52.94029484634603
203.40709653040233
61.664583322873426
-101.32372268938758
-33.352748227078784
50.60664200633358
52.634944127807714
161.2980919852338
-24.785446171807216
32.385642260571736
-194.0554805878006
137.81213407568632
267.3422596065718
-43.25285527041005
-337.4138130520445
-85.83512862871876
38.642675779051814
273.2340019562254
-157.56541674057976
-222.19531950057484
130.49028046813734
160.2540917448441
163.8344318825815
58.10324912324966
7.475860750104371
-153.59590630540555
-102.63599171262103
-216.58733334579077
89.04908720943766
29.337251623451316
-147.10412773317074
-66.22785904503776
-128.13194768587041
-27.613721430233
-301.5455829515843
83.46146437822219
201.69689155675323
-116.15316667169654
-148.1774546155428
0.3749232083443397
167.97276483733603
-114.13352996266572
-103.42115297201427
192.05220489905795
42.33338481678887
-231.33841415997819
91.51330216874405
3.375501542338439
48.09950108600812
20.207052312493147
-57.85407019438106
193.9616501039563
83.81113004164541
-0.38081348083292865
-40.751523186822816
76.43808504004627
20.26666885347864
-272.35278817702124
-139.13688440228117
-63.74510947088491
-148.21580309982883
-198.2495789411449
-316.6616023067709
-150.41320604590945
134.3832636461896
101.5091016580654
-72.70460736687568
-24.480427577993108
-310.7975579960613
144.00051854772454
130.88012368060862
126.48392282522889
147.35041159999693
-190.65543109344506
-111.27173650470894
203.24047384308543
-175.8451678589519
115.4860366743614
190.26495221933158
47.91719382938629
-183.7574916669431
-69.07058235633801
56.31258025434488
32.04964724067433
290.57526245604913
-110.50428639405177
193.84105896272234
-51.46407451229523
-16.903779479598242
-184.3182782066696
-56.35081029901245
-74.7494692396317
18.676399774520355
-142.08451574036906
311.1513062507614
111.66999385690883
109.33316159904979
104.87582049423192
-156.4481137355165
-218.11654326776517
70.33505672262486
-106.71234798853517
156.8175219137302
150.96545912560003
42.999755203954614
-141.76000238428475
1.1658856833155715
62.350773035188006
137.95359999433973
7.8438910900208025
-20.242257048313988
235.94834194879076
169.29373728353275
82.04876621287977
-151.47937510087573
-292.9219133372471
-110.05823825293952
-199.07964402464518
77.38899467139034
-210.4445947902531
82.18643622695294
168.87141674061382
-167.7377582867296
112.23328679764376
-245.13783221552023
87.91237470812028
48.89125050237245
-137.41029111399624
27.3796953944451
44.114034471216414
-74.31125903672235
-44.65066777145582
64.80029660056074
104.4402524625487
4.054117428018154
-81.76605892015922
-86.51405725842632
300.5382570736778
265.0293495294749
-138.3463005162131
24.790853652142715
43.43642581774045
394.1671398420081
181.31643589163858
37.143506057628194
-18.22370199595582
71.65066762328216
268.6739192603279
-104.49907753001149
131.60090385541633
-18.16853941985957
-94.55994220585983
52.895232841457506
-174.55459777691925
175.15473118505625
4.162858482019848
-34.367349933345835
-223.73276072292722
83.34480833024135
-5.756145130941168
-13.018260308771893
-130.79335303833656
305.2609896354864
47.791200020034076
-52.40586101489847
-57.04025468026014
-69.19974327487003
69.06300537987295
10.536934972864302
9.91693908473212
201.20820877081516
65.81212650339984
127.37137226020116
-207.74801009384527
-108.17029599876615
-219.645950225869
37.59181876510306
-3.69705744012224
210.05423127504721
-366.8256959432764
-167.8056658079385
-140.95409783960514
149.14111077670998
-256.4787034744512
-298.94997848613804
228.83588316081617
0.9576135750885579
8.679222113847548
38.94683661596214
-174.90416846269903
294.5402915950136
24.583221118956327
147.78509514387824
-142.75969647159334
-44.232279016761
-185.34636636810652
47.556113749039326
-199.447473558736
-201.7760407045236
64.86818769216671
-105.42259002315134
50.86223135367236
-21.059653302353492
47.61480888721941
96.21223844076005
135.88757413647565
-208.42468656561536
442.250715215316
205.4907396845936
95.79757239142386
118.72547123676897
-23.29836636960777
163.0158341462596
-59.29197066734599
-35.238885910851884
50.59432428295923
46.611356040111794
-153.85447492947637
287.78819445060896
15.977201193685856
-22.404990562504786
224.34901122148992
-83.22988398068247
-213.90268313940766
265.3718865849054
-13.823731089426913
123.6150187035567
6.730519120530748
-18.734559497631146
-161.99630487683817
75.67453840054421
80.79349855768264
-59.333198431780254
267.0755703707837
204.2460834063844
136.19485574446722
18.855711124724152
68.92541517529962
-137.66451096614574
200.83906299815195
-67.97120162406637
219.8903035656762
63.089319137847255
231.32347383229032
-128.34286125589557
129.6585363420812
129.6779364769037
229.0113315357291
-100.58717833990042
-245.64537347931332
19.489501563376233
-49.63870095625536
58.7711696495862
192.35273296608472
126.6291984488255
-139.4571283124599
109.09106503455438
-9.161503000137941
-84.99006611037778
-34.623747401047055
-399.5970083902649
206.7446726900679
98.54480938469605
-214.99291786931502
-149.70458730544254
-151.66223386084096
1.4107546571467744
-185.47248647036426
92.30763801178864
-129.41279287392365
-236.87002261296794
125.62459849632616
-71.22138168072915
60.222837946606916
-134.64278385838452
-190.09385107212432
219.51553010829008
-12.637991344419161
-325.35341320665276
155.80383347927372
-57.96331071931153
-136.55121363048224
131.4204320390722
197.76082851913822
203.62307877134987
179.95264024417347
119.72736550606614
-52.66152873616668
59.347019797967995
40.78011467872251
205.9957389935111
-49.833818374754124
91.90554166230622
-140.74005296846175
-11.570587061936607
182.81370300303945
113.80021434896332
11.44891843884663
150.85335238952496
-456.35085235047086
-3.7290157105413817
59.36855250007638
-157.97333926741496
-177.8843943446941
28.967223072100275
356.7974411252331
-379.5603715025605
321.3290310589426
312.5336061251746
-223.39761540299662
92.84500638559163
177.12899173572748
-96.03183385075712
110.57915300341362
-21.818108840337036
-128.70973157333773
-140.78490108628012
-5.625489377700237
-56.340571119200305
326.89787507150623
-83.12691410940188
269.5128803652596
-136.26293465421895
168.23953532167005
48.970909805189045
41.82779325491511
-72.68814451710567
-156.9855916074059
193.47258239774786
-20.15112997997706
-6.593325607959082
-149.98767223696396
-24.728366868921118
62.22891876554015
116.4164063842228
-28.33752904424746
-48.71813792838277
-23.327148561091033
137.3310730968975
145.4025587878839
-106.83379475155107
-192.82643389240704
28.74804070217129
25.24004087385325
-42.44877715251376
-15.552819452825608
-15.168456741524496
-47.490129188118445
-130.0757503201385
-182.6448107485617
154.24511735670245
-148.3606587032868
-193.8752928475552
-253.39515645312161
-316.0014540893263
50.25415068193622
213.60864048298006
148.86555352846045
-150.60942831399464
108.68097244838104
-206.22832706942177
215.9439925081187
-64.37282004201718
174.5684028183523
-36.97300653619389
-234.5329798500854
-46.8926105736281
-58.48346950966816
179.6444176545036
60.85365897934843
186.41461615669763
356.9965297606823
-58.7749634571658
161.20437857314406
141.69270538273594
-127.52795040651982
36.715900780967196
103.33876861898325
296.35817332013823
-173.5910507920876
150.9486398374683
-228.46974750754214
-53.80236286257326
-16.670844837661715
-0.5588924490814355
65.75131585037533
78.63897473705501
153.8626278355412
-18.614073715973504
-4.554567184341678
222.91564902832843
201.98502397118338
67.05612446289244
58.54445048566508
-88.05888641226451
-335.0388233674134
-132.851677411675
194.66348652668609
-195.69502887323162
-78.14832242273724
23.37268026525928
-29.494401665777463
54.13084548157069
-507.12598567467506
44.65069311495355
0.16097795733171616
80.82328614952628
116.17552703434502
121.65548837210555
-43.11302581419252
-31.7149900195975
57.9710916674692
-17.526990491940037
-61.72798030074546
162.66820329185313
184.59705507668974
-72.39574052404305
-225.61499304025614
-72.06516136412552
-56.49639219151174
-56.18558509501426
32.94517117744701
146.84562491427502
-124.54001780188837
146.49844755381235
-191.88421983608418
-235.6188295017452
148.36335284659006
-249.8509983991778
76.32777238614678
-61.346664359710935
1.0802761055489332
10.654321302347933
35.935571291606756
-85.1291443108917
173.89427658315947
-50.26893781063022
31.922825685165684
186.14356158116732
-84.63007153645395
46.57252421846746
292.7180533416161
-119.49177596382361
102.54571054618843
348.4640006944891
41.26006406977764
37.28606577994569
-1.2213845270659769
-102.28901517224564
-301.5521003149397
144.13416386188575
-16.91961953055795
20.3137211274372
-3.0831110597606615
-237.0434136532038
19.322522284545748
-385.8350927271528
-120.18267541368206
69.96213420921188
-71.96006774975336
-104.83022213680772
12.35153673913781
212.48423586210416
17.581125449291953
-210.35053677661344
142.28105066862918
-73.47040062504492
-28.883064436004762
39.398371321207435
202.12415186267896
101.04499300987565
84.27011097964025
48.748138259626906
-68.91937280313272
40.28970813288809
310.67544540996835
-35.75646673014805
-183.7138618705595
-105.51995388128661
197.8820668861562
-146.78756036205127
-74.27371973023673
263.7455565363464
-9.817254597867732
-40.33255606768117
136.39596702864935
-124.51526398327074
-60.72819084043903
9.114744708709503
-37.38118123497478
-135.5517123634857
68.92155386781744
95.50118119254364
-60.06409167187407
-93.42681721634675
39.30258425124214
243.50343520287763
39.64541707279309
38.993229862833346
-16.961409117215755
65.35891003300317
-139.1889217295366
-232.3182894647968
-49.945089692831196
-85.75407871188055
-235.2455727728879
-175.16562167157818
83.89646121258112
38.348384649013035
349.0764524111387
20.226396289942915
73.60849454429498
74.92164688941807
-345.2889039537035
148.28462362410653
-78.2488506707654
-124.81370905567746
-86.40025955728369
19.53506156671348
241.01552500888675
-68.92673505834892
69.95811046398403
-38.30222906362094
112.12862241834804
-260.69250198823045
15.580175707432904
144.57328262240765
-119.3369563297359
170.7590481681401
86.37626951739774
215.75614012390642
7.0739345044544795
303.5469403202211
-385.0896636769543
111.36675922731197
332.0436426576451
148.68417312074268
-246.00946924638046
61.26983341164384
56.485492750275746
-12.817152513174943
251.72636611310574
7.927423027103948
55.638187073989144
-177.41285458880498
105.97209276059654
74.4809093586508
182.05303979846232
210.56796625503085
-3.1978652495816444
103.02340907907161
-124.7404116283573
166.07151426637841
-55.27929280485152
-177.28595885366707
200.36676021376522
138.64148485007712
-187.61545118460475
208.73385715212322
40.686583214500835
78.29896697543427
-23.29569910615344
103.33669660423182
-251.71544076060027
-110.608553806375
-17.462027791442765
-78.46654224532423
12.038727437090689
169.21641179969825
-253.01481676560377
88.86713308460752
-7.640990043495588
-118.25339788840083
-106.08108794442798
-9.413966235706962
21.93979415539011
-187.02707859256984
-68.19642584136383
158.0157641800678
23.53551835188494
-260.94837095360526
68.36543793566302
-45.77248179108155
-114.2899720323581
-222.10908591543838
-128.33516002523183
65.56736364477271
-195.54940510954825
21.928618048844616
-199.0509924555456
18.248141318665624
91.24702753948692
-20.451884214937788
93.64276317970811
106.87298029458302
-9.71732479801755
-55.78688912935281
-49.644294286230526
-240.95026452976515
-68.13093063104807
37.00435807225786
313.41816451675635
99.55688771184079
170.4849414512141
-9.242526967592733
124.55109348791726
-88.4705809978088
140.97579711367314
93.76724245045118
-21.585105830543114
143.55276520725377
112.65202761652884
-176.57597180865758
96.59739459639265
47.30719761607544
2.0221600469892476
64.37669040201817
-246.2659689076189
-79.50125273676406
-187.04886700761577
167.0113748093223
-140.4156860747366
-300.1322819693625
179.14830885996864
-139.72594561138945
-78.32723265761584
27.13324338506021
40.99964313343033
19.318920757844797
146.03395210179397
16.122388105675626
50.02294043262658
-158.78672724322576
