243.84978775513417
-46.252968567514756
0.1790969928225996
-3.6722827926704324
57.46590927232944
-126.72177867856053
-106.98612609460638
-179.5497217196134
96.0517246856184
23.68539291844153
107.40320349544582
14.947219553289807
97.16718389639
-54.83941248010788
60.58289330884888
29.36351789067784
134.31324104341448
-167.8339193818504
200.06726823170365
-0.5091351234625263
44.038059436210155
85.01025422555945
-78.77265216472372
14.443905404445253
30.270928477154015
158.12707437390415
-52.443064074513444
277.0329807349213
313.16544467930123
226.43874900204793
-0.986657123468154
-219.67974325726652
-117.1143311721506
-55.853986207660945
10.719501957325754
-133.85724484885444
-51.530904557298186
71.80755944214242
106.58144841169336
200.05155561565473
-201.3555361532763
125.63850874404882
-95.0934113484526
-55.76270191080623
121.37923536148185
185.040135601362
183.04473138100735
-43.07508001144608
35.861957793549735
168.782275028041
-18.658176986581047
178.4202254198909
-43.27826806941262
34.15134049354319
-42.76976960119706
-159.35033323894174
-33.18733850019132
-47.75721278765788
79.978201761605
149.3654036007182
-50.779011227095815
-19.799109398679462
-25.744014692587957
19.961079218300586
257.979275897426
-93.04557184165597
39.337676835507274
75.20624739410968
-175.70469839625946
83.83954038356798
93.16574508253291
-127.1233794013341
-265.6505363513048
63.779922380848916
22.365690841458584
-53.692473708571235
372.243776075532
39.465410870439364
-229.9676884157083
68.62262858025261
-237.93491955698255
-40.33514289961451
-49.49012910070116
-222.38681033807728
119.53107839622061
157.96173019943285
-45.889439790725355
55.011808828211855
183.51186128073508
-77.58263712898804
-273.1035345568729
-173.16098391547052
95.32523635317347
-68.12957932206189
33.20660972109629
-82.5561174270141
171.4589715319945
201.0484387524787
73.57759299296329
-96.96707304791238
54.473287369947
118.0681994818786
-0.9249270156051788
167.16815760211503
99.69747494845822
-126.49262221559766
-248.06031457453054
-261.0275309570078
-124.71708837447166
-2.781020413661525
226.84776848979973
18.302593049316968
179.43774316178823
-0.8105543943558375
17.791489826489933
-81.33154619969078
-139.1202917424405
-23.3171909802092
-97.98118688502488
88.64546351303487
120.47957550600042
120.52611868930693
-52.216837461770446
156.53780154746713
135.73965380366903
125.61849344534829
-232.63384383067233
183.85414311512523
54.02644194432125
-16.32724867561179
91.77394001159733
140.9902856395119
149.82059187205044
48.869857547679345
-1.9091969763900978
-7.379273072052081
-20.112797106840226
-118.86105600212167
-21.402785615438507
-206.20044559775135
47.06872376112071
177.98427755780972
-16.06762034752961
369.93236954247004
134.5595621293467
-227.60087790662422
-166.25803735738924
-168.14660679916494
258.5370317046268
25.879890226995744
48.83392406933121
-130.10169158584014
-34.308207265368075
-181.06428538086885
29.009514618061022
58.829542089766065
91.66920660998586
205.21468628950265
-1.864119178983684
-40.08837841439729
-33.649130248015865
-57.77232009439831
-41.56770856119306
23.19698769046319
146.94784381783816
-0.7221128367297669
-201.46838307520457
31.452483704941873
-11.91828293833305
-132.85767758444283
-193.24007364829617
315.39131730388004
267.01618731177064
65.76195061906313
22.694322089541497
-36.57583287300308
96.53464914945805
143.0807200670006
19.817949800510203
-24.872568780214536
-86.88543105581536
65.02147150674479
-142.9343592304993
2.50554621949185
-138.8942241836538
-62.218899603772755
-3.813082005265076
-186.21436511148937
-43.4098263029143
-260.69764387877854
20.679682922378362
-49.50025068526167
-6.529377429978673
-13.654779809382573
168.85326098076828
-16.01454896834946
3.9287249236409423
-54.9566886998568
170.84547908440453
153.15330419191295
443.84199105321983
-9.485024189562997
92.93906149834923
30.26759234984923
-208.36241544698382
128.23165994193545
-86.3897878778022
50.66414803788214
-23.28100698095414
-4.0314358235773815
50.63088847131576
-48.002571887286855
242.2880600248923
59.728827229940954
-4.569084703540433
195.51757752291516
-86.39367992777903
-190.9759965569557
-202.26185584705925
-157.98947779274314
160.05576883218382
-106.5150076831237
-36.98416153250588
63.57557305729108
134.46070115774322
193.2553014117988
323.40781024822974
-182.51457281204333
94.03060300177044
80.34100635737768
37.61911465591947
52.11130524657337
-25.26148160044186
78.36728244778081
104.17924551000986
67.61168256812158
106.59296878620881
12.62869033596898
114.85054006030295
85.99964084525378
127.53662281908213
119.59938421166501
89.63898711796546
0.9745421320032741
115.91556539874132
30.111391507259665
-166.79341550999447
315.77841847919467
229.39419516006205
-34.3333433056589
167.73427439757063
-157.40952368620844
235.49089914009937
150.03225621290792
157.9686324881821
215.41399459682833
-252.64643622800028
-98.92579942552463
74.29528581016338
118.05009447034443
-71.36983014944113
23.704511243451822
-29.407692276969144
-170.7725721212506
-120.71278289688486
-78.37554770541716
-163.3976184095957
-0.38313515319952507
-237.99199263935128
-336.8024336230571
24.68323893577703
12.481273356327323
-66.73422795505108
11.950599430084676
-208.84756083643154
87.54027464743196
-49.282030726291765
223.52061676824408
-42.740682284408464
10.19456120095082
166.7749255969485
9.032890224289485
-172.66767057289707
32.82155653750703
-93.99619953078484
-131.1866462911321
153.28021214056608
266.1121280734961
168.40485965053864
106.4039270265718
52.33712906590554
-22.19756367527889
-241.40467588897795
-3.3729824250399276
115.20506583544295
-69.23290444000017
-436.67317838693657
198.6099790880817
-248.7470476166448
35.89197177581529
-270.1077717308434
166.9298240107618
-93.63277458426353
-51.107579688619964
-165.10277632000592
-96.82810021984918
-95.41009859857657
-107.7408049110935
66.84438197999688
-133.94157746017137
-216.76971250791735
-319.7396340721749
114.43056902656215
-81.94788435317035
-48.020983464384464
36.391013023125744
200.92508080798655
-51.3505124455749
130.5207200508285
199.67940315691624
53.98161210784114
-24.899294246103963
-147.60098221211942
114.17848512797555
-14.031076357052015
-137.23387559312135
-99.37140758583425
-42.282357368918845
40.80403099892888
-21.909516834392317
-114.73914531353336
-78.22810405324387
-35.26351328166168
-86.31713618713962
-308.7875897103294
49.53168124682225
-196.71997709265415
11.272783505008773
111.56376256064208
-49.34467605724576
56.05181607252179
25.830268892288636
-35.727000766750095
-3.1284617567140414
2.264461135707462
20.027310108039398
-276.98382224348836
-101.36315609612764
161.79011492673018
224.85540385280447
10.033214123104077
-97.64485177970022
-87.56405274793808
-53.908912236306215
-60.320979663668176
26.843521748871996
-8.319781262203902
141.55062182435162
14.417161285214101
204.07597467456037
-121.8270531372116
101.55895394291935
91.0586984107189
-22.826916441492866
-110.94624497090469
-230.97591833520903
-68.35289532124574
-6.118007806057876
35.92666852039844
23.79766907259719
63.87052170544664
241.48234887826604
-24.8324456059585
-91.25711364410381
155.59968164892146
123.10807363392432
-29.95537385492482
9.246698430659086
-29.188604623605503
41.45058752900484
59.82389718273793
-48.020346590626595
241.11935410724016
19.606087078413537
-162.75879606931267
26.67145477600291
82.50646146349237
-17.695214687562423
-215.90067200840878
307.2660898621322
-8.644085068090591
10.868549748077365
-84.49033818424512
-222.0540503679494
-131.99893947238493
11.052249631484374
86.9449698564903
40.50424363969474
69.86652026924433
-33.666414698939825
38.385355191777194
2.6236286400033366
-48.1765045910479
247.8298465079297
52.90360485897534
-73.09647411416087
219.74960567204522
-196.53509686395856
29.969989480196993
66.08710900390658
146.81603677015704
255.33867856726243
67.03032347947989
-104.34676207332595
-6.511002461942108
-386.4518119180172
-295.8320055618256
-47.57576558023391
123.93215352227692
99.20155341158528
15.666329711333134
76.08469096753916
162.69632193888276
-47.4441065029087
-149.1408619023787
146.6736297766527
109.60106033083058
-51.118567136377386
47.15422104520879
-70.62202046577781
-227.60131005437373
3.6724936204354592
231.03677267462905
105.50461167525123
37.38393822076281
-126.3105127950508
-84.8983327100453
-216.07230111456298
-204.6458632137466
387.9072966709709
311.34996284287513
106.98385912181494
196.47641653783015
26.915379281161023
89.38466625044735
-129.24052026465867
-100.67733996240602
-56.19315397560749
56.86606739285199
-117.1901885434826
77.1273285874586
49.647076114951176
-81.83191847773337
-169.12764825399208
189.5668106459952
56.151851423665036
119.55063001166452
2.0513310437988537
231.2212208104462
-38.18351632553029
-59.70091682541762
-104.86390407194203
-164.86787387209642
-64.61279499988783
-50.639683947004336
36.421197105388956
-69.95282903036787
-193.91664159819547
42.87684275161326
7.11085346388968
-11.080602283270457
-34.682777402562955
51.131023778930654
-244.15519686634048
-146.6798881151233
142.94764482333332
-99.32540531676783
-38.66219794857723
373.1816429555974
-31.785014651733714
-9.00762912438171
116.84179291423166
123.64008218556563
-110.50933135699874
0.4652402850198005
-169.02631135156685
-95.66957870819431
-29.055967854682756
-77.54504467900446
-199.50070968752235
32.996022254376726
-303.54998903997847
30.528498897856583
-86.14748133057958
115.98087496139887
21.258451930852527
-177.64229021203886
99.39089012092761
-73.45348292896041
50.097032776214434
-156.54714414186608
-66.00562884509804
112.63867716856431
183.43804918061855
6.1408174166946505
113.48282449902591
237.98374078863839
19.92270957902355
-188.39078777776717
174.48605552770746
342.38863230067074
-260.04211402235916
-10.83377766484251
-54.55054762010543
191.42377737898468
86.89552781402911
297.0343913453099
114.25243990207738
226.89092091433503
-438.6661362110295
-186.43534014462205
-25.982459637877145
-25.90107313501285
-146.44363715523997
-253.19305525257616
-1.5435751115766705
-108.18230568454803
-16.74280188261567
-235.97847527260217
260.47338613124344
-84.82917285068223
-66.0991029115079
-41.902526957929226
-24.811602001198235
13.12788380564401
96.88275098259535
-169.8604212059423
-72.59561694282449
-17.030206565856275
-173.4389419409556
-203.14384160072072
8.174081068024794
-170.02521824350822
190.19356050181986
-84.29275126769954
151.54854407579703
-174.09107674446352
-78.69734396393176
-126.6284538619915
91.83772019238171
-33.94091608988324
186.0652742719236
-10.467822651439642
-35.4392304754834
-78.75249920733617
47.00916834977579
-247.89788111641965
93.52302897403086
-61.45751193321442
82.9989567600616
-6.429829683190967
-49.44963108599755
-167.81202559093126
-16.01369190739036
-33.67204921849687
104.34497427881631
-60.648889780863314
349.81835734740116
-215.00421150599362
219.89637509101885
251.8783814167657
-162.86734938401347
234.12277492843273
-82.18823705858459
119.02645918215572
-58.638660319853784
-90.51223217611991
-4.164720714005222
-174.1841463565243
78.99692506954038
-99.08137577861334
12.903123556433647
-87.538795250727
-71.69725597406465
60.401931271851005
19.40279154099096
146.34511379555332
26.15030605469403
273.9379686328859
10.263613416214241
-103.145396746277
61.81361587833764
125.3777210916551
29.858063596072782
259.25630858886683
-105.69065732254626
-136.09011106150234
-106.41395378856532
155.80102943386186
6.288948407001453
-25.67809842725061
41.17447193051218
16.613826151699207
173.89842461505265
155.15414407123822
200.01364708063795
-114.68412151503883
-81.11277549737738
26.48398963523237
69.17440969870194
20.69633072084156
186.66166809329772
-334.1924635912229
102.31016012089125
80.71499601651591
5.50087403033582
-227.90708762116034
-107.63504571519775
25.71786878611991
-114.2221188446993
-107.11216718598132
-270.09133413654126
-65.20897824045345
32.98125316133528
-116.42012442574351
79.31085274668712
-12.54433849585498
-263.6573901430241
68.17830659492046
177.261383575979
119.55767220518523
-113.44702205305165
-88.19223824674529
23.699988557613793
-169.97435808304823
81.00551810860647
57.28587193415273
-49.166936921463765
80.76297557053103
289.5846274824552
120.76233691303187
240.50631970433722
-141.16444285160716
-5.952725580639031
-151.58261206567371
-170.59857903776984
-306.11679329502795
157.594706096035
97.90288788201917
-85.97916224987694
-67.8258708502796
-74.56869420605128
-214.56711739787394
-65.96980387950909
-215.65942414549806
130.23334258162643
-265.80807440913446
136.57016330754482
40.53860330809619
218.9555588580429
218.2895134855959
317.428570619686
159.85985346336423
160.54049981907977
6.730113091778245
-102.01801252473146
173.66747397001282
31.837510178093613
-99.06390118880985
140.66856882577872
68.37451289976772
-163.08650285680764
-50.72736087280919
-238.86996808087184
223.23777803622013
-9.840186067146725
180.5271098500805
-262.5291508510031
20.792430670963327
-217.15528089354876
170.5811926401624
-79.68892369356625
-329.79042665169726
-150.38259072179477
-20.01058770160069
-138.16742458415797
-295.75755257746385
307.32803387489895
147.97691752606602
-239.43753820264
-220.3102780685712
-252.95899891170595
-59.531669220310825
-53.23197854329107
-105.63376244070955
-213.69160747073954
368.6915268192916
-204.4749603310775
205.4638560738409
-67.60302513432718
212.85248018619347
25.766686412902526
-62.41983226707338
-25.1827281463055
8.437123105397522
-45.972207892634195
-208.24351568139045
48.94343180331143
60.975953519024614
-199.90193371352677
122.99281105648797
-110.92622650640551
66.01698863706153
40.52143279610484
218.09244373403362
210.80870257630178
123.18021397578136
-13.249961048003337
-38.199933459014574
109.82694074022747
147.10823484368393
-72.62209316653046
-108.24958761493095
-154.2700786086879
-103.28402954162874
139.6554744499179
157.83950966617763
-26.030248724887457
87.66860518668202
-2.290892023273781
-94.21073301475683
48.13253260113719
-111.40545593555868
-61.49139304666401
102.19837362167885
35.95960380228447
33.025977438108775
-51.82032065458091
43.148136969764316
-112.4776554364032
-258.684809900617
-144.9882817596501
-141.16027143302253
129.86319438932196
-206.0549779172922
92.08521209878101
67.7531429963285
-171.22084561570085
128.33303068171838
-140.84412646118247
-147.31048493109117
69.52929882695732
173.5601222485281
-151.21329646453052
-93.16662211307836
13.554674949261916
158.2640610844716
507.91330194120684
-128.83104486530195
-16.675648581288325
10.072389061466481
-185.74290429242
-179.0179166223224
115.92145217122506
90.40317781654943
-134.3912716277252
-48.21468969814231
-198.9881763312855
115.45829736726584
-48.23855214886483
11.564006948116365
-96.76214485642961
-20.900376662312134
-8.89681864397587
274.81702604948117
124.48616457673718
4.0964726309312836
-59.12950076248798
-65.82757656456117
-215.2277665345468
-13.829369999259024
195.00877874289398
-78.68820293430315
-36.33198122961551
97.3878273376008
-9.636222868410819
-278.08356448372757
82.19983540917222
-42.52202270959743
90.78250717196826
-40.47771511979561
-155.20637409189075
188.05513292474268
7.421787024975421
-79.25425318864662
212.9597859769583
139.44185376773552
-7.75065500872215
139.87290800233072
-37.97210866686547
106.41013726030705
182.95453617922686
-121.70071389357418
-212.94040255527432
-94.7111770132441
56.75745540966066
-94.26817834254699
144.921899289869
-8.406805803086192
-266.55753101540665
135.10157692909925
-46.101472170459814
-64.68338486775293
-16.232059810174793
70.30042114523366
66.78564353043596
116.79633982277709
-155.49254722711288
373.24630951164795
-146.8913781293232
28.519567225447748
-52.52696500588645
-113.94955914241413
15.661556619086896
45.8215822238358
38.80121944169183
33.436727273616405
-17.949558081547842
93.43654806020962
109.00620652370704
75.9473943815359
65.34691048962196
186.06156613336404
214.5070111105884
290.3113961401981
26.82409418214708
-142.99352474281972
-209.07107230088593
16.592215907838
68.05347003300041
314.5611994900328
-49.11526112275304
21.471795052259157
-211.9689653978534
178.93054710750923
-189.29752904185284
433.0021894173778
-6.366021260587762
107.74340611300123
89.80709057925259
118.25450598026
-204.70901193175362
292.42349675054936
10.737612044234579
-97.11333051627025
164.93701822322782
2.5222338410014586
-22.194403802473566
-56.837946532252666
183.52605819863817
114.1184251491209
-17.72095280960106
16.95824187973763
191.986329428821
-95.73967890328109
143.22978007047783
-38.318964208391776
-69.42540243862743
151.97910973388355
-157.597123285478
-116.82485170595955
-159.33040216364995
-2.8638688967479196
152.92249428591813
-72.24405393643443
-311.78647559506453
-117.4285976814416
-5.787643274775723
-17.302067683990632
138.1557558170667
-180.6884042892035
-84.33794566299615
112.06042336021326
-32.33481144535212
96.60011606311329
-155.32826570585357
-74.20995482712793
-187.7799863308345
-205.95951959294948
-57.83193587050604
-22.078605668790267
-22.098558440249505
-229.79540656971056
-31.77459129296804
-332.3402362318828
-169.80008917186265
13.271215597862202
116.27431500590814
258.5123979878452
15.971303248250393
87.3288453505335
73.72413005513907
-361.52574286778923
-69.59279029413129
252.29520071127206
113.80768581427334
68.91263427791051
-113.48101479173759
-134.34536440917557
70.64741248538547
-69.23449186446534
137.33785034772626
-88.45967661638933
74.24673971206082
-189.8344857334641
41.90109644062402
96.73740114784319
36.61845006980513
112.40704097764744
-45.228231845498925
116.85755119394635
-144.02103217462368
24.07719651207672
-21.10026725749682
-24.742804377533698
-167.38026486919458
115.63897257371094
-133.49549333612276
-4.324243282064213
-20.567480499292277
-14.953590614851105
-102.92708687752098
-128.9864058418049
134.30369360993402
-142.16544651481172
-130.978948474917
-10.491526423739927
-48.637986564002695
64.90948535417785
-77.12923913499029
75.5202719362988
158.20732037401115
-98.72472504211751
-57.61193714918287
-444.7652118837533
8.328875611493162
127.82235884091124
-233.08575068984712
7.632623323278244
90.730902335811
-89.27884818519648
24.54813301797971
234.21521343153
-146.641709109803
-16.777898599757762
105.13382206316956
-52.67143094578709
-89.4459074353254
23.142872415218758
48.98007096541986
-133.4035895803814
60.41343368207893
203.88091266222878
56.17748799676528
-0.6941103294331072
275.2271366897113
-52.901652905054064
-58.923266208841525
18.789077806645697
22.935956490498775
-100.83837209193607
-190.23232366646454
159.57855319614663
147.61543700379247
139.31832595423424
205.56527187586656
74.63376928150129
-107.6916871973699
277.782200378931
48.693293106405065
-216.56084631279816
-149.80624152591284
-24.465563497231525
82.33085520856136
-193.1570075143667
-98.16173171723158
-219.83405793614148
29.87691664447238
-52.950813733628145
48.7688782709984
-29.092961369664753
101.32186856150082
-235.4312725566134
-103.36292338766896
-29.018057706198572
-142.55393657140445
-52.64628130582311
149.9494247433069
42.259078178017816
86.00478683297592
