-38.62320301548915
-68.4168302087169
215.05867477131977
-24.31763761726614
-11.48009567727762
-53.76781648169015
-255.81172515882574
89.42848634943003
-81.48869628152222
-99.74225973370382
-124.14595506914847
216.36235811494623
-25.7232370777006
25.24991112636377
-42.96223888205995
-99.55691328584237
57.218693971587875
29.198008815248603
6.806828550337553
100.1282755745869
-150.54334625018268
314.4028112699255
99.50786862662032
-95.40603850270237
-72.33642413392928
147.9756957983899
-27.564851028522195
130.9640223937461
5.368912986657134
6.223296529141853
195.46694550386917
-50.9715819953883
-69.04415331663206
95.80787150262336
152.68669637294974
21.298899206734248
-5.469292147816185
-27.695505792404916
231.30891159690233
169.7929203666957
214.0332713077965
13.180708382730097
-48.818621052792984
33.99111715012818
65.32957798361636
-36.50032131002536
-344.72974747335684
-17.600150117915828
-190.17289093008662
-202.15785952540887
-65.85077418056761
-84.59436416633176
-140.690472603298
-13.887942822952294
242.93625243106234
156.52035402230234
-18.649056178034044
-12.197779129397878
131.1258309932044
124.07061956852978
132.73549162305733
21.618132300054622
109.08923827982288
25.15041171865684
-41.958199585837946
-416.9750908085727
4.586888910218804
-115.81502543675319
-134.64200539269805
3.3887814174712174
-92.40266998486388
-1.1343336021651715
91.88030785948324
23.64719578875004
250.30860409049646
60.31944335188962
-75.89734961083482
-30.90614673727529
-60.74921119354879
28.151661207674604
-104.05524812492929
-179.6575510195302
45.57518838453626
103.22935789895288
109.57211088810843
33.70173668485413
133.60574766742542
82.63669690247697
33.62128671924208
84.30028388785145
159.89933027264908
247.89448889269156
127.71100723430357
-49.515213255451634
258.0704855070505
11.827503575673967
111.92829287365916
-102.82343292139592
187.26288758374383
-172.17172029005565
59.67097325971457
159.2491995483105
-376.1290552906924
-43.98127185591402
96.30470099424657
96.15028779556063
-16.164548566032817
191.01213292465476
-148.56411492553843
108.8160461547133
102.36924616642398
190.18009065744292
-153.45053331690096
22.34300847219402
227.48783953434958
16.761566656187757
105.7979243998836
48.49400898329607
-57.28653677674718
-25.414290383821033
169.69962411549167
-146.50478780539106
48.43471795102414
-69.48231447712946
-95.60631383658293
-126.59763527905393
-33.23642626585207
9.512241904393735
126.51904188480182
-160.75635285144745
-280.023334705108
84.24797555905675
146.50100596469977
-154.01187431457996
27.73748645752512
-27.406488919787304
-134.82020512163226
-34.58263421844599
65.84563843277395
-115.04031221812632
12.47482262462532
132.60856153605405
139.04954070858423
44.04384792373815
-63.23542004285927
-112.48324317969775
133.61060011221812
44.70897641401498
14.760767180686884
171.59504424694498
88.78057990344232
-99.22132142624284
-194.4565371939662
30.993754727672908
-70.32417508795844
174.73209005858146
56.35272360197436
163.13148066214214
-24.024777060955692
0.9598432042248699
-62.54980063940374
-183.2574872493765
138.88679493290954
77.14039041923364
2.397129235585581
-61.98147007099536
187.17232182299858
-31.035499117253824
5.775962461089075
-108.295025203725
-182.79416105518754
11.520481797747923
91.94855509785367
268.45523442159435
47.64590768952147
116.88876688683334
-92.69714045401304
247.59679885838077
-72.36874208521286
-272.8521772465919
-119.3837313130946
-250.54473243861048
-224.25482932836195
-53.89274602544839
19.12160149590219
159.41470176899378
34.382684870981066
-56.6581825027949
69.7072114534941
113.4713982874201
-54.349785730671094
-186.5841174855901
-115.81626664912922
-41.23587233181427
82.01598978406825
161.1088346851763
-46.840477096843436
-249.11486000006084
61.44953518863574
145.5175184099983
82.90082254337841
282.8298696975025
52.88649521323506
10.553562424746575
243.71856157917642
-188.83535426732607
-84.90798696916139
-115.00517937449898
4.048471649360654
-103.14898436862865
81.39848082096584
12.936035292082128
-100.08157425870313
251.4139354344222
52.964535559711265
-17.257013306982635
164.29886375930886
-86.82292562987007
-43.70982798465353
12.935332503012821
-69.8698856258408
-88.32622492946892
193.57065646739136
67.73586690093869
-95.01692374222885
155.92177070555985
-225.19872178781793
-112.62199084373796
-5.498002660908735
-68.72571738669066
186.12879888617985
155.12591580836792
66.43219811627253
16.08342482614397
248.29155811646714
243.48805389246922
17.63415364551537
180.8693745971428
29.12826440053298
-165.2406906066261
66.23684523741323
109.74198997544815
109.74268615623544
70.44162768989088
311.79652207020933
-65.45166975516351
14.038961487266414
-313.6952577309856
163.99607408452653
20.961946959026246
-169.712952359143
49.49803762688642
112.50494144381024
12.698681387668715
-142.56795599376392
45.97433725935833
-104.5339624424013
28.88262601498963
342.25565352440566
108.36428783072495
-29.964085574235252
-223.15977092327105
152.82768722059606
-3.7668384712913245
-34.71062710807933
-55.4993987948297
246.09354078575464
-6.127179671395474
-4.3759796898430805
-191.507502987242
13.515360052493694
233.59188600239062
-212.831704731449
40.10778798622422
9.099580676862931
-53.884109581259466
185.90440692293717
248.78956141118482
29.646709118866585
-130.48827275240194
-18.364105367637038
54.74820830153443
35.61578389645452
141.5392816568162
153.83506246275613
9.586297438529616
-52.571796738215674
150.08102486477122
62.605198364666165
-6.634934015962962
-280.9015529434701
-4.349665956736684
21.961517950673894
-151.01557261499732
-395.50573128891085
224.9098896544336
0.37058567300250256
346.4525344082223
-38.00404898422495
-95.47704531744328
-95.8591294504312
-139.85735400008545
-321.8810211570548
42.744065022141505
-139.54845500234566
4.935430070274555
18.567570949033296
-94.66266226427771
6.141616179827859
181.92402016362178
163.0260165020271
-283.179805566858
175.67230380821917
-54.06469852965391
-148.13249452378992
115.38840137166642
-18.245670948871552
-37.685786160303365
-162.64526157223577
0.2388772597792006
-162.8916624663796
-56.2605589831892
-11.836594018534193
-251.39339965893737
-119.42413658827911
225.33487711310028
-63.36649191597424
21.823911497345865
-14.639792092986186
149.4852022465473
-140.38953908973787
148.4129648553158
41.630413577414096
-150.09729627397317
215.90339226793384
-36.49962822225647
-22.670552149654437
-9.930741617012439
140.01985831339397
0.9928609453261905
-42.464856221035866
8.802710876573297
82.70273413632
-170.1779907714137
-249.9576033601088
75.89678717954801
75.48383414927011
3.7449257150334203
-138.67546363806724
7.531647693760752
201.85211480644372
105.67465174145914
-13.47548103774129
99.23567838938321
149.2503761752072
-117.51063024431014
-32.09477608170785
92.67617830807293
-153.0436830276188
-47.45542149322574
-229.4856323580337
-92.886648945704
183.90465993826064
27.31506768821139
307.953403178156
-102.00594110743494
162.15993136555912
-8.08246854385573
73.79136190232302
-19.968034310576392
-189.7885720877676
-58.24240500485643
-32.37308405332452
-11.698977109273741
-23.255921297391847
109.0127745889082
140.18407434663666
-180.84001676586848
-139.2533043328357
130.09133633068586
-102.74214079543415
-98.1551091245934
4.021577663402754
87.4862874716823
-120.2708122747719
-51.518922073483225
74.22292787601687
411.86460607977403
-118.49486267064619
157.92576978819358
-12.396101682447126
132.14738040732917
-80.77538907123524
-50.30942353740003
219.49866211227663
-106.6841403191506
-1.9438786526550733
-119.43341653902597
-149.7525736717386
189.45104532241237
51.11006428322956
-174.60567248825885
64.9346189686091
-32.59666294513901
168.19522222882952
-40.24769543793876
16.60269465195658
102.67905812497646
-39.8546945036697
-39.407106991455976
-178.56362389515425
2.7702159022670014
7.823103405747369
-11.193404783487159
171.98235200894388
9.407761934602565
121.72710915624327
-229.9612175982908
130.10292485769503
28.894987317854916
-44.31485842398603
93.16382744292966
29.195064402453507
164.83171915846324
0.029649527031232914
-6.250961304799095
46.30450775239155
44.65175892277336
-107.45565107346282
57.721294147084265
17.8188496575203
60.936940443704955
-56.397260281388135
-31.0870531691704
-30.68699889349957
49.60090905034778
55.43067807002275
-52.59885505298062
-52.65740083461031
-184.27522332953126
-288.4259772781297
89.14482055655922
132.8935178720866
47.51862754354226
172.5555736848615
-79.75413910580093
-99.34401689365977
-143.22064862716752
-127.72731647306607
131.28879160288062
-183.74576392764914
-138.0684889783635
18.5052724518548
94.2613967825261
61.89224196832161
243.05925251495555
-27.472326174420587
-98.51396054905521
227.56483919223766
60.061124516040586
143.35175418221309
-100.34315486129974
-170.64004909411915
79.93775037517543
16.63579060853628
36.075683548692886
25.490983513126004
-175.0781531466002
81.15892732303
209.96462109678842
-129.34568623793933
-230.0144402579442
-35.661998200175454
-205.44530724718842
-173.2259959351506
52.56879051436308
122.77112749907982
110.19906962810701
-120.9464876131752
-114.48986002241288
-24.409972307458844
-13.060065535296307
-216.24220893304525
169.81605972958442
84.76506036560409
173.90229578367297
-152.1917440967583
211.81807674189176
189.0527164567095
-24.69152130468872
188.48664384741048
144.19893236865093
-309.15841174247987
-152.55388088061773
-21.20233071841529
116.50399945811972
69.2378018113883
434.42346181073697
23.15317769100374
122.77893554498196
91.14760198206095
-34.20715510791695
-178.3256260240804
-3.469853502951698
228.6689335937207
-117.24284881395518
303.33452749768446
125.78005038128532
338.7990283235083
71.31585376509831
-64.23910607892695
-39.110200485614435
-50.58796750596143
8.691354481941456
-116.44057676151668
-248.77950905028672
-159.2112304237016
-293.0256325673208
46.74273256864394
34.54196213914799
-150.86712747416146
219.24746480405477
163.84071181402186
112.69547139340197
-58.2603798290116
98.55624210953269
16.128171814522528
-15.016667871907686
-67.14611395910059
217.7804810237033
46.875415341228035
-198.77799501940368
217.12449788050907
-117.01348961067562
71.63603581023078
196.19590589598099
-45.698821460049885
-81.94200206675802
210.75666855702994
-1.7522026459808382
81.18087111714351
69.47116513974234
-29.453267582470545
123.51136602086487
-70.53124565137892
278.1882137205887
-89.63951769743038
262.53678719643824
155.5776729881408
99.69922410359446
212.79754033619741
168.9837077937341
37.85501375928038
213.72087373723784
-171.4506526602515
-13.33745099307611
343.83285675502844
-113.42555120151859
250.3843152710849
30.952136554240756
402.50630787399604
136.59390324843704
60.941136068717725
-17.515430885383388
229.0567231631717
10.789576086901032
179.78362798721375
-102.92006068254479
155.48705414818596
-66.34934368430586
-179.29353978633355
247.44556020135735
141.80900786440532
130.1598589961785
86.44028626470777
-357.97937160128185
-181.558726694299
-5.818399232935323
8.530202009702547
-156.19319321085396
82.45639132308598
31.500103374940018
-183.67342133762654
194.03018527362636
12.836069337090404
144.99352017826263
68.42719049167887
-132.33384954708768
217.09983530405165
-102.53614073928807
-32.68534359180696
-7.82157252170954
246.01128450501443
17.84279111471065
87.27919212381835
-171.88984405874564
91.908127000973
61.96056469698677
23.95835070316623
-138.89918792203983
-291.8443950799447
223.86213933109593
-131.85283177626675
-206.97547648308347
-139.26472409779274
-22.185023371327798
78.43434209886514
242.0962623617241
35.04577672672444
39.52084386998797
10.21451245574768
9.679468384835511
199.2654452936133
-71.47182184471622
154.37358527395727
73.34002680552153
-16.003343011345674
9.826906810843301
7.451873224200333
-86.78760845958531
31.56786489195244
-27.331044142349494
92.13195356095012
23.039742562965877
73.47971727300634
-2.2646511696029914
11.118243718040832
98.25561134009472
-185.8876035877778
32.48744587789167
138.0532204910837
-63.23404988517493
162.14987406702252
-150.69043992873497
-38.545035787621266
-1.5912120402312877
-158.7263682184006
31.969846978472468
95.92238269654757
-114.62485060331034
61.482317581754444
18.64918473554
-319.66143733838544
128.67197586431715
78.4686554599408
-5.442019138364644
-89.18910126292293
-94.66635464293931
-126.73092841383372
85.38767939782649
274.68867175897907
248.16920960867182
111.03197658698734
-265.43410266648067
40.67323072202337
-97.45165790163854
-104.8111216098406
211.59705901113088
125.89455524363538
-137.22547777986563
-295.01544102941745
-92.8206047445151
-73.3352850188063
-41.419048649495956
335.31876188249856
115.0173960386789
-56.52864193095533
144.6621805079721
157.08020139599125
231.07755948208074
204.82606906029284
-58.511809568769145
-33.60401542219804
16.442775836559733
-234.4632200462623
-19.5848226878988
-1.2847505613461485
205.6514752191037
-119.63375148502745
-41.21818067223518
8.135436019700503
-74.22179388508464
-356.9496902575648
-243.10687765126454
-123.31235718649968
333.5236001202407
43.44193619242231
81.05397440049339
5.398562603772479
-200.16964779356059
-46.81824674710143
-77.90692642888986
-71.38000551266997
168.3096480676526
-255.4437059400702
-111.3089236170819
-174.64435019950324
-49.39702090630568
-44.2284236698741
-151.84890838166743
33.34921756209795
-22.446733031671023
28.559916643436853
-191.36507570262128
114.44158132261613
-283.1089297051183
58.706566340972074
-103.95651713518875
-103.4210103338682
16.551250593364706
-133.35136348061928
-194.23440983479364
-116.92466795494337
-292.4468144707543
53.53769344800863
-102.90934301522356
-69.94195064336878
-288.06579271539204
-75.46157019243795
-151.5188241367084
283.1044438565788
171.4885013107211
-109.46738780780598
48.35990003965713
97.85981161010062
28.05887385278096
340.4037779989057
-11.404318234341766
65.43019345088565
58.139825331953105
-177.64954198382583
-133.0690986974075
-188.8544857725045
24.727405334240565
-70.92360608997315
-37.515540043713735
11.068006664546676
-152.1370677315366
-45.36226215227302
130.38964620070325
-109.08338607787005
109.72399533106297
200.19212402641128
-188.27329901033394
183.4949837156801
47.36778950389894
-145.8869238486869
12.503331374044317
124.13116431144935
73.7817990368739
-44.70464906374972
131.34089611706267
-82.22786591935227
44.398978706236335
17.453687834675247
277.2177791258446
102.07281321522797
197.52231407797274
40.26284283862803
20.7875104319423
44.358415438498
-182.95873680924146
-131.69720987896645
-238.96167634512776
-82.74099838760344
167.76056193725583
75.17622322499483
53.776454670836195
73.51226509821593
230.49868536045713
-40.875775329614854
-128.10520756088852
-31.66277064218844
5.096414497398568
-40.565771518297666
-196.06372870089575
48.87135745085256
-183.34689021410614
-25.908949155279537
157.33923684448786
7.593371855459647
36.30262488331616
244.19143253466652
-288.74690132855415
158.22107343899074
-18.875266522764285
87.57361951759493
59.60473325842544
64.87730711878208
-130.04691352455978
-87.08506393691701
-118.99283443848198
-98.9769183489868
55.73888612056856
79.6412856971487
-101.2382398731852
86.51893961651741
-39.374583143004244
-65.99251206680651
-149.4526931120504
-23.56059922484673
203.4261710930548
-11.632382019419135
27.31324445097195
-313.33517102442806
100.31485862749899
-44.72096041032563
-39.93959850542406
-5.066384285078523
-207.24768092761408
84.44405056898056
101.58982237614792
56.21090720340722
113.88220185952433
-49.25285491954904
0.9596303185874913
-92.78782932636967
26.449352668625256
-91.96044196293663
-155.39595270231004
95.86467025043706
-161.86166719131012
-54.781370302533574
13.52059226606545
-74.67002963080104
226.48618906431153
4.4573058718263345
146.62004639099348
-141.77373995590753
-73.18460690616213
63.7578335592667
-16.786971769503776
-55.67152004823651
51.42259658747679
-114.653445581003
4.949180982096379
-19.674018350184298
35.97439355289953
-248.81700272247764
-92.12438151692287
-41.65188226608017
-98.34950517778395
-17.72571377853622
128.13637803651446
0.9933120871654939
9.420259742653062
-8.186625149305343
-1.633241513329361
-95.90710496576504
-140.27939570761694
74.13986130545153
238.4241124384994
244.12245053189304
-227.6264174624835
-124.79914464912667
43.43603966429462
-57.03631231949098
156.50303708655275
38.39063535137489
-87.48113824382511
95.35674523364912
-5.525107243643605
-206.17434428983773
-80.26899349398877
9.008455018169915
-156.18417783288248
-135.31974119228752
28.23840889401918
-163.08841312263095
-41.606910547732106
-4.69929771568931
-68.83660022416538
-30.122877570731337
170.317508597989
-49.24142185402866
-223.24780938271783
23.490033734231297
54.447326319035454
73.21137239598207
180.69712802420585
186.64346595219834
35.352791764001935
-78.03469261783297
-20.65415017870705
-157.1328185087335
49.896152962672225
214.03119841500157
-98.06831638016735
306.6833021379808
-95.87781949353439
-132.3145204799641
190.1850014648205
82.45192245637217
37.459882935951875
-63.094788996240744
132.22441067473784
-128.4091771456704
3.763288910210732
78.78311791422223
35.25714031055106
129.77327134051066
17.553156922518784
-48.90416447905595
77.02548356121746
-96.86078352834895
-159.9120614141311
152.35478073912319
15.489384180764887
-286.13588939886534
256.05178997702774
229.69979655169132
205.38562577368194
48.2830071111872
30.662045110437614
-56.93252535404184
42.54609313643564
28.484320887505106
-15.43634301543707
146.90499785218248
128.46111851441051
153.4099957874513
273.3743070179994
-222.50117285037183
-20.655101070245443
56.31492974091678
-49.847658479975344
75.07482482139282
-101.26649508900134
36.58589989125194
-144.7272399760928
-68.41957706101422
-63.222507315731946
-95.18785510330304
-126.91399074515907
197.29578225367334
-22.305275696776533
46.701685580238106
24.173851207285704
-146.08995150563172
81.80125254078429
12.194088250932666
6.1180581234977796
-63.47909740060324
41.43271079021573
-45.66017136658264
-1.548203637739081
148.8640669757528
185.6337190517333
2.078114197065421
-85.41335990831374
44.582284748219564
94.97137622872496
265.18403281540895
-18.63063288591218
51.31567567449139
-114.98591936357495
-159.42363270259736
133.74708671880055
-35.2152721000975
-99.19814500186511
-105.77576461584016
88.84800767912365
-56.48320801056461
-142.92797231237012
15.08257267343849
-47.83472909423058
-134.83398101632756
116.24462943816945
-122.40578850396075
-135.83777297621583
-186.7578851657058
-216.40159007443944
-140.76262366847723
-21.437085883028995
59.319746947646145
-159.4040254069006
-102.4677724848295
54.7087640801156
55.52681066186743
269.67561799075645
-139.0875595730411
92.67217810580118
249.30693840657986
-109.72201678616162
-10.033877591315624
-153.3792991512473
135.86266698241377
-40.04100349084118
165.71224236889148
196.0780662322083
37.67995500944324
-7.300410462614618
-26.93317220153491
160.8044523761522
323.9886622988951
-179.42782982122745
165.31569539570233
110.52558498719219
103.13396061511119
60.27383788183192
