110.82055932800816
173.37689731330843
-39.942300006927155
109.6118440341796
-197.27091731785455
-223.22659062328876
-71.05341057821208
92.52173988733254
69.52806437597147
-14.82324072818378
58.92362969308033
-179.98676438427495
8.986363508597572
-240.9415466007505
-110.56348750559934
-141.35578500152542
-148.75021184718514
-130.29798778134247
-80.41006880597038
-181.15340511787824
-104.40605180285353
166.1237777834653
23.62784246136515
-93.2674042634691
75.19833182137376
0.7127628252450815
-30.93690019355699
31.982988592267073
174.9251225629571
166.23512611989952
8.19052375678918
134.19050986178613
-110.66304270335785
-122.92596666710033
14.046954749106318
-76.04554339685849
-135.1478307016535
228.41112094541865
39.69002851959231
-59.83415171555472
-1.4203823740472534
-45.92256559702178
17.3807641533231
-206.81671383144294
-67.8714424906753
-149.63556200401607
-34.53678828212711
-253.1289841059013
-108.20563578022234
37.46154963049161
-183.11095828390833
-73.49602313579389
-71.33663461875628
-218.06477815300357
-130.97311971348248
-93.17007085621869
-68.56954100864421
-3.649928601124504
-152.94928862481925
51.85901151430275
-35.36501681820815
27.96619629338516
-34.35719889697834
-40.23101806203553
-173.31265925558992
-17.68590661773677
-10.01866470533644
-108.71797183460939
33.93378994482262
-67.17544356469287
83.97817401209753
-208.5434857201154
-108.35839553118825
21.385861604652522
160.2546610678983
26.736841716767927
139.97665612400866
-93.45684621368049
23.844630078824675
50.43874581564119
50.04959743441472
233.12148903424978
67.72110835879155
23.977949395500875
-0.8670351624794004
53.37160266010023
-76.06371464473463
-101.82643039543902
-59.832379969640726
130.2656046553565
49.20295260593775
21.738899701778436
-39.732950229229814
-227.85998816275725
18.01735375807956
-1.8309783005357496
-133.3496381286856
-35.37990692198517
-11.905854577517204
-287.3022897296503
164.34664896476758
2.8795632426898043
-39.67373327910033
212.39172782224688
17.64935585589067
276.61383691728236
81.88145444016214
206.12280468378836
170.28234663384015
-11.462982969435245
-71.24208763411458
-192.29720492474527
-137.71592421454505
87.91047301650622
117.70553078535545
10.99080378738337
-153.81011937342933
-102.3230119510188
304.92873823165326
-167.41408454307697
106.06297496877136
-40.58308365935451
167.36173479899026
187.54024699240378
-60.143432883079186
-251.69485135842734
51.50514479087883
91.60493335835457
-121.78508827031595
28.60489526214954
57.28844906767768
-103.38391741860279
111.35501023681455
-229.04045111123932
4.648147913452814
64.14934861784515
-58.273778417747046
-190.33112664062224
-26.20770311832939
35.39424139648428
7.544213345117827
-167.12907032193107
-31.592656225777667
-7.014029336330936
-2.298234420063274
-92.61795912171425
-126.88265868018118
-174.57172790523214
-97.20403518447715
-249.18721372636966
96.2402488769574
134.27233707648944
191.13949846868383
-130.13194399209084
71.93455554405709
-89.312617795286
173.00169569332533
-27.939943191524186
16.99688062777031
40.99792884048371
107.63710606365073
-121.43157535633141
112.45725414260453
-64.3150015107026
126.99602516272117
-22.385035438459386
-156.35622681749868
66.98332799657
72.79941930958044
40.72240245637498
-127.58205792155783
-98.73177710181142
2.8460981165439767
267.6878608380794
-106.45710552047154
50.48595853863596
58.0114463888182
64.94136905361076
-213.33840416236973
-375.2647890721808
179.51669458252692
-342.3621490889774
111.16817484480084
-94.98066672971434
150.3111328424942
100.62770860975708
-43.186846371308135
-141.42366893762252
-9.287003664099501
43.549770709765745
252.15889357297112
-94.39341752623601
64.6357471711124
114.0829422426017
126.76542861612995
25.461276599310963
13.274587278782425
-3.580012575929707
-202.1857879765184
244.1545706585253
-24.26699842907574
269.91219418794327
8.938392028264209
-107.6988788803936
99.69658107915522
255.05014193405555
-172.28223207102167
-10.0348580824514
178.7829582803389
46.497467994439106
-42.48958588800152
65.84336241310336
484.73168061234105
309.02651551576173
-71.29489481938536
199.76175536161165
193.14773129483893
-5.1209254732087865
-29.82666336291859
-48.84616499833464
14.272565059650983
57.45587195278008
28.974233863911696
-102.55359813086979
221.27038252928162
-4.69879287245478
46.06355440286991
-66.11860885467607
-173.22293612103968
36.78851240529907
-45.83388597503679
-157.3773717678648
226.22578218062313
-106.66016197562986
30.97009789765914
-110.50868700230542
87.8654416572696
46.53482441471623
-198.2145583892073
-117.64105089845255
-55.51396167952154
-61.91991847438919
-68.31297771148458
-13.383407914252862
44.36217433545564
206.8840233556756
-49.222055206073286
158.6617185240249
-282.4614192338898
-107.94997331959557
-239.53983438244367
106.3638849264215
-230.64129964302796
77.8927147109714
11.255834506595802
110.57651045674355
154.6504932089245
190.77584357244547
8.253478570033167
-85.6389112286198
4.078300007599233
-27.039483970627415
121.15963324941723
-12.398224178052482
-182.83588185388572
-157.63931543054213
-263.2660110379225
-114.13655279132146
-62.703149898156255
80.53636352514083
247.8422517712018
12.843304516453598
-49.4443234737524
-12.118829286993623
-289.8462845590757
-134.96505263762725
101.27124609579307
111.68824786332843
52.48563554624787
14.484879936892856
344.8861836924845
-157.1879502852155
149.04659736861848
49.21175889348528
-120.79594027987864
38.81266460633675
37.05129796639627
-44.89360625550645
206.21124472308938
124.96165260919234
-94.43100791708953
193.26453249037417
-51.162978269692246
13.8890692961328
-154.5571721465596
91.31792438156906
-320.8587981826079
156.011256603526
18.780097302578536
-196.01916790480982
135.4293316889845
-68.89405303642724
-200.662232854412
-83.41777040724811
174.90618600899415
-14.916538714966672
-21.491903847301714
-82.74597913165242
69.51482790200397
-134.24483515790368
85.19729003745482
-321.96215476105505
73.56712272350343
-18.973534609271358
-6.401978653281895
-149.85398685673556
-231.3902720495532
-71.69855856237812
90.42389953364675
-36.2709822682532
55.804996824414
-330.71496400096
-65.63587925043765
-0.6795057245286462
143.35871869580762
243.60633332607406
18.144193222788957
-62.17592232734934
-84.91910238722033
-144.59270225578896
-113.46437551903878
-150.86724355931827
12.309837410963311
33.49488243540245
15.239548211734892
98.26415790025054
-5.092777879965324
156.46977576608012
-47.93444649208985
140.89766149701222
-86.99037061209596
88.34978547477687
-55.24210490822835
39.144962604841524
-202.39658885593792
13.017252702586372
-181.1824675309813
95.19466293916238
57.995482161882265
-117.25557493078108
-87.50975933374129
289.03639092243793
282.85096964521006
-43.85813954488487
333.5365421728642
-36.78805345013976
-271.12902531100724
185.3435803317883
71.77914263912221
-57.81056739659075
-213.00510758447092
-152.66278363840829
84.73463649507342
-123.31643727503975
-39.41287864204151
-58.93694640547054
187.96888512162127
-79.88744481232747
145.8015548385883
138.9112351207176
57.30058385345954
-66.35505657758569
-1.944433316556331
65.51695459994234
45.826085145205504
121.40202329091834
-130.72610559854033
16.660772772555433
130.5642978525233
231.7492135147558
-32.70840875272391
-136.03892458707483
-2.877008260790305
276.15614871839625
305.2929194906567
216.77153625677923
59.89363527756318
-161.64528465062784
-35.9513129469945
62.780758840244665
-23.534774417004932
-6.624983693540996
-20.08589333979831
167.75184121310966
243.12733731363204
-70.52251343815506
-97.06268841544906
268.8044744497447
-93.94230857799026
-99.6977753739268
2.3411570542226907
28.23063827754847
23.09555144915397
-39.466276490497
78.91288683060768
20.48729058633405
127.46853713950522
73.99722756723622
304.1126576433991
-96.55154461009525
40.11005615737467
153.13685756555117
86.96073390471254
70.25245994190544
126.04111523247337
-98.00196724690507
227.35245298309567
38.102067858981144
110.29206778435042
-193.8010671142445
-135.8022681912259
-31.147643584935295
112.17321631633624
-40.48331991466656
187.4629123127799
-43.08007540501797
166.49025335572037
-108.85609357510296
-5.389714777579213
17.89299792129187
-72.46850686368589
-178.10340500954248
-8.68669378809738
-71.39156557669895
1.3843913449760958
132.6299194593967
105.91300239785099
-52.16055009549768
92.02275268449868
42.73622864449508
275.64756740687767
-63.312975789674525
-23.209585278575403
-231.10730352235535
20.673786731972985
-117.88831928146472
-127.20326043204783
-118.01728423122333
-18.77480409823303
5.927373349274411
193.38395741202663
-146.85529677477342
-120.83463158630502
19.94703918769371
30.03297657846681
-120.54011888802194
125.97471408081034
117.42299812907167
150.53282026152996
-87.52473275872265
181.49419257888215
-85.03345204245102
-181.08004114071883
-67.49098195937904
-159.89031586315798
-40.285185291023076
-148.19777995960536
-54.14704694042669
-180.6866516130081
96.65948270979275
-16.532263007113304
214.70684720804078
87.55066390628241
-143.89015506282016
-35.98675825290853
-149.86779438093708
-14.450698956624114
134.51248458774202
-159.22982262458936
-89.9296244034628
-179.09445715305085
20.247843529667517
-252.45564202738421
17.249152927659456
-60.68287982097758
19.44472794127071
17.0561487050165
4.193382981442346
85.66912314046692
273.9588964581727
67.3852420604854
348.10333624000293
84.18920111878035
-72.8106624562524
-73.08599373746289
228.0860481486747
-186.2314397903615
-9.14426893340427
166.542562467454
-110.29037005698498
209.07589103116447
-119.87531543377067
54.61468486081519
-59.16914318102934
-9.534962306266923
-152.23463372355775
-122.04295783206192
16.107975285785457
-129.1302806688788
-50.42217084228261
-73.33994989150074
184.25387115287364
0.737219184302458
43.6791244578754
23.60594207648082
237.90278331050945
-89.13522707313835
-64.18699437720879
-164.65370072571503
-125.15562959794677
-130.1693211905186
14.572254713902513
44.227836025433575
-38.47978949916478
72.13888406615627
60.64150621938399
-11.116655324264935
185.93458515199714
235.00375110562396
83.38607180087085
64.19991380679706
30.728102567115574
-48.0787865021674
243.18008293728357
-123.101871876313
-7.843011526876012
119.48829671704787
421.6649128643671
170.35300749392826
-11.15306431306242
8.14699302425106
26.9549545327435
108.35173308387809
-36.09233088785924
45.40588746931434
-217.3524776308955
-71.74485521203945
34.032252027740576
213.04265808263125
67.96987876682665
-124.53598716824592
128.9304665364783
136.63875893029578
110.72588081609794
-16.465512076075864
46.7372945273428
-229.2130221105645
-216.7691581058335
-27.946218387852756
-110.9458433461251
-17.30925234375722
-130.07442041142295
-155.71507734229775
132.47779984378462
-35.301170833936396
291.21230931773414
3.2575151508185476
-9.007500472618881
125.14513674835155
12.820063120805903
147.79965410169962
85.75449731659576
251.0558569969195
66.96415882212993
192.52902762603048
-105.10267120111213
-36.522523358705705
97.63739541548406
134.06636240288253
4.933253435400814
131.87414749831512
-21.05129801864706
98.30205441515761
-128.2363752255942
131.164015365221
85.64027958033007
-123.07262682530506
-162.1007707615264
190.51907677727291
6.938033575341889
125.37161432921015
-188.2258574069193
196.25127756413792
159.87361850191334
-48.126797857302606
58.04312599457928
-16.150697742970987
256.2775855277694
-67.68794414526954
-53.282008915201864
131.10475279826224
13.17495574522447
-193.24768506366934
-68.52621269257837
152.86933111833594
-97.157135910399
4.221874897671423
-167.18975466296288
-28.62179089653795
9.36971479256536
-123.65479271721613
46.08909076987602
105.17020365629331
-223.17158201155104
-90.58827751284902
222.60995725810028
323.77734667545207
154.35717030948408
90.83626203614071
65.78940139742562
-45.67720713490071
62.32129169545048
80.32652975558614
-27.35378932329316
-3.5707828860282795
-280.7141476048314
120.73951445400647
-156.54234349240224
-56.620985125492446
97.06083406826765
32.647262419657345
-150.3676445909697
226.63650879838426
220.30000838625017
-62.818683609653824
-87.86751564194573
-163.34394680965087
-132.35578397068045
250.95985240269127
161.31475461707754
100.31470881020984
143.00121850171038
-287.71777228011587
193.45328699883856
-79.56585309696636
-171.60537572389387
143.04434223375154
-174.5586432309014
295.0286655574823
251.2651658127146
-36.20968910670318
-107.31163630135877
32.41385271148953
-146.6588826786726
80.46343239704315
85.87296481602642
-32.881142514014144
56.819678781898126
163.46537200848357
-100.82895666687251
245.96275994060574
35.11537098843883
98.15568105330594
53.49922619317956
-122.2881899102857
-144.01464347301217
29.209933315498688
-11.991443998591423
-0.14902646496077543
-51.8221055415049
-159.5664359611981
347.1518986778057
-149.0159091159907
38.88400406039164
23.9810297937044
17.304596685097835
79.35541327382408
-152.70775172322078
-20.742516383046024
-40.29883699795961
121.43412896242464
127.18531055377701
-53.80747974744544
33.493821121404295
-66.83769312949536
133.24357569245208
-115.16277984202932
84.45018884298851
46.92400362462403
-123.74502283420033
191.2063826718447
-92.36505636551642
-28.35288247640611
-73.0974795923072
-109.43880571184923
199.17491055009114
-41.39519948168619
109.28694866859222
-13.667505969950406
107.41709860106137
258.5950360105043
202.39440525655715
0.721436778429083
247.5692630509927
310.75430125185846
-39.85306855522539
-51.65119813413034
-32.0906694401694
126.96337802242962
80.38443020158518
125.14983901358269
130.60910068374056
-76.42006318285235
-127.52264862704206
-101.13897491231343
18.018373837053893
-74.19214772770422
12.295595404564594
-75.58880821740361
46.61808426946823
-190.82564214136363
150.71604171195247
196.00577906234258
-59.267815466592424
136.18585054105347
-147.45201914480296
-127.53768948298178
-59.920248113361275
41.96439572346186
59.15864756881324
-103.80309716585681
-39.55882099406954
-147.96378892676506
216.16767363763
-86.60466006505258
7.907895088581158
59.32480103736992
104.84952463332311
88.93375447426436
102.68380616399172
-73.48624381132265
-192.13206308687813
-84.30435481859007
199.1093263347378
35.923032984354
174.2548265071681
-53.239567656446766
-249.1461919044363
-39.74094748689333
-72.81696263588198
33.57779175165639
7.030471822849298
-64.38131504871947
-67.30815094592408
-97.45609370827857
135.80314775149324
346.4038853590302
32.48478124897143
187.37775284564975
-44.39348148978083
-77.29522910802177
-17.951568783802752
-383.59202545177885
-181.19395682958995
1.8687849267363954
-303.9336896983426
236.95870775491284
17.717908315320457
-203.0469253876237
43.86171439954154
-139.2117291930468
-106.34546813004465
-207.19743057316109
-83.47984386185996
259.77867061690444
-201.6069451034264
-173.97926842064277
-9.698365930030521
-110.21010592731183
155.27304008304813
-7.945456117654128
171.39304127731415
-251.05045652795832
12.40400554372541
184.578196313691
-311.07040200791107
217.79067919375953
56.37125464891393
-115.8910274278211
49.0816842063627
-120.18106402948546
36.96352357615445
-270.29759134885484
30.10873302636682
-102.96130062753146
66.9954379827185
-102.38841119621156
-44.41470703924541
-101.06370394191266
-1.1940630549608984
-147.98854407675202
20.30860749746635
-124.35672865226756
136.31987239796572
47.88981405717811
-7.477825989633165
195.27350757913277
88.81224461358673
105.79662047586336
124.9857009369559
-38.25321958368753
95.0137356631443
-81.4783489559232
194.07183973088445
-94.35551282329227
-136.30443764834962
-92.23745545770034
-249.76977037251797
-306.83565276362265
75.02565049724048
161.5949748240979
-203.1585156178761
-247.16997014634856
-173.30878516761132
32.574159761255494
283.8666570751774
-137.1491060018308
135.45440611391177
34.0741516965898
-36.29317022284612
83.59004354236743
213.50500481840874
-402.3770123767209
-29.835065837727722
62.900857492579384
1.7110941086227898
-67.26604719521556
121.56575635147924
-130.85119521503296
78.08981180080792
60.31768706906304
9.130157787754742
129.3385490795304
-85.0819259276321
-35.60879067759029
-102.26183708285437
37.45384084661863
100.81616142926721
176.44904417921367
-175.33742690431495
-120.12290136041537
3.0857023893127726
-45.357053512706784
-83.16865585178877
-239.25129162758276
35.41507988010216
-270.6071247542626
32.631217993516486
208.23585036405942
-112.50139308558457
-64.35364233070857
-272.91058185187615
-33.687583158750044
22.801182429350682
-171.9285115482471
15.681427500576353
-202.83013016159904
-207.84578134360666
-144.6804561924889
-202.6255898869623
-115.75630457281295
-145.21844470796586
-137.29408227516217
-116.6244852416278
-122.20109086909532
72.95426770732352
-172.8390141282448
97.52189295680668
-79.91416161928741
-74.2090727275709
112.23924800689072
33.06896451659125
114.07538477149652
-137.45970920208526
107.51315746644451
-62.255107395272226
-26.484576657668214
48.544880557891446
-14.317804975373024
-65.48780894510003
86.95818266468021
-210.89751734824753
16.654081450896513
-73.67272910992857
-86.20943650172957
-149.74290850811198
103.13578616980502
-26.003637659394258
-170.5082541551418
24.064752777033707
-157.1703012838227
-205.6879708749559
-205.41879337517696
140.65627237866036
-321.5379380710692
-157.50129358888836
-103.65014637642949
46.985749208768524
91.3303315593054
-235.30085805947675
378.3511477578351
70.68488109528255
50.36807750299299
-133.41447203470133
11.794510930643769
46.00589987590575
17.585279031063713
-314.87034081519647
-148.82569426354723
-253.08247762887518
-327.13889518561035
-125.96269550357468
-87.13808278434362
115.85071114652492
20.323206245521853
1.5897931135783567
55.36175560250016
-134.58259812655007
135.04224539548605
88.83829974954419
63.732347922864314
16.270420789643747
-41.553549890921666
-41.559800175514255
-33.39655946227189
-152.6443664842298
-27.217324729293345
-120.70978745004885
-178.07344896572263
-114.47827782208745
-247.36578366763607
36.5840422792168
-14.002186508338784
50.2739382789476
-286.39652630132025
-53.537730528892375
65.21972751930006
185.6392655292883
124.6128076759532
104.23117414636981
-21.88636859840041
76.03685706108237
244.9002200435521
126.83928897101646
62.03382697058507
175.793605697967
-83.30899345776
103.56110257723607
-71.09651132029097
49.58578936159358
9.972494035889838
-209.7102097346439
148.06747435935787
-54.7600071457723
12.995610827920654
-50.236997040969186
-175.1251585966913
190.22106130917845
22.387812281407477
15.4925796047637
-32.794898797689484
36.64242241694228
11.73184196778349
-311.6336340591942
-41.039220031356294
-38.422731153678434
1.157114691879917
181.58396376704687
69.29115570285352
-24.731959521697675
240.9720324500894
-72.6202520425629
-170.7081816739747
-57.61282851742586
-214.9733156973684
-138.45957709532132
88.77682819053352
102.86112706788639
138.47859886094668
-203.29228499295343
11.767326962983304
-55.85184442211589
-214.24433693834598
116.78326705829421
31.430550225571416
23.844680466960597
74.18012510557693
349.9240628715871
-125.05445354758817
-26.78828918881064
