-189.1891762099324
147.51737906051625
34.49069739914512
-26.95045121969853
36.030506644377496
48.379814151981876
36.511241904805
-0.3122886029349621
22.596313108522025
-190.1396887075835
9.847101015189308
48.456887892831716
-65.2823091369304
197.91264225984892
11.104762850226566
-45.591787161347426
107.7535012708928
-111.78086873366263
-304.7939321737269
84.59923215687157
32.73533138756042
150.8999869633893
-33.63319092191212
-24.178976522063913
45.10526755048858
-31.476845712539276
43.45684261051376
-79.84306851777393
159.31679297504078
-104.15197052640461
-97.87946047512624
-162.25764368137507
194.35766723654783
-132.17329621959695
-49.399045101224814
-113.20130903534195
74.99346978462032
-257.85706742834094
62.73496318784416
-131.22760704808218
140.03992528498938
-109.29151189084351
-127.31397172482467
-114.81079075708487
-46.42045872306489
-3.1621608344911025
22.82561589140591
-210.85541824435435
141.16276007224022
-130.8415160342478
-131.39512327808328
32.96430780030631
70.71042430099268
112.82876615551965
-5.496209801597725
-55.47055325058259
-160.704714257242
-28.898638357465053
153.6884428278737
-92.19118897597025
119.5495448495321
-56.65365919568197
24.57497285761311
-2.225545649417816
123.94726784508049
-39.39236805597351
-184.5302377537111
61.708009793859055
-48.259821089844294
9.583183010968634
-18.405812296080637
-142.76314000200267
-15.632185755746976
-160.05361720317015
28.67142153248356
79.51029118157813
-64.4572154396348
98.6391278500113
-37.27551399578398
-12.843253749122828
-81.35877770909266
-6.415328295467003
111.04469602605332
85.5024912221551
-21.627910400589368
11.189603377132427
9.9660195841031
160.37014967701305
103.7834987479764
-279.9065593989442
41.920104617746034
-171.5430324741274
-3.020351158463657
-153.75274681274524
25.720225855921083
-11.85433379639452
48.38180211808256
-32.28562009188063
61.36210225145743
-121.75450288080575
357.5660388444003
-310.7257804088774
-126.68486663698766
-8.368264801643178
-22.79145384286542
-124.28956496154983
20.61833116562038
-25.80390842395712
-119.85807720325269
176.16481018037956
-68.05078170020303
-106.9740451629266
153.42360345571737
-21.822082055771396
-41.444966549511605
-63.61162175241242
-50.897233998929224
-13.665151397876638
16.133164096044318
-13.600121493761765
112.6553185059315
104.19921370405012
92.35310662392978
74.01005239870689
-300.773852016105
-242.88346956086608
-107.23669228712053
200.772541016349
133.3659781853819
-92.71800292312463
-67.18104351857262
-67.39746390206187
102.40703203636859
47.580522770735215
104.52891323299359
-5.371783470718815
-252.23565306512452
-56.6252340494014
-196.06890948134108
-76.94119336134092
-134.36353699265956
43.15501314353642
68.06526636671005
212.9138345496151
98.15978126951268
48.005793789070054
98.19311067579456
47.18219246805749
66.88168798707696
313.1126996311422
36.665647835352495
-95.26506620523429
181.32090707842067
56.496395525513115
81.62746521565589
138.8145362149029
37.55475666029918
106.3688225336585
-208.70233726604243
122.82621007358652
90.43890309565394
35.62378199779635
11.042690780076612
53.5436100073811
66.54652125747798
191.35251060083584
-153.6650289184889
-210.9622669761621
-83.46966030976213
-157.8465408460359
-32.918676544592934
-190.76967303853624
106.0751595856784
-115.03543577160276
-2.6438789690182567
-131.69384377829334
116.76559917912265
4.55509907827521
-19.12994362268541
-26.63206832178711
88.50567913210925
64.37159997170099
-59.0007786942697
-78.5779674087704
39.266305620757116
219.82841478309072
126.98870084774813
146.80352498657496
97.28731973700266
-243.94387431041605
-117.87393964490002
88.10313493715064
5.627256157860353
-174.42425010280957
150.00149775359392
156.68962677560842
-61.283806075893274
186.0567159714005
-171.81241961124414
-32.62153883447655
-120.37111402005323
-49.415306774527366
-246.09422887450742
-197.1859960982843
-149.93991894341687
26.401466838933647
-114.27366192976473
250.30393358954038
-57.849769956871874
214.15527365022638
-23.80511954118167
-23.190381844649284
52.3438687036686
78.08276704875114
267.198198632954
-35.140330233618045
-3.4446037166962507
-105.27185735464171
-193.11564208926808
-35.108695468324086
143.64043461704227
76.67325407246261
-31.28240755878316
-66.86592949321026
-37.2109678287644
67.12095447887059
-121.4638740725638
-19.209452979619144
-42.97730359145953
24.944890955570095
-38.519999257933584
-38.48885845205483
-25.723682618265496
118.42559526368026
-121.16361689299849
-102.1643484923911
69.08207864986625
-80.0860144836521
-180.11606460168562
-99.34552040245624
117.86313272262913
-157.1389482849739
-200.6630408731603
-39.174875915679024
-179.2699746219904
-103.40292757293828
74.69054590162298
-112.00143778156045
-72.46080663025982
1.1545418012692683
85.27242713062569
230.64667025855965
-203.8885399440596
-90.46426922148754
-205.34340614867918
183.76255353984865
94.61112189671414
64.00936729131017
-107.47262915395383
326.3210611122653
47.9369356726502
35.45110200228791
235.3479336261487
2.4045511971944693
112.83232507710868
49.263044168244136
38.32615702800713
81.27228270754631
-18.777739235492817
-72.62130911330489
34.560942840103294
11.129691258407291
107.02111917011233
82.05329384915066
-111.59187009585658
146.39090837320182
-36.07314670129052
-193.1478788243745
-209.0715473048133
305.71964164344894
7.968644392072207
-181.49910590706324
101.56228388578009
109.53404990734965
-92.10626499020493
-180.43218270728562
40.40844422072319
21.833126598443243
-261.3486482042155
-48.564025753502094
-35.96862319523679
123.33429510248676
110.65838247686297
9.447126768794552
-318.7612883233467
-52.78706793071091
-15.359747245224979
-121.21487042504461
-39.73434528515765
225.71141191051223
50.963105832574826
-35.63811210525901
71.93244010481048
142.20924404672948
22.293097146561244
-79.828625510393
14.125339201054443
49.65861067366568
88.46281929277048
106.05928040224285
56.64050121084963
63.87174712999298
-160.17858317162967
181.10946944026745
74.2912367374237
91.17414040868638
-125.00724297021686
90.18356400273314
-10.530608211825495
3.4050269471078125
-63.336482460412356
-165.18690626375124
91.32309515201354
-39.56815000415207
217.2978003657195
158.33267456635238
164.41589948030162
208.0470154813525
113.30376899404453
-83.88975366706595
-8.558901357327127
336.450914813493
-57.387039666390045
5.564112680152043
88.6755743573915
-167.973006678815
-86.62575845102509
-155.88459999019867
-139.54264222118204
-1.7615613997111215
65.95710305327829
223.15701257366774
-140.39486078910312
54.169718846599366
-55.92088238704781
12.677258462143698
-93.24205004613948
95.61291813028032
3.164186329336211
78.09918445820959
34.584698706450595
151.64420463384587
-41.898824017835764
-19.78421979204912
-30.2224822328085
-17.129576906659743
-125.16981778093226
-61.25207270993651
-154.92767102645976
-9.55966077997428
-65.17251233162418
236.438810471047
-39.93751291999628
-92.11003843233729
-163.67465892437843
10.141016149551142
254.12898415931446
-135.7297604816313
191.56624087978827
-65.0945564992115
159.0156365156753
-188.5736435179564
139.02168249971794
35.96670654017041
-38.95904263562049
-0.40150396016829015
-18.497845654589938
-33.39434619596027
13.685061967809514
-13.393970186908474
-175.37160836113225
378.269134174017
-12.360653497673901
88.0944550039912
-36.89809135486153
176.81977442114342
123.79463948217852
-103.02763827665055
-63.3478979503168
-113.13933368973493
-81.51190941630938
63.11542597917328
54.93597972003341
17.830247859616446
99.70418034510658
181.0807197147431
-30.25085502049502
-5.734856364483239
-11.175695536384183
-61.420049503143176
-117.66246186205566
-169.3809342479955
-143.39765748137364
-115.48228491891412
99.53949527325962
-52.8439107960639
-83.55208305376438
37.07111548760171
-230.59231375595292
95.41604965909963
110.15867710264911
-17.38518447342285
-124.913341027201
127.48963569968805
-41.75857377330034
201.85874885894873
208.82310736570162
109.08245219414802
-59.777924938699485
-92.42442834362839
-234.7546677684364
-90.67960808663187
42.40229008172627
-132.52400324665373
-50.79353072308981
-209.9404540348216
-48.91532777765851
-154.5353161603011
-46.433806002060344
11.519825670258122
-63.99243967070692
4.52060381109961
-152.5898805059416
-53.20644255323437
31.07514258154072
-0.6637127351286076
149.31010072307984
-108.01436471718263
-178.45088185513114
179.20865904518726
257.3920395425071
-113.47850434755797
56.67331523155145
112.69061981446953
-34.29901374836437
90.55471904958594
-27.460478362758565
43.98101182826976
135.05800004535826
-147.61109194335697
81.60794708243108
-44.041125345824575
18.677871046310027
-0.6608485040748411
5.7599363066096965
-206.270394949583
-37.78784268451639
-38.22937169880812
-55.55207220874424
-111.49109916960184
65.3416256264437
67.43277194095948
-95.53116994200019
-82.55401183048576
-14.188472725436933
-197.15020924423933
5.770807141143453
173.50733073530512
-87.92659068525656
-30.590416116010974
57.41267598568698
45.45601544671559
158.817763766918
139.23764957218117
128.88913521294415
35.154044940049836
39.30715531524974
-52.12067122924802
135.43610134810828
135.136009801468
66.71575339822695
12.65631494735432
-48.59715129877889
-24.655851160689917
-91.03284304334385
118.48499048121066
-13.743582466648101
-44.951001899968226
-147.34098935828655
73.85978867893833
-84.2306953230494
142.76965837608776
97.62733097639462
228.10010583132564
-30.653895734588012
101.13083586847455
108.1261826667109
-150.1278562828573
-124.74470906853894
164.7897065132662
33.00200769435155
122.1655593341087
105.45646564848974
-109.42791958819582
196.66693149862607
-63.88195528652066
161.6516290249077
10.295178317826647
216.11532385396026
-196.3326716008416
-241.84820410460708
109.42074378198068
41.66961959339421
44.51497100813966
161.89636543611408
-114.0389391022732
-89.83548643713668
-112.84981281035702
-43.29442133027332
220.02633302107623
51.16837860091916
38.57677489584034
-127.922112868175
298.8834421195893
3.67892406064623
55.98280155891884
68.3135145934819
11.847864402073013
-24.08550952409627
194.6370353154139
-87.20437960797835
102.50236349383172
15.483098145493258
128.07084170433268
-55.295264102571906
-96.75994780058042
241.90444248945937
29.51915844064596
192.83595690086403
121.01634791237338
-86.27360600379426
-30.806920219759473
-43.11336256737239
52.539683087670326
51.19816845676379
108.1484034101493
26.384183082414413
6.357213346445153
-62.434864561168446
45.24804727335163
43.83002697005021
121.61042647120102
25.351120351526543
110.60360078754451
-47.73320539757923
-44.5772291501869
20.460758575100353
-61.332258115849264
-205.44691477621075
190.56819565248915
-46.22210455121038
-99.68506191219808
-131.36700751741125
-45.120376974492
-87.24722591156805
-31.61366310062904
-76.31023037913913
-25.423656519844357
7.807576278017164
-41.97308641106126
8.167249540359009
-49.124175041733565
-249.03242785879036
39.8069509922866
-52.837884466327814
-24.958222203589305
-114.05926704235024
-57.795750246105655
74.30718185116434
137.3792472049992
56.374347058498984
145.73831827315223
-275.597882693601
-6.297734360450145
55.392829099552664
34.00991571853002
-215.32200234999672
-0.36197859740248894
-12.026620123652592
-55.685217371651305
-134.63691287086618
28.73283463793244
41.385045060660275
33.66677725521575
85.04732117287348
97.34562641307055
59.80027214521517
-171.7335796644785
76.73669970928182
206.24554783323606
164.0224944736478
-111.59882830493528
-203.87494117320566
-88.73625868138122
93.57861705690625
-0.013751120682092055
-118.82508577152514
69.32300025462224
114.66674463069866
76.38654291270095
0.7749959875392602
-119.63715745353463
170.3663253898801
64.19917462354633
92.62986581956136
59.695017555421785
-228.2080740618466
-136.23278201829862
46.643783769861066
-98.49775483437897
-62.04407952489604
130.87473089990254
159.14706672062636
-55.71312362623511
-43.57514408580741
132.88100590572057
-230.3512553120283
8.656442297656554
59.883511460003625
198.3005315210413
-111.60418868359982
-212.48818680321475
158.69604790357835
52.141843955575965
210.52774528816576
-109.76049330002022
-184.52859840749926
-184.63990650220967
-50.39273239022046
-13.193932934616159
-47.69635328790705
197.12694453227894
170.1731186326478
11.199615846796302
-90.97628190688314
-292.4915992381653
-104.25592611072534
4.557741280108688
-151.88333076239297
-176.94664565397736
-125.88763371346609
14.189391619023368
321.3481370539708
258.9012958452111
64.41073318281924
-174.18896969094598
-12.81950529041448
45.15091802856319
89.47745937195589
207.8095825446165
151.48501223015504
170.4683310737215
37.83290044908605
-163.79031714752222
-19.92226747320445
-128.06989832850334
9.814849488842174
193.76406790162451
-159.34111057975116
168.70081919971324
29.967944230553318
22.34804693423997
116.43348592546239
314.34875037505225
98.78379502660592
205.08429657814474
101.01126137368989
227.39532320069088
-237.42943180813015
-41.30477216723587
177.71490253602974
-153.86850686259035
23.104694682997255
-69.67908847100345
-140.95951266175294
-4.8692395262193795
39.43611829217229
-103.35553833084973
1.8164262969638743
-68.62064283619515
-13.837452806675577
-34.93640131906517
72.21079439008354
-180.99277409809875
-55.55147891398358
-74.2336461630188
-11.954606624118693
39.56030612959462
-70.542727090751
29.917057595184605
48.60084907162618
0.5982768539356256
-37.20661036899425
25.255361977774868
55.95426019055502
113.69769867978361
47.94970868857987
68.19886488199715
-57.804853667897305
-129.9132640774799
-64.16046442040363
-76.70932882465662
-52.12957613398337
-136.2052053512955
-154.97447399060158
-189.56434251749553
-88.65266671484628
-76.86229558765042
225.3707391919385
-177.6049583957271
-59.359535216530766
60.60525803396775
-121.3421948139947
40.28869151041483
116.53821540877811
20.92350423064171
95.79194579367369
52.517741457186716
-80.81305365738973
221.14894437136334
165.09736792218038
344.1181562000322
71.45364164949767
-80.9654435975955
62.26286798826755
-30.17978979905793
-81.28071950250396
248.67950097233452
86.4174112033358
62.5125073907002
-198.20753336449675
-111.10882186568747
-17.091781475170464
83.1654916855062
-48.02272240553801
264.30443763067825
187.3877187767624
174.88192467632035
-157.74501970894025
-36.92600661766184
157.20227935944922
-100.6607504156704
112.89598150240796
12.74497984364325
-44.47107719394349
92.16385990751192
194.49363091424652
-205.61794912093387
9.017006627494565
246.68415829174288
17.5735269892675
217.3993667219606
-24.958840967739295
25.506175713598893
-94.6951033865657
119.68633035960951
39.0796933597728
210.15595080699816
-34.76397691003017
-21.046660312571976
173.2100812396223
-28.24413179738563
-8.396985746319913
-82.94834506223151
31.20312905451807
-339.2553545495879
62.204486786997684
-76.35524777349386
-1.3983913987890795
261.6401125029718
-128.7197984744786
172.82180413853473
-244.11779506956123
32.21879461202371
-193.9000391092137
-120.14581910603847
44.17339366163339
-194.06451230238335
-0.5219806973560756
-126.96902481325395
-77.30610778717235
-179.15968138598566
-146.65970562982014
149.0579619310341
-44.58690589752992
123.49238991939949
11.788708729309807
211.20960050352136
-141.8051350374833
153.02636041305274
22.36768409662483
-127.4668784977478
-69.6019722621463
70.20538484675451
7.767885454588224
-136.97549064824702
-54.38195950364256
171.24966769670857
95.81156672926082
-143.3037335154418
30.934571021716817
-72.91680734653528
35.97684058968072
200.6967728789467
-18.097905832259197
32.75049008123276
-161.62478642106882
59.088893750522864
-143.2508295171439
127.8327121252259
84.56364388155004
-61.24770037652354
44.23208058998288
-94.15969097724901
-70.2174402986662
-20.97117739176181
-18.60332304886976
-68.82586671060304
-204.5324309188248
60.889835343876726
-0.4248813400011916
-23.164078448059357
-212.95833562592028
-18.63288722196787
-58.729254884537994
25.360244297006442
13.136839191216977
121.61071371860245
38.340938488574196
-31.09744179259668
-6.508627050619048
-136.7219331507683
-298.84869815310407
-49.28723122745658
94.6981992580347
-18.829641180190745
62.60910354585039
-63.461294884832405
169.27091719516739
58.48581268906641
-29.58789028865579
195.93687900994212
172.84120612057518
-96.90158258149395
191.2085683031102
47.08975485574578
221.462776466957
79.76449963386338
173.10538991515597
51.53597068491608
171.1796801770688
-180.27899710543804
-102.68477891055575
-47.085442230816916
320.1884879675789
-18.449776105131424
-144.00061968475137
-69.90002056206394
-144.01569051845843
39.27625598744341
120.11728175028041
-52.207150597888806
114.1053606249192
2.006915302477627
60.8955061591471
73.3297619947613
192.61317544809657
-111.38770120841312
44.53049296362384
63.51441018173438
-99.95626203227948
21.764781066091842
324.47467035459977
78.70274276096742
8.620985750149647
-33.88676941343907
-147.84080753609626
30.289091626990043
-28.241345766995813
-48.13283455386918
60.12592545313318
-215.44941581430302
169.81316963789175
93.24308616562288
100.65322996932608
20.19630920349598
-251.63814433474963
-57.03638160016463
-87.44795339977112
145.89816935961505
20.321536059717292
247.1459844198337
-155.21805421776534
-16.825811847293103
142.9519757677809
-26.277042792715992
-169.6565204842909
20.363834113982374
279.0506565920537
115.36511137663058
-94.48135371159213
-164.12096826773464
206.98995351900024
251.707565517513
-143.84156310338892
-43.5274064716863
-161.89178034923916
184.73669681068876
-84.45386479601228
-52.00759540567444
80.19744033015402
-69.50821449535269
-112.99384117984118
-190.89561549808923
89.53974207040781
57.62647042173844
145.59794702527984
390.71904890812357
144.1620616129479
-73.42112954189828
90.90384318045126
2.629169259010561
-28.025300153162526
-4.3120497295738645
184.41752304421598
64.31826405316087
-179.39742422424345
-86.12324989034926
-1.735109640310475
34.44667623932594
-16.570863551209982
-54.75825887098813
-29.71225981404403
172.70457119036772
229.02968428023533
142.81760519425976
132.7929275245826
56.42914984271096
12.880816557432796
-218.1713725937138
-33.81884556577062
141.97188689132648
218.35694218701911
-120.32081974981395
-68.59214492834117
26.47924828384088
189.96876012216248
-119.34352844453375
91.54962434104138
72.5448313359339
-7.92800204560148
11.45138656859736
-1.9075296059660463
172.6100790717215
10.691433807954395
-76.86885850772143
143.1429493978799
-46.18267934661891
-82.4131071003429
-30.214107562528884
95.0730456209911
96.78667731344781
165.60222571969803
122.10321404373691
-23.312133000714965
-97.68552093504489
-35.08995931719514
-42.1666526010811
167.21788641400855
-59.25539615583823
9.743137881991235
115.30202793091132
20.860027554304306
42.73559401611002
-8.236670963850335
-91.4939908213716
-31.94989791093493
81.24986187505493
-156.18677620028942
-57.19095268641531
-48.77531185301654
216.08542910318303
-92.52595218671242
-58.772611715106926
-102.69700730493595
66.52533261136091
-71.82360837302046
129.3347810284021
23.168061394710215
286.2481210767953
