66.23061188234858
126.01348973475912
-86.75367240396882
64.43163249558934
25.761730735543207
286.42989207912706
-20.89454109017322
90.03114891236726
-129.7620904746471
-194.9987619511308
165.02993974227317
-106.18089068339043
81.85484676017552
-564.1776570148581
114.13517253537503
164.66777505893094
-18.49000792422164
123.3570494504683
104.1577492327561
168.6936108895488
-22.09321191430408
189.8141015935287
54.44995027079384
87.47676603858946
-90.7778882108369
-77.13196450905924
-91.59122552811768
274.450186810856
-26.281451839416597
142.62665702780194
-7.426057661942384
-191.86275594948845
88.94247391967733
208.47458719420607
238.18759388010187
-169.39713744900564
23.783828230484794
71.07584428236305
340.33600837255824
-12.974097940497185
5.334616051701927
-78.25861951787175
-28.034465378619746
-308.5709978798329
-81.3563031868019
-147.1466533268662
278.8263919920687
214.2686833401263
28.055505539501162
103.92886268505055
224.98439001072643
-113.15186851716437
-130.03847939169972
-114.95426861242166
1.9802250881363335
-28.8599288884779
-111.53696472856615
-287.807963460149
-83.2150335044915
-60.88604589135277
-382.6406275650745
159.02165610041317
120.94047135128825
-33.83723301859149
68.04222694909868
-337.3383943925461
-83.60365468969087
171.91239239714633
-10.813531354783201
-41.02327162251644
-40.82593545936549
-0.7565660495966773
-263.3061226420283
-182.97398218233144
-189.1856775917514
-294.8179663328882
-12.563599389208349
382.1269063804567
-9.23108985618658
395.66957912535594
124.62725368223705
-71.01337712180592
-68.30867947752677
-157.17337059835393
96.08755535440893
-123.03351247936314
72.45596496388704
121.02955918798556
-134.76374755335215
-30.21267301834817
57.35674178082782
-2.8329220702779416
-2.687243342753436
129.57152417738754
107.70448467457717
-95.42173061184276
-17.999964866299475
227.58102114294903
-33.60199017356412
-77.06992977141776
-60.57705062690316
-54.33635318541288
197.09114898876314
-337.2541355521021
71.67364991838502
117.29400153958635
251.96244487571514
-161.30718423659576
253.1705082067415
-17.134168332727196
-224.81170587143754
-337.24132974526697
-50.91627327616481
-62.74171802090738
508.8205042129206
-31.930147008421578
19.08493031106645
122.46397577785899
-22.3434864412532
124.49483244367379
-84.550066723514
-261.31673700603324
128.44928228417174
132.3186670079799
200.4369709874717
-141.9764959897919
148.61047693388173
206.79462768752046
-62.01116126813913
196.86644271711555
163.67437802946935
-87.58368595126193
14.445405688065206
-177.31219224993274
251.6699109838937
-202.71529883639764
-98.19410439506831
222.1700345625274
60.64733273366797
302.2430698853187
362.84022665144977
-200.55950791128365
307.9317395877189
5.104906958875796
193.3127630926993
-284.99499290390895
-215.2186360909286
201.44263497066876
69.32093819085277
176.39929866584626
-286.61581741148876
171.41986920787778
-180.67890094013057
18.256046568612255
-153.99060408026844
214.24141630134767
-120.61495109268317
17.235178512212958
-43.96388387383704
-331.9371224794697
-206.13550373023358
126.30099557832702
24.29807671543017
63.06422567315319
-105.05090056421479
-166.40017261611047
176.2768349071784
-229.1572420075634
66.7801184683148
326.94061938775417
233.85263088194438
-261.3075973770438
115.9803340977533
-190.18334315042227
-140.4132879237223
44.4147332124596
-35.73394579702974
-149.53813394420484
161.71985640672153
179.33758457308824
95.33763698789573
20.891016864480097
91.15199231150518
-119.72381147755488
-66.47449729583201
-23.101203860150726
-49.737132317512916
-231.74358821087392
-170.79846925118954
-150.0957313293916
15.334101148720894
123.7241376294265
172.4676078898687
17.417249578818378
-76.00158067845312
111.86816860688353
-62.695125284618456
-243.2248195769163
39.007115628438804
-47.59360734156914
-199.54252461729365
177.93650393068094
245.90275522996598
0.1385951580605269
350.73877316119786
-187.98729181857166
-48.92960037452302
216.2140092166394
-54.0797024285881
42.26058607386614
77.46652842705228
131.1301678157139
-151.67860516427518
-168.86291959239125
-17.7797447216211
182.73033549017725
178.67499716484167
-0.21301586410608175
-124.02724942048933
-56.66739807918308
-23.23456279823496
69.78660632078305
-157.33752556242942
99.28123105075687
394.7409131301187
59.810984673556916
3.0804442899684075
-103.0784442948989
84.10053402234598
476.6834060479546
330.0730076970445
80.22095450352252
26.2363323982243
38.89533879106889
620.1845808377257
-66.79087165509836
-9.027546153627497
113.65276144524825
-5.846373617595194
-212.81465927814335
-217.76244995480826
-111.50989915669906
136.35916100905652
-171.99902092270077
-0.5193508729042509
-151.59857205959216
40.472168215515126
258.0014130706208
-78.6450059451657
90.4265482362279
34.33285878486578
343.1038868403917
-11.87236793846194
93.56449996293377
-99.03369496147907
-185.1600289343726
224.423314217782
63.855801697446324
-34.22122369615935
-323.38410367621566
-167.6010468759044
13.59831200958718
-225.78712586162445
272.6981733897496
102.19054228366072
87.88070034292568
193.76157874477462
218.18250034316853
-27.731350797416223
-173.6124438803643
-305.3380162766632
-211.29721072395222
-213.0447395704223
-50.736075500643
-171.29800973021148
22.96410636514655
-32.598594715395876
-212.7497913305866
-232.7614324050418
87.78543486418585
-82.25049549604472
-153.31058023044642
-157.71624906437674
251.44322553928976
205.0842730069951
29.36149656550341
140.63928148151498
-108.9709283028038
-225.74278141331592
17.612564938994126
-51.98297890870672
-21.395770709090105
-77.5066689084639
-246.8271097849688
-167.64034362919537
-57.50499629745607
-163.50932600717348
-319.6483020278951
172.67231656840107
-128.59649729669619
-36.17831016550146
-107.30479623298096
150.75668339052532
-99.54172685193222
184.78873905710302
57.48848649546406
-447.0983436153408
-406.51321218306765
-375.0390457728651
-129.60354688454572
-129.49573247754608
-111.6147606175152
35.361855227772196
-395.0713766514899
154.8917070379791
-108.11278863286789
-447.876069582157
217.4674522010125
0.06201432344956537
72.00051161486758
-230.19069430335875
98.398942388077
-316.6048745417363
-175.49904039652205
-144.32955950005
-152.1510488838712
-263.22691619189726
-51.48073153198158
307.5064818338888
77.23639212606057
349.7430600726557
-80.54981160891876
104.89282393667693
101.95907327620924
142.09855764720254
-186.01645545998494
46.254050216573596
-53.02650387055446
-276.9164919966561
2.2719553778625645
117.46884504084939
-325.7174098477473
-113.58271303201634
-188.93246819133245
331.61368028744175
135.73101115553268
-52.00599004760037
-142.1849235385659
77.2853123383495
-33.877069327934834
67.97414105453171
37.17051834008078
-6.394520118850922
91.94010883672358
176.74441176377252
-189.48359803419308
-190.39772052132966
-42.340779835263696
-36.53363171698775
211.27070981656968
79.33354821466848
48.713044872083
-203.02329858695575
-27.033421859051046
112.53615862855409
87.30560968867995
-18.908587989945968
-84.94774033312916
-69.84471061064072
-128.38417526707073
-218.45132005658633
-24.11075841286392
44.04075643676203
-189.86604906409212
53.60351839773466
-94.17063654858121
-3.841212664092793
-186.4341492565682
-68.05039001047552
120.61228986821403
-171.92929513845402
75.32701468083413
-70.8085127947065
151.31868986255915
18.7623121475128
-86.88614134010153
328.78314098536674
201.4333640961261
27.70706568406592
249.85455497338845
-59.49429707502369
171.78108116734347
35.711020108936765
-174.81000759535576
-269.67554695093105
-42.347068579729935
214.83236648371602
59.51333187162709
23.255442309696054
-217.50439547451293
475.5141468913411
-59.097991380054594
217.6633281952331
57.69827211768085
-29.707583300979287
-140.14500747255929
56.36044346737654
-207.9905660897297
280.90990942316097
168.022177597254
64.84035671624447
116.62789231762656
-107.36490603811141
-44.045342362923385
-189.4396907501671
38.953137004048614
-241.24110191541362
26.77220168539697
74.45326891646702
79.60251679580486
61.422993665439
-27.32042840210987
222.973463045172
116.18427007744599
113.44258028408495
82.08274605823811
-128.75903432681386
178.22263761627903
95.60949246454327
90.03264462003756
25.12879581525526
-11.255713081398177
428.84672367188347
81.6894957509961
-234.15275102369407
-12.377158254876488
47.205021733152584
-304.3823295133996
116.98786159889109
250.09481904103683
-173.58103227878706
-98.17008934750578
-4.724248276124834
-103.82691650954457
-220.2926580246017
-79.96225612239525
114.17390733315564
-155.88145160613053
-229.97352571081916
-155.47231060371973
174.87381288249853
-92.96609650827601
-227.44344766303726
-8.240347604225875
-81.55036907038969
37.1975009960353
106.45514583443885
-1.5123092112321945
28.831880032402704
169.53493433097148
-64.73165296667312
-235.49524428773182
-262.2013626401719
-40.71146288294819
-103.7546081260037
-210.7097629098161
-49.073429322068954
-34.27940645021186
-309.9523631289095
202.5631555754223
-29.255015687348358
194.99422983980298
156.95261597494934
82.33131546968615
265.598312693332
-4.511894079760735
175.75256695681273
-66.22849019524742
-82.30244827959316
113.30741229539147
126.30251506774177
-104.99546431201877
170.19562463624155
309.52220951256936
-23.65474562933738
-63.6789686060408
-104.59288671626976
-125.43082084771518
-22.144165734362538
-65.82463374867751
13.329678833349812
-27.134212585196302
37.53221887431049
48.98924400672449
-78.25561679144862
-217.16210193402407
-50.374384520803545
7.187885266218556
-398.90286079636013
266.9876757395991
362.26619120198114
153.46043362358265
115.81781686506862
46.606353634503805
304.0512431909612
250.1903831121765
-6.190180125831516
-38.92802689157119
-217.48218278164327
232.2692747209838
67.86625411348436
-8.643214514847791
-287.71931308237276
-358.69125323462725
161.87321948702268
113.54599804916971
-128.41616536155718
117.59465711141895
-37.60329728801608
27.29175590310622
-168.27882655006314
-305.5503359208839
-136.13282920765354
77.93629841955575
480.4863842749701
82.62424018108926
10.28795372027979
-77.12290643217788
80.80334526104993
-102.49386023234256
129.95381724457476
-89.10713909789247
-63.80731401119605
-24.231774765104817
-89.44414938829388
-145.23077656009767
94.33587781265138
50.942681515815515
30.54153676118509
47.67150259221209
-56.94444385710117
-173.00307778081563
163.71016726972368
245.0217714995671
-68.43388748150828
-9.228939497286923
70.62238315143946
-333.8870041372047
137.85615839014636
159.03330426230056
54.26263070312024
-11.941753829525158
-1.8284865893162399
180.0877267309678
140.50792942724985
-61.78506166370724
-38.5630654733965
97.23042797462355
78.11928698206948
7.056008993588387
93.37440528361952
-19.556664994105137
215.4786817000769
-153.50362387540065
-288.1548762083844
-440.21971913901103
-106.3461762063454
-379.23282454861504
257.59549875157694
71.84891237658287
-127.5438593207416
185.34455545984628
-279.36734475016493
144.0149207037166
61.60943760383726
19.729100985082763
113.57248950187827
-357.09821970803097
45.8839465268786
-71.82396574933067
-0.6247632669702246
-203.27956599382844
-141.05622782391845
-93.50916213922292
53.69510018825018
13.361995536941775
82.94618440068896
32.02938375119318
150.512049038444
-118.22383140723353
52.91568955225191
-148.26743700404035
41.912001539618394
142.65405317370457
-139.87866311709155
277.7318067637116
-23.884517662758682
21.18098325455982
-178.2491051447696
-101.77712326202692
-18.108467043027403
-37.72500714827211
-308.6781370152184
51.08367436312376
-311.9660599492192
-5.6816122036902375
-166.07626667946985
-81.15216550927492
248.19594514936497
246.22683954000735
105.61086119186265
255.120003567444
2.6118150082474356
-20.622654877376927
-3.9097091576647074
179.54136645261343
-168.15484054073255
51.74268461299238
117.62601793376535
106.37284977276089
74.45600450848725
72.59009554819968
65.80202677629045
50.69855125170692
-134.7494592175362
-117.5400483050157
-187.3117136971299
319.86483661752345
-282.21998164839454
20.461951218363073
-19.67777719893059
107.18108729960748
168.79520383488887
-47.52728178747985
-252.33032004820583
-96.61293375566385
124.59259009454644
-3.6475166089899727
-139.90087636438184
59.314983882382755
82.71789891130494
-142.3817517590071
-79.10357465106823
-31.869775980314454
-71.89880242858904
-213.19302647052777
-108.69438227236195
36.54695002991334
-125.7815584241739
44.20261034827513
-236.8183972492128
42.38757832574281
176.28430795003158
-70.03276951047549
144.94037191899437
397.6250576523632
8.17401854017916
-135.11018943058457
-106.98634773474198
-54.336067328383216
44.87620794049129
-0.42484000086575513
127.43764684165174
41.62527032744498
-271.12814116357475
57.13548246411498
-192.07533243442296
246.14365459227136
113.63301727908114
245.23605128114812
-354.34241061054587
52.56052591294572
207.61931250740562
185.67767308843094
-220.97844707575544
-35.90291616271235
341.0103335206143
-78.93685025100307
245.831693038572
26.734801529089758
-175.00433456735885
44.71264254471783
63.500612129742656
126.52070888080563
-68.98285343378406
372.97940652975126
125.7522257206803
-148.46864891410758
34.71170875565172
-33.110210424280005
426.49619494068355
17.53183971174438
65.95239307967363
160.67143361333868
-22.66785074632477
116.5474720808385
439.93596640699525
108.13240376908395
81.08444437838595
-40.19041286048061
-272.9331919817653
88.30904536417403
-136.16494803358484
106.53192800115079
-100.72426438401001
106.52976239385883
-346.63263959092603
512.6337999571024
-31.0470150716268
172.50809532451794
20.29570026737977
-141.85123662692862
-90.70359254378133
86.242048706688
-94.41427315308006
72.59276253501959
109.09023531908701
-267.6429362093303
-92.24865393258455
3.041870605030596
-193.16849843149745
-19.982941296098776
-94.91179646601184
-253.92053880446306
-145.98232472815192
-211.20962866857542
64.9503582081545
-7.292885669076069
232.77215872446385
4.1600225026072275
291.16504680422526
-129.1668044398611
-114.90465783354877
42.865644292878876
-18.842635885406967
32.367026202757074
-6.880756910896497
86.1599677468173
-11.09964240435029
-32.378029722544866
243.5333021235729
160.65399210916152
228.6816438091142
14.069624176064263
45.60017464381173
254.82002544000463
-131.23536284350158
251.2403160062515
75.54588411788559
-227.41615483453432
558.4165524032333
-35.552157381283635
-256.6780499912615
-34.717308497204556
10.51761066962905
20.846548830778076
265.3755308629516
-63.037041043099144
-15.931115291452564
-169.0689034598396
-38.00474019420733
-367.32330719001516
-8.095468619509953
201.8636608234234
6.621995905421592
-112.3855450077382
-180.559746894127
-558.8051027588905
-36.02500754713413
-168.97048787219546
-73.01992962213302
-210.63644736362346
-320.06940097894216
-188.39014245369486
-73.86535705307546
86.40492547637645
23.347575153522357
81.25567372316614
238.222886936393
-36.80207318007385
74.47036305111837
194.20005995121434
-126.24171737997531
39.024374837606295
313.55519109592575
136.15789999297027
204.49594129296878
57.8207275923678
-258.9950236342399
-5.1886743460419495
122.67237958401213
-130.95016533184918
-112.53294883876062
81.75301635467257
76.53168183208177
11.983565096761964
-52.50251410540802
157.9534721887297
1.8119897729655907
405.9322622497343
248.5281261389444
114.60151918025875
114.69054761121075
-265.2131243597149
62.76611017319516
-17.35374595858202
-196.33603013671552
-211.11945834397105
120.77305293969326
18.058999248793363
-113.81974926739927
-32.65110955308105
-24.302914148359264
60.528824901143956
161.0778236397282
79.10492493220544
-170.30297970803716
-47.150055302389084
142.885876307049
-73.45016268825188
347.3158564955743
-166.82796584776165
-121.16827464307619
-326.1256051114577
195.14146717321657
-69.92739418729796
235.83212697702965
-194.4826386525618
214.10314452011724
-240.11124722618678
20.72257199258613
-35.422459592461436
-27.15710227504711
-66.64578971738993
-3.1251791481783746
-14.756396038991697
72.19228160337649
257.0011749970563
-282.09622513371215
158.03982902492396
-94.65246215410795
81.90352430694124
126.17326827209581
-18.137533697236062
-119.98259743855546
-13.381742396623423
-82.13018233172978
35.41605829219858
-119.89568964989724
-342.0068905893334
-33.08218563120732
-158.40164761667114
172.5537941779586
-17.59015045398816
128.86628406487364
193.0392335751928
95.9461909522688
-231.0293834753811
76.78582557783564
-187.13988269954677
252.37295221717386
169.20599180986252
142.6260411084221
-109.3958178820986
-187.74558757302628
-227.95430150546053
105.46252832374141
146.4255959909605
130.9785261796879
-10.852700584536118
265.7120172798927
-82.13837285072873
73.68941362409814
243.93297194644697
192.22358755427388
153.83502844973873
4.171619528861767
285.98813171245826
-243.2122903063643
147.24413055856806
-34.46293040470039
83.09273270512897
258.5024196045912
-6.3457104679721015
62.51825164786491
-168.8609611783773
-15.493736400647592
-76.3073653082022
150.79952163995213
-62.99211658331921
-31.964172279741927
93.21548157129914
345.38566290270376
-356.58323384505707
-233.84005611987297
84.78140063857632
-159.4537502056027
-33.663524758681426
-333.0181613430846
-282.04168366421464
-6.136051570741429
227.66895462084784
259.16226038624376
201.69463923205015
165.1866093775695
-67.45578550196807
41.164511227524464
-80.35032971201477
131.50625666037985
219.67068382130347
-18.538840892632397
157.25368950311574
-56.871439889468014
49.767077823341246
289.8879952843858
115.43517703917053
155.4857440485521
-132.6070149879199
17.446933400903106
-136.0060780646975
-126.31936440167016
-48.8445169195885
-202.40218332778016
-484.14501567623853
327.3844977015172
-181.61202888557546
-49.36890994376297
-189.99748030159589
129.8523120965609
140.34294387375036
-109.97783284052787
-113.97743906766864
-360.6027921272725
161.880239759567
269.32356705425667
-94.6954724012263
189.89453511067916
77.06954753832142
383.8914239490624
-151.53380511418177
6.517992704246864
-281.2491196858693
-74.52462188747938
-75.70934260406669
246.29519143406986
52.63910684885718
-291.74054510884
291.1084066092123
-194.9602268571012
-26.037261379992298
73.64885482406342
46.97140705389119
-207.92835027706755
137.67368885349538
280.7577322267305
-98.76751528800227
-142.15394888823863
-330.17235041639515
30.48273030137362
-51.436857326734724
50.228231229958446
217.43966461489478
146.32763070488258
-1.163500581755183
84.853146386858
293.7655805253351
464.627073194102
-176.22950030770585
-174.24341942739076
3.134695031969126
-14.428397320024994
335.8548046775139
-361.5799214466319
208.8719921758436
-61.99634783192839
-156.77690294230092
108.55821121920135
53.199956502842866
-44.048178328077014
333.07864670842235
74.67395294061681
65.94525766818369
168.55459977579616
-174.93969025270124
21.359573910121757
115.79832192497388
-136.61558998309042
-144.97439478014255
-236.83535269570604
-105.56849548182079
-323.29580712926963
-176.09569697440293
-27.28766945702381
-84.76303176406012
93.67169686674721
76.74578125818776
147.03383420059174
45.56461161715836
366.57337659326623
-49.87266390552015
