-65.19712165077713
32.36432228008118
-93.60501361177688
56.197316575289506
8.370197637858865
109.01030180661725
18.684079696992924
214.5026430346898
-87.25541194034594
-206.83538821531127
234.55647662042605
-48.515114527084876
46.04027517622154
-483.8024715901257
138.22447813784567
16.78874652120822
42.86342221936354
120.90940749166712
89.15089985684125
189.86328861405138
40.80071674241437
64.04299716621912
97.53349280440472
117.63371760689981
-47.356346496647255
-29.103562673464555
-160.64711670807026
292.00980213165104
-101.00035791903015
37.17907685373027
-99.21946647791773
52.752743836346454
-58.88709065280209
130.2367615643782
252.02524738788304
-62.594070554708715
-12.976167393640754
56.623943414328046
136.0594014768265
-112.1219806322307
-15.459368767763186
-149.028410093684
135.24735872393134
-280.0115684627537
-86.76263743950646
-36.79461140841737
295.94485975244334
147.6566279829564
49.903306943743814
146.45084748230093
5.218132862555037
-113.90556641547944
-67.35220688016595
-1.8866595250749478
-122.70854353802218
-125.94696794502859
-168.40763255125157
-226.55665603282242
10.228247014004099
83.49409712546047
-294.9858824931449
-14.251567250356693
54.17002402639076
-43.599079620713205
22.7378215763935
-199.99800863763755
71.07339598423029
171.54829608165142
87.69356283438299
-56.667449848868074
-53.7498059493537
-85.20288625747183
-150.83594097516024
-144.1777617816216
-186.77175811812447
-142.36651127386614
-51.708792056954174
280.6738971441966
-85.54406149158822
324.5584934273107
36.81974473836494
-101.70842356063588
-63.23355529530065
-146.2245117258373
79.48195711272376
-164.34271200651398
13.288780980601025
77.79350155539244
-152.5043470891828
165.25355758396051
100.10828715809916
-11.995824361353733
73.34530481967131
105.00781532845575
25.059941067649596
-79.80599625643242
58.0832474280867
53.371082839451304
33.59591767097368
40.87569435583413
-248.39293195971322
-53.91298683444215
115.17760699846806
-189.8070743255843
-8.15245811521443
57.427904398042045
270.6500125994484
-41.65639355878065
202.36644954939715
45.41090362683016
-24.27424434763778
-112.08905186710007
-141.91878324465145
-104.16104642800138
303.97854852522687
-19.721548104522103
47.691322273870604
-11.300508024071659
-6.780023837035436
121.7556958092529
-31.642505473698247
-242.65808229075543
93.92689344524906
259.57565507894265
264.983316949185
-111.1024720193946
115.72031777891841
217.53195543046982
-42.2642802782252
120.23241799063669
149.97069776821988
-161.08790000742846
-89.5600407839694
-190.20317980250385
210.9310639694997
-167.07076704883886
2.1500491590486153
193.58561534172097
-5.238708381990184
210.50829133821702
179.770499124004
-94.7136871421373
159.00820137619425
-110.98711473500008
237.25795430243375
-226.75025545188254
-180.53871152307784
266.32115760161514
37.36804324296354
139.0835145250017
-213.7320950871766
137.47428030823346
-301.7672073078817
-101.10723360619971
-124.55172340670028
193.2386902302497
-145.28040241572828
-16.325672855561635
51.512575347902654
-243.62773154287092
-207.07257096161092
126.9533865804837
104.80567291221483
100.08389383424118
31.286213050133725
-96.78366541936371
61.80791904124833
-233.84041573293854
131.4994420901474
386.66822599874655
92.32000693343724
-349.97135302970986
286.7799510982555
-156.46024498003723
106.02489421141695
-50.66590000809915
-5.808155722485399
-129.8938154655304
232.04221121229318
-1.8409407494088605
53.63970636625151
21.026225299394483
184.44177126123822
-138.70530954641606
-219.30125221877185
43.54520717986581
-102.90793415045997
-213.57773821838464
-112.32017985432313
-112.92698140347238
82.77687715614356
107.15457696720105
127.10725857701185
-53.08075087062866
-113.81151163854253
181.68219683206686
-36.171100011117
-200.00476811519871
9.77994508631881
-178.50069377013924
-172.96484824319833
127.04194838024816
154.51085599819487
-117.30303576018419
245.75155618197792
-163.82146676687697
26.449113932260587
214.61597236719751
-87.40971225851519
-2.927573208952608
198.98594987922053
98.44157555133587
-163.89018678157575
-37.34394866276355
51.57278870366144
33.843055258235225
-31.85026607909169
-120.55580933764618
-111.13914130136791
-54.30134374141253
-81.64683806134349
57.950552602185546
-100.56481530867346
55.01736056932709
239.7271132324907
63.41965926052268
-68.99134176221143
-13.84956993862869
139.98343285052135
376.37338684920564
213.14195019256158
105.00243084987355
88.99837735847986
140.07908244069185
292.1056094036207
-75.02763338491208
88.93851232898776
35.4406293832674
-57.06811980045628
-203.674213210651
-91.46691870697023
-85.14382415985709
126.64509800780213
-154.76960785344795
1.0951913945996938
-154.1650323046224
-104.24042891996712
196.07991893628625
-4.1181831414566155
22.426037982447625
57.93156034030775
183.48231890046685
25.642842852369313
2.195736956399789
-83.65278533027129
-46.23912176177791
169.7643869111358
99.87905490994766
-102.95000055980981
-310.0773224912558
-129.08081753928778
-111.4450278368369
-184.5025444822758
256.85998965915604
-4.696945324693167
34.21614629670576
210.62703718766178
246.1531376190935
9.973532294632294
13.347993045860846
-224.03867450281865
-158.97852242716945
-6.725009230672734
-32.0782106656285
-162.53295954528608
-28.789341165763055
-40.56275317501376
-50.02069344262686
-148.1441480209575
60.68311071182173
-202.0162790330514
-47.22356317935817
-25.598658326396336
226.40838176765908
127.11844659002624
8.680294113157856
86.08239427559306
-147.77622823762084
-234.68388088948362
-67.99421918725866
-58.35442560112919
-81.67096567096932
-84.80578960379677
-162.25285638327134
-104.73072302444493
-126.67609163955889
-70.28009069828818
-230.43935691062902
57.39022065259438
-123.6424531443446
123.92478237913372
-81.48976207286998
28.073690651425572
-91.79905596652071
115.2798061500379
65.46466524962815
-293.8439213484112
-396.5422124410421
-319.23346856782337
-309.23553712727653
17.048759383998664
3.150725576495968
-127.30254424151359
-286.1382652200557
196.83880310296564
-194.10727846028192
-362.4294687015892
61.22925495024369
108.63492210157898
63.220369118977246
-180.69424451292775
58.46437432670331
-216.93251203072586
-166.7131202518051
-131.95933188349517
-111.61781171223618
-276.2050111814054
-79.79377640488384
253.10979417083226
70.3635149216349
160.98919274362015
-3.7779930599532516
120.42314559408038
119.58757980911003
41.80058728843412
-83.61164317095452
-114.52912276537391
106.4113706521516
-228.91253316746378
90.9104704750596
235.7429024085258
-172.39482079337597
-67.18259394558632
-260.6503776543116
236.72421687138944
60.51187413329194
-147.95482543910265
-170.50576720564376
-55.11332687828301
0.9734966631381607
2.664286792723139
68.74598892799573
-38.85110590687469
35.298987787982405
347.6103864039948
-140.21736671606223
-74.7815283031065
12.282163025822205
13.304163197496354
147.50098866815574
-19.392252548236385
75.52247558741658
-61.77486050379454
36.186478624464
135.4066014798061
-65.67836390581733
132.45600794451062
-61.83822643753481
-57.337291599530445
-85.89255272521463
-156.6308640885326
-124.90865287322606
139.8560066424287
-125.2792985142545
87.73845315563291
-254.04658548815235
-78.0409021716083
-213.3193165418781
-100.44437564673242
220.2934232761023
-89.52472447366115
50.738586331342304
-59.46683856292234
-7.968441679764874
28.064412325837058
29.22651687087995
277.79125857333577
249.29127197554755
-14.154199680577632
98.8197636612476
-117.69093688800919
177.93847325815318
-118.16034729590359
-160.21756155309882
-191.5722268476215
-32.82000907156847
126.7021696601626
112.6426849401962
33.29210592906633
-249.82249451003656
303.3049414264168
-145.70138019382452
159.94797520715574
32.288058706020365
17.364036344470964
-93.28860906736664
11.665933678798028
-43.751479152149166
234.83923788944116
236.71846044101733
82.59567242115295
80.93628054425744
-126.28802689956365
27.628264789174843
-204.40164304612634
35.7181937333762
-108.19496841709321
18.151414588515983
28.975773955872157
60.517302495688845
18.163390104971175
-57.47954005279237
215.328863512194
106.35601932069538
112.54503349276456
152.29651684536765
38.46440434372396
178.05537175584692
120.89683847964356
102.44844133191789
71.30591604508311
-3.755184235142571
392.8730313790083
69.0960016475177
-176.300731004833
-123.2016627542175
102.20912705812304
-387.7555986566631
121.25173423607231
221.40240695426738
-154.80071957463116
-37.377964304173744
-9.331378816751243
-185.2694117837778
-178.1822058685874
-69.06520463806602
38.39204401076715
-72.96016680063649
-177.89538984217805
-153.4457918936377
160.7841842977946
-82.43534234021135
-31.590598297977376
-6.846455299108058
-9.069714597354652
78.1303951608893
40.108128898462056
-202.67953826073312
4.176380908338095
262.8035734741942
25.041795778134617
-178.6315338426767
-249.10391810032831
98.17303879526266
-137.05963150310208
-216.4851568625798
8.033234383664642
43.09493187644142
-315.8530334745617
287.50256554044296
2.7731462890726655
41.50291602952876
207.94513812358375
226.29738251831546
279.53887600204973
-21.605604227056215
63.746107743055475
-61.10654625525649
22.537483411744542
58.982713609394104
203.54034441895095
-3.767838235075437
248.3303814979455
303.15667002112747
4.596841938872384
-111.30422366049346
-90.05476280926466
-157.9870315888535
-76.0308938632627
15.791091526156347
27.002971344177485
97.22986938387005
15.896733665907995
10.479243190370575
36.13716451688464
-73.33802834183703
140.3049042504621
47.053428088859334
-311.7248965369869
103.28329220624782
248.824589760334
156.43172894062116
-17.45297027311353
151.26270809431338
196.4799303067415
182.13504736521992
-48.68590414175628
17.379767884966583
-136.60248101066824
203.1432957719661
19.65206502131039
-61.58806199398619
-267.023363493803
-303.87198027604876
324.10815592155706
128.37484995783396
-221.30900628134194
34.950199093171214
-203.51376812766847
59.703973671791054
-12.657957725773489
-112.42840534688963
-68.20268436483792
65.3629753220953
334.88460188644603
24.510613799071372
85.9710338216714
-76.91134910509074
-41.017587883130055
-186.21346789464238
199.30855997350267
-77.81476840021458
-26.922201791535446
-72.45804589524525
-85.77446409722718
-42.33119159407422
160.23214505183168
170.13501263913093
-99.81686197346606
59.08126151215215
5.639584973168461
-109.04583241567886
50.936905737551996
117.30208906505592
22.358311164708322
-93.27533280112162
106.41321967727464
-251.0449616559979
197.8066255854119
50.855563779110355
80.22356550388727
16.33722042692819
39.042750002084915
140.54558782392473
125.33315471818005
12.656607847649651
-54.02976857379411
162.33649003565057
180.5165397325776
-30.23597770813596
67.78748605231452
-31.950513736348725
196.2396178956935
-106.6370683568592
-287.96917761339256
-275.8563712916445
-127.33145778150157
-304.500931443301
143.39517595784488
49.58844730856454
-93.57862706447318
51.508897654488294
-200.95344481847297
181.65124358870492
19.375591695344756
117.36889887601608
91.04302090636408
-237.66272742003017
5.002707636715308
-40.35818313549526
-128.47310247184762
-123.73741118790537
-79.76840047172655
-122.34505267682779
-55.40396264299384
-10.42166190685887
48.42082629051237
47.34765977164702
22.363619016920435
-27.895732030241355
23.127212176769348
22.29902514332678
24.576132947255918
111.11296606591245
-88.31511985969722
250.2632853023765
-40.5900199127607
-25.714299923695283
-58.91129112662818
74.23790459668912
25.24337925987526
-20.688952037574843
-297.9352402383047
14.725761738738731
-242.83425464900517
-39.40382574097632
-127.65902178699076
65.10144528374032
156.26317757708094
349.1332132955748
148.10679927449686
115.96601645420206
97.4525605727409
30.363481200108048
39.56541803437611
196.31558828987897
-98.75361259376541
2.7076962326527902
-34.037883724634156
84.17876760871225
98.70125495484396
87.57163640317287
-25.735657048819068
-113.5296359079453
-119.13455690625165
4.360034260696984
-102.51782450683366
176.55283132418282
-165.66722690744712
-102.66577197283803
2.5399279897387927
176.4694081255007
25.40350755021817
44.776978103010485
-236.49640651052283
41.83330177319681
123.88423666875202
-116.17190529621801
-170.38154121245816
86.93414143905078
104.69468858423423
-187.67540379565608
-25.33213111681564
16.170719266274332
-92.22160709166626
-241.18222778683386
-3.187063409759059
-13.356926436601249
-44.84987401522783
-5.540156969210718
-207.20362197517576
-58.03794724666444
-12.156332116532615
-68.80794654398028
99.94017801731943
324.7391100972283
-71.3699224681639
-28.664675104885475
-36.17460964543909
-5.248358230743401
-73.4519746885146
113.84057740050001
51.10022846502786
-45.19352419327871
-314.24915312246486
159.39534235993253
-114.05059582601575
260.51856369755734
26.242177934399244
266.2177933020337
-328.7025452257366
-84.78590899834649
140.33247221389104
108.13139232133761
-230.1410340574397
-199.62101079553378
368.4159821973485
-113.75191742389126
171.1197446167453
-123.18127159877068
-163.6584027374974
60.09132032043592
36.05950135700336
149.64676794689933
-83.50401670826571
314.7766978512667
102.96206736054111
-113.91768325244664
26.742212129317352
-196.82127508612044
252.5259871120275
-16.056154625431486
82.8846174376586
34.52809706578093
-95.07514349749063
51.574728794528255
409.8336504236671
32.9798241766397
-55.78461415928584
188.674872137161
-118.19304611461634
-81.00332526184609
-143.1140206540866
67.98562848684874
60.81628682904732
120.84147392795641
-167.03591290461185
355.270784805659
-65.5835488584778
-9.458368413402685
23.516940628184617
-65.0780778082748
-71.07902436012392
-19.501730359088647
-62.64758169731802
93.99408911455767
108.34194145289203
-234.9147182114899
-107.26077491674914
11.796973745782179
-172.9930164772292
24.73410200278098
-84.43122069290293
-254.10356504695332
-96.59997817302634
-145.20211536190908
80.69888625253105
95.57294266865561
105.22708670794665
28.249877646057627
216.32308683007292
-130.62094477386822
-166.37221171345
-46.040744849348066
-112.77712019548817
31.908513790632487
-56.040977282207315
12.298314044737664
69.27961098981986
-9.753064341514268
231.3078521110179
145.9462652099473
150.93489328632546
194.8778982976682
119.48700490953141
138.82862949833208
45.51824105998627
296.9803132019846
69.5926164959501
-143.17597161595376
525.6649060426764
84.05586004939421
-297.46218863255604
-83.33639092044608
83.55660151414617
-13.009941996675872
299.43095221441735
86.71920682048246
-4.731644069404187
-128.28011899981126
25.186557387404324
-331.1263373282329
-60.5224928754361
150.34556279147617
-23.75284308981434
-57.82417460355162
-131.4316951667746
-434.21240941999565
-86.63802418741652
-11.026667547185124
45.39365162739463
-161.61156616271734
-206.09882623129442
-51.904969249684335
-104.89181860620671
59.44567762227793
-18.70492622330426
32.46145326939558
233.57510760829703
12.831785137691963
28.23075108956865
118.62951674572116
-118.33333895313157
-11.370083406753512
249.06026676849677
123.54434537537439
62.113759436692014
43.62636633951319
-183.32238610508614
80.91855915120563
228.99512749440947
-52.64802240149047
-59.87411697218418
60.54600719846423
59.52863720304766
73.00365564410875
-52.82284379209931
143.86575136961008
76.13578758383129
318.4171031826744
41.6206185540653
-12.174499259254809
-138.02761572119078
-221.25771699407045
47.23792252194869
-17.255972950916895
-163.400623582899
-2.345162012772504
-12.736791021594474
-51.19748395138364
-87.94104401870939
105.40882947853041
-44.85106249535081
17.78171099691843
123.83857843756302
-19.03302948403026
-36.04641926790112
-110.65699744157698
105.63405191983345
-75.3955231503958
397.9976579653538
-67.34831522435098
-26.97730155488129
-167.8243405735894
106.7287058967006
-139.58417187705166
224.20913388907766
-277.9092974040049
252.2865671519482
-156.21056067070822
191.07757476941055
-40.49484260684543
-81.9484721865081
-107.69581913906585
-192.78038289247192
-49.844894013459665
32.88452566308151
288.82251772650864
-270.8182450724279
205.5931392736788
-18.65960925158006
100.96597510650896
122.68286813438652
52.27956581017797
-96.7993753156088
36.826248812302815
136.36020877002395
30.904564174632345
-148.14198585506546
-343.76233544393426
-81.38662202384566
-193.62879365104573
163.46948726716153
-33.577746659161335
-7.283492046596418
79.7824166977112
77.80343105026355
-104.41546160858863
-13.118301351835068
-182.62515177562392
200.18051751573108
187.79620336023189
150.03208623708989
100.53345985423942
-74.86309145017803
-280.9019454788137
152.22866036861686
111.42608915589474
91.89438782567863
42.661128159158
211.02237092633268
-39.836481255542644
161.5815881515091
245.07776230773987
176.64149279023434
58.17020788937431
-17.611508462864304
214.62703420057818
-199.45792737830465
-19.250038850889297
131.81551381904842
124.32239571746096
206.90469515946023
7.451411805964338
6.9855663198115865
-144.06157456190365
-156.1390232700002
31.033109389792983
117.77715623607546
-14.918604825700722
-94.53348347579349
179.95522723011
175.4726085798955
-332.55646245400567
-136.05716792542015
-64.93330426976965
-2.498149071623128
-89.28543228474177
-134.1672146537926
-247.16049361481953
77.78682327493647
197.30047641379863
195.70353359393556
207.9013716567618
233.08126764564759
72.38681213869171
22.448422421929394
-213.13266414473844
128.63326178529667
237.8062702172088
23.832661511454425
25.309655595812874
40.61957961519267
-32.92357881962132
-34.89507615102857
143.3991151136941
64.7066838422088
-199.9957939527557
-64.90214882023963
1.5573989109148478
-10.456418466202473
52.9470829109234
-108.30507197396652
-541.7029909379219
280.2209550684653
-160.48861579142272
-92.9288194817061
-123.94814271271879
192.63354261726136
179.93585552847685
-81.47567299262388
-37.24223083166435
-333.1603254109535
226.02664185437715
314.30865265506543
-135.19606051731768
176.511923442862
-80.4978565891156
295.98607138447676
-171.50380928106856
-69.32452690847784
-418.21099998380134
-20.00770827418463
-99.06680367928398
108.63706372208132
129.69303703483584
-205.40301639043145
265.4643813964075
-73.67563556325072
96.5266259549188
76.40739986069198
50.37683294675928
-283.4404731933515
159.60220554365625
117.08485289949489
-191.77814428020255
-240.04385949340514
-242.73326612943524
117.41774358211035
-66.86635864389704
-125.38924446916299
119.36195088040166
137.45273641239956
179.73522731432038
-71.82142326347136
282.2829711436486
350.70649731069307
-69.54106704977283
-118.79845974759046
16.913121760371403
5.026066292220809
253.5517171158752
-238.63204996628195
40.56362266982422
-39.349308247523304
-109.07199662477947
73.94681859547912
-123.07369618756745
57.66316763594638
231.94590845989472
-43.6722439349237
19.880693086906764
217.54617699243525
-143.60225339581208
-16.303040659111836
-30.79613602498538
-95.11393101383739
-50.67871256897999
-300.51117192422976
-69.80402436157934
-120.29094728755707
-168.61198164577235
8.542896890599083
-175.2876326067267
45.71361434816158
90.8468353030807
123.46231648839861
-95.69737448152598
361.479664900177
27.306727221965925
