-5.344489989183851
56.97546952614854
78.28067690939174
-362.7670996785125
228.25943855890773
-28.682191198208322
137.3767041214707
-31.479062909730068
111.40723609631686
-88.68112522586523
-31.136043533187507
338.93940579301216
-195.15531166878185
-155.1224773507642
91.95128928783215
-310.5356033289164
117.71231899710978
5.498958764840816
-134.59056417280604
-198.25840868902776
-112.87275329353234
-157.99964482856313
269.38765466694184
111.6458449705937
-243.69825012463411
-46.95901256124626
334.4668617862497
-90.98885737780778
-235.09873419853963
-10.893149915219274
-225.93863101164868
146.6220966573054
-12.079669636666747
206.8085817588758
88.62217793373675
37.700753263643534
4.603562996832873
144.21573782301186
-107.5092735935052
-43.53223054547142
250.4197141805507
100.12421735244581
-132.52602100551152
-46.92503870823912
61.74552711241681
-170.33077152918767
257.87066249303473
76.35131386300712
-81.0107463790707
-262.3431183854093
22.285488696704874
11.824233317470728
212.2498536620539
-106.15234459297305
64.44593345502626
-68.65802006903012
-157.44290661171158
-67.2863602382937
-125.25362570981699
-152.07335814932551
310.9438726390984
-96.77525247468827
-118.84372500197158
126.85664971548083
-15.74732347721342
-295.82534309936716
-27.23829093294423
21.11092395967256
-40.14288515740823
-262.23234109115737
90.82429932257405
139.95850995313765
159.34921446939205
-199.15424548336338
169.78066853814417
0.050540965810969896
13.06708485460845
-38.96589640130825
-25.431969791102354
286.16780311350436
-28.556027603425612
-154.61963395404177
77.6478021090849
-364.2625349559148
-332.0533442038428
115.12327330045251
16.158177446384702
79.27212711841358
80.64378561107867
1.2124982043085761
86.9769613132185
148.4915435144537
-199.53053955944927
-50.906585886895236
-358.5769113691324
-440.66409348369706
95.17488872755177
-168.6470475790683
-171.6772636958585
-47.18439770682588
42.56949970247241
-11.97415846363716
-9.667573145887344
-53.49247066827875
2.013465759239483
73.19517198647021
190.90540747040623
141.85107534817482
-151.93608733845738
80.85268755425928
99.25906327267197
-257.62225845965247
96.29063884191784
-323.9914024007214
143.03366567889654
77.19592321599373
-249.4431051399264
10.118668765215093
-65.65058401149301
23.119824207328044
69.01892905718297
-14.005894237206043
335.1524506096382
287.8997986359005
-166.82763007450518
116.48925394044139
-8.068147604394056
-252.974781843312
96.97322056028277
30.140835918506987
-253.10796408387804
-186.26566154201353
55.9431636628899
-118.59841663417693
158.58749811638947
129.49251608845992
281.07251815381136
-251.16523627010446
-150.83337638614256
316.4584702043519
76.64764731315222
-181.39216287725932
10.60453058002559
173.22070851011225
-82.86865029842791
-152.90034444887812
229.80113209519257
-3.2940760336266246
56.15823624766868
-92.00319228663228
-60.383537436030956
-372.3454377703553
-64.46674802974064
-166.80366189022303
-222.47276249295365
-191.48888066786245
-45.43674920254044
-112.16162719446815
-3.652838158461626
-305.9642285418178
-94.13358791607821
131.35120074640903
-301.1805417895085
39.19412787320596
398.11671606445657
-182.20484984804955
42.85072163237981
248.9564261080269
1.6843886870978144
-43.5952379352987
12.798317208555574
-29.37402146735367
-187.65735925282848
-6.452887709009901
-107.14204608101956
-51.64742578793819
-222.07426617392034
70.14831443248247
87.93365474722502
189.1793729548543
214.97147219935533
-107.91636878710443
-330.4442625579631
390.37849349436016
153.17546407411595
47.842923941156265
-166.4830301193178
216.2816672145663
29.302413368025586
-47.261543614476395
39.6184465770987
-217.50205051211407
-294.17286860396894
268.4627824831121
232.58806103059325
-72.82214949444038
-59.25485829799256
7.732453096089771
-24.32269867416385
-379.2680136192048
-200.36587813122514
-234.8093599802822
5.4772946098825654
8.141445112806222
-74.76755767915665
125.83762431252893
-368.65457156826767
196.43988057046144
-377.0565074811469
-545.6388853712342
19.587981255214245
50.851451111991864
-51.20049021534596
64.85497085847067
182.33563850821267
-38.93071371169612
-95.00574560165362
-38.44396287022156
-136.00882855501507
-47.62916632144994
97.11543927657786
-274.95708692325417
-144.06456213531587
-92.39845002977972
79.8391726532737
-178.2817143163662
104.76682165253476
-94.8233449054437
77.42916944376229
92.02477537199847
-15.373655331081796
-183.74316428647685
-157.2611801246018
-179.94230495399884
-45.078059895814135
-115.40561970240695
166.55470106164472
396.4356762244338
-24.363342373500494
288.0927897167281
-118.86059461662263
-41.99032530739476
37.84465744955388
79.92742629306403
250.0372353358606
140.8488898654611
-1.0138164121253042
98.47898819692105
131.37819690763178
168.29587234605725
192.2608542011574
-144.37848016083584
397.27828354193724
-57.91080378912091
209.46679557367568
120.75160991237965
173.97426595763812
-114.07036853065337
-101.53669978872291
-91.42715874428107
-29.03944760808424
-61.711612647075256
-58.88529385810746
-150.56141923503057
175.6090329833046
-26.110460530954384
162.60712169282039
69.9562792393038
-323.5852968589872
-116.95805298911472
-157.7519725769545
-171.36318132232114
-94.61116487772759
-340.5179738185859
-0.6051915147584412
-132.22604506363152
45.26346166233791
-57.200411116660206
-9.00545946575392
3.740577116444688
-147.8974642891475
168.72823190007782
-171.55252545627985
81.44836655237255
165.22714910266367
126.66163462749215
-200.167160845985
371.09285037070333
-404.01699957469395
-96.53650635278011
-76.25124917647734
255.95511725918306
-17.631239353568116
257.5585712334037
304.21187336613195
149.35383232588737
-200.28326535898663
504.71005744298617
-155.4256416587316
43.794333027332655
145.49307861492633
-107.49788959765934
44.20578018927906
-20.440565568136975
130.85894518119576
22.37372530159532
331.39742522055417
150.35436376682978
114.96482481537511
171.56301220524247
221.3597439595756
302.1934314891232
177.2160531254682
304.18492224969987
199.495106089882
-242.67988669636878
-236.823730425645
145.83868243307717
67.20754454291904
-26.250867457054962
141.0175441855977
40.13980380702291
185.1994661932852
-31.624517656486102
32.707066544764984
71.74370636577461
-3.4912187001809984
22.517635142907938
61.11932873664209
293.92650577958705
-140.02803804747302
86.59928156017446
-244.1890784961498
283.45786615938124
12.936139638993396
46.6638648874219
224.80568405559
79.29562343519656
179.7757732326693
34.63925168563559
-34.11007762032522
-160.26165385081194
3.8712404030597987
411.1128520502864
38.364635090685475
-81.39875432913134
6.820220612695202
-152.6368317673589
-15.341566024566154
-261.655556681974
14.677516293965297
276.86397851566954
81.30920160063974
213.5402956085166
-75.90009772451019
195.6943680750906
-176.1380799993195
106.98567746105977
-152.76928470710826
-103.46002355863125
188.26689824950643
187.56284681346034
157.47748369648133
-187.737730837013
-52.03022680594065
-379.14707227376687
128.27739326640284
214.80184107055405
244.72782103661376
-189.19272111214892
161.9342249251397
-32.379238790167555
-51.35787689413286
-25.156123800156557
224.75785042341292
143.47251304974944
120.40914896416709
-57.08005454255916
-8.303711986919966
116.66554761934677
87.81186515781505
-157.139159412313
126.38826907537191
-307.0487168862507
63.90569281417242
-4.0650720086922965
77.94374991718554
-129.05354556703287
-159.65871177033716
77.63950305928269
267.7219072375061
154.26155130079573
-0.39616470535970816
212.38716863287323
183.89094912251784
294.93039066276174
107.15528158038877
-65.99721245951184
88.55112114506485
40.3892560551573
288.5742588882684
-37.901461715367425
332.00805577947835
89.42043648829399
-171.30422555743417
-28.121178424558522
-85.5113958498442
-9.402835321047235
-34.077362070329706
68.86121549017561
239.34998555783204
-176.37791105666807
188.80758554985573
-240.635344009703
11.727034828152542
157.94541688243302
-203.68101280862604
-53.37179683811765
142.6384355898107
9.080407828823708
-195.28941269082742
48.99969976495008
43.92949918827033
477.9543825906886
96.42651535197137
-40.838250649742825
-76.10931862760157
80.73972966386177
-247.49960581740427
-500.5016227661094
123.25379399343569
-82.64386769242452
193.05659687363368
25.72130377147558
-329.3758449319202
161.36905508862355
-12.469499334971507
-187.23104584826427
-142.9428044207707
-95.41888459111865
-40.652341569706365
-121.54671166057092
112.46387273723221
9.302361845821455
-223.1172643308832
-186.62368989748344
134.66173320007684
-3.5655034521780404
217.12960312899693
-91.56490242541571
-164.99209157917093
57.47566100529435
107.64827629273692
55.845475311145194
270.9234426865243
-161.96673674846335
-179.63389631445142
95.0691197525252
-258.55246272250673
363.0847496027888
23.39099526281442
-65.72598655996971
-0.1938423733160235
119.8212962640396
167.28265090706503
191.88932531609888
-21.35985416135393
63.0502803592073
-117.7878598851781
-57.45028238644457
-182.05951147621752
213.47291326193508
55.35850430947536
-163.10418324708047
160.98543396303253
-154.72634307620464
241.2697264690386
-138.9379022385843
320.37412150507333
101.33406348915673
-163.21908253436126
-65.02387691440435
197.4672098648057
55.136207622979654
142.91957325621962
-76.99252155284243
-43.621809978365675
-175.90032720832747
166.18089284662696
8.668819804403865
-145.21231974257162
-109.14236562963981
95.17106897104854
-188.12833636998084
-141.537511040808
74.82996392643852
105.47607358442217
262.34694413771786
327.26736241240405
-206.82407582849046
-338.0109944366201
13.600798102179132
-120.088764026607
217.58103531923152
98.22315210065628
-254.9251983461644
38.90047834335585
-82.50348264261454
-13.528145797324965
243.4074783145632
-52.50628531519616
-145.56382384347148
-116.05682631666649
-169.06170546923357
-206.93578995508514
-22.237097687599594
197.8473203058139
-185.56157019389371
19.564373410608788
-11.617563697852766
240.32364366103215
-51.116134063760576
68.86920797805665
97.63203457930119
198.5084346575199
294.8823587454202
338.46765983219115
342.970798857433
11.089673586877282
271.47909335196067
-12.909657955718869
78.2467450991028
-2.038854169543065
175.87996875936457
-123.98432862480483
-193.8975563448119
225.9716318628151
-30.43591692265543
0.7658472997776491
29.953566082032403
-239.48312955382167
67.78746061738816
-159.28949469701934
214.7881345764707
-253.23703589002355
162.70619929436154
177.06115506657187
118.74308892533116
145.06734586068987
62.97927739906617
249.02434846964036
52.51075236542654
259.9380939839059
31.220320069627014
229.65980500073422
-12.087542856223626
266.0904476693766
-108.01993656107396
-14.2167219122753
-385.3106544299333
148.01634508531222
-231.28955650671085
-206.89201489035656
0.5104172033844301
-270.6680385146025
-63.752136064092504
532.4238661625978
192.33418426240507
-8.079845535341047
-47.094677107759004
19.533345426097892
-9.064651890995892
68.30554885103389
-228.2591707489853
-297.01840313235937
-47.706224378964194
-82.88481996523721
-195.42228764599705
2.21651669500726
164.96585925366705
-73.22700721099142
64.06294899089568
-50.24329499026794
309.81825203112817
-143.46717525905186
-31.822057395948306
-71.83843952075343
15.826393014726026
36.35409443412813
-381.6677948666921
-117.33018571296077
126.34020351401611
-157.4030185754444
-190.00448178352653
-74.87154076954579
-170.38104886331098
29.99583722611384
-63.39520224081169
15.147063207385687
-252.5926814422349
-154.28557347341103
-17.426371578714196
26.7379447032717
75.79547668627221
-31.13704084459165
-92.46034542413283
-231.66536231861448
-60.91303310163097
302.8956861778226
2.7865408244123433
53.653131319237325
-6.88965817460443
-181.92592706597654
-284.6582970562696
-259.48544062058176
-86.4744567134183
-99.6774217914018
-14.360909726601
192.06041929913303
-165.97346484470168
539.2765006532579
132.58868162368063
-20.986037508829924
-78.73502868205694
-60.077052652176896
-84.49974662254319
64.00189083421007
-0.14793798752507747
56.67923988603667
-31.84900048000396
-0.5806375025683033
177.5137491731568
-164.71497968665952
175.0720684385761
-23.85761423481042
-144.86109938653996
-70.92605353453433
61.60906668577965
-85.64064704023721
252.14637783770303
-240.23292633638908
243.72917395546128
-35.58646394323093
200.78742764462714
126.96590565826011
-235.97115902264034
-38.52766196436085
134.68985493180185
101.03456796067147
-145.63874089541656
-194.88993111858227
-112.74335117147949
-54.43312006104503
1.685975428072068
64.7537647645676
-229.42687030177453
96.91638163776574
270.85746320613106
-173.15819865321376
119.8990248551118
-41.94684448965427
77.39250988478996
-185.6255928947553
111.87361337015159
48.21511415800473
198.4090421011542
307.0540824948121
-52.876701882683214
-125.54476822374583
126.30954386784288
-489.77411643877525
-38.22416344687872
-184.42334884138216
72.1992560171673
-480.1628261520692
-33.171800965445975
162.4138279540344
14.586183058197372
-367.9805021060678
-46.63495967711842
104.09090854212351
100.59217607039523
-89.78538272847817
-152.7036479720129
120.65203502475185
45.14937961432511
123.54252279991654
263.36932238617953
4.474366150594715
374.2290504141449
-132.7245904205805
200.76540614249677
86.5492876813158
-14.314427883155638
56.29013290971993
-219.96798771864658
173.93484960982858
244.64602799112032
21.3617315612821
-285.86792767520967
-201.34874119598325
156.83488569816276
179.2708446171669
-375.14193214306533
202.30532212500395
-155.67140245355404
61.43322363014467
-61.144587970677264
84.7569985142209
-2.705796255750469
35.592090562502534
-125.88529393588496
45.72895060316358
242.8748427962777
-251.04684844726464
205.2771960356598
-204.2103300103977
-47.47675445627249
-337.1270440143794
33.71117590087126
313.7977465338307
-228.05058914957687
11.23272852612101
355.694373143003
92.47262747901301
-434.97083257395434
112.26044293141248
148.34906055572534
-309.6725630801769
-136.6308122631984
-127.37073873810625
-120.9837707087785
-253.76996847621655
-52.81250107339344
-7.847471312264327
265.69833815048787
197.92975396041112
-81.67006194196827
-78.11056485753126
-119.06583187737837
-12.646077814334625
-27.968258215132362
178.76705926775207
376.15347240110833
131.12677430888897
83.23950924851013
-10.419710820293394
-261.1225098616655
8.02534612873318
-108.65065397442643
318.3050119624377
93.65272697967868
-273.14308738496044
-112.40925278424191
-58.14653405049509
223.61625316700133
-128.03320651699875
-11.179088764527105
23.85234209988931
85.21834751059602
106.10815969112751
-76.07901403806126
32.98637223972348
144.66086158718744
33.53089847773782
-39.75703691502405
13.908722591450882
199.34651988500502
128.55094076168223
-82.73426463181295
120.88832990571576
20.998318248808808
-110.81972781544923
392.6557808223441
129.34762800138256
-166.4823188815508
9.676949449646296
-133.78255977749438
-32.849471515370986
118.49371123832121
-72.33367052175728
-88.08231955887992
-29.967110808578884
75.99839177603234
-118.7432469267731
-94.05031628255391
24.89502938690209
-176.65021943934985
-144.15762705618445
-2.8943166809318206
274.9445087851317
-67.42245126652344
-224.63600657702833
137.6289336227837
480.8782527940919
-12.105372410361191
-16.3620761738734
-69.14866063332543
-106.25494842789709
44.718097633498004
171.23220454331206
-41.49881869458279
21.35638956078126
434.70991087607814
-17.948639820831637
-15.774713460218692
128.29527508247827
-27.702158727098613
60.36121026166717
-204.97956739343817
-204.1298925857071
-131.6041076911691
-42.752856191303735
-43.92125270038661
132.5796118925099
151.80403045191753
-101.86290614807538
-53.9708690979031
40.42575130278854
-60.874954499718996
-98.31134795670047
-243.46054156613465
41.522296583622264
-293.3611733258639
-54.38635793295475
-2.828205318298423
-187.8458107602423
-61.61182810443538
300.20130493389394
288.107485439462
9.931753602589296
110.5671126836764
303.63151054249414
66.26348036469525
100.95550737334183
-57.46015763877271
207.18151835379246
74.45124102182734
121.35947321530098
89.19035606858387
55.018994223248676
-92.9939811633722
-94.39042911830636
-8.1809666198852
-6.1212023874167745
-334.1578594060991
192.8158441998549
-289.58731106387904
261.6217698349754
46.99677328658921
56.451214727024784
-317.5419731384691
-79.7456057267857
109.17524003160582
-17.70239679938423
-13.064937195857254
52.23195313320912
261.8700841539148
23.718944390743964
234.58441559531735
76.60991985095522
-37.493765731721375
187.87677697964386
114.42819898830726
-15.725667180749335
-151.06853265194354
-63.160261117413405
160.4505953714992
50.09783636548466
328.2749433197269
2.17740366997441
35.3580491727094
-216.75995688913343
-215.70762951913773
183.99404497375022
-173.4914329608611
373.2152061152721
-219.30768252817907
-129.95464225734017
150.57616739096397
201.13693799747904
-144.4936217649557
-221.0958320158339
-122.29441277896926
-191.47270587156768
102.92793380440699
-54.92310825774373
272.37089754709933
178.1814050558472
-243.4322851019223
223.10870305508124
59.94256497420757
1.1796692704045393
280.1612723662371
-176.017578085347
-91.3229758160418
153.98238855475964
-123.42005367228637
220.32570621956216
-59.266632428964805
237.36343607332304
80.44518784454482
-14.508448497217252
-312.4432602726356
-70.33842961652996
-195.3596046814079
-136.02682180522876
288.6801195383638
1.8440530475776238
293.2735830267256
214.148220106146
-345.22013332617394
15.128250144321946
-36.76183977598364
-300.9585566848191
83.13213052332087
-104.03776934708682
-148.77897789168753
145.24879705949593
65.0105319989805
91.25838418107867
-360.79167781060545
-199.4742792349366
171.05586558051527
-61.734004873624706
-179.93208139094241
-153.89816095526632
8.69910534719504
149.34434715702207
139.53016402662118
121.30289764051444
165.49317140760755
258.64836940518217
-37.48781634749266
96.83015604779231
16.32579272122319
-80.8271115800716
-181.31249217715325
-6.44334852302919
-186.96906975478763
-89.48693282653748
38.6725349450307
-127.1880353132443
-38.54149691643589
227.14382331965393
4.914609180232006
-6.3788910924618225
45.88483773353035
197.71874702180054
94.39148714316298
-113.61790830091049
312.21460065761954
-30.52840918130765
-87.43720305784439
-39.86393694101958
4.373158141040232
79.80884949603151
57.693695827743824
-215.90833790051602
-19.82560907521131
-173.63366484652178
-224.91901137565551
131.76386406398322
81.77335156330766
13.382060294427454
143.7654839182468
-100.25746167177559
106.97326198356699
-7.916417364715996
-10.419932319044664
-156.68662934412677
-241.9688097240157
72.62579680898477
-73.3223713223443
-161.8812974610333
-23.462009583643926
-97.3876113926148
-77.74072276335284
-145.81418674805028
-464.5663270841808
-112.00448359773173
198.7615804762518
-94.31978760705763
-182.29353014310925
218.53743167693196
15.899226963734245
-271.86113801349995
219.87408471750473
-305.87653773224514
175.3485887509918
-177.04717725998378
4.416432505459387
315.08592894656687
14.615383378798283
-75.75962309273565
-14.381083483056038
-61.38020897744334
-13.746167309670556
24.44720282730721
56.29768552292517
