22.857665773950522
22.991002183133126
85.75896668618314
5.125311366762289
-87.86838537903654
132.75148689425464
-0.49645929875970385
158.18881450303255
276.7123567002089
164.12045403699395
208.3179810909852
232.27601563705565
-18.45030520647469
-232.70713700572588
73.21981056057588
48.41007866206161
54.66663401261515
85.71829352387796
-46.52508437469757
-33.07873372097683
-57.420479166111086
-31.494085738820495
-25.573362801519227
49.989670938447404
17.10375828668461
-39.61503222461346
10.75057811074724
42.47257306407032
-0.9918915838607331
-101.6220678970204
29.931964632064716
-107.64792150120549
49.20927479655343
100.64411043996391
93.44865552559442
-95.10089149694134
43.22518668661036
-101.37789930800692
-6.083747379885679
7.247039169854763
-67.92076345230224
57.41571953829511
119.48611483869823
19.297510066095587
-83.06908713033596
-176.80918295765258
-157.4357219771247
-59.170416370515134
-58.75825533030944
41.52958860329479
73.07255103028047
123.50803848573015
-22.00429121591347
33.52129899872696
158.01475142073758
81.0503662145863
-31.481218969527923
-44.46475767273579
52.80602588683881
-59.7508058499536
172.91562068396672
65.89915900053464
-35.15995838384082
121.9973178059432
-65.68963713693677
72.82289595440375
71.85137199535646
-197.6089111581086
-108.67228709097606
-222.46393737867663
110.91030988183121
-197.14309971713934
-63.96255694331233
67.80773817705219
118.4036065077205
156.8285503793144
-125.99738065246662
31.753685841600923
201.71075891278127
38.49800540001643
38.126514145294664
49.379967957859684
61.367809137818355
24.31405122416714
-37.89415318440328
108.40654105226007
-87.05839520246823
133.20190195123513
115.25620374285039
140.45404220958574
77.88715303596514
-84.93460671851291
-92.53150182751946
126.55582623040038
32.57836065665269
-224.59637156201532
28.85411646549408
2.0329987786514616
-97.07365610955712
67.13425025645341
67.10201250839572
28.623485430008248
61.344419918967816
30.69109418439423
-50.149036984484496
154.19182245700526
-40.352504011705335
-122.39754748815548
15.66938754325724
-51.933487489963746
-166.21524631823726
-115.7888140228499
22.42128328455042
66.19395994574977
-41.05296517079489
22.86096042042219
311.522144248189
66.80600588140818
-8.747193948296061
-72.68350914764419
-91.91202257259945
-22.75424430667958
108.46117294202678
-305.6830990669905
40.345782401297505
190.47906449633723
95.04525940653772
107.85057416311605
57.20265339567671
32.21460075019138
145.99786340414485
76.4846623677603
176.28871316806877
23.727011848966544
-6.227713965023613
-18.435507600028878
36.24500114374174
11.498426066551392
-51.534572206225576
-208.7217461420285
-246.22322260963585
150.29546385559493
36.49560311935033
17.90379877220287
56.46733650583686
180.74925728675137
237.75400663131202
-77.8157159818582
-118.46710590746306
-138.27666056815139
-31.99677835536483
56.335005316601666
-11.863497935839236
-36.72580196821419
76.98435345706123
64.08867333022044
-136.5484625803614
-92.62607464962261
-28.553630963764835
14.711435522247145
127.21890662491137
44.698744201494165
-17.98485831121156
-29.817980534632643
26.829277160678078
-10.472778575401772
-55.0316097357863
189.66816421449036
58.17914296309994
39.59510966489334
-105.29387555537339
58.5513730029451
19.486474034251785
251.4711241604552
-42.66396018663273
177.12642231662392
-112.62845834122565
75.28736078754228
-13.471905246970032
-19.02446718107573
74.72607720033872
56.09593084126057
81.41054618987134
181.88884595787994
-56.74975749881476
-80.98994019481506
70.49219083546218
-4.93018791828944
-16.994192433400386
127.12439474122733
82.30020890865481
263.8501390633062
70.21144119523984
88.75202217500141
125.40594657744167
151.10185541996427
-76.05248877404593
36.421613293738204
29.19193243821502
-58.99421017361553
-133.23400086102023
4.556820659010544
10.02042381347615
41.511600591355325
144.30499206209262
-176.07272775726761
49.793232466050654
23.434848089721815
-138.6351742509716
31.98056405235753
-337.9416888514305
-194.09684731629443
70.10213083673429
8.444505619368744
228.2766991209107
45.708737271814634
-23.482872764880405
9.247482179547474
99.2072060233164
-14.10224416530211
4.892587554149178
-89.78487905965486
200.4671567348302
-96.92724702402187
54.42823939530943
30.493245806292222
143.9775014927692
87.25398332569485
131.05438160572996
-38.51702636357454
-32.72296171824118
61.94618021890325
213.29701021041473
31.895002570273817
-50.60645770398232
-55.70829148153243
7.492419668533152
-98.96812562220252
-68.9014361107626
200.21845445140573
-71.01177201473129
-76.772466982283
-89.99350895721663
-133.85116562688214
-196.97967011989107
-134.0816470326205
104.53684283325079
141.13843328291185
102.43962277744767
27.94798618462871
-60.30916540137164
-22.454022155187822
-41.69329277231967
-180.8649943886944
-116.30705357223714
127.31644790821815
-91.76014687410903
-103.45872873476098
-177.18148190989828
-69.73314708165826
-32.775269960088984
42.51649092822652
-46.86354841175821
248.99446684026958
78.05189529169976
72.34593673402453
222.3515226542753
278.56736415689323
35.36076546334462
110.51192353205897
148.35558451598243
52.95157554695695
34.129120427725844
45.52480829399449
136.95822454633281
-95.6972012007862
-27.701521638045193
-90.98111448051081
-41.68465509870412
-4.430110677599841
-74.08271160272162
-6.457635535002176
-150.8097500080289
-50.67659748957644
-119.70085281090732
-31.66934820640139
182.53734902541893
143.27830936509113
17.071315603523473
-33.92260517815141
-15.572702947631456
140.7250460505307
70.66987390018339
-36.11907398499122
-67.24997189416048
-148.35449174183867
114.959642723006
-29.397383224796492
-46.93684534391727
8.898207094651868
97.23929804539435
-28.80169471917194
-129.63304802089056
-175.04094227636384
-110.86171499115419
-65.3665970094991
35.20549694969319
3.4210100982999987
3.4399667313089104
-50.55162072384327
-112.82444087485416
7.2496227394704
-48.2084765451777
-17.174727734683334
-5.774324702153312
-61.31126044587056
10.100494771647615
123.23871568594102
-41.847482159369456
39.36603033818757
113.84706512301459
83.25488503864065
56.894260195658035
19.314274785814153
-124.58285837360795
55.97878151157306
-100.55886312431974
31.93261584523094
124.44359443218032
-44.499975741895014
-93.50167550755981
138.1595512029125
35.24852905845591
99.32510893499382
-38.8410295984079
-158.36691429228804
-71.41151558069302
-1.770746242008607
187.13975723783736
74.63480142115598
125.85175194741711
-74.4887891321688
24.82285367051983
212.61073469880515
-37.19056614276163
-106.33656567057182
50.27424942042433
-12.153394246950484
19.483313764168763
-169.92722330161962
-70.00368606619313
-98.75079201436377
33.546809842466914
222.29970330434017
109.72509467020097
-135.53840003693517
72.93310395988621
53.44088588542527
-27.721949512198954
-108.31831721531415
-72.4906907741795
-53.54217598433763
65.27213235322799
135.04135067942474
72.77751522591893
-1.1063953160600886
129.7194899728325
43.27709765113479
37.74608919453302
-219.27255574243787
82.08630178290304
-137.41499294578688
44.087231174754706
-106.52403266693824
-5.248016438774175
68.86664216951935
-31.82019464994929
67.89802908027701
29.901715469237015
-59.05158218080825
-3.072023942806888
-40.796827746368216
58.47504253061216
134.1591280060903
2.420551258455608
-10.658386574195845
88.2631175539777
-55.67861337400954
-49.643933960241064
32.203782452901365
-118.37494595757326
158.23449184461222
113.0267677641213
0.6418422096245568
119.75813023988414
19.392546342311167
-80.190146789824
77.40796855736365
-79.16803388905932
94.53086121347944
31.745610082332878
5.739539814579937
62.0519658610952
79.715188872708
-252.2320022162801
-13.945524948878807
-26.459645997535436
-70.94474917162138
161.9433262762816
74.47541129490654
-93.59785406455586
12.003317387730943
-23.670894313146164
158.29071370573905
-130.34747949668193
-92.72043448180447
-122.41236257460037
-12.247544687327498
57.09361361351508
100.14812391944187
-44.838914108637574
-21.404322920256593
16.399172877056802
-159.8102527349288
-129.29149104298438
-61.113837851713754
82.31513175041933
76.95329202858127
-35.480714114907634
-22.923476673066304
110.44451074720448
9.99448279824696
28.871936554872697
-64.7301207638008
23.32483940843642
-9.285022675155307
-2.3906005759762174
-133.85462742965726
-141.43633750896822
-47.33486063389854
-195.1806875721397
153.65146283761985
41.028559826021585
54.743476473969835
23.981965633732557
-0.9681862515113224
62.33437818337017
-56.64817404946385
56.50116030820999
-166.67347621911088
-46.948972796510134
-229.45521526182588
-5.689659895720052
-11.738797996736018
-156.02571305691768
-60.98782797802942
33.19736032172631
20.41481135478303
-41.69869132923036
133.78566048853497
39.905064691723034
-61.2709058877997
-42.20744537565003
-11.441484715711946
127.28947732452087
-136.05852406404495
-65.99030192848925
90.17603321459052
90.70488246213911
-71.11150293355117
-89.77752958584875
-20.610082707245514
22.98788414423184
-102.54899194374893
35.85001367431454
5.411556667668025
-256.9276055248076
32.56617791493976
-79.63428099479269
6.9968902115567655
44.22353608155776
57.30256994612784
-72.94026054155117
-9.450123033695473
-208.43290521799088
-195.2960337520887
-78.65961485369327
-171.43698012962577
18.813556239978418
-50.85544747091409
74.57797354288336
-75.83192926578066
183.1761171297916
101.24499215055621
30.858059505900645
-0.7234915651180596
143.66302797600176
92.71296627472674
-31.353078031596638
37.71521249801494
-30.411383772211124
-106.52744000585393
-26.36446517985231
87.78011496741351
146.99555638788476
-104.88311921117497
-116.74205678082566
93.03975249154033
-153.66339823881097
-15.888707176264015
-34.63256755873474
46.64302569444872
172.01774218635606
-28.870790289572447
3.2098521921737304
-5.638629720392324
51.664738272880044
77.59171156101608
146.47639968381262
88.43364334504028
37.61150380084685
-56.60649509642232
-68.16059742540013
59.15526175889613
-58.61446201926616
-153.83118356087988
-171.2762419257176
-90.32433123614616
-85.09270623916538
-35.214881437795405
15.09526672018401
-34.35848581277533
-8.406277486459096
36.564507996818925
47.62470391469065
-89.99060331023423
224.86870747577817
-83.51090260341988
-70.65497500382021
-159.55663219411858
-8.471073122191532
116.97647717471283
-26.958082486772483
187.55142395925398
19.264593454455195
99.48798908104816
80.47441856577487
125.22686695572342
126.59265524452658
-29.89590457368404
58.88124845665637
-85.41862855669126
9.98021245415796
61.24434560054875
-94.26252978423642
-11.356311498020176
-80.57001134941733
-37.15752285732568
113.6370326804407
-81.19774636827862
18.829108044795905
175.32335179775995
-70.71547032663464
-7.025381521269385
150.70306933950306
75.4933053880747
-144.163914570166
-26.1387625711413
-58.7837642571058
86.44544142709213
105.13575714542775
-110.29956669601124
-4.782648963315807
127.07842120446604
-36.66094240348084
25.694931264576123
7.843752724003954
59.78799207573296
121.69747811991046
165.5950613781244
-98.98892813730453
13.694952539968225
7.657838428279631
-23.585613159292592
75.99473410373864
94.57586926576172
-281.4160197844318
-80.62276714183825
-67.9503796546699
32.04617025114725
-85.81779918279234
-149.60914007704304
-293.78783116021566
115.04511700059625
-73.05811551469537
-11.128316186611439
-73.13891678582661
26.44019624516984
139.02673593165844
119.69094026424919
11.344320231195413
156.8139098268338
-81.57131201881114
-75.2005007748204
63.72960384192687
7.886024418353995
-280.20846632095066
65.59337840441984
-23.647827887419563
-4.75347898437753
-43.55698495408515
-382.78779577768864
-112.12172151763225
-125.82838873132235
-107.92290544331487
-69.93802830530042
106.4080871820349
-31.32752268240496
112.25888181063344
11.874989197890368
-138.61140125652622
-67.66785020751055
6.45740221456471
6.456416827937169
80.2847020068882
-27.366189145059007
86.64446278437434
-21.48738562468749
-33.556851159977775
-58.00002251928495
67.43348719965866
12.110104038780246
-0.02119445175065021
-151.20453868215165
-39.16526146981917
107.57085203111667
126.85886905606444
114.18026566087333
-24.154637421573028
64.78889190238137
-29.566512085958028
-36.84639413570849
-92.9866649483417
-107.06218531134687
-202.40134223679414
73.61242965884513
93.05788118160339
48.70476755493623
-30.353318775295673
-98.9401589022189
-78.96478947396929
114.5044962358876
57.796254576179116
-73.47612323500772
-48.41064583205838
-3.805797459915192
-59.77332457601663
128.0814276039059
-123.96345829737507
95.93368948489379
-79.24306372918437
-60.6514016058051
9.43733869664776
147.5602933367612
177.23015103298087
-49.71341201391916
139.00186166097902
-201.44590203791017
-158.50574399875123
-94.8549549930835
30.739825561927226
54.77101762842165
167.6244945272451
-45.79511336121674
-30.467439511059265
164.36119682529025
-23.745274379330915
44.67725415887161
13.748655132167318
63.900750480383756
176.49108370896772
-92.34068439242586
-5.469109698617931
224.2090289867799
-114.4877366826166
-9.46241539935433
82.00304627722285
-206.60711557101388
-92.58927028460552
153.81467763590274
-53.188530304785594
-34.324771434972725
-15.188081914996555
-71.2435814596525
48.02263584993971
79.59707051402408
-52.74946963321961
-58.973506673391384
-47.016024302887196
-203.58803049992142
-53.68238576741363
16.001358335785135
-98.33237285179821
-180.4920537543894
-36.08366852506102
33.16724845660413
39.05869161434002
-188.11817156235225
-189.07032542845388
-177.22212209066788
-52.57467958123563
136.18705888854683
-125.25269192133736
-49.84043853556872
-149.3375323691784
175.9808890517394
20.902414950059182
-10.083856129458725
-185.42036434626883
34.485730476893075
21.669232481574994
-139.15862434285052
-252.39167915337734
206.34549653397275
-45.75345492318461
4.496031794283406
4.2564295501068115
142.631446558228
16.315585763378333
-198.22492650633805
151.83278032711527
113.643897792414
88.31130580770922
-132.46044691503758
-70.0970604390292
-108.91268175851991
-97.24557367259527
21.295589122268748
72.02838044332552
26.912392399215932
115.10804596064094
-130.22297691014674
-36.83576942917515
-17.54200803221193
75.95158377012896
106.82461436687343
-301.81680452083083
49.23249624785129
-56.795540529334424
30.45498264711475
94.12376239014965
87.5336983508823
50.752231092578576
-132.17803266266458
37.805979129443465
7.372901546304055
-80.02859264029841
132.7160951929189
-33.90429414544842
67.86263043741393
17.595999945928313
-207.63365743170627
-56.964139831419594
111.26158968254089
112.13797722646814
255.79727158203008
-140.47285690147922
118.08701547819342
-106.95633526704512
-100.65638050382326
118.62942875551514
-44.24564994118583
-119.15067182829614
82.25032940506243
63.601786102252795
-119.17423828027334
-44.728340933674374
6.096586520594098
31.04106162824668
-127.62293574857023
-108.84663383227347
10.301229325905483
-45.791505474619775
22.747897846372112
10.652535151594677
86.05685206413936
22.956018466283712
85.94542803591673
73.47417138127527
51.78295065228128
-112.34869365414099
57.9398114067449
131.23219739519038
-251.78823119441785
-18.480200447567654
36.84968490078646
30.310807375026346
23.345654093851465
192.67345557648758
-14.498982051660036
-90.02812575072919
39.79867513365166
26.493254289483627
-4.884677389072539
146.7091874591066
58.85942583001335
-93.25431440606359
-148.2515955772121
52.32819839297654
8.389391148391404
-280.21986776654745
-4.826198876780603
27.304837687787188
39.060076762411086
48.338518823522904
-47.93091527761491
-47.38490851127692
-79.45248288051026
-85.78177147573142
-99.66920176255343
-67.44349736941335
-80.78945581946344
-68.61710205394299
-12.032270311343796
0.7589664904918112
75.7494238087405
-88.46888341405227
39.11005931776802
-167.89242609976304
190.44164168316183
7.742541510596596
113.61608571740513
44.14215996838891
-13.512347846452942
24.32135147135332
-76.29557499393145
-115.50278871825248
-33.67075207101652
111.49251349066256
-89.31971012457844
57.77508390938182
-173.73079669037185
-173.36689465152048
-74.16143540596194
-61.79458788342598
-11.856621570614653
-131.19562961608142
-56.59745964849261
-26.157362598574384
-88.02630168965588
-200.98987821198045
-125.55327563788079
54.93158859990222
186.85170172791467
124.06450744565453
-120.42797174650735
-141.3746329680422
-110.05050097804151
-48.578285715563524
74.58706769738427
-63.379657088378394
-107.46475052368727
-94.72448870862898
-31.50033186110998
188.38693149480255
-17.30534151698457
71.61975693908285
-54.18240541801532
-59.31742333762906
35.361110108508996
90.85039392936747
102.78100030188673
-185.12816091591534
40.71199249602981
-34.6513992189856
-66.31954595588658
-87.52017638770148
-93.53786346717595
-36.14000730974841
201.4544539955838
-22.986648631739005
-149.37951558699444
-67.64728223499485
11.917173871826387
-69.31748330562345
-82.21273567283838
30.05551913428321
-203.2751595184583
-72.54607068143338
-154.42163130740124
97.36191333008145
96.7487117207067
-141.17451594495165
-27.376724370189915
9.549576868507254
-3.702827804586892
2.6610643944538976
-21.84177869135671
-27.096167206697725
3.575599322740806
-46.54492170406838
103.85551010433258
34.94473195849266
-64.45211984436011
288.9426523902571
-44.095305464468474
-100.73196956763955
-74.78945817283854
70.41747136390529
127.32941930687814
101.41607397437781
-156.88188839918683
-226.79233549565944
-119.15361052394266
43.40494697206016
12.440872568268313
31.20678521094396
0.04716766303013348
118.44738676805511
60.55984379845096
73.40311840167693
49.35351226867384
-93.67325626635204
-55.68150997752798
-50.03033545078308
-141.95139549204296
178.6506836254441
107.56736256995566
57.570407354919325
32.48698297565806
52.00545135201605
-206.32165625098196
-17.937534150768897
57.4135344838804
43.8659704042019
-18.47907548760601
-73.15019719574873
202.9305770570298
90.15340945372246
39.135689149836324
-199.25586140422288
57.78632317915258
119.8332950994573
-42.991401682402184
6.896615799218524
82.91107958249913
100.49214975483403
125.78048026112388
120.1156665440069
101.61451178438817
-11.324881833403198
-187.73140680182723
-175.23102786803432
25.32241109041537
51.110952989251196
139.91080284119147
108.69616650681219
159.0423801809334
-30.38015359403712
-72.86458340888225
-129.25553246955502
2.2107199263534043
65.09583963886884
89.78532645502129
108.03782282648362
7.119684369393177
-5.3189362574187795
-49.99661222395027
-56.385966879907805
-26.192831912561523
-197.04928066918023
3.9352276308431167
41.69169282406753
-228.823483293581
47.139914562633
32.00447557334218
-18.885069725456184
38.48451591550716
82.58296464085892
70.60042704198798
164.59859541005866
20.235232128858584
-10.8965709790329
106.61125153409097
212.50455152476908
35.58628017569399
-46.24854818731484
76.65069207698237
44.99542370593913
-156.28309742601144
176.92409227004674
32.97666928167653
12.588393557335662
82.0441377074673
56.93015594341392
-101.22103969551337
-227.49313789130593
12.904146362250602
-75.52383466599055
-31.34638663789461
