19.804998198470383
22.52930025271539
21.148765380860834
-1.8607085052993022
-296.7384586960574
20.30040047572625
140.80786968085818
142.6341169301521
162.92642796403445
114.61590860857201
135.86630538649624
195.13001174808863
103.77745062432832
57.505239339612125
-230.16034268472228
210.3879727146341
-96.84663988995884
-181.59089914115975
35.63003942455816
298.719354843469
22.104517401011794
52.03696918077885
107.70607566695092
-29.80773323771411
-111.21108179950325
13.259391220494592
-145.67885083799737
236.03711023325164
-135.41135230423498
-2.091118093911351
-318.0302907087792
-196.4479146633695
-66.29521918398255
198.6699514128905
-203.51382371365082
-93.60183059614864
128.8161081334368
-210.5262939961973
207.09386812604453
-151.43119150717158
207.13160678117126
277.03179459107247
-52.68620056003183
257.1795451495631
-120.7883822933813
-91.42085073614358
-37.39137062770993
-108.71833549044553
39.158072795079775
-266.3002922752448
95.35709521106608
160.88255997283784
228.47233388689594
-79.3832150231382
-111.62926274633553
69.3963525154181
-25.51272173489154
-311.90448003773156
220.14530135257596
79.42381791963558
2.875903838665922
-80.2349934357223
-44.918194105729626
-41.47147107909504
53.75403756203163
223.0657651815979
149.46422329827146
-37.37130616621555
124.05256780979016
219.5866764896626
-61.32613576434528
69.70448626104844
-2.280594165420563
-80.8087126263262
-84.47085106723681
183.33178795672063
88.10230328814107
17.68511302469546
464.2099536134316
247.1388564811823
-119.56342882404685
-73.69495699328935
247.52973109904664
39.16171812153447
80.97788560418829
-25.76179438921095
-55.69183954207281
-52.23297534995677
44.41522445299431
-7.0828108072864655
-126.79687625044481
-255.0239305582767
-69.8726898067744
259.8411009274229
-53.407939657754156
14.854925240520405
-1.5434648356406326
82.03886374800874
-39.63065907000271
91.54507102442923
48.62716306177137
248.10799890841838
17.822390781924987
-85.15697151794998
69.85992643784279
164.02719474965429
261.9521734081387
165.57267081074903
-21.83736594933931
-13.77763952792112
264.3138998638274
12.695532579666102
-80.61340371701161
-106.3550718130764
35.44287939967674
95.80515573332008
-27.110583616422733
122.23362402308474
-35.12155142225067
74.47408885540054
-145.15989168427603
119.28282766262214
-15.07083034526237
62.39558761540392
67.29117775294847
-163.86199502562638
73.06673035154263
134.2241413588782
-64.68710710474836
28.590863784975294
7.579639630801232
-96.9372157449643
-39.265204060871994
-122.37849792116222
-217.87783256189203
-56.49454504476305
18.167762662379005
-124.03816546772558
109.66531225276593
102.08277945261018
150.21490369709005
6.742198310861481
14.541543351143865
100.94346704171716
58.75528620694968
-15.214528232536844
51.21418054845387
173.38188286177112
-125.53172462816225
-4.284851723596995
65.15152687204854
-199.19204427878495
107.05541309971173
-134.0921135598983
251.96901471320496
19.972900533678096
11.940192137160512
122.83715373855681
241.16618977437832
-156.49629879326608
49.067402702302
-113.2959005155753
78.55283278462267
-118.90131162168328
131.51372605408798
105.67315662785454
154.7316196839868
-59.62632442855915
99.90829465955719
-115.16621449734792
115.25209908100285
40.14789346934965
43.80485745293071
-155.23589181350508
127.0526723951542
-128.51432916374168
163.3821897393814
119.32572923958949
-177.01777108346425
1.3478082147145853
36.61819936460057
-26.19529862332158
-138.1810740417705
-38.02363907940196
64.82276386899409
90.48107879057963
-212.39651130897946
11.482272028614165
139.07303245784198
120.89388275452502
141.06412504615855
-120.50000856667934
-71.73703198590943
-49.008809769757
-65.83422364044344
-172.72771601671994
-25.896330493872096
-178.14642327351643
293.74233753923517
-137.35222054518428
181.2354649230694
-79.12930098467827
-280.34465147069454
74.4927025754034
31.359138742851922
-213.7208852260056
174.20155747727296
-38.967838364810376
-10.153949939745432
174.21032019738564
-49.39681315811605
74.83036806935216
148.68472686094805
-21.159424616843214
230.8271666552859
-69.65639000156614
126.48939374299329
-142.506486565569
82.69191624885569
-181.29529039275639
-69.28361946765287
90.80893514214063
-29.46434634899622
-22.85387293202596
42.51883865267028
-70.96653519406047
-35.679082840887645
-35.093229785452856
-73.12710037559192
40.89526621945073
23.817618904252985
-59.88305442491199
92.89426948131829
-269.3093419397166
207.0169375178193
31.79033172178292
-62.1574277715864
6.765287479480982
-71.11424649131243
-39.523090533632676
-152.14607589719617
-36.663844762703974
49.3615876217691
66.3332898905885
122.29625977852918
217.65972402167458
24.843218176923926
8.156544862010694
227.30246410067443
-57.80574764057375
64.45820490078712
112.13691235648771
-130.01331611547636
105.28718659935046
-71.91698957523386
-11.546248483341424
163.0763447790024
73.72687408270619
-74.79503446279737
-67.9320296456239
23.214019999592256
38.0526456442471
22.935737655866944
-101.79338203391579
16.616098634698666
-123.86020719680906
-7.629442245247258
-1.147834812360296
-58.69098007315382
-19.61579815203199
130.12314080782596
193.49512132314024
-81.30365814758174
13.640824060658753
57.43053260069023
170.39691583973016
59.7179687779571
68.85256161006491
-41.75367532365416
27.12025531152339
146.54657885996582
83.7789106280425
27.77904372742177
-25.7156506206212
-181.9967325121678
93.8300442942
-170.03885830046707
113.20074018055527
126.79294745506176
84.42193362644716
-119.91621277520717
-65.77641865196804
-25.042082352457953
-153.61334531892294
-222.14675351069556
84.39810974317622
204.56799417997473
11.719841209852092
160.3908184276366
-20.806469282174174
142.44064702464885
-99.2041435758432
75.9136828004183
-81.06943198172439
213.67715062965692
143.7523095347148
60.19331044047277
21.890292247703854
-71.903384538388
47.42508383850711
-166.08503250505905
204.6972403076851
-132.6304431948211
-29.527419090820878
11.583451154177023
-99.97063233575922
-225.01008607980194
-9.726390267925812
215.67353123780148
212.35143724281116
9.300257206449146
-78.98299822977671
-107.62298583776128
-95.68059908913928
-46.79249419070336
141.82582023859132
148.51576746632554
104.07283408113567
-98.4227524279241
65.6742275255561
-51.67126737976065
-169.72187570705967
47.08774304895176
41.19377388806603
-196.14420803050828
6.984330238697863
-168.83867329444348
-205.75291564707416
44.836260540819936
-392.3637824156629
16.144345467022468
80.42712809865154
104.34825367260406
216.77724245493263
23.05063186305917
214.5837060971885
-223.3033844015961
-17.0841702692959
-231.27909754537887
113.98676998488564
-148.04146326050605
113.30860906392849
241.00952366898082
119.65025144309445
112.46096724936446
62.99540563436015
75.21509659621687
20.81988715193593
209.95161353103816
277.9646567507944
-103.3418804231295
202.60097453152898
10.492765822416253
107.4639354387349
-80.54945961329561
14.434435264448705
184.25148491792655
-190.16284717165283
20.68883737944858
-93.14831862398823
-0.5076115707169855
-276.29007658244404
-254.81315885126222
59.15550011591481
129.27337668838
-130.46734778109808
-153.11209162741304
-232.4408255267312
-168.51174185947244
50.77008537478499
106.13728183705071
31.95008031410178
-42.19499350777442
260.3583310930485
168.06060334512455
-34.504990816685606
4.8240846744419255
61.27811817417714
16.19270953079318
-51.99595505109784
-52.27343885897941
126.81457618149831
282.062705984826
131.75839069168651
316.94614234194114
27.368186348809193
-29.471004890713534
-140.0081606205832
-208.94749079536322
-366.86137215763506
-170.16165471258176
195.83436866760277
291.5716367821654
-159.30428501949393
-73.2535202441575
-41.01314856338768
100.36346187023436
183.4168231493049
-178.6364603234084
-96.49316932872505
-9.689374935559695
36.59968190800586
-62.26101075605295
-158.44020677100588
87.56452061384411
-54.38404840004492
-75.01352119472955
-43.79597717564321
20.62693614222843
-148.51128750594359
-147.98687511945906
-32.34078387087141
-91.13921097554959
127.22741020552169
-44.516117199061846
-232.09912410447345
-154.98892966553163
-106.61755773252771
-18.28712790864441
60.38443594547059
-159.1236966106107
89.01768255307917
-298.61504565763414
344.9966064689754
-144.64073464762166
-154.09098082903083
282.61222512374377
-57.28895138710185
169.39977384661609
50.59636802719374
-93.04473756425523
-105.0178244997925
-195.67955413967843
-158.23216331894747
9.15606881970879
102.2734095033012
426.79797088824375
158.16242916932518
230.8227387689268
-16.455177084427667
154.8074349777146
160.66534665237197
-24.236918393174502
125.90375771840895
-117.11809940010099
-217.01875455860556
194.54689481159195
-64.61146120956901
-20.295296879311348
-96.0746999078793
-60.50458843466875
198.80509387982949
-160.5190885490279
37.969285815916294
-32.9172840296913
111.59590775868158
89.82445416699905
107.17805002692606
-277.5221246430096
-46.059069630454395
-73.00786805640737
198.52895127848876
-35.56308164234812
190.24813808952075
109.21231196571308
300.8752436734176
98.21234451130182
19.54581482840542
-387.0473693874091
-76.73771503010535
41.544674354054386
50.45479229854305
-277.214430462642
-164.39805683455174
-125.3796985396648
-389.34192812724103
25.021224616403707
51.87288328541057
-139.61273716921335
94.75308888069299
190.70912398378894
263.0616624554518
3.2247517768042
77.72279278758671
36.811762796145715
227.9543015682664
-11.06775233635778
-10.558882377726368
95.80012941940561
299.185964791771
140.4098749968232
174.08081270026887
-201.56952134581465
125.14055965204264
232.5518548668673
287.9521927396433
136.98018277149066
24.944491116195532
-47.10977490948532
216.45499042191324
-77.11989338268363
-225.71394124039915
71.83652702672103
96.89353594228511
274.5756727787792
229.9604796263872
-95.86875644863584
129.82724115428394
-52.329175045966835
-229.3964515193467
-114.98263593435288
-37.96971737142581
179.48877350222514
-7.453614995426353
37.0368277827582
-34.644948117821905
-139.6952753562849
-41.56532844090613
4.732393734014813
-234.84267928144513
-76.96811402984619
5.752058934197258
113.50619275261023
250.33094722031413
-111.2695109689929
19.29935552190545
-22.81357632419766
64.00105393588225
76.4190547846975
224.41384970557237
-12.876768148920114
124.55624274803529
171.14360238118516
-54.62811065505822
-12.948497066989592
-127.00999466857125
-177.47692003077816
-47.57575364499232
222.17068501640017
-124.00612790014685
-32.050669241450805
0.23817588650648047
89.86141940738277
-171.38816908796304
76.063863366551
-9.415977081207094
11.24666869935776
167.18255548759697
-15.305874343591839
159.81116602150658
236.84288853909607
34.17491566995506
230.08036157999297
-72.51316989595279
-229.62184346031384
363.223646104642
-22.47300764324642
191.91477199874072
-248.96011159846176
125.96057265285006
139.8115321496984
-337.1685690190615
10.109145721731576
-32.17277402976341
94.01499422144367
8.452063130970533
150.33981492363444
140.40466657386295
223.484852904817
6.440912881325297
-62.25211714251144
99.51833328467242
-139.1253508352553
143.11756749418856
-16.883956235643755
104.06283428947127
161.23366034779747
-67.29170814607726
-80.60694111551459
-198.21298547086954
-54.617006599305725
148.75169260645873
-7.766229015540329
-188.2988474248192
36.13997723659627
-31.89819827816063
256.61853681292854
152.66787331002377
-118.3207265140866
123.22230610543916
-10.195239719042204
126.22357322961936
32.99586186990811
61.08821578344221
34.425861653974366
-66.79188371470823
-135.73930800163987
-61.58266381945531
-242.867503890687
-48.7985779674331
100.19727487800377
37.221969372618815
-156.56699876346948
21.298471624138145
189.27073206121116
174.03585760895356
106.06293786609432
34.27513491701646
-62.305235985124185
-91.24808944151837
-50.64873045115018
61.68455487279185
77.58567757627802
-90.42347568269767
-173.28621280465217
203.18125674511654
198.49863128400997
65.659528850772
11.267826342623767
66.75173580612099
-182.05547468784138
-155.6725198611318
-216.3831051001877
291.56241410081765
71.43039258723935
142.10252036525966
-70.43346174775563
-38.6787874970259
-77.62051907370935
-240.6374749770817
112.10195891044081
129.91219696712972
-124.82496961699863
-211.38091350263204
-220.6496668057125
181.45464186897715
115.66545794303555
-201.92040311505394
-46.99214086078716
358.11212455684444
-39.403394032992026
99.5120157377537
112.18658460186862
1.553680201074134
-242.40395451478295
59.26537677332426
-416.86766434309584
-17.782072540468977
125.74363764657132
5.454365377268935
-67.36051075540881
-47.925615880258405
-112.89662107812175
189.29373939297028
-65.65682728593582
-122.84988179582142
-217.87699304002103
59.89369828224728
-3.9492514689525255
-74.68306356003838
-195.21046569784184
-29.05760803984134
-83.70891355501783
-51.328175976736276
-183.4108214601904
103.67902119040363
41.9876709711167
-241.29476594823643
130.260918556091
72.94141316924241
-46.3087186367233
91.31589597382992
75.86376949611942
-65.02944569570661
106.55877481823207
26.573426262565356
-128.6319597991315
100.91146760608697
122.31408729517294
-16.98808407566943
-24.930341823429476
37.90094655349349
-51.21324053615059
-128.98012276674763
114.4519208549132
153.43938737689027
37.1733201010623
-56.55036676770001
130.442907120797
-101.47918886126752
102.84199346112567
115.82361760804643
-99.42354366070167
-200.25059756845957
212.97654663311963
7.384830603420772
-273.91251195790574
2.8590878095409185
58.76947896769104
155.80944473116477
-87.81471213603848
-126.50187032795786
118.96048689307793
-58.419451038123924
-88.43632972598677
57.530517186761564
278.7866262513371
-274.2816426220502
-133.73797738099304
-176.00268598099433
-87.60285110761409
-31.60626315893762
91.01933117661255
109.50676758129354
34.61821931442106
97.97065905165755
-116.68433721223447
-130.584782480792
90.86410105792456
-80.73546049681818
-66.80633558241523
-191.7801247213545
-79.88758649226986
-259.9687931282493
40.94752291257454
46.718527939239706
-77.99527648019358
-72.47862790762106
-64.79936467971282
63.30317638005132
-92.84291944271324
-80.52763722562764
-9.19137288290758
-28.91632976872593
104.45011515848773
-58.17511370382942
-100.86183932798005
-103.31275407243804
144.77069983829753
-142.81401487218028
-223.52246010397525
-194.359112012548
13.880613137431288
44.855328476834885
100.61045534084292
90.71784319993112
-190.06729652283303
71.49851112133071
160.60776183791754
272.5458245757027
-88.7768700926036
80.16786187049719
56.5393499728278
6.847094468838636
-29.79063039637939
-93.49099124819499
-255.63570400534476
83.09016870508438
67.68361056806314
-114.30193877973863
116.67186428357302
-1.4290916376675553
-22.300580045254552
-9.108205199688957
78.79930775752611
41.900578470027895
239.86376581850718
-188.8998349050907
-51.91323269739952
163.38499976211605
-105.46047538563981
74.86490113720629
124.34817719046723
-73.0866970140937
-91.30072106078609
288.83111818879405
-214.49384962945655
-119.49912619538202
-24.900187033044826
323.7551576546821
116.69043206794241
21.48680800233442
-139.6458627719172
-128.02498955042978
87.55342367700811
61.92317762272538
111.92685184163494
82.80917112198215
18.905921944057138
150.16097102264405
23.495879344915913
-76.54144563461489
-121.57334873607263
58.04237799402701
14.889686015730428
-74.7800034987463
-130.58441803580777
191.22686597524367
-28.972514859669204
124.98584963699906
-25.979476538538556
149.2620360072762
-6.268410888486965
-129.1325376065388
58.1424126452678
139.09209681476364
-54.17024149184102
-186.11360192409478
-8.29626552625303
175.56392532485194
247.47805472358192
152.66916222048104
97.99228775533466
-49.31200881350873
92.50357170245017
-56.81721399893053
-124.31378152532942
-24.669826421470006
43.65742032619481
192.04410174941458
105.54967798717011
42.3649267290892
30.24672218472606
136.24072231844846
19.09001112424067
-23.45593259680271
33.25195504196287
-83.77972899594963
285.92099067786506
40.69261115110699
-109.43566480777193
17.869815918640835
156.6441744330923
-158.68556414911856
-171.5645858909777
-16.894318829099692
-160.49505754270245
-13.495957305720289
-109.6880006346791
41.992320334938164
56.03219574327308
76.95405678303977
-211.52930522565413
-61.56097661996019
-133.45664671144158
71.22518528150985
-143.2350429684514
34.64918870528091
-110.81249039785143
-81.18156381236176
-107.31953018588541
190.06527257014986
-296.8992183617209
101.8846748187785
-17.1928282245788
-61.21346079820301
154.48896533749323
-64.45066166173861
22.634379439124356
89.85770560645862
11.323640635751698
153.7618978033296
55.83887042961821
-93.12523632190042
-6.559327007329051
300.18501552071496
125.35161022527873
21.344405126347663
-289.69073304597765
-140.14098127089207
157.85412832510556
-276.0260012495092
-179.15313069098855
-154.13134207207582
-86.8491412367402
85.84980014706625
-270.35559267177024
-169.8954876857803
-6.568465448101455
-35.49108311042357
162.66900693678468
72.59936771190152
67.9041331291112
-35.263479773835414
-16.092355121782973
-3.1140051634769157
186.61794527078177
-13.760332932346119
76.00350080386112
85.17884630575776
30.772282209338034
-15.853518481702508
22.221567797517874
174.05130904966464
26.032527999153643
-55.90830854372993
182.43869011404624
-0.7133215511059734
-201.4358925821775
-66.95406610946945
-23.713196187451107
72.72226645063296
-75.59566245528688
44.11268547059108
-49.25883853355161
197.79516595597582
117.93369191448454
-225.2432920979405
-166.85062841119796
48.56551113465104
-241.4197173565235
218.81359068147177
-51.756068532416236
-9.4017431685674
-223.25076724535583
-246.2710059412492
-171.8094008684871
-160.47929510973333
135.1271439597582
60.39589204026176
35.85399857416125
-295.95874169309485
201.25996328363425
39.30350370022451
-43.7327588502793
-75.55425440094983
94.5154441052548
6.051467034114689
-20.40036356058903
184.86173558921612
-8.938941781220835
-16.59081749630091
-47.31473169707777
-154.49595874003165
85.69226209042996
-56.84492681007226
111.09239783906699
110.7840562934166
-404.2750766686015
219.6809235184979
-94.47685825658886
-127.78301078491978
-71.3217226920385
166.7969049392756
-63.3545862196563
76.36932852569151
35.45749515945676
-15.45090225070712
-133.5295353835644
-15.86669184599372
70.77639850401077
4.172556747442744
213.4189657547729
-105.27306475750714
86.8710130440259
-117.295939619037
-125.47480896714839
36.6998549993173
230.0810032415011
53.908812047674495
46.0194951048934
33.09170350719903
52.57409652827597
-283.5660469014325
184.4180422909551
-82.49173416910234
-83.55505284909636
259.98018797295435
18.789856896585526
-47.2658467370065
-98.49178945902815
249.87849977505022
-21.286092614262454
114.21712533185568
39.42058984622764
-86.83325997536704
-126.79249525640405
101.87499456076544
-11.021836129109706
57.825025739677955
-70.61327666763628
362.43529062551744
63.13036718109983
167.3246098444423
175.4644489347784
-161.61054418164412
110.86891579796298
-58.74173878671192
54.12359918947296
-56.52759781919103
