-87.82434397734283
126.79125058369927
-64.02818392316306
262.134141243843
-157.6235460481124
-166.65343001175836
-103.49912657881794
273.93352596794455
61.05096288633516
-203.12169570815075
-63.904537540086004
48.09356515932891
141.7582198639325
78.07149802527898
73.07498942347006
24.533300201258474
143.25335898831898
83.21800664528745
80.71567759479487
-45.14429503739261
79.44315574960447
119.96438000820508
85.8164292365486
54.51656649899985
120.72366912229236
133.80610969127477
-123.91069200888604
64.71711575128195
-4.259067157562023
6.4154001521520945
-183.070855537747
126.33698502469896
-174.50701526547508
163.12875537342705
171.46272692688373
211.38184547294802
-115.85097690011763
5.232857076225443
-13.602214154682656
-45.42232117055725
2.1588541214084844
84.08451030074625
-35.17532124431581
-79.48703107983972
-205.49194463822954
181.16051140055683
60.68886946707519
-86.14872516985174
-231.46508594907795
-78.35341939269016
76.73691247435195
-174.7629029566327
176.70822234459092
136.04345146654958
-204.3165944574128
-139.55696726631766
115.7507931377235
-86.31414500819726
19.22914541363545
19.891878180607772
85.95440560238833
15.58090582590328
-106.69107485222256
161.03525429228853
373.038585835684
-160.9208828657629
110.3665568165371
29.255289932444086
144.12401212230932
81.3831686436925
-57.31911660617529
31.131089257085495
24.530324003803873
-134.99599979344708
11.66355663891103
182.34032710525568
-150.4118628759926
-86.69793769111817
-1.719540549861979
24.107214411869386
-163.5057688904712
-7.049936563633839
-58.383723182318846
-121.79562850105488
-88.69673531886586
-6.178956884325483
144.0855609629458
-203.64921166554453
104.13248584297904
-215.41443938173168
120.10133332381116
39.38506786697237
-51.42290055899705
74.96639240386246
28.879282058053118
-2.4974857243778272
217.59222119027348
97.82757245700452
103.08540766703557
-62.76286038170662
123.68181364288873
116.64405472902186
116.04423667206268
134.46208681024342
64.89593706723794
59.33283556122964
-34.58639555335946
52.835589336362325
95.73338956055713
170.45668057747864
89.43698375403363
138.94235590830297
195.26888929666723
-194.20495347144708
73.4418619405145
290.11073309937575
19.266608278181906
83.9047369360737
170.22806806984772
-54.01804549511109
36.12102911844218
42.037925190333496
2.586772351556748
281.19149067187095
58.66521907652711
354.68844900918805
-43.75607923506887
162.7311366945865
-152.51755028101505
-64.76675733783505
-53.50689614957461
117.14153536836952
209.48276858354433
71.26732292173695
163.4450668233347
123.72122762659289
-59.66878881623258
42.71784346263896
18.950273225804548
198.9295183523927
150.92678268401082
-43.89307857532579
174.4353944078492
-327.2151788595162
105.67172962734422
112.19542474934497
-21.139527600497228
107.7691419680552
62.27213072613224
117.89945759411663
-2.6023684759971553
-63.51811530993193
135.50520404159462
-131.5289912189451
161.579308971597
-115.3809902671117
-87.81103734833874
-269.57836414856894
24.236136812819534
68.30689743573406
-70.33162393076742
-19.4478905232403
81.25094399293609
-267.0300005302462
-175.37342096785082
71.3000152916164
-109.48204872131733
-168.8023994563417
-250.4363475357703
258.8167092201456
-128.93427428731496
223.91576008272816
279.7492959705141
-203.0062377106765
11.840898119760608
-19.659454600537398
155.79321004611367
132.4624621327139
93.4857512896615
-218.59240575272088
165.18162171985574
385.00773773153685
44.09629504048362
63.373028088551706
-182.1876263462314
132.30135943559802
-319.0794868792671
198.26964557564128
-164.69826551948813
124.96711859853093
62.30153141337725
118.38480985045295
9.146931569270304
-247.81173633774182
84.9118059529008
-130.0176357354895
-99.86279339757928
20.78486419232413
-42.82713646976705
-111.36408629421587
-198.29580064931287
-122.38947906677268
3.117003377300002
112.24295821775883
4.349913898328779
-51.14384196836314
-221.37448304081974
-64.46584847222213
248.24327806865912
-187.23637958133148
238.66735153640664
-495.70924025840424
101.03542808074282
255.4078834512793
-58.516050570677166
156.09475435745586
-76.99296366814559
-139.60266177810874
-306.4550093799657
40.03311200871514
189.39606080533332
208.0936257447559
32.59134370451782
-157.9150260542983
46.982771362773434
-103.41017488617972
187.69386357500613
127.60223188515025
158.55931474785157
47.70084501885513
25.99644806564642
210.31892472160047
220.07592461651146
-58.32042272105436
59.13104845262487
-90.89762109020668
9.023661603821097
9.613572337644532
-35.31255554181813
-136.52203185315685
31.415612426851744
288.4314954969676
95.71344122949849
274.2888205442192
321.8293884614752
36.17862526077729
-115.53243377877729
91.0723823430875
351.4949476398393
-35.59403217593734
263.33938366188573
-6.391075627282036
-12.508561508974754
-31.453918832467018
126.03145193689345
-125.39263460076438
-104.47961400452981
154.49230112847488
-80.62076695502516
-77.63221288612984
-221.28488293101367
27.813048787606206
-110.73033336654721
-168.7653502313342
-61.59110392609305
-135.90586430530354
-39.606983020484925
142.94921886524705
166.38812493387005
253.15133399619864
110.20468157867374
-43.10894854337333
-88.87641212920175
89.24437975164592
-57.08381833298036
-216.3937014789922
190.6709411654632
-116.03359174203256
240.93227776852913
152.33775188093207
-4.650524006665222
63.37211391466521
-61.54205954340608
-35.62178567983908
-121.86245862878995
-29.21946728524621
-30.912387508200222
315.7112033429854
-45.82589122572624
25.051022759119622
-48.192731882752824
-11.601147474796619
136.85378684521095
-58.37118503964441
-135.65889868071645
-75.34731490888933
228.8695971065849
-50.58597566005794
30.046653684202255
140.76428830228303
-128.4425630291467
75.67967146823179
119.16953311349955
15.905327496908818
-150.392743372823
-102.71154880217942
299.3265324143116
181.77821229375576
114.76443038301103
119.36925336802474
-43.329247562174835
122.20624075912747
67.3768761589006
-32.517108049586994
-97.69655259394918
197.26471745289874
67.58831745324436
-158.40604515939373
99.68565059281639
-66.02580423550756
-127.4855840034328
106.33120993673258
-94.5214116384099
194.99439122575188
162.67321063317445
-106.65692122416888
62.18820751046783
-126.8095529395518
33.85375899318354
-78.50077647424926
211.65390673339272
67.84570120442719
42.63136131823361
-343.72968130886795
-244.11719685134355
120.1238186040154
126.6601130781357
-74.0442100799199
164.90979595712963
171.1368799519064
185.52763532065234
130.16384792128477
-40.944945898838036
167.55605524189656
-2.7209552693611037
-37.39695416090407
249.85847238790055
-145.6804050352666
26.706038088741675
33.153318175407065
-32.446350616966164
93.81050193183833
-133.38130223882152
-113.77697444133359
-38.835151537664046
31.612151124053508
53.1169333430437
-34.29265099801098
-46.11392053139822
134.85752504037524
46.76525472999457
159.86218520887402
24.781336396734645
62.9437016390467
-93.99147275529387
-99.68119841667236
-83.64129482497228
-81.08289659651778
-42.91063462366938
220.85847488538494
30.417157081432872
23.589262687940547
33.888112251774565
132.57702286229318
282.917244585614
-394.52938373412815
-137.40759378321434
84.45193149536486
23.903662106539976
202.5366132664186
-262.3852904718018
30.987434959169036
130.85542034577716
-185.5134471418831
8.186873946105823
3.8149690849321907
71.5417445680293
61.759606818516644
-69.1159430519966
9.119104757330623
14.00619399053971
-75.09681045782442
-192.02828292582694
109.58436026580803
252.66389726293218
-224.48115518868863
-138.40477375329917
-66.66608884615022
-137.65222663417893
5.2243306428767315
182.26971862226625
242.01639232686514
-59.728043419974505
104.46752776359818
-68.11653471113418
-11.209135465426968
-207.1959507715897
25.25019491189201
121.78238864437252
209.93875186793886
1.748582568895601
-30.507226358324754
259.92479274357834
-101.59868862588957
-104.23603342956702
-22.52412129827295
59.77811897457432
383.1494302854934
64.05014312389247
-173.45299934447507
84.59738054828148
-337.60422545980833
108.18648843530161
59.49574978180931
-108.72022622659009
231.00734133909899
43.22133748919755
110.0865208373593
98.45602986998152
182.07301895676525
31.27979762240136
61.38875386660787
-6.351293880345952
15.796709999789204
-302.50723126404193
-462.7909554215304
-262.5841629486934
-187.64106070577463
-7.404624507191232
300.64874777657957
1.5071446188698174
-15.905032360517353
235.0325369794475
97.01464063545335
64.61105859337108
-136.49405218955448
1.7340652799687142
-233.68735086243004
-97.18730650651317
-98.83869033063569
-138.5820884586984
5.919575098630622
8.948219821358876
-116.48738403646476
-318.7166065872759
-166.01871899494702
64.08616498192393
-147.97208406340982
-51.898817835818114
364.194490055617
-199.37084174986882
-324.40311767704065
255.72503651062848
16.924512217633612
-228.29396401753144
-91.68533588957493
46.31259575047091
102.14406955214642
-140.0972949182578
174.0331750604078
27.520269672693715
-153.02331448884206
47.40574728372163
-174.02383637496843
78.01542931429417
297.39081015178937
95.23901438435493
139.7288539628418
52.334223774383574
14.436398704734895
-185.60975630962338
-91.27377618169578
-22.42801048891094
-169.38102109683777
175.7736068851146
-107.08477097304464
-103.25864043126148
-115.3655421520536
142.58735927071282
85.02999396049907
121.53243397643902
-178.11829250328677
55.21348165564238
155.80160893109252
-126.6898027472879
116.9237142945279
-19.12260439121629
336.79803440874906
-180.26723031244785
-151.0231552071584
176.12935626284133
36.929633809663166
-38.935234796122096
16.9390648006422
-157.2259625352588
-187.46855693880798
22.406441066228982
-21.093117172028904
-113.3342772895956
31.270175038064
24.462915991920582
217.21214913290774
-84.41515171791099
-173.55486988185288
-175.01923145934958
-112.49096561930058
-23.28180393719417
122.99858908011835
-147.03959469454554
192.69488136451957
-166.07613453539116
13.767760106156038
-199.6876732818751
48.37588523157441
-88.87251843005312
-24.192004221614884
58.833523709529814
-186.56276841086216
-71.69843789059692
-3.743038083141926
-148.28218181899865
215.63670309038585
-17.049308409152758
-179.0337430937284
35.246910729267654
-116.84435706774077
-4.639206269552551
-377.0850580742397
36.01691286777765
93.04449433035427
167.33884132508803
51.71856225901395
-98.62912696478124
-223.70863373799102
53.13295364506961
-37.273744854690925
131.7484227683688
-27.259858518259847
149.8282705545519
-112.98101462734694
62.97391087893736
105.7565703155535
-63.92484315895245
-270.81327698426685
-163.6781362784539
184.80259468588778
-228.96343171917053
119.75334219591879
202.39920961627112
-79.4589849393661
15.345912778264712
12.352721818907792
33.78513228488924
-358.49038151241933
109.28988891608621
134.9752242529444
-8.95014043407255
-118.09006936314262
163.73143637881032
38.34307984391867
-50.10023395260662
-227.2507051387442
113.56464628242527
137.01352794269238
-65.82232194077011
-44.736910504008556
218.0011169576185
-18.051457782659185
-93.29637939254421
136.91445113532512
-21.23872357688039
-203.420047426311
37.37838438787133
2.916510686915705
-262.2216273380216
-87.21892800640141
108.55763698777439
-230.09987964054875
109.20274530728773
138.4578734252653
44.306637841161674
32.94188440656538
-30.685138947538654
-75.33012045313984
-395.76665503655903
131.32775913640742
34.89801936542887
147.88233132108
167.50531986358934
295.3434151346853
-109.13587530771404
-34.1683887236779
-8.15432545296624
-161.56441926615832
96.68231389610798
158.17402303957067
-251.97801697034998
-320.56950259090326
18.9670387138537
-276.17507054695386
88.56488053103548
-18.76746429913031
-0.07876939587268961
-177.00943889471364
-59.674149343869544
-29.75814792796984
9.507991127745946
-137.0009903405577
-5.152049649465819
-261.3311737202924
-112.42963363639367
232.76710982521647
70.48961281099825
-401.5639752251537
206.35610037276737
-54.257518705764646
121.0035109743586
32.42775855307568
378.59984517013385
84.78122395432096
-128.02753458088748
-64.39076577422442
-30.15968917907992
186.7654996848427
262.6854425774341
111.67993624612738
47.616716751810294
174.55788873165454
-75.4550177737607
-290.6353406596373
10.743386297530673
44.451428592968234
68.4665673823651
-98.30620308148751
32.43464532198344
-51.30058532490228
-69.56953435904525
193.01537243893844
-171.52834997181458
-87.7980351049786
-124.3515167197672
-65.82275259344777
-154.57277372563993
-66.59307026234515
-117.3685087663431
2.2276159005649308
-132.368724961999
112.93788024405737
-7.386425411869493
-89.85125924883202
119.20747202374112
200.18460079359596
149.83703800610607
0.25290686539550133
-319.824127360461
89.03520503097879
-55.594800559399495
49.21442347650782
266.42460162228315
254.97923707509318
30.39254842755528
-290.14410536124853
8.896102633175701
-273.5290526005929
-65.91441063171493
-35.130342820050984
-301.8138821399334
181.8241152368297
307.1708173102911
-122.40652084604274
-96.8940504404139
-205.42250453842576
-64.57407565731549
212.59396492106868
4.7356705466272
56.13363107754128
22.089797032783814
-265.65319167499024
25.808189411082108
-149.68576970150005
301.1184940142608
56.642708954416904
88.73195055740281
74.77868807408287
-150.60485919596618
2.7539002996431448
-120.4670914687939
31.48875612322073
-13.775268429248097
48.89616794530134
152.11246556323482
178.1326279640653
-365.0483052514124
31.030038660830442
93.56005896635024
177.09994365897558
33.89501036051321
-98.11556204919809
-91.99838377842039
145.5975609516807
134.05627132853746
210.75027070483588
-74.47938451365162
278.34438241241116
-180.77038198664005
298.0661772841194
297.53798660812186
127.08062245558136
19.180575755285112
-124.97548868014184
-109.22825212749
173.0611962883041
12.445892332775585
128.07265918645876
-175.91435091089772
-54.52412861338242
-181.1168736031079
-1.5185439620829912
130.51991019299402
-93.01827315388542
-9.467035471853888
-102.73899831892395
47.598524667279285
47.94426159167589
-28.25477261353011
191.3391343108619
-16.95088454291139
87.36083137321148
-58.23866803181875
311.008659728784
93.90094047074356
75.50299255440491
154.85155497700364
-166.73142967875938
-46.31119102430988
-39.43223022359478
48.95737000647167
171.21733555040134
128.97832461853986
169.25039190329994
265.4152213460563
42.350040647641414
46.52594563120659
-51.82318583621432
-108.46024584734317
-172.6820386140531
-196.30444521557587
149.42792065083748
3.8250121704950066
229.5824536567862
-214.22606715072135
-20.919937423074856
-7.945476463908993
99.99447054205919
25.98496337151323
7.498857308988661
121.01227263573215
302.42739878427153
57.30625707320606
114.4452607352744
-155.01978925573172
-138.5997900276956
57.75521089231055
-180.9338748953285
7.390259837246019
-50.34833104942783
-111.97291430259564
-110.99579077437913
14.31559902946455
82.63194071709945
-386.73768547940597
-173.34075869466454
114.2888052850101
241.21521322766512
-123.80242160940413
237.68207121056165
-152.12647917318637
21.17009174561481
77.45750895538383
19.514838990167846
-201.54472119799064
113.70734423104406
30.072500573492885
427.8704228340929
52.58812887605806
-28.815376621334366
-190.54188083667816
-133.70043280709376
-74.8702457029149
-43.66865671587495
70.01272359412648
-201.0058190116465
-87.23010040784058
-47.97753229127327
97.2491577414152
159.8264666707879
228.436372083989
313.6984616701205
-205.49754083882138
-99.36810544008918
-145.6531100837368
81.50798853377347
-46.43029368002278
-121.66808293862586
46.01090317398336
109.20078970387013
-249.7540563875244
7.650474716636835
-93.97403085725914
-292.9110139096745
-20.66531711633444
-63.45328940462199
11.443715975542075
-110.99021319751941
53.503173810086764
317.2711052998057
-138.36952264583874
-113.66758298134516
-41.755144371217106
-41.49060723742853
-46.82223981226832
-72.91009148198464
-350.2259213221851
57.00481258290231
301.2656117091254
-43.728172085008026
-306.1411007439461
153.63008260494993
-65.65668727357189
108.69928847405082
-100.72599379627945
-373.447377142755
-191.6485896791335
-184.35503257485965
-24.530597106523466
87.95261826721956
-30.480566605483478
-218.42262711255617
-141.1728706035771
91.38668739759264
58.63769155328575
54.71106417236359
-26.12354142760941
151.81372548969563
-228.79973920333654
-90.7914119935473
-285.79820869567817
-256.41386492819845
-75.46765513329792
-238.99979467624638
32.16131147488573
37.70560032889222
-47.46008494648814
211.71717712613332
-209.43513955750547
-170.47491328545843
32.01694135924256
-87.01146154632453
-126.14649171393984
-223.8947075641852
94.7919519938347
-41.46577859534282
-66.2610354530597
83.79954086976743
131.3454210167306
-40.8737075183503
27.220467732722597
-69.44992489072966
-207.29197855852027
257.8797777278949
262.9837796571169
45.872363424337976
-412.33340116938854
198.17128750911377
240.56106802555956
-73.74825973035105
-81.57669857545747
-155.5503834979437
-61.5891715691142
202.6925085844673
247.47183450215104
116.28536380600104
-88.3146397986325
-86.43652991685444
21.538577660105986
-336.4882175862762
-47.762859050153395
-51.224786584968726
-195.61883183399303
165.04568159954988
-63.064050965130356
-58.57193037100734
192.3511267239102
-89.91224164246768
266.53872140768584
7.048608538176582
88.96127962892156
0.53551042688032
-43.63249352925512
-257.307776761589
57.45543134202792
-217.91548644215962
45.12656000280059
15.237336022343989
-73.86043747527371
32.95851543678556
-1.1971409370086883
174.8287453334729
-63.791002404239
-195.71502910053707
119.72839491621794
-25.190660441136544
-11.603119179563365
18.739086418589643
48.992804760513216
119.59697449989717
95.20773666267857
-67.23802926684107
-48.45818394368558
-23.114396818594848
222.05663935520366
32.91416784708846
190.0714682584161
-23.776476357496563
-8.828888164471675
-37.82351398054198
-246.4764724823816
-77.1504903176346
-263.5235724770863
287.6947705262287
117.10773792122097
-197.86929789055242
-121.9201420909981
248.53569401335702
29.14968566654672
46.5424488330535
172.0672280751557
139.35814987331747
-1.96328677185205
-46.37749323619503
0.9698637889218591
-59.80012167810435
79.21010454019535
-261.45579526645434
134.10576847683765
26.61733084862449
5.910478583120955
-20.077173495006104
156.29333110381845
54.75806794366794
43.55461200325789
131.92767907584764
32.28970096391484
-127.81086923739781
307.20667531588015
35.53181589904721
-51.838603321806694
32.79703452014298
257.5848109634513
312.97368287623556
-81.11876889589404
-19.328175251926925
-81.77825500657472
54.5931498364052
32.672482272771504
57.642471413553906
-8.933208586225028
23.378927872472204
227.64299593204632
44.186834491626676
-377.42827793272124
126.08146749309103
49.3298317723204
-79.57330363459378
-152.9489559615934
228.89309571273563
97.91181714203513
-116.56919770257267
85.37909861933915
-44.99117897327685
-30.986058747533754
152.96261274985918
-128.9726575914524
83.54735510755833
-131.2302272236943
-263.74687983386343
221.1901149294892
72.07085323456123
27.168026378088094
-37.143255836639476
