42.14744897043924
-70.64591984436969
141.1491341324798
-4.203429636133536
-3.488237205952804
-10.19017326174531
-249.77896116609259
78.42328272952926
-29.440518543964128
-12.363862656108362
-112.76978194654721
193.83981280810994
12.006687004044242
61.605963094189256
-101.44045015425954
-62.829351197944426
81.73572521782945
-126.66916368934014
-75.37979409576603
-1.1276793572307349
-199.10865191919964
213.78278095137938
37.684807575918526
-186.55973319804144
-16.52713923443799
157.63889859241928
0.6612552975039785
102.18663843582554
-30.609806964007632
52.47912550578976
52.31846054710349
-107.34318851573103
16.749430608730155
-2.4945261674737838
103.37904592382485
77.9106335256855
-12.491962958399649
-19.004614333017685
232.6198367395444
150.28370814235677
202.03217408929524
51.572546887680375
6.959371349611661
-24.67458061431621
70.2978334211593
-43.83602478829377
-387.5572371013143
71.69656587086494
-243.54441257377925
-237.5730567246373
-75.01181518839692
-31.590096499612912
-125.33947008365884
-30.616210233069104
190.1308096293586
97.1268893058195
27.73762932878491
-49.119735749672934
38.23348241103124
106.5741241615804
125.47817866069674
-32.6896774527165
35.311195362079744
32.00990681571311
-43.46273004287729
-358.26304720318876
19.554793353028415
-48.83117316360231
-103.7933918555679
91.40061777286289
-179.12423941660336
34.323760517300286
83.8565242991686
2.20594180673693
228.71425585137803
6.70814448332921
-151.36738953415167
-30.535693127452486
-5.045015961493528
19.269294818806955
-165.22312602251813
-236.78863365399724
9.80949924364642
129.70465165842964
111.1125166219715
-20.374908081821637
43.11016828892389
107.69683271666749
93.95137144251684
195.71694479692363
158.88123246086369
159.12199448375017
74.48864107658297
-99.9234593896972
243.80932079170705
-18.616455911506876
119.7215674434621
-119.0562397733272
239.9678536228622
-181.25325912618334
40.795177064344024
228.16015851044247
-325.70789023789126
-60.99240478494204
109.02557524087078
7.519003939402758
51.541714959710944
133.75127510127595
-144.20299926164282
87.23565722928085
80.72744505096858
137.52090013749753
-100.87413765906625
17.3096877186304
187.71616973965
-25.836445179671532
11.488902025995978
19.378204040274547
-42.40542042677785
20.053104108594372
152.45127885567206
-110.47289922043291
28.309444984406976
-124.35581428894616
-64.830420888525
-115.28746323666695
12.198618990816811
22.60335541811786
60.13918328463943
-31.22866463537822
-170.70231761018664
113.67006424062052
107.73339778862656
-62.22120576510363
31.45839819988095
37.54055872031019
-147.35013050015357
-49.50028210981295
12.768958215290407
-55.57757447482556
108.5792508877184
60.36159557468512
92.69671371799996
79.01380401230213
-59.35836385575154
2.961545507939082
78.169698037647
78.83501843738611
-4.76185070412381
191.3075999187479
9.858429500797246
-61.37961007546959
-147.06258764083384
48.05444188638272
-40.67612381544599
223.3457186910406
59.59599814401781
84.00046235552273
-10.456966005909159
-53.55937491468041
-127.62441856157905
-218.43753605112894
116.11388029555002
65.49171776875797
8.688991681079791
-163.20667263697348
126.7178541911972
0.5192778219800882
91.36486238874795
-127.130014286555
-134.1967851328605
15.855740808117496
96.98733135268408
170.11948412987218
50.305001747827134
12.84633700720008
-36.162188766330374
234.3834900361419
-36.34781466963721
-270.2143979066369
-138.79069447214835
-295.13199718337194
-144.2313478611584
-81.59243988206819
32.93917464994954
145.66148586396397
0.9785668112248471
-100.44679738381294
32.861409871942534
120.86900061415272
0.9572536062155788
-250.957813582428
-82.38716718401707
-30.677672281820527
137.92918754376376
94.17009889893741
-69.06324742696171
-225.96197475051034
94.63853482820441
143.08970272554834
59.417561542172635
240.5754050133303
-33.684646532463
98.54926653427323
191.70414850884896
-197.23654425026325
-45.42808995921979
-57.9034653734356
-45.967340751345255
-121.68088629086712
124.19173960957781
116.59682443696683
-216.11615418372875
237.91255158333126
62.91577954022292
-62.02710476382254
126.79731394343311
-101.73585576777404
-36.76701124790906
36.27599641491092
-83.45069584291873
-103.58701156165947
149.29078007761794
-40.272298666191624
-147.28820159113494
180.38354825086574
-240.0739651421273
-199.66287249949397
-18.476350069039352
-106.38860732347348
162.69515512899576
213.0297712255225
75.57885089004591
38.0545480712056
257.69822651187974
286.233382935907
77.62983479980339
160.24312756313535
-27.732503678993975
-148.0498873666544
46.25871898552255
152.2604382654794
133.85931227256555
58.84039306214167
259.4859394878375
-72.9921434279966
21.57559009907121
-266.93665315905446
166.51961334300967
-63.63632315868076
-53.466677110523605
150.19951376091686
75.55930074925176
-68.7128858750031
-125.24922037141275
64.06835271159508
-67.59590812755572
-16.655209688709324
373.6407111890764
122.12842190742802
-42.03288656917532
-194.51690941891258
183.87662757621086
58.52451540041147
-69.63557890669111
-32.05608761030059
158.83969539823403
46.068218520868164
-59.33087060584233
-177.4421746087363
18.890381857665652
244.28497752079724
-81.997290418807
56.611777197911785
68.76930827847823
-73.95465079553065
198.12399779474066
82.616002712703
-36.399979166995685
-55.313704342193816
-29.495876258291496
50.62038241005865
71.18722439187906
152.96926740474728
171.6368238593057
33.97080831023875
-29.39427052799923
165.67660743021497
70.55505420159854
-130.00188677332486
-279.9885431139471
-58.39245393387906
58.31300596681329
-125.67786763103194
-376.16587686444234
71.73705234573924
3.0535524804289556
260.0494370825555
-41.58651828907025
-43.301169214306434
-75.62164627969344
-149.53796117135192
-331.5546557075169
16.117623113246683
-116.38589968365619
14.768272808427513
20.914599529384788
-61.94273209761224
-74.79032653594044
107.32568255214255
123.72670945278301
-151.74146139167811
130.45565354379545
-52.39462805496179
-50.996451164204885
133.9475959673869
13.485560026849345
-4.731835467339685
-130.02416752867435
7.990010525731
-161.95121381435322
7.6778267901892185
-65.15449220202215
-234.75136149864954
-14.225746655634346
181.03573544966642
-101.94211321656437
31.48501237651781
62.08563275208461
97.5027138438815
-126.95860283118891
83.00013218568188
-4.746528284735075
-126.89193147327877
94.16340560438064
-6.852653184939431
-38.21864258130959
36.08241734100793
67.92898536865428
-47.98150069517474
4.354022022121606
44.12539443023905
124.14984625280142
-153.9302117604618
-193.5618680902782
57.34724021304937
20.433377730328054
107.88406385539247
-31.759390953878963
-23.864845335164766
264.58358947441803
89.3981541553495
-85.6327620806862
55.41802392438354
149.78030913001606
-86.15952131284556
-123.80105098140444
2.1308391721635473
-193.23056282046022
-53.653482901720324
-258.0061454794417
-171.46783858695613
181.95256405858683
63.23696647163287
277.5275069015878
-38.26146469459025
108.02202392165731
-31.26137515231798
-12.236556940867015
-38.329296237989496
-87.29133249406179
37.27939778577213
17.26543754791378
-95.67580472971775
-26.63346660364014
9.842583910282295
60.63630076370041
-171.46375298028482
-278.71914596685224
61.84674044295606
-45.98688079913934
-106.3980501951687
-43.3464613206347
43.68526599516508
-14.089449574260648
-115.77855775821318
15.73081622669032
418.8951099862289
-130.8152000075655
151.80954092051695
-15.14017720045031
181.14133594863395
-146.11222234016543
-55.06303533162185
144.6630401997262
-99.28487792318177
7.865351778151821
-173.94375024498657
-156.7260737878209
165.3910670782339
2.8703417309376693
-160.89157164982603
83.19061337649642
-55.063016688810166
101.35661200050077
-31.28485384562983
23.942418934253354
61.236293855871814
-19.33715062441807
-44.25776215797977
-157.56442867615687
6.380288564977904
6.371183222663201
13.201845132704408
261.779456527731
109.67408994125708
148.39381869785623
-158.15182280036618
129.85093276836238
48.164129027974305
-24.7002480925075
58.471042876728596
20.859739508155116
202.9057028668677
-3.9876015003626764
-22.00004788271905
22.05275086239473
130.67577632261754
-7.7038640212202445
32.209852101516915
-19.67949587008173
132.06201539026253
-11.395298134565138
-22.991331876297536
3.645426797418525
34.73949329887553
137.3032034331465
-120.164906049804
-64.05367755912812
-163.73669240059806
-225.6162020115785
61.56989675498136
93.00879939849966
17.611010715771773
92.22035164502229
-83.70069740584523
-95.35429508617212
41.50876157222983
-140.18570830742289
155.15481716166025
-203.4490413838242
-166.9311854321131
-21.480757075488313
92.40469605926923
-11.013225986031692
188.1323416310848
4.882028456401293
-86.20305304604004
209.5073666830738
62.5213158228123
36.55429875574044
-25.15298089623974
-131.24406462246552
50.42211694743919
-51.0191406899245
-74.43798563597493
-30.69292657241125
-219.24885984147957
50.540362394947834
161.66841400097255
-158.39310807848915
-239.7611118721083
5.589261858696303
-125.4498249769246
-106.55088891375678
82.33049590997896
127.85493662302076
136.33692659816072
-170.37118175338935
-129.22490245914892
-83.22472267678296
23.811126778786413
-259.7861302602523
97.77828579657498
52.15552785198831
233.61880289656924
-99.93828502962417
235.4386769154926
104.64390238127203
-1.725971610356101
166.79990347229602
211.1848635270772
-222.32724365783238
-149.6416831723225
44.55955349984283
76.15729998728112
68.91960642841705
369.269016839861
-75.82164736194247
70.41864010067783
146.1541840905876
9.025290244361466
-224.93438319834317
-24.487343110551745
166.8486175276892
-46.44118754049681
296.1258614294755
122.60592621093842
290.7227789907914
-23.446388027858166
14.52769676790815
1.8936575135003748
-87.70725355624742
-23.451169962894326
-73.15543247350509
-285.0597805313984
-133.96431489180182
-196.17921446845924
10.612552948616893
101.60799020358905
-184.43984687245097
242.4358970775365
104.18671656824733
73.71985844405758
-37.41743462608406
-54.36209194364821
72.02113053971215
35.74404765392401
-114.18847289682874
274.9660466703956
6.114754053778372
-209.3034505671785
97.46531770463365
-167.02065652354807
67.01044491492175
171.031755999604
-17.847484031282267
-44.86123492411886
150.67530613186577
40.70966388474631
66.85255775162453
80.48435492787627
-95.18613312437465
160.42537109636916
-2.064220626149873
291.8996223903861
-27.47051084377274
110.48733607800364
73.36432354678739
21.233955010007286
110.2233276943855
128.15688875579966
-9.19188948751817
209.73972452782576
-210.0840703261079
-65.93460620580895
318.4978644731832
-26.545374255894295
106.119872181524
79.53823099211489
312.34814404961605
102.78334570366012
68.55784735004453
-44.55914678863932
187.51131051480024
0.34878658222083836
132.65542747361428
-144.771749309843
68.60193694671612
-83.25264442610268
-214.26628990470434
162.91323218928076
145.9070129043917
-36.50381870320115
79.17292955220829
-397.6281541951163
-125.68635212086109
-38.146189578467975
24.802206804498727
-76.55873519963524
167.83430111734674
-26.23777814791369
-159.94739380685488
234.87705414934982
155.79450892412103
188.12733265253254
49.27072009789577
-100.62096412912774
194.86747006267024
-145.40449747333628
-38.34962048401454
-83.53896937270146
180.88008272017981
24.08951225023028
29.89938002663958
-134.1974651541903
27.518750427315076
-56.528233066353366
-8.837015260596955
-58.920796984384666
-267.6955375930216
216.74738845916008
-128.9016236728385
-172.59158092751343
-150.68333041971118
-86.26999040727733
122.09329581395558
231.50618973427257
88.6524209881905
98.01539992567096
16.10091015926275
9.69405761172835
210.26299428155673
-66.38184151307792
114.9501392417003
102.2462047018259
-28.46498518075966
101.51806894867448
-2.9886403758371243
-28.406320138543418
2.841462184597532
66.49250801022818
24.41378128836936
24.510910486580514
87.20634993189702
-87.76509781610595
26.42672932769958
40.596576166222334
-195.5854842639953
40.932321772231894
139.33941899332152
21.54158241399403
178.01340211647138
-121.67685086547881
-44.27485497744851
-25.664896442278522
-105.2876114775975
83.73390097740365
89.96089037557915
-146.56831511688728
122.08820952427384
-7.605086882621709
-239.298394929631
80.4162205007836
58.30720304717838
12.977767871907629
-99.23378406091778
-42.72408431145656
-93.94020896824718
119.87099730102406
308.2720135627366
285.97170377916365
71.44548840061302
-320.54841057416377
-12.82837151434692
-56.71907674482189
-146.01166823831088
168.55441200448226
124.39950756457607
-38.88666502685241
-241.80017594662206
-123.19481660937325
-66.41717236733773
14.938174034580687
229.466645605385
162.51071688428257
30.356444564872277
130.3472825377474
142.41271477143766
381.2954921162316
179.89669120451666
-70.85704864678182
49.26494803307948
-113.93742374280961
-240.076216218856
-102.29155676719655
-20.11289502594356
237.0153946434398
-120.85736784762359
-2.3370936758955914
124.20676658282781
-138.77365727192054
-383.71501864514715
-220.8801814360865
-145.74858696599958
214.25163880919976
107.0126804072567
106.463884313677
-43.265538025260206
-181.3277938299441
-56.3606075833402
-87.57604577236602
-59.11475543278844
23.917868642073422
-265.38231819264814
-68.10463249968186
-262.5539495050023
-49.038071568716774
-117.69430077267575
-179.88540579158
-16.762239190756297
32.91748634840249
-20.911794475143353
-139.09702043823089
61.615875308535365
-308.40809712102964
81.21837055092813
-195.83835152429833
-77.54971509797649
93.87941083413524
-276.44843331584985
-113.8797713416221
-118.7580050548535
-288.6466985182118
101.85910605444599
-106.65274876364603
6.659405489028428
-281.0150537857112
-90.24183320231619
-120.56314983529629
249.41033619676804
141.78659064604196
-135.10251155771275
39.38522434746836
139.94546960801986
-59.738943630114036
336.12093936102855
-41.12285229226219
84.15252122983637
-33.072213754991935
-252.65798052155594
-103.0231702537211
-113.96635661744978
95.32940536708564
-49.031010760669915
-68.76010902205381
-68.54879833765641
-125.85993803704775
5.050526474301451
142.97039571191561
-120.11533604216129
43.34759620677902
137.88368089767343
-142.91298169042724
137.84618255566414
-1.7701719617354696
-76.82990349237821
-88.73040743414795
104.63851420468252
24.358939197606702
-15.48407674003133
116.04509670962298
-142.26555382090623
21.19595609721135
-41.889535031710615
146.51109177773208
64.76710757049597
104.26137117932096
23.868967684517248
-15.585615625588593
34.81704398380444
-153.5146284692234
-59.42974714888312
-205.76926697811714
-48.4112568373735
88.87132223926928
88.47910495198984
81.75300775967199
30.069934911292336
181.55509944084804
-45.35851975752362
-220.91801360083477
-47.77660102494148
121.09782398951626
-37.45291692468605
-143.8952357600422
99.91641693911362
-202.71843958633346
-51.11180618110849
151.7169756535655
101.95633428797329
-5.4490065343587135
265.0629714903102
-269.61319239467014
107.61131033655435
-75.47523725101111
81.36860301793655
145.92335784783396
26.399261713400016
-117.8837011753214
-12.089344451812089
-104.6562639040839
-9.560479312909141
58.80677245373802
116.99294343620073
-68.84093806892817
100.922019069706
44.56443645131912
-44.51603637359132
-183.1188388826021
9.84414282126199
161.2397930723312
-28.18912275930588
-78.96240792021185
-274.5999424196064
28.303476414897318
-29.477596171801903
-74.91860055251378
7.488293605636522
-168.3409414221151
94.49027712998635
-50.87656261729989
87.69839493626966
51.931067396495756
-60.15495703152707
-24.048252337433873
-80.45694616543312
32.742854886832454
9.65117162527598
-116.03742184905423
103.74111795077692
-203.9684927176523
-54.68443996659332
2.827110365825022
-129.645201373408
201.77518020899714
-25.08105837018352
113.6247126421977
-130.35418170453056
-29.708515756030277
33.73975176559439
-48.2392719100927
-40.1125670366003
-45.7934558149766
-113.99225379955378
4.860171713320011
11.323063658149112
57.92759163988164
-168.74532325900154
-56.46056705001836
-17.999246971908615
-27.071321911330294
-33.26842995797767
110.09164913805752
40.839570003685715
-10.341891177698992
12.020847431031475
-11.738302932417483
-130.6488013715161
-157.51546253261796
74.46407297121382
211.4031195805594
287.4151940757366
-145.31160774235298
-75.52623354061276
4.771209437809857
-15.170858251586294
165.8551757976855
-28.007957178277653
-109.60514544895855
91.71169064814409
9.439218607098864
-179.78879990974747
-28.933459359471673
7.513271110731398
-218.0789952813031
-168.03139316593712
-30.321856628642
-118.1777812452344
-75.95173557746988
-51.498307385776165
-76.75519930520964
-108.8602351028974
172.42648871602756
-60.02204027812844
-167.29858441524863
-80.197081208207
79.24382154089552
8.795577229026433
133.66539761827923
159.46492295721922
21.10184503707061
-73.41332580995073
-56.53205458930794
-194.63592434167927
60.13780491057574
114.88708341508688
-133.47020994286845
332.41627430842647
-100.68602198028265
-67.01632026169705
193.26959517544287
161.28967723524158
71.52749077063102
8.708657989114954
46.78358414438104
-45.30815633294098
11.855149426354101
87.67921677197057
-15.216035406222854
124.45145399598049
-102.35195153928198
-38.57547216984135
21.86589946669096
15.485144430791003
-137.589133933457
164.82463925082092
-17.719491883812534
-156.6345553978402
159.90107111693922
222.73453363497737
174.42864222161046
47.219038711416246
42.90551453887854
-20.764423131544127
42.654452030136106
112.32548347681892
-5.626400479733191
139.08153382145068
37.76641669605148
182.55985709002033
251.41756435411475
-298.2663074232407
-58.04334326381959
-7.4270956710554845
-99.67936179040458
26.266561294474993
-161.80473834859566
53.343588469403095
-109.53353686105139
3.063435592384394
-38.253095267267575
-56.88124360707078
-263.8604173928605
264.0353401129805
61.42898264424099
-7.928259377962894
78.96263576240052
-135.0283633833392
79.47787834671367
53.661341142525735
-14.764999859073779
21.95768040757213
84.96951512797763
-81.20197872817893
-55.707090396032605
125.47499002446821
92.93644084166657
19.166957684256776
-80.69302317765052
8.450441047104222
23.594196507515484
232.2943992524539
6.836815984768437
100.86475234768385
-62.84809632073649
-124.32211547419776
39.79830646345906
3.86517000397898
-103.00690090864705
-90.64022490096119
32.66423538419326
-112.64094618765087
-111.8026681096593
-79.0421635505109
-73.01816262341423
-22.37153522751831
40.79451471415145
-121.65852653480367
-196.74286276426497
-126.35311182058778
-205.65673688981
-60.91715535706927
-22.898822243437635
65.93719981335502
-103.51771504713436
-27.867280527925057
-64.62491661127444
32.13350203529658
239.3509397130388
-94.743292260554
211.80730653322018
173.56659886255719
-65.19545331263963
-26.973907292186492
-120.45255049747108
155.33225292241568
-50.91950771585883
95.92514288926367
108.43475139613496
15.286804672390549
-23.154500694100232
-16.361404672036947
95.78630627550697
289.6533357369519
-137.97409715583223
164.1257083557353
135.51227899174012
61.770773956717065
18.51697108679243
