275.08802929430425
-2.86751643137398
64.9303407106593
-52.24251324877847
61.53422580121975
-103.18584581983808
-119.71867388705208
-177.14220748989862
188.61279513173363
-7.6168904347687025
122.04409190278335
-29.746583416803503
107.37432927260477
31.777839522941996
44.81208303541602
52.944469409215074
91.60788021167468
-100.15030511785137
259.3110834535979
93.41751034658554
72.51055077333969
72.25226017291406
-89.77520352947465
118.6643592418899
7.982414275136689
223.88946469518476
-25.917861146410857
210.90117758195854
297.57139466292193
169.73972368265035
28.645901476041708
-166.34357731035522
-64.24281678634784
-21.15919058698428
133.6353335457256
-237.8580314994163
-46.1250332727076
152.23752990260635
177.84330765557195
297.52845444883593
-324.41924468689126
12.1583720777135
-17.272659822184604
40.44554071678261
108.76793725387297
138.54035016288546
189.69884957499818
-144.04872897488218
39.381613763033045
139.12253739402655
25.131576051700094
257.6614993557369
7.597073910628085
-82.4804349386718
-203.09007320032723
-100.72358174605853
-162.5501615070799
-3.3634889280890965
-24.954494937221057
121.31258829839341
37.84363081484862
61.289359243387125
135.0848252310737
77.57001229090147
191.66624029425338
-53.837121262822485
160.77625570794666
19.3271553300251
-258.6394337211648
91.16314696404267
136.7949285871974
-245.93703189522776
-204.65740235014334
127.44900302493024
-136.7331154603905
-185.76530559355805
267.92346109511703
-71.37473012095668
-290.74973685052294
37.17255546097235
-160.42650620367704
31.7663212249053
-67.96409066036738
-212.89207942096618
71.14047450093535
88.65476557013606
21.135215641921036
47.38722581430985
211.29939082444145
-72.75784188654812
-310.09827363044474
-177.19803684686306
93.36114964359899
-88.8633325503049
31.813397348352108
11.106319883350988
132.13399402269826
192.0183606250656
84.32365997820982
-72.27425770514742
26.957729766299703
242.2562127918861
79.29235032632016
238.25343255501824
136.85609633672223
-32.335910089765086
-268.2967579530284
-276.03622569722273
-187.0602630245774
56.30251600099908
271.4785233822115
88.4709076839389
183.86303000569148
8.537860432627669
-17.39403048352176
-20.992548763522613
-128.63173289052105
-89.94869015758619
-16.167634146854525
22.13938967757349
87.63210985388059
107.92727934710004
-112.26576337989489
1.4897514269817351
53.58420857212113
16.25564382079387
-391.5945153104342
346.84952690637715
100.66941348813215
3.069235676737273
92.01377639827255
243.2906700148556
179.20144008703232
76.35984288833265
-3.7564757727017657
-51.13365308179874
50.72100814868862
-148.54795421577472
52.511783227816494
-264.4871067264951
-47.61352952933417
144.66038663340402
5.659625071854527
507.48898008094847
195.79561239188232
-201.17361590262968
-138.60553772306366
-60.19581501142286
197.64277281774838
-89.62660242096553
147.0307187499916
-61.26843655806906
-49.40188618546092
-188.33554502927444
-119.2072372863612
80.83947190989917
6.2925235300579025
164.689174350993
106.32918312726248
-87.32589996961835
-230.23458610791806
-123.12253431948463
-14.46645229875799
-102.44950853796469
100.522609697372
11.070266764572935
-272.2922985644167
-118.36438247638095
-7.516133729151336
-102.25071957581378
-181.21893629747538
232.36958433433708
410.0348189680767
19.833725770714857
13.672371209418746
38.61687555022181
124.7819368686181
121.53540579551886
123.49708323009801
-3.5347007783098747
-57.454397080342815
5.198966385258314
-61.34679281211435
84.60280160537295
-150.87056516789002
-93.28032399552477
57.71208168174753
-211.2530126437175
29.2389952056518
-246.7281684274881
80.16049651538182
-125.6887963756102
-11.994140326190795
-89.64456529490253
269.54582102685066
21.102454226585635
33.21662883543545
-156.31271526232777
183.29747816084955
90.72803180436834
550.7233894489386
-69.96747100295515
62.00828408376526
16.28910153115914
-183.08723720990034
91.0183693627631
-77.56762192223471
124.50908954432938
37.551640026616965
-121.37477854767803
49.76067711991824
-65.79720700462818
324.80953447454925
75.89731611544144
-170.74496255529053
259.5970573613273
-33.23663143077943
-257.0878355169002
-245.19602333083108
-125.25805013043649
307.82193567531755
-99.26815403503143
-84.80602845637182
-7.7878163952649855
232.27122724082983
221.4741934807853
294.2029284858601
-179.48996705775468
7.790690542446452
13.717537866652588
12.945237920118398
185.5830884986573
-38.72136356931337
25.31080288345759
6.4533160242579175
144.89516168110129
100.54740730064687
53.66865753120857
-34.371661211273604
-34.307603317023116
173.60344435150546
76.30567670871372
87.53053401824627
169.533880096966
126.9698294650528
25.48069744039058
-315.0680962823019
383.52325643632895
271.6242396889941
-94.06839823638545
115.26368566305176
-171.14809233690679
148.20759243487183
56.02986102732574
104.96812573262704
335.1791650809676
-155.3639080368043
-106.30946257177216
182.59361400880033
166.2518729633433
-33.57021553848768
-47.561290201448806
120.9358545645792
-118.66082625228744
-99.09428424704498
-210.76618604766992
-310.53252114809436
14.334311479338073
-198.57052086143545
-336.745088568002
171.73514693608766
126.73891408684153
-6.627963469501781
61.60594726069737
-205.31369563555037
101.62713848973779
155.96763049977505
332.563423995076
-136.11409565823413
-125.14430451092235
135.08611900451217
130.8040625815287
-195.81368230266497
-57.62285192048431
-88.73935202941418
-166.81774970259647
298.7074310314116
267.1598832912279
257.72045401387106
91.09854294344402
22.41813854264696
-32.048285881553454
-250.4540624288739
31.550611797715593
-27.956907827206916
38.00684450411241
-431.6256141012808
218.55845444031962
-199.9881838161553
203.6932772748444
-289.90455699996534
131.89304407719624
-102.51635542348623
60.44577898204499
-66.94726457384955
-3.1825812200146766
-40.53068123772299
-123.16165449739974
83.69204567507168
-208.10486672269107
-251.30677681797982
-138.90684410243483
68.39994940999252
-132.18188319426957
75.7672438843457
78.99851033285472
239.31901435968118
-74.56999527866222
137.60015093058212
82.71459831532657
101.44622632382807
33.862194326639155
-159.3644812456814
-17.374519560592653
-48.325448528924305
-106.63204869906806
-183.82566643715086
-28.361616889715858
-10.989557418309976
96.93153524757538
15.621197553611163
61.055318183633524
-0.3503237744950942
-88.60824181220529
-275.4721769697972
154.49386599612532
-84.86475981655347
-20.58755449820451
164.02306751790564
-71.54370496556264
161.7142354475285
45.791345050324665
20.61587459546506
66.11833503400416
10.96226300739369
84.63769383451417
-290.8471721919459
-144.98325793776652
30.98674390430006
294.36375837421923
43.83221493981123
-82.53272875770615
-35.54466889611898
-189.72423409312853
-102.57322904369263
70.81885831004035
46.57647546056254
85.97478312981386
19.607246589124255
171.02264361676927
69.69282937343978
39.032465610333105
158.23574787622755
26.280694820469623
-204.31390497376808
-152.9117133933092
-69.9314136451687
61.77729408842236
-2.845587184944377
-7.582507302333052
25.108400530046406
106.16808944655274
-248.64911101185626
-33.04337250399701
323.78229155863914
133.02509472115966
-37.809255467106595
38.89596921007154
-32.27603054838695
75.83238924182994
-10.593548643284587
3.996738277552995
261.48819184044504
-37.63690413788364
-204.08718950238642
-52.30347793533838
137.49728364170795
34.891240644220616
-224.94471892371885
419.4738516395263
21.317224505495858
29.53446124578796
-53.75542557526081
-94.3167988704593
-192.6839007261748
-25.980818870733156
-65.5301782588502
40.39181726718453
33.36323027891004
63.80828192960784
26.02763128515482
-20.408200697400854
-85.86747485676571
234.9068618395454
41.437357715812745
-96.18003636710169
255.00888333559445
-148.97092444032307
7.029419866409201
55.61144622207856
80.81917840997116
301.17804213101755
38.388132103057394
-54.28356977043005
3.195175003635893
-515.251900961523
-389.94586078543864
-34.393224617739534
137.91236474211695
97.55668459135624
128.13637166209648
139.45875483084984
277.35767934164363
-82.91638667723967
-43.36871973914793
125.45976280781741
30.112151475027076
-64.62487076386078
108.06909683949864
-180.39263474991938
-428.1566302149732
135.31941897437213
159.5294478629119
19.4966884927492
-49.773034525938385
-137.3841499135424
-190.16850424727062
-187.5994386702515
-376.08817138711424
393.7704272729329
313.2778755545077
115.80410083633502
84.64445677491472
-99.54139105661667
37.98195426065694
-165.4858300867496
-208.1338648792092
-134.06836262502318
117.6494452242901
-39.917280598376976
-1.0489520220896749
-112.65312528756697
5.4300625139821594
-232.0896059104583
132.44457978124393
73.24594331473642
214.56632145305025
44.73640056231744
186.30001644810787
60.73768436056914
-194.40672806759247
-108.16206417030433
-238.99275032513248
3.4472756695787536
-174.39980800966086
-124.91056230492289
-180.3100066355243
-174.8283026919359
50.74738063042763
-17.097963437381352
134.17844109432048
-166.15590658584932
81.61510819631225
-157.38412608869686
-304.78810948349565
151.6014993729184
-217.239045565267
37.62398794396945
357.5591832627395
-98.21351603294357
126.64926452451098
17.477318662139893
80.8922330696934
-273.6001947834664
102.51686978527697
-311.0827033555536
-54.81772732111892
110.58790261839485
-114.53661735358358
-258.1283242729446
217.21017690208882
-120.59322290430742
36.30827289643153
-84.68635445889983
76.54987006433393
-46.149931742915356
-253.43385921834226
-56.61250124709423
-97.68008700405828
65.12844678917844
-88.52207677899607
87.39945496195288
23.169304785488947
140.06582413140944
50.65848208430454
283.5538560320039
241.47134097458203
13.575066681942747
-294.5845275006045
277.7934920190263
419.26873660175465
-274.2561275391395
108.93442458894006
-26.078032697776568
298.65894021364323
61.739613032357624
316.2347602672602
203.84153008128786
357.45558761250203
-417.04336104692277
-235.6034117208983
1.6978787372569595
-106.77373194100501
-217.80499873955617
-337.40668054506773
-24.13832881201411
-195.80501144670018
-14.501045666748647
-236.7749583774562
303.97710039169425
-74.47020780125912
-85.63339546156898
175.192894441863
43.041102195413316
24.16349432253579
291.965514026494
-197.625896516421
-27.533773499700064
-19.19997568627749
-237.73825721313096
-204.2525788078997
-10.082850765050377
-30.15418896593157
179.34678276380052
-94.97567690177681
85.15036539680176
-238.29413099383046
-199.55382242386446
-209.3090541517424
-95.15699368088927
-48.90576123793866
97.79975877873362
-182.76258657667998
-5.461815334194868
-90.17235789833305
98.05117304667164
-209.3752529643931
41.673270579426024
-106.17230446894325
116.54147627026468
-247.51266841099454
-292.0763876954948
-255.1477761165404
-1.3569607415606066
-92.99212541252062
47.569415056849536
-151.12472030888043
407.9574644872737
-199.03680086151934
209.44102004900557
289.4145148785421
-181.51195286261856
175.3922246693772
-199.88663232908928
101.96361102730845
94.7929418942497
-10.422207059878989
13.947229936772231
-161.98833720662418
157.00122681003887
45.96156016373883
-63.55309718141067
43.53160691233958
-30.46777679437919
241.1954368927431
59.312473467686
380.8937395075094
-180.36802890502523
353.6718837964151
-27.039476226982153
-220.85379828385337
22.332909895538698
253.21383541958335
-14.77786609466289
283.82720477014936
-13.121404640055758
-215.0109774715512
-75.89910367239746
310.55608445713125
105.19791821502075
-84.01826574773864
36.38239352368716
71.26433615644117
226.35705482419218
226.4044406769681
224.84778220464221
-151.52821749686433
-163.25454251394353
78.21557346026728
-28.352156793812874
-62.75341419492948
276.44553765599886
-197.2477705139425
109.84002847925605
-1.1297695843118478
-106.94529648530701
-265.34889399385287
-223.55271150163625
117.97046360673241
-171.60999838209608
-94.57990492690622
-405.15363755921777
-27.48358591884127
-1.3973318099603262
-76.78127707092581
-6.756766421728679
-244.90932239488566
-191.8262906511437
91.66967509662437
234.50348836623968
145.68084120897592
-191.90665720479842
17.048325219198126
21.814269696921944
-255.057941330066
40.651536200379496
104.68361975188277
-121.28904488605825
147.39620096749837
295.7659696402409
48.46417128242351
260.13915385948343
-86.48324573630484
-123.15501725017985
-154.01332957872566
-255.164581585915
-311.3227645710445
196.90384627645943
66.94879405259798
-56.54295545522112
-17.49106015701407
-163.2139134786381
-205.24793081480195
-65.56333106732203
-171.85607343059598
129.00863459321934
-173.48564242838137
184.0258936779022
59.444831201193445
293.8612786616768
128.0421804432949
253.82352461227802
241.32296918953162
184.07462184050354
15.471025733699316
25.1615095018114
106.21311597350409
18.38553270715245
-61.119060782675064
145.05534048346001
71.70187347100749
-215.50937986224108
-57.4926941920068
-60.67746884058873
219.66945866250376
59.08015219085714
127.49034177494973
-298.9098236277124
62.38667472113738
-84.53096887361131
174.87150867099066
-24.262906950584064
-302.8444413871698
-76.56626571925744
96.61686874927801
-21.75921962737848
-104.68794060427197
266.8566907472532
-14.338596028249132
-222.63517833529244
-244.49518675499837
-233.26771784625623
-18.773098414964704
-105.58940188931511
-85.63864351622503
-240.34244422137522
374.95818537052764
-166.28943725667747
301.7807773392447
-144.09080901567674
240.9325334414596
6.807385289520624
-40.58575695803814
-166.96429621707665
59.61815489127029
-98.28591799301155
-276.2172828958554
157.2713066747137
334.0536543408936
-230.95511215333977
209.53452278174169
-42.948778058182
-29.24777896356725
-33.98246959677528
252.2976780892902
199.89354718883257
121.43652116220186
-75.93913327218785
-147.16427140073264
76.09381774076085
148.40686242997873
-178.63273257094744
-76.78764531208468
-137.33742755066936
-87.79381875465482
110.50288092877709
102.81094929148665
-2.501100870198253
107.74887755095384
-59.287561140593695
-347.57751178607697
8.248306415896602
-176.86717826611772
-26.312225158680416
102.4626700501666
95.2360946069123
-7.982293915325679
131.32050147680354
-67.9835935295254
-75.99758309515465
-272.47834316097845
-72.69387682865543
-130.3597522717199
124.89475705528808
-398.33888909907006
-36.2196413632292
120.21808074417265
-198.06994103815012
176.57655121596454
-78.12745311689788
-149.79236922326857
123.94048770568179
152.31085224342831
-161.68437882531748
10.25347726685172
-33.242996751022375
114.46677435335663
443.9741229065202
-94.88337602555818
-146.38363509114546
14.777065758851169
-151.53999688038738
-320.8807077464398
81.06273929074645
60.82584794593429
-223.9536909560305
-67.54402839267755
-184.81146905741167
83.2252437008077
52.19472389314932
16.970226429834305
50.79647491789335
-166.5772132537623
45.15119288684584
326.0253602235979
59.21449903881288
-109.13943507000783
-132.6202155222269
-12.866528015057707
-213.56009579756417
19.79172394746737
136.90885813988996
-12.480175289653117
58.390015561681665
151.74538383801334
-53.34044611559987
-247.82444521131035
44.15161002596983
-23.80109494445103
-86.37136485867906
15.97941790987434
-166.2660858136839
249.41121706959203
-46.69397578512957
74.20981404780277
192.75759012330812
185.28097495289052
30.29207751887128
59.37390690787623
27.274420635820498
71.1655685346818
116.34321468878818
-80.87489452668147
-162.104217282996
-60.649149568118034
79.2298303240759
15.597150458413278
165.01641479076392
20.05364879707183
-396.43729635792874
113.46166865237434
-80.97678051714104
-112.41773639081104
69.24780748148842
82.32388876693476
-49.774117621903514
282.0566035928611
-111.73776037677912
390.56520707014334
-47.56157112364887
-15.141761568758993
13.698828126224512
10.533174771427444
47.22916316973847
86.34884206757884
80.9082247838104
79.08139713469201
79.90994153937751
206.50503845999776
67.35976463589624
253.16380382511312
72.34608662001502
189.5878850300827
225.5369352924224
239.7830638843625
131.85625342305008
-30.749682624754648
-197.94044487783444
62.10047566014407
-71.48332803121659
320.1543586330579
103.24105000215461
-29.843715054273517
-425.7515863995715
152.46163342650775
-466.28933336287656
333.95667909572376
46.37341095520771
180.62120309019926
105.65534939294888
184.5792720792616
-135.40677055714542
352.2829798934207
92.37628696715113
138.7407470305111
153.32249782615037
18.519872028928237
44.281500314293055
-44.657694427507124
141.1543253429087
47.05576504560459
-98.14559828224776
18.602479261287566
264.02295519395886
-160.65128200366848
82.50862098133572
-87.51766412750035
-21.71552147102569
38.59100306151867
-103.03866223759009
-95.74503314433431
-161.98273034635196
-35.04370583120955
115.13474944713136
-74.30801145821412
-449.56555264072574
-188.8865074933201
-34.54994988906339
-101.4490946671211
226.36041988292848
-254.71348776917296
-12.748398470673662
-15.022662501759214
39.36945102853415
114.08887136139705
-137.96914030408502
-101.35242490026978
-265.0210424748619
-187.0664470980866
107.4039830681563
-3.6832134757229653
-86.89990801975769
-246.36154411055213
-94.94096541793132
-273.3640091577889
-90.62681924838009
21.20838796945188
130.54615989800416
256.82749810460257
-60.452057545329815
89.2924800555046
32.98308870131459
-368.4387401074315
-66.07082352792213
115.80161231350034
9.210343443509252
106.28287716537056
-176.00023538588172
-84.78037342889817
50.9541801973972
-28.585427540032562
38.168904859600524
-31.710847949005768
-24.159363751020145
-223.54692447550732
52.26910272238358
164.0032875244494
82.33287988214869
219.78446099975946
-88.76632289757751
24.064716233831334
-96.23436892585066
53.27531268579434
-150.37021526576922
20.889689706593632
-102.81192049603966
156.33766728365467
-87.91643186353932
38.12917590236573
-82.18111654754131
-138.84175626266216
-66.49459225332127
-168.20580870623493
43.810291379263376
-177.48231478301744
-96.80953226263459
-16.050006527609742
-66.77978708663939
77.50056655131719
-68.9891235393587
201.7412568729842
75.5009914023698
9.255666439188829
-148.59003554000373
-482.74645080143284
92.84956740610201
259.88733069301793
-208.2739157823108
55.52595783745966
158.33903265766696
-94.4709784594548
-37.89934752662913
121.27577730096706
-53.93842169072863
2.228297798857265
28.496296441269642
-131.40343540418954
0.8422297637620455
99.28735269666498
44.080292472010264
-246.41662010605182
114.87966567719201
168.90903768229492
28.765790626177626
-13.054020940081728
243.11582772244859
-152.2939916702653
-108.40416169778511
8.817221954112455
52.94382717874724
-241.60330255689982
-135.25868031862896
170.59117316707193
-31.3937606537473
171.5861879381513
234.8880584797575
-39.43994015596691
-46.617438344336826
296.6254473022955
1.720217049985226
-288.86171827385436
-259.3072424730131
157.92395441591225
-18.17271633526954
-5.276760468628793
-10.999007008001062
-187.9828454993657
99.3285273281398
-25.262602493917484
-13.006752750177554
23.607621413513915
37.341839773303185
-136.76250342533152
-35.24028073267971
-65.02550885147843
-151.06063773686282
85.33130523337522
167.40005995965342
-62.36045562004197
194.44318211048412
