-36.68027893398986
243.0101260902742
105.43975826447917
2.2799381416857476
36.447033702747795
39.84825694678839
-27.896920853980678
-11.588413627208627
-205.85096463515475
38.091470266401636
-187.72872923939585
-252.61931757277506
64.29323690623264
95.36140157525087
50.01859885334686
100.4933737744602
184.33588503545892
-212.3879937002129
-219.930996915014
112.73479938179501
106.75189547863503
100.97566059080324
25.390963987824243
-58.894291544499055
-242.59709090935553
124.67722559643161
-81.19508507226335
-198.0139786843739
20.624324439459908
67.68282781882793
197.5262155970288
-151.6186526875959
-103.79881141259104
29.25200472924991
34.675528121085186
-149.02116210191465
-58.775538681372026
21.644308421326542
-31.805934405646763
94.18241608495372
-264.85558244627975
-171.6506645393431
22.42566954889721
174.32816602424384
-83.31924679645185
82.25526879149626
28.5208859184401
-117.48734826391625
-123.43809554620924
-28.356030336662826
302.46516743544845
-4.785289755847646
238.85343185403698
-157.59239528623885
-37.33555708833477
-83.4976732031442
213.916404485492
-209.2244904885264
-142.49731090814407
43.87752682320863
-176.85948217318477
263.91788069918215
39.19851754509557
-174.15099925053673
-103.8736477840597
73.53487050585578
-134.4869912321786
63.88927285921834
-85.38551274106419
67.30193992522378
-134.85931277095233
-131.42453567124593
-6.761024137241419
-156.1658545048151
-61.48038929878979
-31.203737589197143
146.5734607107078
-143.19054537025232
202.54089428131886
-139.62307991118266
-8.89859442475267
-6.367538447841863
-70.63846260896335
166.00779734311033
148.73078258660473
130.73494429245474
69.35729187966638
315.18155688566554
-42.23846651608869
22.409155065074685
-87.37328554894155
-41.95881523912856
58.79978992120814
-97.99487154122355
-11.73691886171404
208.74766277822872
135.09155144255976
-144.00187132019462
-390.02926706975524
-58.18572533806737
29.64976531775312
-21.1549609921661
93.09990912489825
67.28234716914827
81.99067344563083
67.73867478888985
-147.2988314891198
17.699628505148226
-107.89123175338695
36.08437245852695
-156.77941887868425
44.584121590965296
118.49802044379861
-384.377141286453
248.80114571384732
-49.229282214110256
80.46014467833572
161.13162893951016
154.82684943879545
141.2573362130045
10.45942882710057
105.33345916743967
16.54950736991195
136.53093461236202
-281.1919925312513
-172.5865559131801
323.4347093952277
148.34882563961963
232.81881686586146
-69.14198457651918
-110.90111834875921
16.230973544668146
42.97793737622613
-56.739802168499544
-194.2324190892107
105.3531761355315
58.23759740697257
-102.77753231696454
149.07586088452078
-8.65907074616321
4.4651891527141006
17.802743424047655
-165.95134770233594
-91.12606653734761
-31.78265025538406
20.953007957119357
-44.63389430391701
109.75012888942443
138.12280759796198
23.403877230352133
53.915208560213
-98.1575427392856
39.008400796624386
132.12414924078882
42.73935953812054
87.01970234544372
-90.29058857125054
-5.363657230601023
63.411241768405255
86.3761457051872
41.36161034073594
178.00524197742652
-81.46427339023973
-7.477200568974823
286.33694166635115
-234.99420791037267
246.22913881790987
190.2357497043829
-49.58206599165017
-95.87073027644288
190.3783603172529
75.27060915244456
-19.216254140369692
0.23448532731828875
35.34015020624412
-89.34040926029046
146.6428637818241
83.12860498964893
118.88836380332991
-87.8508449497449
-244.95087173111517
-97.39501976996297
-21.156385741158374
22.083849679838
-56.40397851333012
290.305879620515
-104.75521061417797
112.12696825716823
-63.65259160824192
26.69587282352407
103.28678590932293
60.47364045783092
-65.17777486611013
-55.54316593083383
-42.66828036504194
276.44078643818204
164.5082154553862
138.15916491854006
14.716739540878386
4.775532649323939
60.0287563123923
-145.3783731983363
65.61299707913292
-147.06876722479313
161.45495751222487
-73.64502080818366
-132.09037924899428
-63.8215381871076
238.53174046587276
141.73119308867157
135.6073785216664
9.435620678854491
95.19177852486602
45.124115383757605
-87.31871296743795
-66.493295669776
-29.336577897232743
-40.894380452422816
-83.77913192555131
-124.46762163311632
-86.70517042212917
-129.62847822462479
-181.1151996207951
-86.96542990731899
43.84357678177143
-154.22320421459065
-20.78907653226083
-29.365370844949265
38.180708652193395
120.79769815103447
26.446070228350887
-18.07872943611888
87.12054063838542
-186.7270725683449
53.9670558492545
-80.57255441579647
-60.40821217770084
1.2936318078636924
20.13916329605697
-36.26244904305132
31.192431037204518
133.39418989740176
21.355265557734423
21.084583366343775
165.50375165842075
156.09441316789082
203.45184619269088
163.45836003449148
-216.26016185002146
-48.458949582017915
105.11603094973952
145.68095054910836
22.213353180188033
140.42612257343905
188.87765870638262
-69.82691259288606
93.4515230464894
-278.6028393088989
131.58519405624995
-69.99581192737823
-65.0134060403148
-96.98308204162166
-139.57897047221448
124.05693456782363
-144.6584652537177
295.7780438452457
-91.44128063650452
-297.99194734505124
6.909048564157057
76.36554074757005
-330.49277914713235
14.086510801997218
-147.72521108207684
81.82711911940221
44.80487464803704
-263.67304877000896
181.443684928906
111.66398064971955
125.1483210435861
22.56034197049052
-24.840166778794398
349.49824097590454
292.0628302328588
129.20083661203137
-5.207125445265235
40.32995483638231
97.11419882210645
163.89987473447442
244.52638762704225
79.09037883555392
180.47947889771217
-18.86498940608795
-12.075846446800211
83.08881771977018
-191.9485395934964
-44.75060306867248
45.77061892567558
-67.39389056936056
311.05296373830146
15.951407643139005
39.25875602026703
-192.77382618368264
-91.9653783849602
47.92363503003371
-318.8916321318083
-5.145056894473468
-22.494072580510696
9.292488204327675
10.080448081820027
-59.127672633819934
-160.55154435456353
11.807565338012944
-83.21196041517153
-72.47443291914357
139.75358676064278
-18.08561112966795
85.41053691979738
-83.19995735015091
-158.90631221558533
191.25619454175293
40.48247230008517
-333.7270487326488
-194.31234886210495
80.8112191141237
-22.713492529787775
156.0653467341222
-286.20194398064586
162.72501111577824
-50.473100801450244
343.3852668268036
62.01522679102404
-22.16089241924164
-74.34441130068056
-229.8277436518973
-147.54254628629144
-29.820487977913874
-74.62257183593101
114.09989770254069
-90.87626015538929
10.013102670692096
68.89982893171072
393.46213511751023
74.19488369409207
182.56243915314306
-2.3102449938221117
-64.70036756858639
-43.54638657427278
53.122686726449345
-20.75636554093756
144.42407246551653
26.453418808855858
-321.0860714125756
-183.13313697723322
-128.43084569632887
13.104491317805735
-168.86338909447736
158.4376605241365
-17.274513822869707
-81.03006028070159
339.90391451258586
-290.91469456561026
255.93952153351842
9.103628982575408
127.50529824333094
40.32332857930813
-153.1607731008967
-85.45407383421119
23.051014768526016
80.1642653907431
-12.666215365360282
-10.781598713689375
23.9400032504131
-38.945548321004864
24.591029514687953
131.2929647184512
-106.1401371105798
-38.84239612417586
-156.18335385856983
118.90488314434714
129.81867029733618
-39.995210422579156
-182.7421916753739
43.70681120453643
66.32162961788538
259.06781127400416
-216.03294309052507
-124.1103822023607
110.36093520690686
121.83653152187229
221.58386657121244
63.27831342473559
-12.264199907764217
-161.52558526820835
1.9140334507741152
-129.77686587454411
26.929688209198165
70.55432394284693
-107.35280728478395
-47.64645878072821
-232.8718207926394
-119.15024526884764
-201.8279344723175
-0.054842897974553176
237.71617808105347
-92.59847648501633
-52.02717320833617
118.5963322388628
179.93838746768301
-96.89255652662416
-43.13974922298887
45.05719468801781
48.95282669112972
-181.97699073745625
76.11008904078753
-86.84921108003144
18.71606510990286
-53.80762955899943
55.97976290936279
75.45749652267212
40.17554259125411
-75.60871213822514
-33.09672035919833
77.42494174742313
10.134823299364559
-229.3387259226046
-22.459166726579205
-125.90700190042863
-110.09194142886163
-205.10561392685466
-279.0093276554269
-215.45829538547102
331.00646442636486
50.83684539898949
-79.74478175605101
114.58409349689812
-316.5057699737402
178.21208371934006
86.0715185997852
141.4874764132654
-45.14332344458447
-162.12683286415327
-41.81090437252661
187.90245735329813
-181.97584459168135
173.58294562286963
102.93571844184663
-33.815949749776905
-222.49626346357996
-48.19490050839079
-84.71131997891305
-26.024917047520184
101.50513820783476
-40.78562129170813
95.350404928839
66.40877851463567
-37.96271519031519
-144.6621160984916
-130.4643456247922
-133.85239648975286
-1.3323648579774638
-50.84229467843614
187.34103605173766
86.24067940423042
277.56917345510936
106.98157883566314
-179.3264645674422
-82.20086791858363
57.32040195135939
-132.64479501870625
52.59246637740071
98.07868496305106
58.03898058249686
-62.93245128848614
9.969734034307503
-7.375372798394832
-16.94324844358031
119.38847097983484
-52.42306821976687
110.80455053068933
188.84790682202933
120.26771317525643
-67.92891670787262
-244.70334645071412
-17.38177991416745
-93.8639716464888
26.607236579622032
-250.28265992956455
146.72502200546074
47.932900279766244
-164.24739822350037
19.639122914213694
-265.10444812583023
-40.04120217976315
36.53614509258142
33.25090950679163
49.693534240253186
-25.560472031929923
-66.373161164414
70.45487903780104
112.89790598978801
96.5604323855881
-82.60921044049832
-111.70577261916898
-50.96614617315126
245.9726660034761
160.57029870814173
-65.03966185836389
114.345187944912
103.75008286152102
239.8300265399754
132.07374837265667
67.21603314183703
-15.46397440584282
15.954580525099981
225.65546611633488
-124.45678755522547
164.88722652433796
-185.3449694588513
-61.51571075049862
3.987157180490308
-151.08211073645032
244.95716393390018
41.62208535214228
77.04141556574696
-203.3035918881105
-71.39624899078709
-60.261320204724484
21.841406122401636
-222.951011092523
282.9899581663204
-46.38691436443299
-17.851376214881057
-28.46099174382634
-10.146111886234104
96.81568537732356
-25.678179432220578
-2.471524032447501
166.22899477684965
104.78043975875808
75.61385135716439
-107.61883640903866
-134.0709374885769
-186.53214188165424
-4.719685335938029
-41.17626867244639
111.63658866096448
-215.96588101728224
-31.23872183469711
-206.05379390002474
134.92087385793533
-198.13584137743186
-208.0462433496782
82.22906020676578
-5.2869013860911735
-102.15837165787048
181.81431087222464
-87.67012757403587
142.11040912583223
-8.409387891636207
232.35267984840377
-107.23228461713025
33.829384408034876
-128.05855531218967
-97.93404354476331
-51.13613514831411
-244.70523909596926
-59.963840944682545
-108.62943892453787
34.8172004500761
57.24096450996507
26.286246484349988
-30.745699639293484
23.253191869115472
-157.90605139575408
258.9303238236283
229.77219686172822
52.15092548904184
-59.62469994784627
-74.10621703966817
158.22043658411368
-18.11354145552254
7.26112148165978
81.56804641389998
86.63491803150436
-61.83557220835035
158.72243432505812
-113.21087180053037
9.851938385216718
-6.662445362157636
-65.47734732300073
-73.36958865514815
193.41967050712657
-26.069840017760907
92.05987413237949
-37.63284527259466
105.45628622910365
-301.46008042017786
-6.552507497030615
-67.82274748908023
-63.57334560589056
227.0205258203431
121.91588508396397
39.855096915425044
16.46779984844644
108.886563643938
-182.35861370518796
125.08756905572265
27.324942140310778
255.59166648062507
72.43358517937646
171.40691564282736
-120.46604619204419
14.117119273095911
7.426506161488154
95.95923432050671
-87.53275570530968
-198.78260132946713
77.06404436291064
-31.84709853846054
117.46166342873057
71.73239875919312
225.7192470728314
-25.82660238837093
176.01142139486444
97.14095974134266
-29.904015280418907
-106.57448434718262
-306.266551266772
196.61527149102778
100.1585538637188
-174.01003741682868
-29.899855381360368
-65.82564734341756
148.4294307726522
-41.249994334663924
78.55096941354941
-24.301237774477457
-8.980945578001432
153.62174195996886
0.6622127277245056
-15.56043701203541
-122.37005092471054
-110.85806424877313
273.31080560197495
209.70010667329413
-212.86837706533026
174.6943028788914
41.465016374646204
-15.309851569932633
247.65055288828398
247.6366057600571
98.61278940143183
249.65148260922808
-10.22583093472223
-42.13900999058418
63.65674703818211
-30.486960502906527
57.44954333695586
-103.36696061220275
-53.893846063992
-171.79837744618058
72.91472245421934
47.161075394213036
63.79075659824761
48.010879219058396
155.73913663859756
-174.43157037756117
60.90217448062333
-58.18839508783072
-79.60210354495787
-190.04154354184251
64.64352322543941
241.01822889542908
-248.8391858264198
241.4648676417472
245.61927643081634
-207.183538856933
175.1669052015048
146.68699122612287
-143.0651324841259
61.21993873544391
-0.525994466508858
-20.725283608641277
-72.49873968851153
-17.67559134458804
-12.297408040607891
371.7598695619039
-25.58276455499694
180.85192607866756
-52.64900571828152
117.61927315526859
58.394190503537864
-31.720156465173403
-5.709612383241783
-57.18117591254622
123.28319778039682
-68.15064546326168
-34.79604172629091
49.58210021945498
-31.921570939902345
112.27751405281263
81.3079798309175
-85.71869514825083
-34.46239328702746
-67.57157003369024
170.96311364044274
71.50482321759074
-53.849834272021816
-81.09368364165833
-1.9950794117531188
71.21024627725488
-66.34044469204433
-99.99174220075244
-60.41181917769768
-58.772033426751165
-71.08978883158457
-167.12185949925652
227.41527883665842
-110.59786868231404
6.5026477454171685
-197.67751683808018
-262.27733460992243
6.193022667855345
212.2537743338524
54.29244656038541
-148.8590151260754
103.49560084275727
-157.3730627719042
46.49933840286821
-22.833345574752144
-31.113088952834023
-113.24711382411053
-206.7268743185009
57.08731395541319
-65.00396379981252
194.42044996775647
78.40251178379651
111.62607143936711
284.46733733907837
-47.37476140598494
82.47267633930319
93.64053912585139
-57.59514800966108
-47.295360781711075
99.40699484079644
200.38174091161986
-196.99765887570373
53.15303372291524
-141.4869591376004
-54.89662146644331
-25.490638919627624
-79.31339418254883
72.29715794001565
93.39441365502265
64.48660093717017
25.9419609472103
20.725580787554332
190.17004878388394
134.35708648826966
89.13436632033019
90.67466507658486
-112.30479018338927
-313.74314712926133
-109.27442937333288
170.91612596214472
-171.08469350352559
23.258359829356994
-64.41635348435813
-0.16841708821321688
47.01729857187019
-415.0038539782863
201.22794747104945
-62.97640152778928
-46.402352616813666
230.73142603874766
86.48312893423511
-29.827565578430654
-135.80396298375106
-9.574774446131771
80.03447152985973
-79.84183669063144
206.4157973795291
139.66595093167152
-175.7325219516948
-94.06572093999613
5.650413005254841
-176.97085911963745
-229.55954197229084
45.108644460001955
62.993270020095125
-164.05516533324158
-20.816149282016156
-117.78482429529657
-333.97548638573693
130.06730030158514
-157.11835536545547
46.176868356275534
-33.03008691267774
54.46233695903172
25.198563129098766
99.11937733237225
-57.63764553836531
113.04210266532401
-110.57864378830149
90.92558246338376
171.87653484679055
-135.5008692440264
84.29130339722155
288.8926261532465
-77.22005013036087
120.16333907568159
261.54507225006734
-45.45291545715613
-19.196679000954756
30.703278334958835
-93.90535876211909
-200.1715323325002
205.7212351746409
57.801979674506335
122.10902914144944
82.65239968466324
-130.37984835565797
-2.7023465621360625
-215.58634690427402
-148.55536837763935
176.65174237720507
-0.6213236978096601
-62.48750378363129
-38.34435854512134
235.33734445480138
78.05781347168825
-258.5321514260779
69.67868007698641
-106.80432252457767
-59.83506828274809
45.3464057635612
194.70604707312705
29.928691796459137
217.92826146424358
22.108552073815112
-2.3010355465767187
99.940975029249
242.09792405889038
-77.52064241253969
-110.14406553917799
-109.38315637941542
250.51535223058886
-98.95478807451157
-120.62851487844623
211.24714270923792
-46.52413903712575
30.61256018038861
-38.774195485823725
-266.39803574006675
-248.27641848074845
53.3166719486187
58.43631122497587
-200.2962469429173
91.45346829885906
-17.787811547130993
-181.6226814743255
-42.90554677862577
73.71357773110667
140.31993067079398
191.6442750886763
53.566803083925635
48.247545540289245
-45.24921181765839
-138.0272458006377
-156.87118596013912
100.62383463757062
-157.14126163784638
-67.74285621636612
-240.64954844997305
-20.03552918047629
169.7618908040129
224.01448033694405
6.936824762435163
69.24767880001487
105.72871080412047
-231.65050446241176
195.4019264812984
-23.166833288473043
-54.76516607483005
-105.43809655423551
43.20378136084738
125.10740956956279
-21.203429780218674
-8.53376923147018
-36.61971939828015
141.26803694601844
-309.51562244769036
-13.134563990187305
15.38561490585748
-217.79556086920493
75.32998294280974
-173.92736957564833
241.8862486290778
87.5880439561591
169.82365322095984
-304.04393955772855
99.19361013095438
240.81724863795722
-30.387675038035905
-139.44339225968113
-4.689100600251312
15.498931002219985
3.852069860579248
189.34159846841536
13.796477751461946
68.92946162528857
-177.58272519735615
-74.54419565864337
126.66058941784848
0.7246269463250652
227.19693955848211
-60.91134946053675
123.3367982098572
-135.68023911803132
71.78556583509616
-45.78241659309712
-24.828816634396837
126.38808109250867
33.05088879186463
-217.39599224481677
253.9113572191169
-4.387097818420077
159.92604801114553
-41.80935713864902
102.40140082253444
-138.08717865115915
-125.10321241801395
39.769549541710745
-10.470762720627441
9.090038796075222
114.84041364293657
-142.42501683648302
-13.219318576988767
-67.16698676280146
-52.851735582178065
-66.33938240418041
132.8316673140099
65.02132270744673
-183.65596159415793
-85.18825541738742
127.88474690789369
-27.85826136904162
-227.3586682971323
-0.770005956046254
44.524834021716714
6.076176456726449
-140.5096560351418
-47.88055250303885
85.7651256973389
-139.59126651636927
-4.826007085501228
-239.37390609055578
48.65600746200721
155.67809097883503
-44.99038487633572
164.6897645566079
49.644394458774684
-65.24206638578019
-144.86186364033233
-48.87105686171708
-215.55460888491615
7.920077568314532
13.842230680217064
382.8789038230196
109.23971706113502
31.045057910269993
-120.82591748924227
0.9776629830239585
-228.16597385068175
45.73166095391267
-10.184656532772879
-5.610060111052142
76.17955926045154
59.21857312253688
-78.58021190936813
193.66508435064804
35.88251112122382
-12.677649621195568
-62.543886980450885
-103.48723860343884
50.04982032809984
-119.98228873453213
159.3591830110636
-94.0912603009847
-238.2505981131514
218.60047855382288
-114.47247098259308
-57.42383247968994
139.97416861671445
-22.61046908439529
67.40071802406456
31.955975084494263
72.50300234799275
115.46090598170909
-127.43604034072095
