226.39794380842963
2.370311227676908
14.248582326462286
-56.12747822809655
69.41056426692388
-136.69333301080206
-129.43821922101094
-126.02708572685675
134.98610593756726
38.225134310502135
94.95816147056078
56.97039018801361
94.73578026093693
-107.39189849954306
99.78439357075439
34.25387446439561
145.59316239634845
-131.95740107799895
157.21075963896848
-60.28779060581242
128.53634909619797
106.75900785357435
-13.107000410337557
40.70747455266322
46.38875029429461
164.97414734026842
-40.508917846989874
272.4096831809352
301.1547928220427
186.73378384702448
-66.9896272085616
-220.9188371364856
-125.47306855149736
-38.41771434920981
20.33413733982096
-205.03174190154348
-10.858358913549637
35.987715949377176
116.92485716436697
203.2954040842107
-241.83129431048343
47.9635650095687
-59.04115670583034
-66.73421960371202
105.1594859557461
167.10336051008062
200.12712107172447
-73.89553681064668
-3.6273315654742477
216.52362210990802
-46.54147213655686
237.10301358963267
-0.9912365432114831
41.106094580671794
-86.18474341941481
-131.04106082767663
-34.42145844812488
-69.20629554007343
24.6562735052888
190.2538869709538
15.4680210158139
-43.44420508807465
17.834906330215695
31.66907516727546
275.3946986599289
-35.641120853760185
14.465514368216837
44.29934626945742
-207.7154619730171
103.29289888513294
134.9923752794621
-164.7487010030317
-237.73158039625838
132.39649271728155
24.11490664699441
-105.96683547205119
323.1920342069913
-28.677869367295447
-285.0435701862452
55.02244511092679
-208.51719530688126
-33.85643514663253
-69.8983951800001
-235.0023971345524
105.24853418933031
142.9327681511462
-25.65837676894915
42.95580470691513
198.82909052414993
-119.9967142927022
-274.83730391613693
-200.1370171977945
63.43024451216949
-72.24533457327541
41.05865375846548
-92.15984562242109
120.35181195227892
189.2461574683052
104.2312682982195
-107.4896885017358
-0.994516177533392
167.9379851586208
105.32597103392912
209.2654663910088
92.33268990870546
-116.46204530952015
-244.52956726506355
-266.50679127930545
-167.85937367787753
-10.548657940489765
177.94546775028473
75.12021053150266
104.27736641312805
89.89101571137329
46.79655551718474
-49.18914149941121
-167.63746973808549
-57.621679405147916
-64.99494996168679
64.70901124751474
66.64771905961646
136.0364307902162
-131.10596002450785
98.93651266134972
47.912717818689195
87.25929648699878
-294.7427233957585
253.26757386861507
116.53930969425205
-27.520852088753387
58.0413642251445
127.88204936392617
187.82965596542476
81.23961352950984
1.465917366955429
-64.63331783207263
58.84584137993343
-160.09249051716705
17.371773905726545
-243.27156841494474
29.348509089671435
182.34275630490333
23.54276027243698
371.23677013202945
166.96065252185508
-241.0483611507998
-142.55102295448071
-148.06406872928747
196.15416627308718
-56.99763032728339
78.38419625923176
-133.61280231410257
-56.96904966594983
-200.72741363291465
-57.49898009794434
128.2418759267558
84.43724986996854
188.76000567117174
8.720784172203317
-79.05171518922391
-50.60953146608852
-72.39288203366524
31.333086557007814
-12.500784444088772
128.55340100836673
-60.07272653683768
-189.56311138010764
0.38241249008250144
64.76159507492318
-146.3470751401868
-224.4349745285188
348.14484555554594
345.8633467333741
33.249221469579034
89.50836082713657
0.5775251713720784
84.01923649960682
93.68358375239538
7.761707022380532
-8.440441843952364
-44.92136717280247
19.295319155562684
-77.8504469661837
85.12214483512155
-182.02163124804073
-42.24873635421216
8.291881870500216
-250.6679562407336
-64.6013250971024
-245.83060547597228
39.81486833582391
-49.38177239990566
2.5212250753102072
-42.13326580934311
201.0302194689336
24.66721046681454
26.046382965521705
-87.95532017217155
134.1226551567224
163.90887200470354
414.2123759032251
20.542222986448174
57.62809526561917
80.17728406223068
-225.1526491162754
97.44358668112099
-59.866416617681466
29.078095224319313
85.09312284963755
-46.22467073233116
34.31367725933981
-69.07261380693244
226.64822004516964
53.758698886731786
-97.12121931113239
172.63563110406568
-53.981207163496386
-261.09481793847453
-155.01325504246972
-152.1303897424493
185.31506568659398
-126.46832784235576
25.527084854393888
-7.6978179246563405
198.65795038884139
172.64694119560605
280.66240505204274
-153.43326747459062
86.67407991634389
44.68850671814088
47.331204278342824
68.74872329448594
-23.745500934676734
26.862842964539553
53.81392678225341
77.0777162784301
80.34332761559519
5.120638322155245
63.195286457190846
89.01165625788519
111.5517188809611
155.13135990061772
60.58493904343792
22.24597621102678
87.19189158557899
69.32350303488181
-188.14118873083316
319.85499908329865
213.01157016016717
-68.49492950002488
169.23888622186632
-94.04473410236629
192.1779660530946
55.46123380945338
110.86010501593113
285.3770775350125
-205.57369675386212
-99.25415136908565
64.90929964047369
173.10508233517749
-71.84319530596589
-33.54497161688392
60.11861856861177
-210.33060204014174
-167.71419773205054
-123.72888398837334
-224.5062084181197
-49.402218934153595
-217.58817771291464
-314.99064695678834
37.285293320866465
37.06665421404654
-59.60611213292435
-6.9218011325757685
-202.9182908765751
70.3440175280357
54.98768881874784
171.8986020561582
-80.63048563826275
-29.10270359474883
156.20787834342943
26.495587603952266
-139.74066747361715
-38.22604233181711
-129.72131826186302
-150.59301727945208
165.00817842287157
268.35219140178094
193.18017618563408
102.89969365716759
-1.1397398558142426
-1.4541467448684524
-239.02070589671632
6.545498227484718
2.042426388261385
-42.54639547518803
-439.32823631091594
182.52809819456144
-238.9136035263573
156.7086529068241
-256.96212661181454
114.44124355942009
-128.4670120040633
-40.77830501762383
-159.2799048712446
-136.33137963390874
-52.563296989865194
-83.72584364315702
96.02091836494233
-174.79300084659894
-262.4070085908321
-266.3003816983331
107.71897094485884
-72.0120959453633
-61.6102657063711
39.823890111018216
208.8033221748269
-70.99998937832673
123.73233739725697
192.76300754480587
48.21596413475971
16.283440212533364
-126.74687073579403
166.61975571947914
-32.57231971000746
-186.85296005978185
-91.58498980457423
-56.10037978509007
-8.782848340102356
-8.365555243656559
-67.34815772192661
-66.20034242610798
-61.35127778535546
-63.8196409240132
-254.91492131199962
102.32685321038802
-111.29834607108899
-11.206767698097975
188.23588646095052
-38.50150315462506
81.70969113894799
16.983738894249356
-49.64040773642346
58.601819142303434
-2.2919632005963466
-16.9763988562309
-298.4335273557088
-127.49350919674733
105.46948244299776
262.79242576960564
19.18739685952792
-68.51120689827387
-96.44163011167174
-123.91191362981198
-85.28049771331564
25.87287739900155
54.073128449890085
132.40547424745145
0.6056841952011505
205.2365703746982
-33.98871126280536
87.85121179801097
30.378598814207873
13.771928195733302
-99.89727771873532
-228.5283584092108
-76.5523716574159
87.40763438391123
-1.7176825654851886
-12.570234201109344
25.740581882419168
122.0689786005224
-99.77642613742269
-39.051876271973924
206.6732797774618
104.43158473572315
-34.92195196779481
-74.51445054655967
-45.77341695714878
18.418184807516056
51.89762673330375
-81.82994282540511
161.99330899996482
59.93975557029855
-169.69270971514624
55.68051294062307
62.60083319141916
-13.944655315255304
-236.17726449253436
359.242194791805
17.080018438048928
3.685201311054252
-70.71527124930344
-178.08127671661532
-125.3495321833202
55.53948351572334
43.45420555638437
48.13966859186986
79.14879269594856
-59.39364677217326
52.876412978849075
-53.543139549495685
-27.12579783230934
207.26182697961588
-0.6922704084337251
-50.749039732322956
271.6688544327348
-213.55308422662807
40.77758910177611
44.97093437429536
124.99781379553102
210.17749748034217
66.44035746928277
-135.1807940131674
10.608976917216372
-443.377415553337
-345.0654880315509
-35.51188704113088
192.19267137238947
157.075804106206
77.82281338272936
96.82517357769082
148.27421376770573
-20.884272941040873
-158.88698026306912
179.1682911038398
60.95892367967455
-61.923004604257656
63.754177449277954
-78.14709216323108
-299.82359460959674
113.39424989826652
213.9953013610344
49.14700862303064
23.509879390372667
-187.4988128848615
-138.513836856361
-221.9593886514683
-284.6637646765218
343.9766579460268
306.3712615653947
111.06831493677153
164.7339546876554
-30.737803472789867
18.239184817731427
-73.64667834677138
-162.6559259430538
-56.3570138973816
81.39025968973934
-158.95213133477955
41.959920554514014
75.80489234644803
-133.69966542021783
-203.0842305371389
172.73184681561244
102.51069460275471
151.57843535532078
11.689436274582187
186.50180186177937
3.438791557224045
-102.19753196066152
-57.43697256348545
-176.91415000703978
-88.95589837067531
-20.397538844885965
-37.15021070601853
-60.27111019325778
-181.9783739731963
62.933390743623725
70.59495258386436
46.778756448213706
-31.171959232020505
103.2795551032624
-223.30118356503215
-239.37137472832057
87.67074062517881
-93.83120206589236
-5.504514789069473
354.47004355138074
-29.392868143425034
39.191837774879474
52.07904413718905
164.0419076042877
-106.86513713613546
-24.329423409524473
-211.40729330938797
-112.16663779998503
33.73915351576
-133.271894021981
-256.2096459420164
59.2862383244991
-287.3341452745669
-40.454203771985554
-104.98279200018527
70.20515949558884
-17.05980459739346
-152.7416772721565
54.425749142527586
-48.889666649623855
34.63004677255546
-120.5213992690594
-17.015227642458314
82.13663688621294
131.64481870122304
29.968262699114216
148.06660063880406
247.64851013423453
-7.02179453069697
-233.83490942623405
192.6501521253312
338.04617083572657
-265.7014723755157
-58.80173956375974
-10.90089529411472
190.55113965941203
85.75185041251773
279.29565316560024
130.44444552179635
275.6407601203773
-460.740964961725
-144.56859880605273
-4.832430075391836
-45.304496288525215
-143.69575201248182
-269.46076859830634
84.01268469332337
-202.250002634841
-11.298119028972293
-223.15096849669587
275.66644361254305
-46.547814686295375
-55.52684240536801
3.1320719784890945
-16.777456815655544
-23.139795459532564
153.74112831116872
-171.61685406579457
-74.44154023059461
22.40362150663976
-186.24791121445014
-227.89669638443584
25.048435543785665
-111.54568687529515
140.53511405978645
-99.15657032214267
115.59272721253838
-124.10676723200984
-123.34822612405328
-149.12988883686833
51.31293965674253
-87.23802383179944
159.84282373771785
-20.463610080797146
-44.2738944469714
-81.78482754618126
52.82619762144897
-250.13656746405854
119.84761643584149
-70.37547646667024
144.39021076696218
-27.955093363260545
-83.68720675894231
-162.0210954504388
-0.1348494170870218
-64.56169318991164
118.81845112663126
-101.45269830924312
387.579551709816
-180.8140165420355
177.75663155538325
279.25338023746525
-251.215991778425
257.3606932735665
-84.09976711444993
93.96658747929156
2.1853388674193255
-13.235243870728176
-31.48789778814665
-151.86548900051525
99.55076134845059
-10.899803094376331
4.101004584123095
-94.97995729581804
-71.68602704457598
90.65000515770825
58.37941250024895
216.69878105463184
-45.5097729152919
224.72425003454083
7.82973874048325
-103.76879101373768
-1.5268131940530136
124.58484738697854
36.007298559136906
245.53604160510898
-88.07823212701965
-147.62418697807078
-132.58111501839164
157.83956395212897
42.510223539089
-13.472558765058452
14.80563746489185
26.6097112902006
233.31847865142802
187.78435925970206
168.80952747430555
-168.0759816330695
-53.96566606919504
83.6991379925933
70.50295964077065
14.496353104476917
173.98506391009334
-291.2136999916312
149.2312963140602
38.22758656367098
-62.61448022097347
-258.5827816184253
-141.15540541174747
4.179767110563725
-88.19343870029775
-130.38258053577272
-344.2953745252847
-50.80169606806735
64.12990422154401
-117.32542713051531
71.73307953612478
-63.75599188548678
-291.7835407781466
6.245618857721536
227.15403909422105
134.24865296630114
-163.5128657268217
-43.751858348383614
36.55250017415834
-220.77427035306178
9.039012438099201
73.62885668623112
-85.61126620464661
43.61551070628377
299.1811058979841
49.02949209904312
213.33498194665995
-177.07939502887413
3.4707381560385855
-164.49635507870926
-161.2725853101473
-316.26299699269026
170.48086106347174
95.71725003162545
-72.69869701303521
-43.900341804827065
-99.78602959419729
-168.93288450476877
-81.10718736364593
-118.83403947862989
131.61601310064694
-246.8998173926968
248.08713333860592
31.20161390994183
228.3460948061245
213.99941206030635
297.76726452962384
170.22256436614344
149.11721739891266
-14.28125891086909
-47.37749681097548
127.52224578299034
9.21727428085985
-94.95377227625454
108.9801055783978
166.4868393571709
-144.8039468370046
-74.12443180467815
-215.14160255332135
200.17007519683537
11.976542954230634
144.9142220531033
-220.3471846077034
6.157274951719745
-162.05979585941
130.2069103076271
-70.38515778846762
-275.539078799236
-116.15272703864377
85.44546115353849
-107.78428055051502
-281.472247708083
285.7877713866374
121.58675168708899
-235.05882368893572
-292.55560377438826
-241.1791065483325
-94.89934307982702
-56.32248805940096
-125.17710312724421
-235.41809065467484
373.86998778883833
-191.51910807505652
285.554989096605
-68.06602814024978
200.01187101304524
-0.7012698916455737
-46.771694400121135
-39.62390607971818
42.8764185317142
-46.16658820102827
-169.5733750301369
47.78626858862378
120.78332961785738
-243.50436291644306
101.14101637929637
-121.1585906956532
35.199301477969655
45.23773619257972
235.27572902522164
183.936305942424
83.50424055920752
-71.49420245334632
-33.30782313074235
103.57910563121747
147.8845973320101
-154.20201349997066
-144.16492791729928
-156.8164822503048
-127.5777975075761
125.12471109827447
138.874206625654
3.5138561639869343
124.982338075941
19.163224301861035
-116.65438700840706
35.68523041648608
-83.19075257512856
-20.007945886057335
139.58609236588688
82.72844923595747
20.79917041720309
-19.905331006507176
-25.909462047717835
-168.65437049683013
-251.97099148285852
-130.98055812056523
-143.9120144332911
67.49975756444447
-271.0106834504364
105.73328652167675
101.23419840635323
-159.41316587403017
140.97398173080842
-169.80434073263865
-118.6385499465161
115.43160141230597
166.6029685912436
-93.34532004003873
-94.6916483155301
38.786145872867344
160.1078414739727
492.397126499493
-92.53958224701742
-55.0392118367134
-18.40037871845586
-138.1805804417314
-248.39728161573123
86.41209500321455
63.10600695282383
-181.291499411222
-94.1596920321737
-155.60090565326195
165.990045492077
-19.418311787019945
8.26573011689392
-86.63821292254993
-4.707686888676248
-36.76554437353089
207.22794583030853
140.6184569094788
-53.796342153470306
-17.295014404005425
-3.4181830465406398
-258.19924373911
25.36497693794214
155.87515110637824
-47.328223672448416
-43.14335884673543
157.3123413593268
-58.337838242771
-308.2498873511771
81.897937546636
-38.51836897571436
17.955254448782554
-49.49842423980632
-201.34708668430886
208.69452236678487
49.419335369052796
-70.53853970700268
196.32987446201932
137.38630792482678
-8.309272652337075
118.6510437932407
-71.37059291795339
136.22107811123985
180.7298365531791
-87.99848719846331
-252.1809393881697
-57.37183009742137
48.862398076865205
-75.2794613607933
109.27979562029229
27.477993983788757
-323.94490437658817
139.40074084854098
-60.200795509495066
-82.60363384481404
-9.680080496426337
52.40651831746787
46.93145827430332
159.85996140446937
-123.27341281189076
320.6124676009232
-47.586444094361305
34.74980929128835
-59.91843999558701
-41.372964695213994
36.9622221549068
1.13618834127597
-38.077042050097326
51.568069840908635
68.78797388564821
147.00579141883037
95.80576848330357
88.24123169747428
101.8416759177782
142.94120198818035
259.0810553290103
235.06972520858932
39.283148370741635
-122.77398809652712
-199.5863066637824
30.100545009465215
60.14963584068044
348.56089231889825
-47.6529888582777
-2.5138466067960112
-252.52241890227205
234.76645971696217
-223.1975820232783
416.8994044593795
-16.159269681234342
129.10945795878746
115.43832689079801
84.7962862562499
-206.94082090235088
294.4190031364066
18.0659222077147
-30.621123193937404
137.98756459173603
-13.032561841415749
2.4622580167085717
-84.29971670367348
180.63904269882678
39.337457150125914
-3.8890321490323547
67.85249155212927
193.69883628860856
-94.25128153026041
151.03044145671657
-20.455543326563905
-61.31964607502586
131.243950247854
-170.29523867643533
-74.09733615304549
-206.760947953555
-47.70729076024439
133.36749170359428
-48.5302590353305
-330.47570491955935
-142.65447944748735
-46.64695278794293
-58.597865383604685
141.04839704137555
-142.01635747502132
-86.57036861693018
21.852345550979223
-58.41832458814901
133.49609692765424
-144.49535039794904
-65.81252931758225
-230.25230337931404
-242.84194025091787
23.19908802464601
2.9996459125849664
-28.175900264456086
-198.9086011276659
-83.23505221614185
-304.4977969195808
-110.32966538113784
61.677110463745834
124.75191199050649
349.4680457398769
-7.8994788177719855
117.11712501247048
68.19082771456175
-356.16112859611223
-61.79237636729267
196.441403618472
31.562174556420185
87.01442250501641
-181.93619323444295
-94.90708261433204
47.00344066974791
-9.994958886494985
92.00547078886024
-82.41078129346306
87.46415531148749
-257.70367480329264
12.513461811115551
117.65249530767534
82.01322329162565
193.4534942391431
-92.89022983596809
55.30919437446854
-126.3496469502462
150.67435328984314
-44.1382779162864
7.44444922837029
-126.14091774681496
126.54517601291995
-86.60236205690825
-11.829541253895695
24.336518495403524
-47.754372153350886
-109.82528173288283
-194.0238230143872
133.20725586741335
-136.27747993321012
-60.44782031319601
2.119072762109025
-56.17892347263554
96.21781462618104
-101.73835009410104
54.07166820031923
181.51110973064743
-95.10433936048062
-87.80184087141032
-458.0082476468054
75.35057599027354
208.01403482242046
-232.34549857732222
49.49522768342991
157.10642354097612
-112.58071420206772
-21.730292122516687
224.4408624924465
-159.04225956625876
-13.708485917319411
92.31430646258393
-76.76788336881964
-48.49250269814503
34.64063192600556
18.47897051250045
-173.87082011531572
88.7358460817676
168.9880725387628
50.21700089950869
-11.6357747558261
290.80749593094595
-109.84817097632498
-124.62854779847896
62.596304365113504
104.99161194196934
-169.0840236090399
-183.71555392264636
135.4501767369512
142.2583815316573
146.27783722827652
233.99103651683933
64.15774585757633
-76.55098459049843
274.8711584334791
42.64494750345829
-218.58498645273525
-157.07125211030885
16.593863215040262
21.315666459991874
-159.7020916510177
-31.068460446738232
-213.17906591793863
21.904885060532667
-73.5580708467433
11.92310815015827
-48.42736837260801
92.0473787945663
-241.01129029460597
-49.19658703226051
46.93672158750503
-115.69066736374272
-14.314485830914071
179.63041862575713
35.58697725168993
130.69860743247446
