-45.60921347206179
194.50812968850295
-38.83295891975008
263.7158400926327
-144.07143839577918
-177.3297788215091
-113.3734218977576
247.46708686457038
-3.95874092596714
-173.49565021950107
-58.26871894001887
54.46303675975868
205.61437583074363
92.22500161710069
21.792290800529294
8.613268477433373
160.75239059399948
20.41231522935882
95.27216130788446
-30.042873078441428
51.63385812057501
108.24542339765047
152.64794937994577
-22.47954660969576
70.83728857399626
133.02312727875275
-160.506836648982
32.880637249279914
52.12859845177881
59.31809867107725
-142.06526519124398
156.3241526319197
-142.05374422296734
177.74928426631206
158.53211255128576
276.40043243164405
-96.07265176138975
23.8309136052432
5.120993369339896
-75.51280249861482
4.950065878737015
16.199155971565453
-72.45457515662667
-54.66159123863392
-251.47327252686333
194.14401966311496
69.88988475612975
-62.32669747060576
-207.8372679041026
-70.49765013448551
80.5084643524483
-180.5741149986127
140.0797498673152
171.0897783899483
-212.82177847700396
-199.79708383496273
84.84996829864843
-83.48822232366766
32.46614934756097
5.449371675091923
35.62086897968748
42.23400914533765
-112.74173426668456
138.2079267125676
379.69482893640264
-147.608344010258
103.58546474057216
1.8815248729030079
113.92008802149013
26.317410365534247
-99.3435496463994
18.522956206651028
-9.265445630419626
-90.96533294115359
14.183581344973724
171.93444284061022
-156.16692158506288
-57.69682696672038
-45.32675297611921
49.66912553524853
-171.2426058009081
-15.338507322384661
-70.43316202034632
-56.6449386708723
-23.375800405572228
21.02597451200674
120.11096232086284
-161.71841570728387
117.61233459487002
-150.75726818575097
139.08579332405156
26.978179569510562
11.945762990796519
75.60992008666254
-9.86564516800927
-23.363126849396362
211.01194788343338
28.762560770954828
111.10172670540308
-32.95519636735213
67.87038091851598
105.9973045139925
88.75744868296842
101.56978498381805
51.20225257269605
76.87934537761674
-10.805744073210743
75.87421595474316
113.77555641373249
239.89701762086347
62.77807035342316
153.35217623341276
199.15333149488362
-195.336173692954
99.87592931345087
302.0794017809131
75.27597842983475
46.068411336038515
173.06491059153137
9.904954906238412
61.82933955201445
3.5871397426100757
-48.82281723159625
235.0295413166326
60.605395436268566
343.63870724643243
-34.17404607092888
129.71766830125227
-99.34932267795162
-105.26465164303778
-28.23474480148342
134.56280326094543
208.2426387942968
13.984527602293037
101.89659056008124
63.54045767315128
-49.97720484412509
31.07690236366654
12.675576211341406
125.35931014768951
117.62724325562917
-35.49359689978293
136.45473317953105
-322.5168878657464
36.946920170241754
75.56479496776717
-50.3531454297927
50.81146924113579
119.29549550507424
99.36866582638685
41.659479676605486
-64.8064286184645
170.18517269999515
-116.44786164016686
152.57532392642116
-73.85770556610115
-61.03622958995366
-217.74614647542796
19.556134581352758
88.32660619086433
-38.917585695539145
23.487315253406866
70.20594296958387
-254.42773776873153
-137.48629743766296
127.42889314781121
-90.91739161379769
-146.88179202996238
-274.45768716835454
221.13393366092606
-87.25815357786712
236.7992143736359
247.56885506536304
-115.08001548133691
-1.47792532461742
-7.88863695432707
134.5045993615518
107.67767361378537
127.33628505258353
-235.44829477273873
172.21073558780597
409.1599363027217
87.98732436718004
81.03655847086678
-89.34556446399849
141.81200654879325
-309.25495938186873
149.14954627245362
-168.34161799719257
133.11347048350362
107.0048547078108
182.89059509914605
17.14827474864784
-285.5646834728006
124.02796206050465
-182.55867509181118
-67.8404757521208
-4.540364389080182
-118.92816167584557
-122.93019613470602
-216.47773712718376
-129.42668296776625
-5.308585864814964
113.00559605988285
-18.6779409693406
-68.45103026648171
-162.93050437140124
-94.39195611695777
213.68540415287143
-287.4139322643096
239.33608187653445
-422.4088201699232
72.33453025436197
289.9010035482851
-66.35478312648402
134.0302418648118
-90.84266841129174
-122.0340093118361
-264.3562990146497
21.285483160673582
164.76851734169486
274.9341847772323
63.887049091980614
-144.10635721960213
31.878465463514186
-188.4332185011589
213.1973770155243
126.430820798805
133.0163794598677
26.663870994848
-8.881073829115302
155.31737222082083
217.36749682171262
-118.54000118996403
114.842680309177
-85.76298782818508
-40.70280619010706
33.05693556052089
57.18502969824074
-89.24271986314501
50.76318569449381
272.1196716462194
59.54392122451107
241.20938348751054
359.9862658639976
27.35168354969785
-109.28862606641252
99.64836611466458
337.04278802331066
-46.33563219481199
319.1208089989146
-13.703194876931821
-25.989806016075327
-79.86415102873534
83.89960313835485
-161.35317011622936
-117.55875420968378
188.4966570407133
-82.99628071254796
-115.43933184127883
-214.0837895512234
5.637123758045909
-65.64654114606986
-124.21192882172207
-64.40780276750252
-133.52228378811645
-20.187003916026562
81.25447576015051
128.20875167291592
284.0642860965484
158.86976373468693
-48.05003554155468
-116.0950142853076
35.63764390930108
-27.221747144647416
-213.59767812441265
144.73251125400142
-116.09074662084019
221.46312993788166
200.8748850962516
24.79167059498498
75.25036418200824
-42.43862779785565
-29.256442827288588
-159.91154824664633
25.04937835507868
-38.68728925097776
298.18709904164825
6.9049588488513205
5.9577651700569785
-17.887916466026304
2.8037737818148045
98.7047258350484
-109.03278851856915
-165.18850801683493
-102.91908004250516
251.45678962216033
-59.38782532311256
11.533154001667928
143.72391769105263
-160.44632613639294
30.214625596443902
88.72608715237439
31.104391648883617
-108.78444892652065
-141.84147762767537
310.827191524582
160.8878996728625
26.312842604635897
114.18173347776106
-88.67538280617353
93.58866340880844
48.24136481281527
3.6195130095968073
-30.51624180014851
216.26288949808858
85.42880049019963
-70.30676909376393
99.32317663726933
-63.565380545128704
-94.87316993057769
150.7839524324933
-84.67890354778291
157.880869487943
139.73884505361943
-198.96160204578337
94.81899188558882
-138.63777388128995
45.60719850580629
-93.69238339226966
214.8280643326874
66.35283639093447
64.69900741184517
-294.70328347163
-277.1580185571029
150.800115632009
169.71465173753316
-46.04069248424286
163.61514469306385
121.1464539795114
170.38021482221532
139.0591232454138
-6.7757855813114425
143.2928672988939
21.461761372234502
-39.53423819247903
228.60572060738656
-149.08423282332868
3.4535112701277404
9.75223715289083
-21.629246353557235
76.95061940345195
-124.84425627824652
-124.52496931442245
-109.5779158409485
35.78176665452954
57.17071772560805
-38.18277704203224
-107.2365088256495
193.41624774037956
43.24520626746723
78.13119510488583
78.29790289329907
83.46265683873526
-71.36231266701083
-51.656803702180966
-88.39559716405039
-86.28713204231363
-59.68949275349422
172.47298433911988
54.25489404345857
10.941054745958976
70.70380463775729
114.23968175496168
311.46568815823025
-342.8432966166622
-147.06253358845086
58.24926925357364
14.340706109859758
147.46109327038306
-221.04503715798657
31.716566610200907
119.48642445083235
-182.47973312434388
24.076837190515874
-7.521233643353824
64.06421275576928
84.06049579293555
-53.05188207373098
-28.476285481485053
0.7057522840894883
-69.83335568285925
-165.39314504572508
172.75076485122435
194.95804821967178
-220.80658167113648
-168.55868626339614
2.057921447601169
-169.38030448876137
2.5175666321966776
151.48219247014532
242.3204876522991
-66.41126884013212
76.67831844337968
-11.835782890162559
-16.775616998923425
-216.2444583318405
-24.151490367277034
46.719156266385156
201.42665752853975
6.9406753494345494
-80.80533420680914
264.0148472798739
-58.22307261968738
-93.66182549903968
-14.735636724185932
63.020762090969505
357.26512946454017
84.99466040878966
-177.74591053449032
53.25380617862843
-298.99155640155095
73.35956260432674
98.94957437104219
-58.21710888961592
218.62038187162747
42.222062840818666
90.50578256510303
78.2362365682866
148.64060636530172
52.460262608145236
60.681823795057426
-25.06821559259053
81.06344922221948
-220.32848054949193
-453.4632014056486
-207.28706641636464
-160.41888902618103
2.640750982173884
337.4356852419521
-8.401524461074201
-48.61542007231732
171.25011861171205
97.40247803948074
70.0342915361885
-107.82143700045874
-58.86350347594652
-214.82432195276073
-76.2551052053078
-88.2458718559596
-121.22207531278514
15.832490847925985
5.20300611833955
-127.2584215763853
-327.40474059371127
-155.23623316005308
71.92585337267337
-128.08786462762225
-64.71393454735959
337.8500293348111
-192.1257688359934
-333.3719116974224
228.48453306229158
45.497674351964676
-191.21073423811941
-124.06769879634848
-50.15916324131659
99.4600819606002
-151.39617297390402
155.58936528344276
47.986209112487124
-194.93292883762382
-2.832022301819941
-197.4280265364849
82.9421464098423
289.88554743877404
96.5634155008454
72.03173629010256
90.59470818230594
40.46594775455437
-166.16296158807384
-26.08614737388565
10.190198643951698
-190.47339515405224
204.35756502547733
-147.76947608026757
-9.091227012167808
-114.34485546659418
156.8502696110409
61.82439525042145
150.45111208808032
-162.8291801586278
76.99117509666766
101.94943202312545
-154.6690558373428
91.34095395691055
-47.05687174678173
371.4448466601914
-169.49509689012905
-143.72627261616634
154.31451076226168
-22.970028651630773
-13.014132335534597
63.68395826983361
-198.59871083469727
-148.14987148370733
17.796353992295863
-56.784783206841695
-67.01969219503727
85.45126805278045
37.734097298324116
238.05943693593431
-90.11828570587882
-146.69515094284228
-160.23385492800483
-77.87055226857778
46.79832687770215
116.11162571648751
-84.23176312140161
202.17556266625837
-166.1456287599361
-24.388652314304426
-180.26427013679765
32.35485274285202
-30.938349244038466
-23.752377464891833
74.97120811100133
-184.99100683043747
-76.52794654915532
-20.35509580921775
-68.88522180179436
221.61236137237552
-48.745732769832806
-171.6864886443133
-1.3277617679826492
-65.63176621022629
-0.8764029177255783
-308.9231287079951
-15.891561661391997
43.77356360778825
180.35787576776752
-29.023370950412406
-111.24308771511453
-170.03989811110364
-0.540900062255048
11.527589154072858
130.83252814215783
-92.57746082852044
102.1289776592883
-42.93883857918625
-3.2109253796132773
56.2149984378184
-50.4976089209993
-212.56849577441628
-137.62054147985083
164.96051449315488
-206.66671558119117
106.35096502011108
205.7218556853837
4.428685502182029
9.560889830340145
-119.2137779969673
39.16584857900525
-333.3271212375322
58.03859014572547
136.35386641479215
-11.474673580539083
-55.813964280455345
90.04643457839758
40.99534483538183
-66.13440308070949
-280.38203309046344
134.19845276916158
206.00880455428523
-82.26571644916977
-54.97071274267267
140.29565156286492
-54.09830004685026
-166.95785182394067
70.15270887275148
-51.26989752485787
-220.5217212600839
24.096236943824106
-43.73710933401326
-277.58068229776376
-98.39462227162902
139.57111962414123
-224.64807730986152
109.12633297779101
140.25668595430324
46.413388649659616
108.44239812670764
-47.19588685773701
-112.76050615436863
-377.2939896604864
82.35689379716462
39.35283114513194
144.8726007379204
187.66039725311202
277.4913975807425
-131.49117720506348
38.09189433924843
57.414083424854645
-213.60509222979766
81.66649896092015
155.6589048085098
-290.1394012982943
-321.90233296389084
-17.886055173854672
-213.17268517812812
85.29235683650538
-70.7800019020464
16.944213026734772
-165.8786619748586
-40.679627911608186
28.289937669075655
8.995539201745595
-79.6191087083762
88.76064589602204
-324.4191786244379
-74.3082873449225
203.20191184203986
77.065480765222
-361.23000743968055
259.36584603951127
-6.410106546348851
164.70295023529408
20.119759914700836
401.30056105967566
73.93159737021529
-140.6400847305205
-40.83562641900518
-51.408000481687566
138.90772532297507
252.22676763187928
132.73587207703798
38.369694153852286
218.15034909171922
-70.0594372843364
-248.77988451975574
-16.555672497113147
24.315972442101124
39.80599706481169
-127.22556184888676
66.0434662196897
-42.03485779364284
-74.09451674758981
167.52135090340957
-211.07189716404255
-86.54950596259063
-110.58259000545162
-20.361182077542512
-110.61187368344937
23.632799994397153
-132.90065997348407
38.50449817098508
-126.44572816760515
123.62247521297043
-52.84867566025377
-40.450907997720485
103.9670814694048
223.72159708125145
185.74616541698884
36.57956172480929
-321.5208202336305
43.0222252265095
-36.9068700481854
94.70347712067986
232.38840658616618
264.8748928796637
18.663890159081422
-319.06674060646
33.05338483297853
-199.22441267612353
-110.38288816254118
-2.207603212088366
-239.4705615650656
164.35489713163398
265.87003450336715
-104.81502097620378
-136.27804150172977
-224.57624227602534
-41.94554051607451
183.73232820300677
50.412578968200684
62.00402300390442
-51.09523409688172
-241.57602172110418
-7.226599675733368
-180.87576817446723
190.89431874648872
61.36097069168049
36.55414467188867
93.10426247514016
-139.21049001315933
4.017522529034833
-178.61473279365612
-1.7674706439146177
-12.484806759748372
107.10321954543033
208.3788434488062
152.57990242056343
-395.3348753175827
13.676782851170731
146.41734160572062
111.81751555509557
-2.5682932697691516
-73.38671194446086
-99.8467291442489
153.17892208647646
110.39901007868157
111.29944873042265
-95.56335638569847
299.59354280345616
-165.2384692090774
312.45964299509984
316.8044079600061
176.83280624414255
58.046663632268064
-129.09294571014937
-154.34165673432804
159.4212262606665
-32.690226161314655
111.00080245977827
-105.54507783159652
-99.43441593075595
-187.12117634306458
2.3283245684794127
103.1199783641345
-102.48069157856054
-7.610968557527919
-50.11494093200946
100.07984407100874
40.10580599473126
17.450514651557132
209.43293070473942
-34.67760155040347
129.76631450771353
4.571705878868889
343.0895116178428
59.59700574599544
60.837955231540406
150.58194817208494
-151.02929487933966
11.809872978084037
-32.10936307347173
26.160556586743233
95.23961869937972
122.39461164798577
136.06595291028822
265.0986891678895
68.7353979920262
35.58748342639162
-64.98842371057968
-97.67279283629587
-161.36471104844918
-194.9158254125739
209.3151121673193
22.137074510064586
205.68932873467796
-231.85639750008212
-5.1260005439374
0.17905324698158892
42.286730521887414
55.415526953740724
-50.02512363694813
166.752465402005
297.25608988802924
44.498109513510116
76.73128985642963
-149.2884261348553
-129.30302427206004
-8.968599157247002
-147.9399316352065
15.387748041035348
-35.23748848232812
-105.81128961080299
-129.323468230931
51.55972284997454
14.37692435654262
-356.9713465678588
-182.24162078695971
159.7393174546976
193.8508204337191
-144.87496001749335
219.27531226474136
-132.80091430498055
59.91801671161493
86.58056158287135
29.751990828673517
-199.1213284922956
88.5729972249367
9.12163801217411
416.727922495647
101.55566278257669
33.128662003515586
-177.38621826388447
-89.4251121741466
-82.5415114065405
-38.119283229282615
61.439403238911936
-167.05339924627617
-106.1007615985321
-27.21408368289988
106.50723830794293
131.15794284777817
188.78443026921204
341.24690151799996
-219.9298398644775
-75.8056153453195
-96.24852024439703
144.03657135975538
-17.247553563291703
-176.98280295946805
108.3728751642302
83.03480828938733
-185.88278624020143
41.65940319905272
-70.69574171383283
-308.6532010678563
-24.953156470359378
-55.132830727371754
-23.207539802969155
-125.1053052339715
72.53516032217587
252.9084798461356
-140.85089250995765
-40.980537494558746
-96.88422221873674
-51.47448271065349
-25.559461974112864
-132.4946375334326
-347.39660574956434
78.04441796239215
266.2563449294209
-47.84364850501759
-345.194593526292
137.7588759689725
-51.03685626758439
62.42789068880776
-106.58087122657133
-331.01085523791164
-137.95986439558345
-201.32788632954802
-22.42481468471653
71.89493969624928
-24.359191976910235
-195.1750598273962
-127.10843306069869
96.08971000255157
37.97775093718905
13.123184811745794
-72.92958440438717
155.83478200618063
-176.31193141153207
-125.16452907856784
-288.11023881570844
-268.44124342642493
-116.14993485712642
-185.65864198075377
-27.570927211176837
46.86304569982739
-53.77659947970946
217.1341059503034
-260.2959624482109
-108.4143731830005
36.07011021973801
-85.7222651606599
-156.38685844764674
-140.76743199741657
116.30946110011698
3.1407074089414753
1.2480797359233873
42.84622650122223
142.333447747606
-21.329936743693768
28.175375741661792
-44.45802806246333
-164.3703769964541
235.8746314983352
254.45579013025292
78.9956588487834
-388.07045738326065
132.74481394906113
219.16395401596918
-74.20035032086115
-182.15795281951114
-102.15745667662584
-22.19984609521249
229.43566425416668
186.49329957847283
178.89279714911072
-133.42339891033683
-132.2929251534287
-30.518885256937317
-338.21649790702327
-42.222790186168055
-52.47690021833181
-248.1681655042527
181.08692965663903
-53.28885203722213
-59.191079946127246
182.7310032198036
-71.00455039610256
214.27554425288116
27.712600524568224
49.94698281969166
50.936048617086236
-26.688045872852122
-245.64177306430383
25.838026504502842
-237.244452210778
68.25943398792404
54.93783831512685
-47.1658881445225
-6.222689734396628
-2.206349226688147
129.60009388013046
-111.44624956085251
-161.38052767378448
83.16503034222123
15.93000683004627
15.693697522559079
120.44433461822571
61.41140850332006
69.1950782764239
118.19396668281458
-31.668774095973237
-7.576420086664272
-7.143067210017492
232.8011326496602
31.31092604031182
200.77174183843448
-24.357372506532673
-4.587780037996649
-71.58976451452659
-180.19359803847982
-36.95051688928681
-263.14109756668677
239.86840350478025
68.89028167558077
-194.80238632048702
-66.15769947298304
223.47324490798277
37.744261644239245
-7.715797045002379
192.12940846518327
126.16171564399468
30.5041277407528
-64.46932434575876
-36.747673432003566
-97.85002933481728
64.9731612622968
-210.90199237487178
141.08313481478106
34.49534369407201
16.15671261563544
24.332362191885235
108.03057615178504
20.0689296602031
-25.614465290845324
150.63208291470087
26.347066913674063
-111.39566275314726
398.2048464064564
-12.130740161867793
-29.60620843101047
67.89370458543588
212.68573037994614
268.47148993469256
-25.7617863033078
-50.47516307224438
-66.99949655383931
74.31181004083156
34.93460938952701
111.65122673731175
78.71373721945326
30.153085833704047
224.1511369260934
54.91991120562219
-339.8595534706035
32.021909982677755
48.419541361851444
-71.16246178919877
-119.07145194083881
198.36578664698465
78.83759012376798
-98.58162554048823
47.84307458541529
-64.92582430926959
-17.38385588215936
196.97854855437652
-84.4286976289846
107.5408531398356
-135.21146430248666
-255.82017179244397
146.88361312541508
54.92842282385299
36.62678504600123
-37.641338857947936
