255.47170445990128
98.18914562611313
47.14648770492917
73.36192722328288
-75.58386119654622
23.30504099857335
22.35293790999575
-160.93234209475102
101.92745067754562
-126.23069649046482
207.60994327889682
50.274777962325636
115.27203355284982
-79.05967049051496
6.5844855447966
-105.84133513963087
-16.337478391512718
-135.49313618706185
-22.801839756818463
84.59226015398696
-123.7129209616928
-41.17511226328928
54.10700876454418
134.92208306518035
15.775764828679105
-73.79647823093252
45.218413989417044
-12.14239909650997
-63.300053438935976
40.143315952099655
77.52275915754556
96.26718119864299
108.86574189140984
-86.5797280290573
33.38176430412442
-256.3193842197851
-85.23426536598365
-28.756584154729776
-6.046910521167159
19.01312073258186
161.4128546337274
-26.98897591189177
-10.434633193583235
89.17837639661737
-10.596008497861417
65.51577960556368
-15.723087595249112
165.9006877106324
72.23053875112555
140.98828573005025
103.73739154808432
-66.1481005672872
-103.71313258444972
-84.05024973631254
116.39566140206723
-242.4887072479532
-31.60277350863438
31.68434065835563
-143.60272625407995
-74.14384113009454
101.85578553073796
88.76162968312914
56.527980716002524
-57.23665251266295
-20.574207602392477
50.317869350058814
40.00263126310142
-22.77375562964262
-115.84809035454742
-133.68276600886009
-86.05976930010348
115.67967350389165
212.69317919439817
-295.13646837938444
-157.2284387782316
-0.2071134284145525
-145.48354218994172
-100.73454651612869
132.7094208699389
-36.8418780190156
19.978434437041983
158.7197551187369
45.90119152396123
32.22383405620067
0.12056439003706654
82.71067911030751
-130.96027950821298
-86.59256699190121
-168.98182839622953
-67.1271981247071
114.86578974207275
-148.89072802081242
1.7702295539287303
-99.18031209452701
58.51609376802111
82.53561354106702
90.93358929337283
67.86208821901445
143.39690250531967
-62.32869174896512
150.4729339019101
226.83349772911507
224.98257292860984
93.86231268402211
-61.60502328484432
96.04378253720034
6.705768128125188
194.76866209202217
-12.697079067845124
106.49354407649838
67.01871907262108
-24.29882875131399
78.50696996679663
100.63745048302647
38.807617761998905
56.06779893135327
87.45711193735605
85.91443433681826
-52.71845458129386
-158.50960349011152
68.21328917113989
-32.14310327137934
-121.02405501879853
5.591035988841833
-85.30260583482743
9.533935245132307
154.8936197392713
12.039535923800315
-44.52361530695719
-6.716977663677101
62.28715341135774
-94.49248977600239
0.5914390485398533
46.301083689469394
191.74859703552357
2.053748877611135
-61.003441685508015
103.66810682214428
90.211429625161
-28.77786870416211
-217.76673941864203
27.051516771676543
-23.067303213009204
196.42879119851548
-30.17855731131568
-304.5335306386083
-32.43926514449163
132.3336954968747
-30.931195464643356
88.26173673112969
93.94577769312005
6.505194282754438
150.83770286869566
-46.65057955528111
122.25059500598363
-54.631733334093084
19.517276796345676
29.66774822969105
-37.81660965840612
169.645876686436
-2.0253932332117066
-116.34193027974527
9.765796625906269
229.41093166402322
21.17041932976754
-153.76676569664204
-47.06538515005062
-9.37523263910716
-102.70167699589393
-103.03633312424228
40.36730768926673
90.31308515979823
-235.8616705272442
116.2639982855426
-4.4617371337724245
-51.0713673476396
112.16581048646911
-40.62820778364185
-79.03652287766846
-157.13884363707578
-124.08362777423986
27.575136118420726
3.2527612803346333
110.00204022673336
122.93138948298116
73.68489800868744
36.20848977470586
-106.52291623572454
63.979275156684466
145.73472657950214
-41.89090249447766
81.48043704955766
57.12478600553284
-268.11707645388924
22.016625581755637
66.82836162440802
-46.64983012584646
58.89276497838787
102.13814644094705
94.96936153536296
-169.40611439767375
-124.67332701293259
-121.58774390538838
155.07623493921037
-54.6943130683534
21.29165076745568
-186.33313664195666
-128.18760923227106
-1.3562796913489878
-1.87853018582916
-120.2862303906789
-119.6867636006455
88.19278677089548
-25.77527743592779
-11.565923779462167
-98.95806594981124
20.642478021091343
-142.73264437630422
-4.801598377948638
-80.17866754911763
-91.76338217317931
97.73417420413718
-163.5985703455754
-125.31692853406462
-19.105855128932483
12.062292557134517
58.92325565762185
104.48375804862826
-22.79146612881351
59.67426420777896
-122.26074446278788
87.05114028076268
-76.35668283851261
34.07989817212078
-102.91647333455738
-13.985902281757566
-132.75827730395721
-19.997854898802615
149.3893478203304
94.16156611499508
-56.33274985233463
-0.715420651315736
-103.05115470561417
-8.894747679734738
-217.07683409264908
-3.5505915662447585
45.2800219771274
-118.08064842155896
-86.0291999663897
-179.35011362468225
-21.185649953752307
-34.10000542209546
3.6519117822350915
218.48925305508428
301.0464121104767
108.7957998518033
98.96616770438958
-37.453008762595275
68.75184886146475
-7.655405398674351
113.8445623972153
125.88509542131432
-81.37886815666063
49.42435922086206
-39.31647239437937
142.72583220793643
-77.3526647745887
29.182368490657836
110.51478998263286
-2.639198639938942
108.71028287863672
6.8335474890579615
-36.56229864963047
-100.35230204070388
-100.04563639793557
49.27599401241661
-69.82134397667082
145.07694779754885
-109.83080598187611
-40.253658288355446
-133.92197501411502
-71.3068774407348
34.69806154592841
-60.090988659320175
53.93515199854349
24.439617090179183
113.53538947981112
12.392197785769326
80.7997367660906
80.67377264787531
-13.426478054746967
-146.57891170365824
-127.98594224721822
-15.136359998719563
41.03272276691889
53.616063319560745
91.98538731849699
-40.20252847083013
-9.732177712432787
121.01754612126517
51.83260948093309
219.236192907752
132.3972362792289
63.8989989849182
1.3582814551052103
95.47214288904696
98.67761883355477
-27.71838458119472
-84.35892442046126
-52.358267642204005
156.44221454253278
119.62386075412014
12.491792523860639
76.39621247498623
44.13508913235732
171.78940783999366
114.89123519875649
59.455045855341936
104.00937972303235
261.33358874592926
62.17843763558973
62.335165039096154
188.04352810057145
-126.8228208329676
-171.85289088152132
10.365992147218291
31.667220451534252
22.52422207193756
-14.685727077172261
-309.6975293811586
-82.6452283818575
62.442678650261364
-104.71301186447056
-137.41353716432383
43.8921909457412
24.26322271165453
104.29792434533815
-90.70486993324957
-53.666032152314536
-71.63671020323676
-33.98136303870104
58.939579330366804
71.14322576064745
-180.51420514740065
-60.34922291836377
184.5398831383402
-85.94409197897636
51.348260792265926
145.46602871158262
350.0613980001297
80.20269584065915
-47.04040439256165
173.40866604034682
159.96015789712004
-30.90131315446384
12.866124329276252
-112.95924741363484
-95.03100305632962
-70.07812758650896
-133.28863632324135
-41.212334100894516
-180.2964191564742
-27.949053025319618
109.85319621737031
41.397947023365354
118.72490698754387
-31.188541306571555
-6.079381042002808
23.452470703681826
-84.56402920658084
101.19335077726754
50.657366832015775
-8.419544025144688
-39.249542180441885
122.86177725320503
-81.7780312896171
76.05113597462642
-5.175902206623298
-68.08780228196848
-201.13573764532796
-65.88262533096335
16.564694002966355
-59.22765455761832
54.84672665349409
36.87275397974963
-164.11535411967745
36.870779471388595
-36.9692555157075
203.68083967837615
-73.1771605270303
217.56030227629006
42.17107692844628
-76.74017990613828
-120.64807214722389
5.262104272644622
-107.92608006887764
-214.35979631729418
-168.98481990037197
-174.55368212745844
-86.31799663903082
-223.52643587407587
58.72500129701967
-91.58569390255846
137.09364759579788
-38.91873586337692
18.63308918463736
87.79460977125804
68.52996010084448
92.56518105836659
11.38863435118028
-62.7381395722119
-301.81655747194867
-20.468317942485438
91.64843967185352
35.944897984979384
9.206463524321423
44.41800589304825
-8.713672507245503
-27.93209217150166
72.20277795367818
-17.38134180445429
98.05435659033424
-84.7540644322547
-53.32780728203241
-135.01898591459627
-29.10123596753328
-136.88705002567715
14.595782960429542
208.2855160077697
221.06407577590574
76.79292610852804
64.08259775266093
-4.176725178854951
20.97002068890788
-91.49279783947311
47.5539163060775
128.06208133471776
196.95153991061989
-147.71345032826568
-172.2125664888157
-204.88843924143052
-79.8253813049468
-142.37842422750495
-111.81579824485769
6.845601550956756
-163.33638533029318
10.861638776806075
67.06718988378891
-122.4917081907474
60.46535119998871
131.65868004981854
-19.894979796947872
-45.190266259877895
11.754783967893397
150.88084644870585
226.61733095628654
-111.58646029331167
-180.96506619881717
-118.34014110377261
113.96492967501503
-29.988116551601685
-58.42506924913271
-127.8077015896192
-58.411746287864695
161.43423385098316
149.65417476970907
17.558967287518207
111.92014286288128
-60.08568545469725
206.4748117088436
-26.218820430456365
-269.4696287679729
170.9376074970786
-187.07350762933604
109.63009082023491
-58.656805148976034
-35.140591052605025
-17.423945012939985
-167.4439997554526
-86.16286659672053
1.3771986651231753
18.982463918388174
75.5697003577471
-118.75414753105738
-43.660035447226065
26.049217129310325
-233.18449361803198
-57.64849944481315
88.1471766876716
48.703012379704184
80.98809910334349
-38.70552392732412
-121.92809222851332
169.43296487905087
-18.91414460101054
-105.60245600234971
38.37195900576496
-44.036271755606535
-20.774378732283157
-26.22227549916139
-48.024403949081155
-60.03303633047914
9.435308171375805
-116.09097441957825
42.39693496791794
-28.477226373459356
103.44702917716533
-72.40405570034233
10.349875997386096
-38.818473710099454
-52.4116429206316
59.276422333826446
-182.45118965020137
-107.85130562371606
-127.83345369515602
-52.012946596702434
161.71050377652946
-85.71395271635936
81.20223621270918
106.66608024201894
-30.79526534463618
58.00084345449726
84.16532652000375
-148.20404436756542
88.60641446004041
-0.4234241700908301
58.190879388265316
83.73948063047999
8.999759674263675
-83.96335558916964
38.31551659542495
-94.32725931623183
71.85390590424443
125.28857933510862
174.28421298662948
22.590822927260977
-65.69972366943776
-110.40477839680797
96.71953586326894
70.87371595138502
133.28338402365927
-11.97951588288014
-12.003812443822753
86.3276782225544
-14.452426358750811
-115.67362874673522
-8.46321541806283
6.0595658762595725
75.702937156849
-0.8955038394370334
7.70127239314641
-180.39034975029475
3.219683869796741
33.20029719706681
-66.73492208795757
-71.33345604101557
110.13262493564504
22.001328163542837
154.9506055789922
-167.78834683392193
-9.789425573088447
83.9835904983018
46.772343342605666
22.38515656428966
22.412960977682417
-76.65924112730443
72.89067695411092
34.90052489549399
-36.7138524450395
-68.46720574752433
-237.34905640404583
7.38531887743555
21.86890923924874
8.538949957342691
-160.4803919245805
-33.616350370946115
-65.98022094280078
114.66615194516386
133.8923116847831
-92.77635721157543
-74.84166815863229
-187.3883843623324
-105.10026814237222
13.991432636493926
-43.95604450522918
55.428536879102644
-58.068268102220316
-1.9375323474740644
115.44690226619353
-60.07678897577555
-53.22501886628285
59.35843604523608
89.9336670639894
-86.51712605229909
68.88713861845956
-0.766780092473785
11.88696242296969
-94.43562157065139
-119.91742462682967
150.58944357505382
24.531067584107646
36.57299880131791
12.022306936040628
31.092635449235487
9.280376714849174
16.482606733728932
11.294889699564388
-85.7330565553686
52.426137705631035
172.65804075641176
-61.594380048840605
240.07748476770362
-18.321952179496666
-87.22053460251702
64.18009055185196
-48.66931334491611
-4.0022721716936
41.532845125065066
157.98739100510355
13.321406107480877
75.13999726717387
-145.69527451584062
60.23147227615501
8.865541785330047
-96.17644023920954
-77.02965933789393
98.76287317110699
-17.11329999906389
-144.0421628805016
44.91892343442186
12.275667268957628
-43.13356913454998
103.5461770904963
-21.70122437742572
155.35853006320633
129.32295476564022
-8.319572169571966
48.496369492871594
106.53260774801885
119.16804221946927
22.945317824691752
11.48189194495195
-16.936368395276432
119.41763891334868
-108.05603720691396
45.10352063227031
-17.099029829985195
4.9195961511129935
23.135911785805813
106.05348926009528
-195.2821283133319
-120.39046468459931
69.08322245755163
24.952424083541707
100.30153985020297
-6.719587088864594
-64.58897849750336
152.78635935230622
14.430111697180726
71.40632116748775
-120.62050187642814
-26.91942028825201
23.571444271981093
105.99159701888063
-34.81568456057914
58.3339037985342
216.19165789546608
3.585215732926232
3.6879704179179047
-39.433345657896055
-46.48760595419876
-128.06698128564545
159.98856995370852
-83.81912421489254
23.242722145014486
-176.4208374419905
18.196557806909837
49.284711691592186
-52.55395511784165
60.11807846771672
40.577545473727646
-166.71657146586907
-17.442204833768834
-213.0763529585965
132.73364838169155
-150.31271453638522
88.55656907672733
111.86519846359698
-20.66698811654056
-146.314663944438
-34.51816039212509
88.14978014090558
4.9818562447521195
-152.95042869557489
-21.070321700547503
-58.48787882661549
156.9824679310786
-5.801478285867743
100.02953065385903
-43.05502609620524
-93.0669382316955
62.605426060308375
106.86794629728533
161.8715939395583
16.892681142906557
-88.0296053190863
-16.052091734788004
4.080662273921038
41.44269644441742
208.97996635157546
-123.7865237733607
-16.63733400527643
97.47066349011179
-109.58409217088797
-36.1637772638054
196.1403293164637
-136.20530418260125
-87.38332385205958
-163.93011044870298
-232.9450614785891
149.72656895909122
-7.375495062367018
-115.79628866028672
10.416248485584255
-127.86941120295764
-9.020352179717465
-140.59916203162356
60.55493314393822
158.38866744959657
215.68477292764595
-29.699693179016116
1.1833920480707478
39.04254759780393
69.78472335946358
-189.86305790043897
5.102113215475442
-45.524752168965755
35.22767224650739
-58.12043863862082
0.6324649113874332
120.22903737437832
-48.48318096913583
-29.332712521560858
316.01397811886926
14.56562800371166
76.03598156503939
94.9542356880074
199.11987694632091
-24.3581943291616
-137.5821404130158
201.1468826557854
-73.66208090694381
-85.91704082082998
138.90938984863075
-36.568681390330696
2.005959217271484
-16.285438853028253
8.772111490339057
-79.2332127349412
184.3989822333505
-61.259343340320314
138.11684082236738
-168.52168944780448
9.231760675664447
-103.21126010173924
60.621448472970954
-45.95364279505008
-94.53507404449029
-32.614548674177975
-89.9765082483989
-117.5921959418489
77.5957746005244
-15.727517781302929
110.69517297258214
15.415937261550635
-71.60799937117203
-128.10777880124255
-55.196494024747366
-206.13483725522156
-0.6838777441682313
-56.4590941465217
80.602352648413
-33.89702690518217
-46.4109241802596
-59.70870307094967
-95.67932001743068
230.61333080076707
96.64816215268281
104.12649807631291
-71.5092933623967
11.866474101998726
36.30102648883853
-83.03607364946102
5.028216702155934
56.9892603192045
45.603591164070224
76.26796282720716
-125.27765199995082
-150.2987964204718
61.43561252220016
-63.449318296566794
65.19677915764258
-97.30744351577835
20.980812660236356
-79.45136354552697
-79.37223702943649
-83.6419331102659
-115.34624593319003
-33.616858347624635
-89.37767515114236
-0.5625689795515365
186.71090011757798
85.24018369282149
-8.694170200153936
155.78749759305248
42.52035813012954
236.98532402353234
205.06857056783392
10.669930591800044
16.738991376626103
211.4443834762752
-128.5470477138464
86.24587305297743
43.72199162116543
-76.21220549918428
-73.69628741487956
146.27548604104956
-123.68421390027285
-98.68294452905623
57.94021714117965
-76.8400719077293
187.72808703493695
10.921729383494247
5.573957989394856
36.61774519191868
-76.56983548675038
55.6725575788486
168.22174389687157
80.37865598611705
143.1719494994682
-159.57745821292514
-27.918457061777257
-98.1685683911297
-11.095363487389417
133.9503816653932
-85.93256228650786
139.43245292803348
204.4808062157696
10.339460255204445
28.444984242666102
-148.01395062399814
-41.46299581969289
-230.58749006975623
-180.5261089568361
16.031101968816735
-179.08632182088303
-79.11521068247896
36.04276525432557
4.260846630618306
56.49225142570869
-38.05293398905834
-102.7380939227839
11.10470165406108
199.35106392737316
-95.67346529445051
29.566691363950515
17.31967932341832
-44.01032551423813
38.00654087126751
-6.737746227792224
-50.2772623135791
-295.57535751465485
-36.12031250488731
-41.25629720263382
-14.850074843497604
-111.29439934433516
-186.7832312122484
102.88070059052284
147.46261395615105
13.903811900311034
51.1888972552373
-265.4983805470418
-89.94696617262424
-20.67634167294295
-39.49717184753514
79.599396028042
111.04249222578498
41.28897923001974
247.59099000491355
191.78051320819782
35.51593439845199
37.04667023393569
168.6692562244049
-182.7705014900276
-62.353706320663456
-11.238178490494619
-242.95849119332033
-17.376286809149182
77.96498624251281
-98.63381589192876
76.78802535397058
-118.37926357343676
-143.0944311400885
145.0119495692275
-6.30283349758448
26.846838488450338
-79.53622813147942
91.43281432988091
123.0128896253288
10.093962448792391
71.8388077613472
-110.88924483479902
27.810891763005248
-49.32039731640557
12.775357088130209
37.246654882995735
132.0860738695846
29.566122411484894
81.68448862729221
68.32489986444136
-34.73590670409573
-178.11678639893984
-209.7723709934859
153.90702261936565
54.56496677174363
-119.39612777783152
137.72554931694884
-123.96353770396846
-50.40859005026885
-63.51528723434579
0.5100394209636497
38.39820957829173
100.1311721167769
75.30210795638638
-121.46177445811402
-9.375125161959117
-27.92590971421307
-216.27232332490826
127.47234665148943
178.256700317508
121.8057424891589
133.26215112422773
38.976480265247
71.10410198338008
107.97214704281625
-32.615018420961384
-163.928395911755
30.19198472850382
-92.82025650840231
-10.697621495873317
-155.04051463716317
158.9546165144461
-61.09543639406458
-47.72729253541982
50.428196203451236
-114.17316514586676
61.926823949447645
-58.14735822964881
106.88621368418089
55.496139352800085
-102.2045071331649
3.5066114382408524
73.93155238393038
75.19991964220584
-117.51782961488134
-86.24200686783064
-79.81960704224717
-48.15247067121681
-16.178503946683865
83.50170885011731
52.265468868199115
-4.433848184982919
183.1752501185087
-44.13540931869391
200.83055822229687
-68.07869225156665
-183.0311995417208
48.83523427901356
80.69055432313425
193.60194311983244
-56.811719651878434
36.858365412554704
-14.093838003496131
68.78432770390076
-133.26039719677627
-25.236514021247473
141.64442950933986
179.23643591105426
-166.1521766551361
142.51685511138194
54.57980238826021
99.35920105681386
137.54075864239206
18.817366478665623
-6.8915015554956
99.41967625318293
62.01574504653462
6.352418614493086
12.92063036428867
-69.76811902740741
