131.0778700572866
-95.44781856662564
50.4692946045168
-62.536974833545564
-123.62975718967768
173.80397550148774
187.282415866905
-82.52155613644253
184.22340906058096
-233.19352795375764
-145.52912265832026
256.40485020295176
-242.79276846022026
61.658370226234425
-120.45948164489498
64.77205597386128
-67.14905596291483
325.73813826955734
-37.95020829660037
202.58886191401518
-131.11405315736414
-137.03889569188647
200.34729255206437
75.62032891226434
7.5674111434005695
-132.56349346779248
-81.997633729539
-194.14130189445345
-198.0202878659722
100.15481539797312
-149.3890432249911
-23.54732479615364
155.04400425277916
-36.95580909465437
202.43717198005902
-46.759826325444266
49.46300090225541
-358.048475182768
114.7758822494256
145.4731242132706
25.934624281095324
-286.4644345446148
105.59193715794855
147.58044499153618
288.0564770792381
55.45422956343703
53.83768699801688
41.21809263900538
283.5700044612068
-87.36463466720062
-4.219923008420613
297.5224906090284
-124.27369116709825
90.04873293470398
138.44679918461762
-9.986559154083137
109.50832351126957
126.03498350898148
-219.6647586377352
-127.56076032194169
79.87862401483997
124.4745152746858
52.65120069198818
-89.4863794098197
-11.685436033978435
-34.17303084237849
258.32653033386873
159.22959522087683
-224.53688736124676
-26.23444734454818
246.71088568734555
-92.56055694094793
-90.79630008620545
-83.80319457273026
128.65916990074984
95.3506122674291
-157.24114669612348
-160.88647733135411
146.24296740726945
223.523274029786
250.07049318697293
59.89384024712484
194.94425097992703
79.0444479592064
-142.7974969426864
-131.29280466025943
-89.06757541157292
96.75524826255096
204.71368192455643
144.01278483108916
-50.85718214804256
151.92436564682473
10.949291428991927
85.3668048743284
348.18750256077385
207.04960379842868
298.3456879637134
240.11277314729693
38.08302382515629
8.530894956543204
164.48277105463237
-117.78363110855382
17.05775905835788
163.29695374130196
106.87112959118019
-59.08623453850857
-19.725777807100798
-491.5924590637058
275.66354021587097
-205.90631098809772
133.98286558340936
-74.92180607628312
-18.75985353798538
-152.5352817847912
0.2245111810435868
92.32321667126062
11.0568441685166
-61.01634304705773
-22.901425483332805
-218.74749504826565
-23.601766717034824
-129.5012038992976
-224.20224047383886
228.59421604467576
-106.61688620916142
-143.02495450305227
-116.05019876427176
-112.92179828087747
74.03040691317025
-178.83477980118528
34.232870022647
149.74084572027465
-438.9124587542987
115.96801549248977
166.58561495457536
394.034460761051
-32.26035864054427
-22.912210883085567
19.778357656608712
24.47322419338821
18.25277455739717
-182.75580570520472
175.39724260926025
-98.65711057415015
-81.0739673508371
-22.068384491391758
-204.76589792759563
-248.40050018262383
54.2198047864855
-134.4294159376381
70.51585064055922
-129.45789215749397
92.54478420165542
264.34678947861255
-6.8966769688659495
176.68192577073182
-265.86531639770385
-167.44676059483723
-103.88483175075913
-285.5142692205263
-90.44807492351784
255.11261669189008
103.5353834318535
198.4145855664656
-128.13706585592539
-134.25818604056124
102.76561943394908
58.96841145124022
67.75635142591722
53.27592709624502
240.81459622446627
-148.88836678438744
-163.72654574210625
105.7890920284403
-149.8929923264275
-28.552674328645068
-49.8523701986504
-227.12321893115742
218.5303655871268
-19.734528134853655
431.8643606669774
109.82489630574779
-70.17159474276443
181.12276050591063
-41.742771058445555
-214.25238223148455
96.06966879363104
-143.2447546002844
-112.96501880674013
33.27799749160966
152.98095528474707
-23.39044224882993
-99.76711819372011
125.46750942950698
-90.01847838274675
56.319885058009795
-109.32265915637949
96.90343670590845
-85.6056150211012
195.76102507346752
90.35586536271957
35.417686210407155
-221.06496021169417
-65.44464438420376
-74.19424601292074
437.8453327025269
105.56412186308573
-111.391282333544
168.3853886979199
-6.059260157163518
15.802406817641819
194.3416396581337
371.7155243943042
-410.4948579643905
242.65978250160097
-252.80309303170347
-110.48171901658264
-574.3532088665279
-101.01629436646078
-93.21915851351535
-265.3509430125113
-84.46769897425567
-105.3682592079338
-225.96313279308924
-397.777692013499
24.36369218940662
-93.23792250723115
76.45333081159212
-131.68094510199333
82.30648320501894
-45.56442587155716
-46.52407059321729
-218.55120457110814
512.815170277011
48.19341459739829
-87.2790318585531
-46.29158666890483
-67.5710427223192
232.76135101681876
-136.84866859751523
-128.7104383144867
197.8453229750946
9.67588932715185
-125.58138997302497
168.6766422906143
-115.20224513831909
-51.52730402976763
212.7011352300465
94.33388464066427
-31.77475035505043
-201.52053489462247
-79.01932814280403
156.93121143195702
-15.260323099780175
70.08611510984443
112.90193844371208
71.0889342004924
191.47420303026112
-98.23680782004182
-334.4176133948176
36.25015137292836
263.3371384835953
31.710417432041247
-99.62088123992348
-40.98382682187512
80.4386454864773
-367.3031912157698
349.33945510618315
15.235667316745843
0.3126066313293214
307.7341774433745
-264.50655294979896
-63.634235058800705
207.86537652750513
-145.1332043430989
197.58506177164233
-239.76752260975954
-96.13737720573116
285.9407683068694
122.57419273441785
-211.78884549999054
-296.02401406500377
120.19809134031694
-181.9009092481447
193.67162316407206
156.10659766352063
-4.587019620227397
93.49054020549924
115.6973445671833
-39.48940568530471
-113.8931303473099
-336.51187910465836
47.402555107470306
23.981528901934603
30.530984693193425
-44.06633147753312
-115.14548387645598
-138.39765401719194
306.5091820758363
149.8330206200152
-398.6916907527115
2.255894466547446
237.04185289215218
331.5152705330691
132.00601937451387
129.1418107179546
-16.19390647510179
-175.31126637189038
300.8478197424078
11.940893929555529
88.43426692902197
-205.16105517156316
93.77337546379532
-82.11053737425378
279.2912968153255
-51.59929293667199
77.47441055991649
178.72531820899954
192.5144841661708
43.15474732649366
263.4576140447769
308.0787923183927
-161.70959022745942
-247.4764161291494
17.463103292809816
51.77485677331988
91.80229663831217
28.852280295431374
-139.42627519718022
157.51927700737852
-106.31865338463741
-12.956530858681871
144.05868867449144
113.26903023924025
-215.31712319531886
26.991825257574327
64.33250015564516
-373.3711329940248
-60.36138448866395
-52.58579610607745
-308.6654864760118
88.5057502956
-82.39616700351895
130.37065432500626
35.78619229133813
-36.20343864351274
88.71032595301804
-184.65481003012886
-47.12975714692553
-113.36475328670163
160.49445773242144
-311.90743658330166
-3.987554538035946
182.08460061460514
-189.4305731182499
14.857440687160045
-105.48954839599185
-367.2671905296626
34.42584591447526
372.5766536758314
-6.012206615978788
155.39853207797984
-39.08977340733588
188.49351233307343
62.41462361757354
138.63221907550948
-48.86948838623936
33.75947388431248
18.465398110190517
143.00462583577468
-271.15085106211825
-54.90213124909873
177.19509732058597
-142.5154959573233
-52.85565933616191
-228.72722488045986
211.7548924695668
-217.73160059365588
97.34423319593706
150.45177469263854
29.172493562820772
158.29730629097534
-41.194348732439416
-295.4189451750722
300.2617598423509
161.40665289522397
111.7708924902614
6.477243064952199
62.74414333197385
109.51740036442914
-114.2403785842527
-214.97380694036775
228.99835897529337
59.116073038663785
112.0583600915654
-25.284627526654504
6.887639113300986
-82.1085428532488
131.61361139071215
-33.35616566918207
171.64524259030796
136.09844674665123
292.6858249556682
-26.741139080998927
-261.71175348261363
-181.61813629298345
-57.53084934662281
24.547855119793102
97.43637132268381
78.70704030172257
97.90911462619415
-93.79845210243164
246.77373732695432
117.51351040220331
46.509214142351574
136.83693275972234
-259.167805865048
-77.52674493548878
309.58591094563127
36.74697435244513
75.57663010338929
126.5595754383422
-193.91722575878714
387.4019473371545
161.53362896066275
-226.99080891246095
162.4706841243749
-175.12211859517453
96.25722694292578
3.395953253429046
-7.886221744773601
7.1847882946763395
-337.56410141365103
236.74822616393448
69.70140153619104
-261.75825434786816
-449.95287308275255
-202.9168912431315
163.34479129947582
-93.53212401659863
91.67505926367035
77.84523154229895
-19.299218591428904
-67.44358079513782
97.76677705016414
350.0178749391858
-274.02743009912916
110.40528454266061
160.06913137500192
271.5351284879903
-219.3810099262929
-341.0740763289045
382.8305303007648
59.890256198204604
-66.31991226486495
53.245525575038286
237.1831174401865
-228.62788730131106
-234.80034133369543
-112.43221320177335
5.703776592452019
-121.0730123690992
-170.09590144066266
62.46108592039556
76.01811056337861
144.44324983316037
62.750123817416046
0.09315129398999256
59.168718640824636
-126.65569804360544
-14.569855822605655
-66.44902484879063
75.2752818366504
124.78296322856602
-2.18421259370722
-202.3206439005666
-33.4970018695776
1.28135224990797
21.827405765624512
227.1354310142172
-51.060415811387024
38.26251200803218
-320.6599361112862
-333.28740736411277
142.56808569897925
28.011953099580577
-220.58885088429145
-190.73571470932646
-43.35124884002745
-179.89248713616544
-183.382058037677
-93.3227318494607
73.35019107001212
62.26831685519416
282.60628344611206
32.93814261126541
75.97595912168588
3.405556829398625
-392.9431737472259
117.33678110657607
19.99209696265261
-328.3999719724492
145.5593026277654
193.4923433007823
200.66679447571468
-190.05900108210923
184.70133962553302
-80.56396304486006
0.6602492167218894
307.12362309144976
-224.1168560461268
-92.24727387636088
-299.0224475580548
-58.895056102050226
-107.94120507821059
-96.58467777532707
156.389004417093
193.16496227119634
-142.09012085091382
-35.394537594841815
-141.13132335831483
125.8657236705382
41.7466267381774
-42.83897586327213
96.72703702753412
3.284291108317952
-207.29223242638918
119.13580911997082
206.49933733369056
-15.433173687615023
-73.06728896704422
-43.50906077687622
145.58232972786465
60.15384853572977
-201.699645815196
34.673363541507435
37.84332927658545
87.40305611888489
-202.78890233416405
-16.884586296286443
-51.524076903236285
-105.07167977118311
-66.34980086364907
254.20570389440795
66.49649724383839
159.2083125726717
58.13616657096811
-229.44641869348257
-26.92695306250297
-133.85304895215623
24.38282898142102
-216.60371160433095
-168.9920538196708
56.44315472840332
-26.392657238174525
245.18557817961764
-99.50676609535407
21.80022114325937
-6.039849272384686
6.086574267839555
211.46601892806166
41.08356219674208
-34.059305688840695
145.99456030026832
64.75736076440626
-61.80651457898095
-81.75291466005456
154.69238377467585
-114.10727978974877
44.03565635678952
-21.47254375277931
277.9963311707017
175.70735595587118
-264.48985098549434
-135.29623870799142
70.69958550377537
-244.66018281552957
-25.852939311972605
-79.71439767040475
623.995035081908
-138.14508558681243
132.64015825799387
13.117587917847457
268.4257892718604
-6.285628656185867
-423.3017183005246
62.69657538305655
-106.54049776248345
140.32530517675636
-245.73929135399064
71.4445314450042
-111.03990868237719
103.6463601174524
33.04065903129183
24.338810862665824
51.94690614909126
127.03426753051106
159.43854511344983
47.58896678046602
305.652846548698
-60.608763335357736
177.98106486187058
-336.5266749261778
-198.0789217874602
10.357935547772842
-89.8899295221881
9.99947313604217
53.13224450041065
349.37660768273525
-202.1778102906219
-238.06416346982292
-222.34354616725247
-177.2345476453633
170.66480467279828
335.2591120058186
270.45451084051376
40.94639670289635
-179.9672658802184
137.56614704862665
110.74134662138619
434.1190637163539
51.66663742983898
49.948692968876735
-158.60376955686584
-11.865494979260472
226.2700593903983
-97.86628751321601
-291.3133585814652
-90.61489808089988
-134.38049076788678
148.52567137825974
-35.57038997521803
-120.3832459999761
-51.63803976972712
-226.97047234482383
-27.212602639657288
164.53015712084024
36.634914047584786
168.3009366553647
-117.2505086220892
45.27868565917727
-150.9818130549728
252.67632758448093
368.8337623169454
-580.7385352590107
142.88837225843017
-172.49329877630984
-64.44758629602885
-286.3869525234334
-23.9811419579954
-18.451889510729767
-134.76050608341538
249.30169266385917
427.30898103389455
144.00939988478058
31.138759736947424
-108.45682762281241
42.51151793944634
-278.11228638031184
-74.23693430008201
-2.161995433495724
129.62567963072615
135.72344017013916
25.218226287517748
41.49701336937287
-39.147260865218485
6.46375804023231
-357.2868782784034
204.7553648822353
79.01479275684851
-192.56603440151403
335.42367941444417
-20.81871524483237
60.67094043804293
223.88701187976986
-307.40096315682365
-235.25932441049264
217.2512224507875
124.52068900220151
105.35326111778672
-86.25059657898396
114.67666625966376
-141.51412019263762
222.89854244711083
-54.40292596469919
121.94799690608939
-197.6334073893978
268.0461344238844
-69.81639342546819
207.2932066131945
62.537584875312724
205.5579030842183
-20.685814113795423
111.84986323888597
162.8925202339423
-74.47183090028777
252.0970649259423
-307.69673385980775
411.14222755488504
209.7940565787142
241.76443469651315
-52.44167933947859
-95.70036440630201
-18.38179381154697
-69.41615719802178
-38.49660832914468
51.09755910278832
83.53829825206537
-140.36116704001134
-239.28151550997342
-14.365306942486779
-195.43849139793247
82.90983457158225
-290.91147192694945
40.49744890151425
-175.87076522874557
7.994378174161371
-89.35257305328852
-68.9199672885655
-31.457592094131506
227.97632912043846
42.761733085593306
60.81945999832027
6.151218602695801
10.166235215973074
167.10368656562744
2.2630374617297377
-61.025653327005344
156.70325400832255
-182.5005654313681
-62.011551141632175
-91.89623533180193
-186.27338241029696
125.44942033080699
-322.06254135664125
348.23457183663965
-223.04236689213826
62.477475542237165
11.654375959498582
50.42590594918243
315.88164509407727
200.33493912389693
-68.8505803384186
-252.18293318856226
98.61754674140052
55.35077706453649
-217.75153151922348
-296.9184812081724
-11.376842336337722
79.36229906554892
-131.40203308145738
56.506018762919574
173.03870344465267
-14.64655903128518
179.9683724385102
102.07766625688927
-44.74417204760275
-80.52612706587178
353.18100290071766
-231.99080891251378
233.03576460901527
177.65112904994328
100.9558378449522
-113.72716201106309
-118.20967118458442
-228.42680355031638
22.916420457653075
-26.742226986324205
223.7679895890918
-108.37755876810628
-373.69765150973467
-2.150093066994758
63.06570484442727
-224.2120225705624
218.9162553099227
194.07757799068673
296.98542755082053
57.02331554408113
-47.28490583994629
33.933447008378025
81.19306519653578
58.96405489734704
198.31061688061095
-82.83795390130597
158.7373925180269
-303.14525468904833
24.557396478285277
-219.26853757490156
-2.4862366258072304
-139.7347263178529
67.01818880634268
128.3392675553079
-525.0288081404578
-241.32048806680353
283.54694958740293
32.43406184976415
-145.80391992775245
-19.597959837809295
-134.26577202449644
212.7684005052964
47.198009532423754
-29.888831217949193
-140.31331815162213
281.1638197365292
91.36146224663875
-70.1938147177569
150.39422116621833
-98.78357494655538
91.6208727173005
141.14231594028337
93.79253685440328
52.57328646762593
-61.07827153404865
13.440974421612612
-249.6783386400327
-140.53557131526014
-12.760197875023934
-64.52566362316003
-173.34255922225225
-18.541755487614175
47.53982651307725
148.12084030839665
-6.221815227383104
135.56343123928175
-129.08710773478157
-80.60099145240001
-193.69616684620905
-163.41085624966763
469.47235369933514
-70.98852980290347
-88.91541347602028
211.0009404565075
-208.9803277513748
275.52634912643566
-94.24671839241078
200.8181536932943
365.1629184551283
-163.69661301936475
396.6197630602313
-31.535259124806398
165.40239508617077
129.57301796848787
154.69195858157985
229.4414659173866
172.38709315858353
-104.39356876659578
-132.33127666763068
169.77991015111238
-297.5151577957908
134.3633785314882
131.43229349305042
-78.07117331783105
404.70955336416245
80.6631913467846
-58.41651919858063
78.65323826096366
58.34773651514611
93.33364306548083
-108.16078596436891
-131.0789952423458
460.81621780242455
-129.8277652895305
-38.51847206573485
-250.20982279198125
75.21272847507485
-1.5099915780675144
187.344748379705
150.74765964619652
-121.75145742330514
-163.71877680696255
45.70732716784326
-198.69176785255286
94.93623860697899
-255.3955427543898
-266.1924706259119
237.54539934928133
118.50530429306056
182.4002134330468
135.94008466086305
-58.412842511098205
-587.1680330530539
241.4016018399605
-41.985202992095836
181.60020574446767
3.972703056274546
-68.33544317636877
204.31975548461693
-26.52051544706696
-69.74865755404376
202.4719293872186
0.14037762672849863
-363.2741415261091
-101.81231909923544
119.95730368215453
100.42760139567804
-74.48236508357817
26.34981162315702
-188.81675448284722
144.1672780630617
-85.03804251353105
45.3619708000717
171.77151122436598
-78.97999970780734
430.95507918568285
-194.8346893773708
-87.1670244888281
75.62057454555905
20.37052493163496
134.4816638363711
65.7270816178574
269.44584458164246
-366.2841284389061
-479.0140663744269
-108.99521542422944
-336.28320777418173
-150.51056088221722
-14.692290493322501
206.179055805996
-201.37351137859386
12.741617040179344
-92.17785594408163
-42.158335001617324
-35.709470311468564
-159.9777440547486
77.0956283309397
228.23181441091947
50.694707478498
32.27921692176668
127.52786475690718
2.8629074139813873
-143.20146547057692
10.344319351428584
88.11308013110374
-48.54416891057779
216.17109079096375
-69.57123857550818
-210.96452588857161
596.4293940281467
245.76947067402597
-29.344374294551578
-217.7505721207624
-73.67012930050868
-96.63225556964495
130.32326355618184
86.1057613023516
380.30137472524086
135.7673433881817
223.4317157271374
-135.14071917323128
-169.81791124822348
-429.57131453592945
-193.112437861358
-145.0035819524203
-35.52317125182342
307.463936343838
63.57880068964011
-381.3017107637567
-122.00119401135366
106.15718465984287
96.61839024180645
80.68499796916642
168.35074742385913
219.20654490210927
86.17055832406396
-171.26894150653425
-75.80386519608957
-232.63431599451255
378.4137167396079
-512.3721223075362
186.20937562477394
232.21166318033133
11.048295910447782
100.71888429220661
-119.32430427480764
-86.84375226080411
353.3695130933068
-12.890220078597352
98.91622882601388
81.63544805011212
74.80983952432697
-127.84243582405448
83.00672441392746
-217.75951954171992
183.95695655254855
321.7089094161924
-225.13759513186116
-266.25378031884344
-26.857303775534227
-55.56354650363836
40.87714589321516
25.339167212738626
75.61410515672509
-230.6074612246758
158.60772951630418
311.08979851392473
286.0055340062513
51.90731481992358
-109.89223425510038
225.32638979964096
-52.942776844789066
