-7.813510482144607
244.8650611834026
-51.56958211907125
17.391960375812268
103.99433945821286
-103.7420657356892
-3.254611897227216
78.8112591658954
-197.21343814391903
148.9449443322271
-84.9541669497581
-109.35660811997647
146.80368737672552
-73.65014113192115
-118.06720321634242
-44.18903983535251
-68.64361495915378
244.87095112933918
330.19662290613513
172.60506763735583
121.37538792646227
129.65887208400886
6.741506847266299
91.83997320477121
-35.24704790305597
-162.0950293744695
-17.533663435049096
-54.471035003514174
224.28127712446846
96.126294900698
115.32976935845176
-3.244047003971996
-91.23190165878785
16.576964228513184
44.96962106843875
152.3503142116307
49.532853790902266
146.88797525581919
199.47101949387223
148.94962984960654
192.8105095273186
-285.9355098462942
-11.243057901394945
107.58317633600515
176.41641506752325
95.45606284911348
14.000143174864672
-119.47909163652464
-120.03622760874602
72.27431568964647
244.8999414556198
201.79496970573626
195.4933015820369
151.78653198510418
45.238005493767524
-0.6523646071095477
-13.458117795164243
376.3964977680334
17.220163220329
-140.76677027115394
277.76824321481394
-229.4348554813899
59.94202118478232
147.5433418370457
26.813642726636374
151.36339446794327
146.11139264061265
-0.9930612589854575
-58.31296536531826
-224.8439522204066
-182.17252742458228
71.97814137040905
-34.93692969662985
215.8091173494436
2.538091604789849
7.924123180201528
309.14215370547856
-17.617468295059577
-10.581949890282397
-137.19651328721915
-144.6538064818003
207.10977809084832
-108.19580515297687
59.76580490356165
104.57564488097164
77.40240465208934
8.45471691752665
-77.83304620099149
-71.64208892111064
-167.03241469150538
13.569624522449667
-16.498650482479118
97.78437044158726
66.19474174565971
-78.3998180240821
-244.73390219821985
-335.7095741856808
247.05251307191148
3.427143564028166
52.97308597696592
109.67874064145178
190.0353856265909
33.85873583439458
129.55730552118763
41.46964892249938
-160.1607501919189
115.04369047405206
-67.37854305676429
53.41351565755075
146.90478845157827
11.468209330379157
-133.21628911019093
54.91543683817947
-108.9690043396089
-24.134960892658928
70.009965850687
-67.86486833380125
13.445814856319505
37.49401898283857
55.403838707415815
-68.52353610597048
-63.10854677860194
56.957401622469675
-137.65380923146242
31.74723299291627
-117.97940376768035
-100.63774776315752
269.6776911593727
-163.8780967463655
-30.926007676411913
150.1010026723659
188.70726757432726
243.0983758412839
-295.9742897789034
123.78123579770782
130.62306787169362
-107.3204145899394
119.71380420399196
44.06110849039285
69.64047134029708
97.93379649602574
-192.86964399479348
149.26754660230162
-44.47694073128424
30.601617670382858
67.57404563336533
-132.6189450258604
-91.04825205949459
95.20363815939544
124.6869771835585
-56.27099419015688
162.79959145221346
-75.61781443899336
-101.85029141953514
22.624011201563178
74.01282425752134
-121.11985012345356
-43.215771127785985
-52.538191337983946
-89.87851909599227
67.75388067877267
-63.611928599565594
-22.650103471720076
-23.55271225675555
140.37005105356383
-91.549494715466
-54.69639016772226
89.30723459283574
-42.73243602847596
-182.85278867372887
-69.24458030599482
130.75982481219924
-75.27025677560654
-86.45464465276591
19.56133322570227
-41.30849551245374
154.962660831834
28.995082549227057
76.19458667239374
69.77817850045288
-162.41323702843408
-143.0146845680467
63.99552514771552
46.80196318769284
-248.64124390284195
-228.97674506867054
26.564996902437162
-68.03487172400148
94.1131915748553
75.85558925721274
-231.04583883360968
-141.46573478438265
155.33474993944375
31.30901971836522
-160.4752821944472
-54.34796346521984
-148.1350992253077
-20.792665927141638
-150.79532451988968
35.728759992086
186.10134824072168
110.5360450288343
3.879442234455336
262.1456194521895
4.098526678116605
230.1838151842178
135.91748206774514
131.13568184444398
225.96974495025614
-175.4435376014698
-148.81657250679737
-0.6670911644504246
-187.55059353146456
-100.02049711625722
-117.55333942122226
-61.15644571779811
57.91234895161806
-118.31278270132253
-111.64176663269886
-169.84352841926267
-246.326059820069
-292.78132953779556
-35.79804619563275
-73.4846611797748
184.02756556987543
-113.49758085210654
38.14618879467128
-42.3434102702907
-85.97550804046023
40.33256485201351
95.2810690016903
107.82235376708415
69.94279604937302
88.28287387541023
100.30916235282241
-96.259337649593
-95.74702918100897
61.88614084511979
-44.9221544951492
155.82953181396817
-11.375224851443898
94.2036865102915
-90.35948720458964
172.6043404940875
258.746444401093
-36.00566857998599
95.80522531091994
-262.2065829628041
-390.5195077187063
-279.43297399765686
57.259772356754794
121.78861079052584
27.34018041767629
128.11270827304995
-15.89458101399629
165.8783643040353
78.41639625739114
-57.49308376587858
-88.47900201319355
-32.64784219859907
11.561961947673606
-70.36394915019594
104.87407442167273
1.7545559581877765
-35.27265743039747
21.08638481993005
-193.85303691776772
62.46806615819462
-90.47147063097408
59.60515708886357
-66.61186532745297
2.58463372985363
-160.72446534126564
51.5789514322035
165.01494214184737
-168.31631732636478
-238.14777128052307
70.7279490344922
90.30660673221516
-10.536333079174499
71.74483069908538
-167.39330214924507
20.771269754868108
138.33743791957232
-12.313921625423346
145.2669918850549
-38.10886929608033
-36.970165827792776
212.15576990144413
-142.45827349438972
152.98753374589052
47.03472791608923
92.22028371384152
62.26399519358933
-68.65924084834623
140.2126030622902
-61.39590587141246
63.12107236686499
-13.219621803360349
-138.58130574084515
62.58349428960443
87.0462537558723
95.93535329680024
-130.785889496619
106.08354936009104
193.46952779639517
243.05214032547113
23.24479032212857
130.7768019689545
-57.243659098489005
31.976824462798422
-122.4262084070681
-215.73097467906013
12.187722593662167
-33.66458762429299
116.53044955857368
-176.17108662473902
-38.37717340184343
173.9588025848696
106.55262639602437
-34.791848468125515
-49.43155091179227
-70.18995749565542
79.0101487047681
17.253957376696672
-329.13087145006506
112.7733830540141
-94.26533105647222
-175.43819309547547
-157.99020104893086
-138.18843935016915
37.48874243122681
64.06676021775718
307.4697602166369
206.7790178898287
101.26842215435842
151.97585838986944
-286.87087270609675
-344.25807334997063
89.0973135013025
97.61383438659993
-263.9653029873175
17.332191385023016
113.91445989571801
-61.326287438713386
-287.96016220124994
-351.27336335627444
89.50121171282447
58.820544482968884
-29.438598072920293
-148.58345155789337
-12.502350797910562
4.410290319735624
129.95137218153886
106.91600921602932
74.81357631204662
-137.82403566991795
137.7239644777352
-115.15650339354774
80.79504539087168
42.67371250668463
-209.2548559138821
174.0572802313704
155.3346896338386
51.14706956545081
-29.644289621538753
-9.70712009057162
217.4169657684279
-78.42225404216416
109.43290695165109
-52.79774829327276
-89.26433760998488
168.94415853916271
-8.329344347312134
90.54202525983567
89.9037930235549
-62.26131713266997
-307.31601427844583
34.33706955885616
-245.65297978260043
22.925494373139088
17.320521772800547
137.79234925399004
37.052306532479285
183.47710229984054
220.7478098641113
-67.80117233018598
-87.25147623771387
189.95389131206747
101.4190089106403
0.19322524414248532
-151.4507505112445
118.84687371963197
56.11481764767266
-5.9697187536704375
-18.224627053137002
-19.392376840137622
229.49368327884528
-326.75539234814005
-17.842719303432624
-212.06820823398493
-24.463037815180314
-33.75316427615108
-431.05528300270475
-23.367433164395763
7.433490930747498
145.10021132679637
32.814844052016944
-73.58148540102142
13.686108385508494
-142.73375388444555
-295.01274734041925
-6.9660377866963
-25.77847876746278
-63.58112995395417
82.13174216590336
99.27864319278135
191.0093808936586
120.90579500415016
182.69206578123334
25.60781303064317
23.2882897407158
-178.036205161772
41.15761818394258
85.3522568732067
68.25390553696758
-15.324790473658528
-247.00550091809566
-134.04588585238287
-128.63547023754128
71.11866576391665
89.75204883422072
233.9742053763308
209.94467457917605
-225.35567467530544
-79.46515577651019
-9.47966165448766
96.29235549220891
45.60367320972293
-3.699715945628644
120.68746140216352
-68.54857771505867
-61.96136223381681
-108.5582678671201
-157.86318292914734
241.20086326657193
-191.58482885774927
-16.575251685475948
-73.8639351197063
150.69782757205527
-173.28454025023623
89.59701189389129
32.72024439001226
-5.297181915810538
149.01890986079886
55.30610808588742
81.03228294582804
-19.959018542892423
213.75839531002188
190.63956389976738
135.27894981339915
60.31347390680151
-129.23044927170753
-14.98700805119597
-141.15298365488127
-217.68264924759862
-154.686187239375
160.1469714085655
-115.10008774155013
-20.533931213350257
-46.39827112763718
-68.03809538527172
-280.98234502663075
-36.26871112110401
-66.62208403783272
-287.27551227967007
-23.89311310670264
-199.46961591667727
-236.4675247417027
117.3301281570015
59.61549449909259
-26.48789766623588
149.68383065318292
17.47516691089439
224.2315774833901
-3.8385068425476283
-191.36011897646225
60.21427738071959
257.7984656661
17.307312730131454
-128.49055894396216
-137.5311711097989
89.8026041597337
29.49913814328364
42.05336912579798
54.94826962819074
324.1683159337747
-116.56808484622003
-72.9467732603622
22.15569662786255
46.281757789663295
-342.8956363573066
-3.652339239063796
-35.64060910656495
297.82417210818795
-42.78251300896769
16.645676462521116
135.80064114537763
222.3048825822856
166.09913113326758
-79.72138919355538
-48.69169138090428
65.58446407914246
107.25404426575747
119.73675438561914
72.66795996453186
127.79845080152332
90.06501150416632
-197.88622823718356
-154.53637525866645
1.495598560147568
-16.636104275603085
-11.77652320926161
-43.38835554224251
-42.18617584640832
-41.723563003598066
-35.13668397429211
298.5995004303245
14.646479623623712
102.7265986274656
241.31048213692054
135.89707230045505
-204.7533682517565
206.85511440210766
6.2692662111644495
360.1188416570371
118.65978329280345
-75.85856790582966
-165.68029206350343
-109.64272492497518
79.7607836847452
174.7485924514924
93.07731123288399
-131.52205738095006
56.603654967700145
-17.606441556713126
-74.98195602367328
209.49975019010117
8.303662260036678
247.00264607877534
-120.59436429723006
98.28729050292918
-33.45739325768923
-52.69932849209538
59.217766765065846
-10.594075695867726
-72.58333397658447
70.9760737348304
-128.9436733228732
53.12227544322397
33.68490836954172
-79.79180937119962
-22.325789539161473
-46.94470628731831
7.731157682583524
-216.1821758416801
91.99750797901825
78.9715530684898
29.44163726280312
-140.36827970371687
3.692786127805786
17.796439498234164
-52.15831401675827
103.6314755791369
73.44630352598939
-137.21767319148395
-80.6572328187772
-5.253578032396161
138.68181970390046
-199.4094398638561
137.79376245403836
142.3061004964063
80.29225293000233
98.32364576921843
79.64537657526822
179.18786945329217
81.26489970085879
81.78040142643519
48.17855066265491
219.99211732490755
74.9853999029908
8.860550123687183
-184.6371781159525
-71.09785317169845
30.270254826999555
-20.072780050046646
55.647556199804995
224.73541239128218
-153.26084292771694
-210.55888104177436
128.7526315045504
-95.87585750650715
-32.535605501606035
-22.480424297455254
-53.65690282920234
-8.295459157623682
67.56182096264713
360.74450750783967
-15.963662932470228
77.97582699101196
140.3720202619113
-54.451843062112864
64.2875222882032
-413.34925394516057
59.767646595040354
22.525673980950533
121.77040142039394
233.26150435688822
-20.03611994955934
-2.35889015208252
-87.44464929414116
-37.889532735113335
-272.18589936046345
97.45768124464698
-231.7178013791453
-158.48405246731522
-0.5363704580583031
100.76099621893715
107.6686387520253
13.358141435500839
62.1717845392932
-87.93868128643328
43.4033898906157
12.356562315502522
201.15194998231942
0.05930666974740506
48.75149954571722
47.90346242329596
-53.19991741086981
-97.96095790211182
-65.50261597384173
-153.31413820518685
180.4533182761459
5.753984003404229
99.04927066660495
-133.43955698604503
73.54953884647777
182.44945961999403
-131.445043116985
-200.5626326616687
-93.86599119343656
-109.75773846785604
-14.152549011548242
280.72036340175856
-45.935439724527306
103.52313926840942
55.1914547755204
-69.51012262352715
95.31505461714292
101.4175365945443
-407.7348831938954
36.69144953202889
-26.80714099732666
44.05682683017278
0.889597084431552
-39.26838556074551
106.75121534383815
88.40360789136145
-204.28310969609936
-280.16071346000643
37.80215554595905
-211.64882977463705
138.5463357931177
26.070082258787984
102.96095719141425
55.41648937891407
-67.6359510037497
53.74335065301825
-15.080929461135618
53.769323762265856
95.31390318353206
127.42159116554718
84.29005749519992
166.00355305513128
175.74467946108578
188.5131522864201
-125.27780619810687
-43.11592062246414
-43.605095834996774
0.03497132773735234
99.5247204681591
183.66470940127698
109.48288119547563
64.82091697149468
-269.3181262743276
-151.34801810245153
193.5600862161956
121.52495688066134
-79.21264582774145
-22.974268056098335
-136.15702945128297
-16.073688974923755
72.7606420402412
12.847267238293771
-5.922562764132183
52.863254279580495
-14.356191059974062
46.404640641406246
148.40683832585697
23.345461128004825
124.62619668834431
79.80215697955407
136.54576063758745
-38.129185190620355
11.696650475557789
-99.54765890447817
33.67634766735843
105.16900136493811
98.81630076011051
57.04687821752382
38.40201808159801
-107.11594936389545
-25.3982417535456
-0.4044379653372311
63.22310940372786
138.84119342152604
244.45974553964413
-163.61430500726425
137.046869813769
-26.655226174323804
-32.21147903391992
-170.03547884162606
-59.010983241457055
10.182467542506771
55.349508568862994
-101.21256211548618
138.89271092635838
43.15744089693152
16.711601865498658
-2.5095467649024954
16.7639547903677
-2.5384932731990215
69.81678028439849
-18.250282847924474
114.05075712166258
-129.47184728339386
61.32767998638748
-226.8348005056944
17.4451015090905
24.756400921160036
-37.54172972197687
-57.10288898023196
7.284171480030829
209.9287142038653
-131.32951379286922
25.870874021826054
-48.572554343427235
-97.83836835878462
-34.16796872828501
-160.83459834513653
91.84537424585683
59.16019152141062
36.72281334797913
68.20494641661311
-234.59986628023128
-72.7452486659405
216.3207609314729
-52.95109397989581
71.77405660711379
-210.29852365124887
-72.8264026700565
-36.52264745130942
38.75437338586061
363.93481814942805
-170.73726970537348
-14.30680169581746
-202.13847160071802
-193.93775114178808
-325.69948631901696
-274.8850392601388
44.860567199921924
-87.20303111520055
-79.09407594019912
143.61612789289768
135.65916811833156
-86.80409705874118
-5.065787579236332
253.56067724973428
167.29879235963003
103.78549491333254
69.68916255196042
-144.93857435191424
42.90163541213168
22.20857306720717
-104.19687264741262
43.3152438532551
-156.88959400738713
24.791169166029526
-51.09278507380041
-139.92071792999505
-72.95440517735193
-87.34726600478659
12.519800355215155
55.93479241341221
163.06751933971114
122.11201409507048
-197.13286992130975
179.71972003813238
-90.40861748869997
395.4989022576893
64.91157061640328
106.97879340901984
232.30347080640098
36.35268711986256
132.7475625890614
-56.30091325404943
-43.97191113337362
-43.892638365444746
235.3356769698802
-134.69142572493826
36.286667837699476
10.530208198080249
49.20415328196887
-149.07172915416922
-29.93908100122099
155.55525258883821
29.427548012135354
66.92507694127545
-130.0236880270088
70.47160826195429
63.46181258202987
81.93229116161544
-168.89435318107982
82.10284562027545
-100.06855160928765
-100.84324120747837
-113.69456162852195
69.82822611283973
-88.93205112293064
-165.43033691162984
293.36414920726486
129.57819894814273
-42.19878571728364
-9.721418924988296
-65.11868635697604
-177.24360973976556
-183.71039469117002
13.913329795798083
-73.94994500254013
190.98772142630793
-33.87165456977501
-67.13588647098993
16.514242231246694
-139.22769165053586
-202.3719606458968
55.74890378293614
-92.6253754245868
-72.89651450728184
-235.19453614107707
54.33868534780364
45.34730561614173
-159.59721284570244
29.006538600689538
106.19631789633497
-94.58508645293165
157.70323468260227
267.3185385770014
96.47253549264153
147.29446551455567
-103.13959737414734
129.51546387036996
23.381473614083724
16.460364921784027
183.31751756140414
94.43954155194176
-199.70855128998863
153.33357114832376
39.67942573437539
-74.77836640700252
-104.9493619623844
-4.3071862768858
174.12206381688347
55.38599585921271
-110.6335797055853
177.57447129371397
70.28197241539628
-30.284818379602115
-31.1987063414663
-87.35365745511822
-95.33732468159921
142.0371364137617
-210.3347237560071
34.81380927360942
136.09131902378752
12.823402878303657
220.85838811834148
128.79750161946993
-3.2680799597950783
28.02950555033267
159.32189056331057
33.249168588477545
41.99055194042401
36.056986211102085
-152.8770833800376
-173.15553178854674
33.02476641447755
-137.5422802101973
-6.503374437177098
-57.466708233154
45.67539508461825
-5.518099772245132
15.304931417277185
102.81110969878998
-92.00625496265391
133.91492006567034
122.07608090192774
270.4554490794565
96.49941398484901
315.20596508267687
40.65361951054277
236.216715913297
121.13567244234768
80.33532814250859
0.8680004900390534
13.369894692545408
-50.801211615076255
84.91197720633089
-130.53370365993905
-210.1234636404677
-191.38482676759818
-50.39258698410618
-83.56409491985146
41.922047047859536
78.27157463893597
298.22237835492274
-54.90604568680472
-85.190989016854
-10.152787886640196
20.694575631731507
77.57231789465644
-59.43187192073867
109.11006005752654
-311.80232990881734
91.18354143892263
25.49255130196248
266.89195897915766
-141.12487658080997
174.47459443282696
-138.7523374557174
149.24225385029789
-18.789260434369584
138.92095888925013
69.33121584586375
-133.01592262488785
285.49984521770045
7.854363518005268
-104.81594356741245
-99.77264030171405
-37.291484865627766
57.718815767119466
167.1214363841908
-63.5115402966142
-8.457998544456926
2.3495849838165404
-110.13523321699569
-3.6143521881539313
52.64361265856202
-94.72200968164191
-75.7669514875736
-28.61286066854745
72.78661488418642
101.95001034953692
-98.07743380421337
-104.64749907478875
-102.46846805203946
-96.5534819321456
112.05846006371573
101.08620229470385
15.617412345590404
-133.98414016324205
-97.12754562525066
79.14455504925753
22.34089853747582
127.88574393480724
-19.292419948065618
90.02541893774149
124.40130658909895
140.22349978944607
9.217706631061725
-9.352203092064524
-1.036117847598975
-32.285128059872136
-250.93606286577693
26.118059886397088
-93.96464374410306
219.8834117972774
-50.25941132311748
-150.04844986554684
100.06525926296312
-156.41682552656758
