117.36234743234667
91.57271534401333
45.86030363939844
-175.7827534836516
-287.4338257881646
-37.744886766381875
164.76866179676455
193.73478122029206
-58.84820730892377
111.1053544162368
195.82300893212258
4.7519882023214395
101.392801926259
-61.798181997158665
-243.2079677026593
5.928100639986813
-45.08282882814334
-40.36214319498215
-21.42532339162861
108.5518256731615
-114.83064029314558
4.835480110696427
88.80827859205907
-30.48193467951703
243.78069629191833
3.414157380352795
89.519388800549
-62.98727396084561
102.0334441562941
64.2463361491279
233.97113999216126
155.32237039265755
26.299588450598204
83.53342807787676
0.45384819092030115
58.860114789719056
132.5165168639343
37.7629937849588
1.7214012910638141
102.76178193179709
-99.81396079883946
21.624572106983994
85.46997842369434
-146.57696325180484
156.39512341874408
-100.62688834049585
71.87657009523036
-104.61863740517227
-275.1010807266508
8.853269831401212
-111.44399710887488
174.0915889507393
212.6131598997025
-40.75976073477376
-66.53477774569406
-107.01675034581486
74.03814458876988
-233.98214490800544
203.2570973734615
35.55089293878613
89.86056556946117
143.0302216357699
-56.82632604905165
-165.67823104566205
29.784328021320484
-157.70257089904536
-13.204370309424903
-1.5196648384483646
-20.19916822868685
85.12277191042253
-67.71159212850353
-88.20428824604606
-152.29147451226336
190.14585050727484
-59.52451915546946
67.89847804749263
100.90547992517945
35.263248208778016
104.75471501172785
-238.55127049172185
-0.7092272473009069
-81.08652807138391
-240.33829149887333
22.4709317957309
166.91557006395206
7.2760268493073745
-196.98227732714167
-82.69080652578835
-145.72459385213105
330.06397409678107
-177.01174222574147
56.28023140294845
14.41072028514092
-21.792520257682085
-143.15323278641318
-165.07732187032047
-34.34563413426807
-123.32088148297134
-121.48483739247843
187.55673383673746
-177.3413711001826
-127.8207616115207
-118.67258920396316
-55.85489862110145
-155.125772485068
57.25176779977047
-141.51379103152226
-97.34855742449699
-29.445306658918447
-27.079094720250794
-46.560437099554065
63.12475464440822
-109.00830974311943
-140.29445199283407
-346.0075484940154
-157.606256730355
-4.569917860873993
-253.008503370186
-74.13841250976657
255.0245486883288
163.55575023617197
1.12293775579742
-31.76070950346821
331.979895542621
-116.83624806798653
-229.5678344755031
-0.4754663796494378
143.33567244665934
-109.75787396545294
-21.107999755137087
-239.31183118748592
-38.067924753142705
27.354137544033996
-134.9053133017025
-155.06582288512658
58.77872859058592
-67.78029255843364
35.290021942732615
-77.12827689093149
-7.3715232400200374
-115.67157062975998
111.84960641778544
-147.74207289428156
-160.28590544644425
-112.77878495304974
13.838398276704478
-23.194952051475013
48.590736386490775
26.277283944713364
-61.27024230271248
-114.6601046742569
-9.36764118079312
-95.51633023699321
18.359883824183697
155.72033085146612
-139.76011404330183
240.08437923973523
83.03463948375098
-22.07527507247309
-280.3633534781196
140.60959174277932
-67.71550265943007
147.91998544802883
70.52921682571349
352.1889949930287
153.66115455178627
143.2949796201116
-150.16491089060736
-17.595544705719867
-317.6914120508955
72.55807291919974
-15.484015695911463
-271.5695856375635
36.84581027709572
-7.560956042439322
169.22429435918033
352.08160618374194
-65.53384660378813
35.33653909651886
-26.829676484038625
-115.530818862067
24.261039223811235
77.13634828625909
-55.052981323722776
-180.51012585987613
-267.568646164235
92.81468144832752
-90.6191301539835
-143.06545913583744
39.59462572352935
-60.80978343925359
119.70119202515019
6.373408646006171
-0.909577713277868
-139.5705907997216
-64.66183658319954
25.198679782828417
-156.14799409780667
-131.44304116204444
-134.2622928781935
-246.93931317757622
-169.97517336026277
-26.110288720016637
-315.9518419565555
-71.42866090637732
-151.62569906903167
56.52095346130667
-187.1483957093609
-49.7221260179175
208.2615992326957
-204.29671476459527
267.656629410488
46.48862023873154
99.36409354705474
-120.19095222567316
38.120317653403355
-215.900686305614
-60.03486320584584
168.8089452116656
7.659703071672871
166.54553792312313
114.35605698033315
-74.17842038630847
-16.909858524015828
-129.51588210215232
-96.04191501548436
22.61531602020665
-118.09776048424979
33.76776291375807
-93.13654090716555
-255.1637259767381
76.74304453290344
119.84700333288164
-113.38627380590862
79.03208987030008
-103.1708291457693
-2.46673387105372
310.86122720189786
15.482688629944906
154.72520760662172
-204.01879058316777
-110.7553957699736
0.9026503914297992
122.08769475013983
104.62544618373572
-71.28904073760172
-79.81126438588838
106.11665151292065
-84.36139559651362
-153.93034287832742
-90.55987043767064
83.51461280964936
-137.8937231404609
55.28753405837629
19.086132024912384
302.09619432762213
13.109763298748597
26.606859647475993
-89.20390539304279
107.10144247522948
33.773864019884726
-3.6176362683643277
227.6246733756119
439.9238478739375
-40.365227551877304
-35.16116091476222
-2.2020005076363516
-211.60546410485006
228.24507012428563
-252.66193464985926
-39.62103821232818
-55.3725347943782
183.74531697461003
-255.190947732857
149.24574789990228
-44.11765871673724
91.32315381820615
388.578727237237
-7.551757779983889
-48.340391133542084
-34.37860571078069
180.08446748194797
-319.0516810179378
-78.66316333426296
-90.28428329265665
-16.003526825995948
76.80843372859808
111.65332574691483
-144.24161748119226
-4.188403843676427
-131.23099777889686
-36.24029801186138
-283.5287371434624
162.9812430475681
-101.73418736204235
123.73416135510513
-253.937661198584
316.0783167343943
-196.255121226906
142.53586201810828
76.01573932209992
107.93290105607156
-109.36772906456244
-288.60590496832714
150.32462892526476
-89.011062028831
54.776117939741425
530.4822918086144
-83.67723863592943
22.8840578650787
-178.6892495674275
-145.5231360065857
-224.4597370592717
-100.01241221975172
239.4617240488004
-28.552263680405513
170.49446375214944
63.02774714788568
-208.25061446039265
39.92780775685013
20.119636218062944
83.95441109546235
-23.62769225937435
-7.231210262697857
211.88398339291604
76.44019039264808
-150.53926942356065
-137.6731649499337
-214.69093806336008
-182.8779933721961
-6.290647434363646
155.68592156250057
55.59105147806171
-83.49261436221505
-77.996093080804
28.92313984231548
54.59309567174408
330.50907796792706
-239.55989780928752
-25.770205897089117
181.23313899570766
180.61580137155508
275.12452011085435
-59.548551946634674
-214.78487701742088
269.86111466210826
-128.80121644036578
-52.69109377704753
89.29799116558448
83.1490153985306
-179.23310367685662
-76.92823840622943
60.13011272868384
112.34792309598005
315.03833873181514
167.50669632521664
-82.34901074394247
37.308455817575435
56.462731842628834
-182.76426472095835
135.99724243882773
59.821259559691924
-45.29420611381973
201.32257278378748
-23.003822182230987
-52.59031582300618
91.77992033456835
-127.67103835975556
-147.18752214948287
134.5471046795557
16.644634171303345
-153.3322826913979
-59.622824726690375
23.260802523590776
-322.91440679564107
-182.12255190203186
170.77969147356208
239.8264138660372
-158.14688884648152
78.29573386289083
109.27816081646579
-93.49133317268995
-99.47594015585206
-53.643879507681966
-57.23027227449301
-19.22656612035057
-162.04821000071152
124.29709747698703
-185.20902737863418
149.60943172384208
244.15785835763523
10.32382140578729
-48.781398078891726
-74.6001984334452
45.60083163529828
-94.0985650015959
-32.201142148954084
16.21612784571415
-15.128214879989054
67.8264428289149
-121.62139232071833
-260.57871702040507
-71.09878768180579
-129.83062351382483
224.41847435357505
-119.73850436784204
7.601604744347381
7.742670013256317
51.71504788073503
26.417420616326687
-119.87330662576467
53.98297193871844
-141.68438972428655
-71.86308371665513
-72.46602121573109
-79.58038170232079
-139.8564472343609
-196.2223498005462
161.73950250141388
1.1834747008053115
-236.22068700963723
-54.218654323905845
56.13773158790563
80.26088284799239
-158.72404495789385
135.8876141050974
187.76624390325796
-234.6519322369482
-23.403871813747305
211.24350109282477
-134.1526072125577
-106.32982690046838
367.1514006834943
-7.841066214787845
136.1434195935228
-79.02976911202158
-127.79237252554904
-196.6382451561446
-110.4779575586447
-190.76786260021132
228.6059852451385
-99.2262565500382
-30.383252039898224
251.13358541752697
-43.60750456899731
-1.1137311450435532
281.9343195392021
28.291976234183036
-102.12448889665765
-128.8234692478701
-78.0066331692787
186.12148389265374
166.55567902938344
187.68449513622278
112.95277929662885
72.52604028475669
-57.97903501455872
50.28737485953024
276.38542247574395
64.66941815921992
-4.277757657663836
228.44954599036765
76.78786939983159
178.84821306295976
-18.614191314681925
-320.71821699903114
-112.67829542402058
-81.20983340519875
-92.04697654684328
-109.62923297580846
-98.26690382003062
-4.6934680800386595
183.56266223260167
104.31647956992603
8.104993345855185
-4.514535464979435
-87.60892442968651
173.90277013759874
-231.63087999882694
126.09090750541615
14.859194934378742
-237.515650586041
271.3802996362674
-190.62055248077212
-38.35012035729549
38.4403364826539
39.75313764070855
-58.512392676135896
-41.63076922321634
-109.99655227530761
-243.37779847155775
101.64183264165092
34.26933977556851
-47.832987506273746
133.9036281991848
-28.01104358379422
-201.52449033976234
36.42118577138606
12.308825028283737
175.52718531352733
-17.563982124172895
-162.05653847138217
72.4610702989212
67.19017834827115
-51.67632142092463
-141.43062058637824
79.0102819886609
-148.61082338228985
-97.85425039418458
-121.16686690150537
143.27177906416782
-152.89132511406942
-36.661005101875915
20.534420629276294
-211.25070515978038
-73.51258318875973
-79.39835881372115
-59.019306426539
149.2916073388169
42.057216781481074
-171.53611242205278
88.88969264314588
23.14288903961904
-32.181969549059666
131.5279437759238
62.0684713972762
-31.949168800388474
35.929274599177155
8.7223608007468
135.80045355288016
-163.26239977112033
-182.72228914428285
-103.21327339010976
228.4319358650934
81.8901721241249
-82.55669861495693
17.980196392182027
-147.26344346598097
-151.7279812225418
242.10803849087588
161.3806979169758
15.0549375573197
-96.26478989993996
-9.315163349777148
-172.80318554883996
14.45557092035392
-366.1451183078352
65.91016740356822
0.5941867523377825
-49.47698215199601
-406.02975805140255
-104.6578813516107
239.13470484222088
192.41853783815742
-207.83409152343447
107.55346694906082
-173.68731705089263
212.2900245393408
29.57380564331946
60.89629107557106
-145.36963912715603
-120.9135449803758
154.60560436199071
-38.950920234514165
-15.830244200958942
-201.29062188011466
101.92945141505582
-15.180682639730643
32.13833597947986
-180.10005452034866
77.6545510465439
99.65127270832431
33.06622502540711
15.30346890751339
-42.29534053282181
-212.4265498402644
-17.52595322319087
-91.8044771103154
-104.67511642432923
-273.7208642833696
-79.49323268885905
19.796511211177698
-66.57057758171902
235.71045631453194
32.70319128824273
-29.910113220627117
246.30338910033856
-239.13295937812563
-54.04278098743549
-103.06593811664665
-110.0316181237562
9.328732014492552
55.203158091835085
148.2365743446919
132.49321881489763
160.56789620774543
-141.54896887344577
-141.51218977136557
-401.9025694574859
-115.61291306049382
54.533525288283634
70.77670856171102
14.849369487931494
47.88888496605041
69.97571413981568
152.66791482772743
177.2046321558623
145.43659684195657
190.2375527136657
140.28455583726068
-15.65402239988563
33.99572598765391
-247.25883537429138
129.99702567970775
106.52986288457508
-157.4050110030281
-193.96164731486797
368.088252232397
-40.0166661073551
45.874589477684275
108.33017297204049
-66.83696574367025
110.31324346688908
6.102477146539763
-120.2900045998043
-0.22340208040826334
134.1282403947104
60.59538095611187
-8.858985012407306
193.38687700303853
21.877405899135205
40.28265986375864
-173.36167242115087
-135.24993658896526
77.13482409040515
-29.597303968384356
-3.3210774864765678
-52.337306053624566
-34.039246922272014
-120.12717072438274
194.13031956897012
20.19042104803971
162.04530725782695
-93.98418851534535
-68.69711958103032
-194.77152651711222
103.26957496948529
-54.387628737166054
-36.650312869731195
58.94704885775573
-197.90349035798127
135.96909840304934
94.41931989882647
138.98142212665763
12.48361913816322
-138.64982692237535
-19.226071442208955
125.31622473370129
-108.98785027971094
230.91078282430138
-202.9130245164905
-35.09723115277819
-95.16779061746065
95.28386163994031
83.63971521279761
20.19796045680076
391.6005577002393
-50.058351599296245
79.96125400322605
-241.12717963485156
-201.954128823745
-27.011111601795598
-59.599121977983586
259.0999620824626
-37.07769716552898
172.1366016711124
96.4574631076232
89.21991124253415
287.559031771496
5.317352901905812
242.8227980489346
189.94913003435457
-61.58907207650304
-100.5508806050349
263.1374672253274
-129.46780134301082
-151.392200010201
257.9440798563061
-72.32559852356344
50.38588314250132
-92.54000444775797
47.32193794561605
132.67721191345703
161.77465113974156
3.671855562597885
-77.0039056465875
-153.98282771842082
-60.560772495106455
-95.99725325477569
-39.27116567170214
-110.5770686556785
222.305705927805
-149.96908907671042
63.601614657477946
13.607212272392879
81.29682409732625
173.68544635548477
162.57187693491633
-49.78379730541387
12.189244454608037
236.18774120767597
-179.40017017932217
152.48488490457584
15.092197195669623
52.66319007879914
-15.073190196738983
73.04235149320719
-126.11564828884443
-46.88793956191166
-313.6576727118422
-63.31242679566972
-89.63581611596153
-26.447549435590993
-165.41965808630354
185.50570395005388
-216.81979736045525
70.16503436653542
33.70671356609391
51.4555870335081
-18.56482623561795
106.73709908528683
173.5131391601568
-112.62590589069534
89.03124814150871
-142.20516078219944
-53.8654533772329
101.22603711232415
107.17041240795304
277.72413585420514
-35.05429924446613
-148.81684504645992
138.13591461219167
-203.32478385836896
-149.36628947999472
-12.382815572220597
-255.6367184126551
19.12286219263812
-8.052756195651504
62.09976966976065
-14.6876566880714
48.39191605229767
0.2748916325681029
98.26742913195542
72.01934627574796
-104.07340575639493
-162.9666388387263
156.1320231690764
200.51522411899052
232.46889106605107
12.223172666638654
-59.89268133996738
-124.23683524083316
-35.830051368433814
150.94195854057213
-274.8961116723965
83.21640619504663
-300.99845222638595
-150.59371196297917
57.63770455563951
-148.26920989164506
-167.54686203820293
27.11426429971312
-229.7221111848993
-15.012733188925193
-177.4008137603285
30.372775928075544
48.60199103884354
-157.70423943516653
10.62676171387534
30.786474609816793
18.329377120248125
-116.93978937309673
58.329626962083914
275.577554747782
185.60871131657152
122.81237114021047
-144.22358755742874
101.10725419538068
9.705092309782342
122.59642532053249
84.98785209028783
-85.49436029218677
211.86522619421132
59.19832972331103
0.39204568867329526
-19.262489710782013
98.98143769421091
55.07437703430014
-240.53541106696215
-222.47066411803732
-160.54841594513258
94.59930904384669
144.66834602874147
108.45645494583889
69.180774417959
144.17286003772207
75.86244410528177
-76.384491147043
25.838126535903513
35.81553270047434
200.03167252362312
-39.417808838084504
45.562347038021926
26.36376189023052
-10.57276873080818
7.56108499074832
209.80011296670983
-132.85480007041622
-240.53299463480172
156.56946395443123
19.6529382746393
65.37338542959422
98.12965556218082
-39.03231661210456
206.92880552687842
74.65066303331645
-2.625491109717476
-210.13172313871067
115.66242980694436
256.5091972362981
327.76611577319306
77.96204297871982
-197.69742868672134
3.4031309099494385
-262.23523965263786
-80.31272604925535
-174.07979606264072
-32.411628268639085
11.650634833868715
18.71370790938831
74.91017174420251
-21.93588498263223
69.06098418207759
185.43264769398496
-10.918062364141836
-30.44388553537469
0.29002414695369894
-49.72557835693864
-382.89152033168784
145.7661600836677
-18.592813574548835
5.137262198601905
157.42028186876377
-194.79961359372155
-131.89207313347276
222.11020453282637
-24.99259698518507
-145.2238948297415
22.950721125662394
148.09240072141444
44.28527635079899
20.50965897341205
-36.28871279501487
102.14421328959246
-161.76455781745747
72.62652968765268
3.571900980336485
-254.39566183613306
-227.51325307799496
-121.30626599643323
-14.13101250147675
-84.9768800494905
218.82670026982996
220.21733733766342
8.017937315952478
-92.36845684305146
-104.2359619864647
241.0090713539835
234.17034775827756
63.74042014241219
64.71151584826187
-168.01209666915975
45.12769377691807
58.281931117078635
153.31218575820395
-123.38490351421123
30.648013832281073
-259.24089484291653
-119.29211481619168
189.51938845459506
-98.5317119907734
41.65484065569448
6.818370220621774
120.65396069078227
83.46179933445669
-110.3219028397036
-105.41004983989882
-76.16909119107311
-60.90502678720204
-128.63642150181968
-152.5475699749788
104.37163373450379
86.23299687613874
-242.27973434921805
-294.33860841534687
-110.66712953143947
70.47418559111809
39.721515913233155
65.89320139930867
131.07802102187355
-281.7988618848854
-92.39547013587813
127.30845825341724
132.80398852791288
-76.38171294604173
-14.06830317818803
-139.2267514691806
155.5899283508771
-245.62042230092172
-123.47271707644192
-223.30365254559874
30.238019948564602
41.32844253371716
0.2516068446749231
162.70447351064138
94.37542008312212
-87.45040159248622
270.85332742850267
-233.43297062288676
-33.673152832035086
341.19527759889223
-80.21922173600221
-213.86188513488352
-51.43053293455843
54.445708078990606
-236.92287919305815
-50.1980507774458
-94.47839503489311
-132.20200034519831
50.36541216582474
-186.54372876284384
-10.555747030241408
103.66596391919731
3.6754460241840636
-4.074952259280147
-15.309732207317465
52.833451273566126
34.89384029619674
14.450773437698189
43.56251465083836
180.01383202934608
286.04366903908885
-217.4781413411665
123.50643436215056
-50.917387254950896
-69.14206123143713
181.091998167101
-479.02277485707464
-71.26098527427567
42.409415860687155
-25.656887848938823
-554.8881797019459
-85.2266410353496
-46.01104388817959
-62.65824402556428
295.61668249543266
-24.974376301853905
43.12656706964671
11.730738212777998
192.7056074859386
198.96835319424326
-51.388987837042926
43.00755706864894
144.9188995727934
-12.742606794217073
128.34947861026333
-26.953618923436835
-112.32144863621484
59.12720141530713
-194.76690734825073
-175.08991879300055
-76.74843644835444
-17.324222190816382
322.29918028999543
76.60368296182752
-81.0736063165588
-56.586995805425836
168.77947890886338
-95.92013939697605
-126.7385024810947
-264.4108270364281
-194.0789999854733
-154.7399988190705
-3.6781647419499426
15.619004533138991
-135.19001244973552
40.5530401490515
165.75746182109052
-9.848538331321947
169.93602493508268
