188.12341048395865
-197.14143182968294
123.87171971725739
201.87946510490727
200.68787138681853
247.44941537243048
12.737915512928007
-219.7971404238946
-66.16455843161428
-186.58229759813193
147.11118820715953
384.3035740032168
126.89955308480333
-27.962223955125705
295.49907049997745
218.72630088068084
49.85767772060326
64.75703044914684
75.8224924108101
-2.2956280868990127
-146.18687884753763
41.919975428620276
123.09015394193224
181.98693095476696
-96.22504939534548
-173.49151939286148
-15.520564392929517
-283.076745958022
-123.02358962131929
172.839868222123
-53.22387235157378
44.40003190618354
215.05313666912
-12.940554768739476
-276.67084144034567
-0.5043149790757684
202.44066130441325
-135.49159054990557
-58.06387307738712
-37.537138050085964
-133.2560378301635
-43.237424469831964
60.75319713501534
-56.506309878951406
108.23884897677273
-261.6844080040645
0.7827364023378537
54.787211754699086
-130.92138709173855
-60.588961037357905
-82.13759521909896
-104.82955419765273
-45.950912282648694
157.0158881007271
-38.75700886263199
-191.73823775752433
94.48192092550907
94.89598902695387
96.13318193001466
-89.31888092362277
233.1093985246154
195.3296001522534
-11.561343338053156
147.5154928809524
-46.76608260294843
241.74025289028265
100.68553592664804
-144.85146145417124
-250.98585525859068
266.2803166246555
-16.425613830739895
3.1355696654436045
95.78964274787131
72.09540727711953
-88.24291575161769
93.53188909566317
286.8389709754028
46.08449310013853
-280.23180459664366
96.33857879560755
-39.570867719723516
77.19215656991695
-262.27577588386947
-294.1472981415484
-35.292380476627756
54.24234016644483
98.67388507302982
80.26750630312318
-125.48767862587268
-144.47913352294066
-131.39778320266146
-319.81672730358054
371.9388298988019
-34.70562433870855
-236.857473077676
3.1486001851033234
-102.54455610892543
146.48416664242148
-17.451968490103603
-167.7038062995028
315.81736115955897
80.59098190940898
-33.21235311042598
-240.2403110821753
-206.8626384757371
370.6441243136861
-108.48075373301825
68.34624162396992
-165.59022968233498
111.58205806765305
146.33650634971406
-307.3763853146484
204.34285886823602
-290.3181511337459
250.2024927848728
46.291328954909275
9.602027848411488
132.4310329943503
152.04336876348196
50.758962613856355
30.391935700496315
-100.63784535952796
2.1324513078591574
31.585399990635654
143.9591191486421
179.83602744169713
-259.66295267281663
-208.84206606438897
73.78830767587634
4.252620498794407
69.33052793195925
-45.082663512132946
132.81737765564466
-21.287718041902863
32.44033998395236
-170.79919935935152
-80.64736126298602
108.8799037614493
40.482313049231536
-167.33346914497903
71.98168750429757
-36.53557391018952
68.15204524325743
-84.93911567200298
-242.42694072547812
200.4140484854133
59.28582844929941
-23.85293832476632
191.14617482085137
24.411056508088233
-98.76521101511848
-17.899114469218315
-153.5680182653407
-343.5138914820318
-190.47175366155287
171.50972287112978
-25.991087218869453
-25.268663257009067
164.20375559366255
-140.47781411163962
7.881221546505955
37.599430463657605
45.88474109682271
-269.5469441589512
102.41949316073217
-71.72911489700462
-141.95839880514697
-59.540667749197645
-54.136104332915316
85.4200643722238
-0.8137973798135283
-215.1381400409884
32.487844761977975
216.50182131592237
251.17129541800534
132.90038318903123
71.28398295611521
-185.59216042989814
-91.25220677381245
87.87303570783274
99.85718168292404
-260.79336707284466
94.4468692946536
231.21980313352896
-30.871921305310448
129.9356207177877
-51.542325610557434
-57.790652282716756
-257.9612893856648
-151.09293507166726
-188.113083421838
19.64351294140988
-313.6876769991447
-88.93397567312583
-14.041488921019278
133.673619570431
101.74540176044145
-263.0130427273123
-98.0438802236883
76.79954108299037
-124.46014500940758
203.607587802871
152.67661111165532
-125.50881275432879
-38.55704009888615
15.552468073104087
41.248204287949505
99.16380170866758
102.09803329477764
267.5379214497057
175.1994463449036
7.127193557604322
-219.61822956967387
32.61949742675137
-118.76184772491624
-124.99860560467792
49.65932912601761
42.73469051770146
288.79568695816994
202.34429992320787
165.0358144048889
-0.8442055575959246
56.38920455077531
-109.5467199884729
78.91484671613864
48.55195700878516
3.041985371452385
258.79325772631825
-87.27882044161366
48.79294069113935
217.88572891131858
94.75628601553103
446.4321080606944
-44.21726680500068
98.43064225843463
-153.34109798721036
20.608064389720443
101.51299811301853
233.9710459800942
-192.42783498317002
42.82072596871645
150.8093753770712
21.495276077196262
20.007657646509976
133.4122020245705
215.92681391112484
110.76483629096676
6.02225124212967
37.26111260063689
-42.98583181208255
96.33142814282762
-254.4585783258527
-145.14004204070264
-164.72546072996042
-188.61091663145032
-3.216761072853022
-127.81168137780283
273.08448336283993
46.33258778230359
-166.6268881398163
43.970884375673435
-113.41044552606905
166.39612547498578
57.526947128019515
79.93623316817819
-202.42013334526845
42.71419994827792
216.71134358489
208.77791636641146
123.05272121191902
-260.5125274749606
261.01342336800286
65.4238694597659
-101.2885856126238
-149.4937153633439
-0.030480789230550975
87.65207266388558
393.2588090394024
-257.2890395287344
5.270122714398528
181.31898491643298
12.528989858664909
202.59409318014224
-85.68976863288873
-81.28613546014645
34.66482017795499
-144.83811645938272
269.1634817812281
-163.6323709842953
237.33941991088776
-6.124426169689176
22.08998760396725
-53.77698786076595
-28.49775254398412
126.9030173105572
127.07311926192425
-262.5571652053453
35.369643594671814
-88.11157722264332
-35.67687055900228
-163.1094753540199
5.5386280128046295
-305.73305433716564
-129.0294682316091
47.97242351272409
-342.13654095851865
-199.08230923734595
-136.16860471083757
93.02186193352884
35.77125779153913
-213.01911384380966
24.975779789332996
-27.866915027543353
-163.30281781725571
-113.69094055484324
-132.7446024275939
-94.62946426410223
219.232205331131
19.942154083821
-37.741394493653594
-249.90202779267
-51.2839879297354
-17.878444533416737
28.288379357199034
229.89379511706082
-100.04532037570391
160.2435513183511
96.29952071072432
20.27796799536472
-61.18544505680128
188.12629111353013
-63.40033359918533
-172.75197437105066
70.45370119816607
423.806798301869
3.280623315717542
85.31242554916741
36.16657718966793
50.36540049337623
-368.2580827121477
-21.02410562961416
52.64743433044155
88.26184563508235
200.3743541749946
-122.92522317729063
-73.49126041669814
52.23089942066202
-178.30414107244266
-104.63774113648088
175.12032180260206
64.9759801162801
17.66251353138904
-36.452504851536425
212.24340378705884
15.224498464687604
-88.82096914266016
-49.898323563133225
-58.93659084828934
-222.85468294775626
283.161435107779
75.49587241075066
-94.03212696163688
-255.6325022620346
-153.61014555438788
264.60321755407944
-279.4232469322216
30.300884429042007
-371.139132501421
-76.54481292504103
-96.6637872748631
-161.53023911663954
-118.59826128594192
234.2283849462084
-24.173451455406017
60.218803860602435
-88.73838277953298
19.49498887449608
-54.3526655061227
-86.68780443300174
-242.7975049398954
66.76724978477088
-93.99178010177738
96.70336441967966
-116.44586327535154
-27.466595170592292
163.9544199158047
-108.82316630819031
63.64224577648627
52.402418144715725
90.13100416280426
229.71848791578495
152.9636390286451
107.70846951151691
69.85810043485435
172.61751211624272
-33.59718401435404
65.47863696882908
-110.50790501768657
59.3578310166042
-0.5531875606527477
12.530515265146875
-192.24970968628898
1.3561812943721425
-90.77207033998334
-85.72671361739154
19.94800573236742
-80.64129934872952
345.46149952786936
112.4563626935705
-325.48000254194596
168.0042167962162
-23.441074128796764
-14.009923019432172
116.00035966320675
86.02247415669532
-226.83302945488717
282.3441904619066
-138.25146954826906
183.06057992132116
-50.2907664494337
205.90132861920202
203.57217675310383
-257.23192786899557
-175.04469185629247
-91.6555028109449
-187.24972093316535
-35.42895482805555
-26.656850788467846
183.5971667431295
-92.725749186247
-123.01291995241614
-121.03232347213537
214.37295137750053
-232.6855595474888
27.38072507292404
17.710653727343868
-225.3662860543938
-205.6590828146572
79.26240060894244
65.66806664617694
179.72473598394865
-124.70423565430008
-75.15713076743863
152.12285533306616
343.3362702299249
-145.2197704806021
-41.27789602889315
412.3334778923274
130.2470926945983
-5.847288198471463
204.24881420208933
-244.6619541454521
214.51743679743018
258.9451520309657
-195.64155176896952
-164.56810651075924
103.49101318608508
124.17266840076253
-299.0693895183492
136.92255464866426
150.0311241953193
41.30870954573898
-66.20425772206329
49.66091365779959
85.7761094795824
315.3488605946543
179.9390377025646
-39.456903123878845
217.06723412700194
-41.619012025573625
36.84495332388693
45.383952955560346
155.8358629801272
218.08219920930145
74.75398149274653
-39.932636560068886
-133.85235002076806
66.49518670987786
126.5731400457866
-111.19894126683539
-240.0944841062331
81.06903525363836
230.92403059548548
-182.7786102631162
-213.89012405683272
-83.8890824825091
181.80901788285314
13.36037464151148
-176.99368674388353
-3.3951418400768256
281.5200240526209
133.77348524433427
348.24353690550913
187.97661688235436
125.28403376046232
11.334823941263366
55.02099190221344
75.01547272317167
82.656542928283
133.58640701533002
-1.8396004640480612
256.9968024096583
103.89632662343791
105.51767591965
237.72501361550516
-91.07360636208035
-74.75542376583041
214.71630626871084
-163.02816794822556
-105.51543788412947
25.956831709620992
-158.88921813883132
29.518393515116305
387.48129119436027
-153.87002223658826
13.962991854521253
51.90840631314711
-118.6296139268036
157.1837927780373
272.0854066778199
134.0891660891561
70.67752946363684
-10.220749813806858
-129.69518574628944
-205.1826028829746
-56.38119066480024
8.107577190462312
-185.87534800981683
4.817495096220123
85.39443904535108
80.79964258971917
-239.94198760759326
54.340039058963605
-37.14320790126643
56.413983143794844
-88.6424089480537
0.2544161508014693
136.86440241681208
106.47002795781485
-13.527701479108774
24.658330827159187
-163.92706538042182
-293.3683471867082
-25.464075357772412
-95.24832932963238
71.15707092626177
-173.36655654992225
-310.46669146274974
9.757736236755171
17.424517035068572
183.15802650826208
-194.81952549570917
12.020069164181214
33.466368536299534
-35.557873502629576
104.76760690081652
134.9943063121844
-68.35329007858924
-58.56866137301874
-71.56345837416761
-4.306338537261662
-8.48242889914897
214.10022492640005
1.4677170139372966
-58.89171840101846
273.765593721928
241.77270741360917
73.47245453011445
-106.78171687148414
194.87341807620632
174.54905886859842
68.32472144368477
-149.6380844145994
-21.943260570838373
-142.64951068627474
325.17705377117863
-380.21320921467736
-236.0790451451351
-216.64327062860386
57.40342288854343
-19.438248859595735
322.36665160490793
-57.3347735619163
5.914370175288148
272.21792328134836
52.09401804202008
-101.54052098460853
-89.09408380782618
53.68720817996806
92.54557353269493
152.58928545030318
4.3871343188512055
-164.4006299369209
93.54880608396934
-29.486706207019935
-123.25900655791365
-98.39687573759134
100.5502617367873
-19.66671262601658
116.27610948486394
-103.32892815900256
-61.6695782686708
-50.71479258408481
11.42114092805908
-71.6501823673989
-0.8666451889079505
-37.88312043620365
174.26766665960704
79.52790506042957
-22.201983062304134
63.25251707211267
111.41104590756635
8.24509997680238
142.8448525617461
-1.4158811099651987
-129.42035071032316
32.870421237476194
111.65437757240475
40.49381373207611
144.45027174266278
162.9322537609977
87.54306048783438
-1.1617780265979176
-46.44863638533701
-49.150200739900974
-178.3108478432148
208.1866502943579
7.665969342060425
-40.03999823294923
53.11003824769431
30.1517183391705
178.74464168968998
295.9944549402235
-6.22833250925799
184.72170392867912
-65.81296934139365
-169.92058601930268
-148.63377725871106
-115.96970162667455
-279.744446879607
71.64051466164322
29.20891909127336
67.80792628198587
-239.06081564777946
-27.304529179545174
306.087016516528
-179.77289647821058
18.759831012556393
105.05088644281619
3.0344661601633915
103.30189582354508
-127.12581251648221
338.8006706082821
150.0699205009975
168.5309972337108
481.9198704328863
-170.1284353009095
-71.37913712951413
95.71197465873067
29.827764306903365
-29.1597016064974
25.25234338061756
75.13939498023272
125.03834243033529
-171.22412819044754
-76.11912199010871
-193.45537724435465
105.56717724286365
-34.63104375662229
210.37431097307578
-37.51294476424194
-149.17544101537254
165.70242418934347
-23.213596926773487
-1.090301658226239
243.10508286157892
259.6462117001638
-106.45531614354883
29.866173449124076
41.831866051274226
100.11699590963153
305.3976411809515
175.68914770142547
-37.441039417950165
-1.4038891285849342
19.450829091069835
-183.19020393813713
174.30659837717675
-175.40263640885203
-130.13810154352817
-178.63417846268388
-10.012157053323616
-55.57185231326162
193.2166435818723
78.89695295336462
-70.0853889790914
12.365122834343802
240.4088351121321
-235.8458519702601
161.71169800166268
18.752240309290105
132.4482357132821
-113.72100481716679
-119.98020045559682
85.58942380742936
-376.9251925997024
13.219918594340209
-170.4529764792735
128.98953420929237
-88.39132863264793
66.51380684426537
-261.59846145402054
131.40812667696338
-193.80480286772462
119.35502768417903
42.38529220113357
166.80980970283142
-118.3072635896318
53.0141755763686
172.96555765489384
165.44057467310202
-22.98195360394117
191.32397829662986
-116.87082483170099
-25.612223894812004
-110.4385386650229
41.78436176044961
-126.51526268733726
-343.12870866448054
76.3316410547232
-29.115965399058695
79.8962068104993
-97.96997048590788
-15.097427321716827
-15.1321763755136
-207.94097351855075
167.86328808700605
184.89716522351478
125.92913975075285
30.762637023971315
69.84096499911762
136.33965851170362
287.0139193712121
-20.086701331271684
-59.630686639071364
220.940620929494
192.69372631365917
66.89307960378733
-131.98629724103608
-221.38807250834324
310.23049104776123
227.80534153803876
58.854791613034436
-60.55103974414648
111.33415876425919
-87.527054788585
-133.3126086102952
378.08849684329846
-311.97122351133964
-28.05441442082391
8.030716900042663
-117.57960994529759
170.0407434711426
8.144057177574078
-273.1185399549955
104.1032797081964
47.33509207049107
-9.419053720428447
224.17808921558336
-21.875938376149307
71.04811661844191
65.29266998819692
-300.76291014242514
-27.587519158862687
264.96222604061717
84.92194029107347
-80.99041241918195
167.2336482365383
-65.22346129110136
-17.596302977675972
36.552961700236615
-227.96899261654696
-143.8421961428061
-225.71451906088603
33.302512380480536
138.7755103545199
104.7582125184808
41.19453509730177
-116.43228592160135
149.79627799285825
-90.30118771848453
59.30926699370363
426.76859314273287
335.1767311722418
-3.7956559705846034
-123.57341744687142
-344.5170593028789
168.8533365265876
114.74606655683978
-8.81201318022092
107.41605140639028
129.17720601062715
212.9695856674113
-170.82804729128085
-26.04431269032134
-297.42557166050227
-137.19728826642674
106.85281422469666
128.26215818618255
-214.44782358870447
-231.2704692626035
-93.43240680231153
129.12520159791723
-274.2216634199867
58.51458336554956
179.58817989980056
-87.39004340889579
258.68665155925964
261.2463820356785
143.057270647079
115.72428703513266
21.773369273253834
-187.34988045488237
283.69538966379855
-189.67808592787478
-66.58697018477784
129.2198728136562
-44.64129196412658
-253.5218010538767
-151.9282841090476
191.69855742139268
-147.57833852260225
-2.1490661083484843
58.09731103609801
2.6163681171220037
9.204594778669154
59.061893034902546
-180.8827041851403
150.78260412415912
151.37694932671695
162.57571623865223
86.23784763987037
-17.94846818266298
195.16892857665604
41.406292312446496
134.00276111516928
-346.46598787852787
-38.55974329424493
168.0094397138505
-142.88306775710083
111.05389864410779
-52.6925281746809
201.7916724782464
110.02098704104463
124.58880763279974
337.13515144042105
-77.44000454299
161.67890357346883
-205.27898584805985
-12.251977009262587
143.7648874499967
97.51063559860377
78.23651943067203
120.11371124155427
-19.86584989899225
-255.3041153627058
63.512259203283676
86.54307340595369
188.04691286147502
-76.74543192751773
189.231184830859
278.7580835313973
-16.34298990249094
181.61398289320599
213.76554910578218
119.64738233382782
15.314166061283125
176.44699467584147
4.198585313707488
-157.8026874363309
61.462075790299174
-30.45923152639702
117.54424348239554
67.49260939690653
110.20111391315179
174.97812333452035
-114.65637919965883
180.1360084167745
129.89788593442938
88.4431482806653
-13.498119306729398
60.6757810239824
-18.53480545578188
44.07196226405322
-108.44583685233975
117.710029222389
-100.19096893158103
104.23797574023229
-278.23816637607376
183.73004938060095
-0.954724437955305
96.02721113984606
59.21266100685952
-175.607493763782
-282.5879792873754
-87.44735614284598
188.3990260961376
-59.85653613083615
-83.46252463702615
-22.42622013547548
-82.5368839998727
101.0815571373772
-179.93170615821649
-133.94342219523506
-39.60665912653006
60.368469664253674
3.9511731269298527
141.6748106729406
163.70904510966915
194.52097075697725
-32.74725248494526
-100.21439444230981
268.63218607232204
6.964358283324418
-67.9534482003151
-232.99878611256608
-178.51967402113672
67.18914307461694
85.29842902404914
-167.36568932019597
114.4788133835423
43.86464595129149
-1.9134227827914847
125.4304084082104
-144.5919047764721
-214.35570652712198
127.13711801632634
-62.48961697267575
148.65181116989243
-43.09710901350182
-27.812414290088483
134.71470670225975
178.45624982658583
97.70890391049575
-209.13742104151964
-41.42008361606656
-71.06614684932688
-190.2611260633048
97.44677799435371
-186.94060773750192
-76.47364506423442
17.51364949410232
-92.61096380355852
268.28464664811037
274.00817835910084
31.356821599640153
160.6447271598263
-152.44177442961018
-12.733473829843685
-108.71205131146262
125.98820391952313
-208.44164475092722
-143.68175707526333
85.8262385456763
78.67195497377631
208.5193785202376
-334.71959459588396
-21.79113613334182
-104.96696840027376
62.2370064764656
-15.52237227317782
-219.22899982795036
-36.98255864299663
177.66070964699318
75.9551979762286
141.47082104281137
-129.60074743337344
57.27810066143405
-274.90412993517924
-19.446329350545046
-116.20299972576109
131.0467525855485
-115.92028807052412
66.32490483990514
-139.8160255392721
338.88717647699275
12.678253865523354
32.90199853067341
50.27911146742055
-4.577506501998343
191.43629565476826
185.38271090988917
147.80681663400634
23.06281475211513
-208.37149819188875
-71.84807588925884
-207.9038588968675
-304.66068897062337
-52.240987060743734
-123.22084649901505
