80.25509556892916
152.05949866787333
-61.8323378749657
99.40768737028789
-149.41516634481405
-206.40073071648195
-88.25986040105974
63.16405390857535
123.44476557583111
-26.002151673402825
42.920285324610695
-231.54641752411916
-39.60308908793674
-292.21375397566567
-119.79008848704146
-138.7239852641364
-88.56358912468332
-90.09570403299311
-22.42684227904002
-110.05553002144548
-29.2922066486268
146.4103027507
53.46496318648618
-84.41191029300144
53.01101210606005
62.22590475004121
33.194415606918916
26.116887364850218
163.36488262729443
182.34034598033608
50.81915334839673
114.64960307072745
-123.58790540596115
-116.73719213307444
-18.126077323390252
-50.032451736501734
-162.17322718935242
194.15837272807133
-6.773514728476096
-62.83184517480692
-25.568956602475197
-112.55139008075341
62.67938147583106
-181.25484063281766
-91.57900274669588
-135.68340663447051
-28.53571205554796
-277.11504134478236
-119.58321730166797
6.47500547572178
-257.53785139510046
39.022092209734126
-67.86049416013444
-230.43117439602466
-168.29872258882313
-87.6787529809191
-48.39163213054351
21.98506207452431
-90.08665242267583
40.809226725633465
-4.624569361701154
46.308022148612544
-41.64013992424758
-119.30456072315299
-161.01551591974263
-91.3980540179052
-46.71558792173232
-84.67720240374251
30.342478536298252
-25.26772656170074
65.58846726117285
-198.57185860217103
-131.51785645301823
6.288609332765625
107.3765903826338
20.345977427504
166.7010152125935
-66.52375011826302
93.50481043343571
47.65279301408416
3.8727881834856026
247.3800718057595
120.56574212355284
-30.252480501706604
22.207242749707447
26.812181191536727
-11.563290977146902
-43.55267736488538
-106.174530790147
126.43061357139764
20.335401671196223
27.151458956119903
-23.42175442153472
-178.041811372263
28.679205400609074
15.638011362865075
-154.26394367546968
-127.63394234902675
-27.290083434225533
-304.51001769301695
123.85108970569158
5.457488467202746
-96.30633698958682
260.11989056685206
21.225601464485575
292.556428527932
147.2755569391033
216.91144020311765
63.99721198104935
-43.2149759998001
-36.671409099274165
-166.62897329153688
-167.6893248692948
93.59087665743012
86.02363961442995
61.63979227477778
-146.41125574459082
-76.48023254155373
306.72953134534276
-162.27242799453856
115.41211138798427
-105.69530677579424
145.49665590074622
220.13276865773426
-8.934398117664774
-264.78968649336804
106.99190061666762
65.69162914713957
-111.0590126111596
4.399625720452368
63.494708912090545
-115.29332059034758
92.26910861401547
-272.4470788333641
-24.074746434483203
111.93189383547434
-35.81008843101063
-142.6011158018058
-49.07595451451022
27.87658598985447
-40.60326376983657
-145.02702604727733
30.974339040275808
-15.383842591837567
-22.201700048257507
-108.14647095855958
-113.77869834651035
-158.0558521242501
-101.08024031360112
-260.8308422789833
86.73042189551222
86.1676447403081
177.55376004503066
-91.40720157325984
76.955106344703
-70.15068630987861
184.25833585665478
-22.606548610561788
2.9356067699560007
20.570561955004713
112.42835274552128
-48.532182103582414
93.98687580252695
-55.32373978383408
186.00723709800374
-3.3215377392438405
-84.4225277117693
29.6095790987063
83.79739123275473
37.47575702676994
-107.36914123289496
-98.1494234471165
74.2225249519428
282.25930150038585
-35.84951269451861
89.90316572382524
44.80417416719527
7.158288277467059
-171.57554999606103
-296.785610176327
159.89209090877839
-338.39714018736584
82.7928518009658
-106.3955559528245
68.37939751201608
13.608354209242474
-17.899025789001072
-182.43073801461406
-14.487127435687679
85.11571125732695
164.14499589149762
-126.12433197518452
63.007821089293365
132.73608922885333
124.22485744072345
8.991801229237463
103.25810868222813
-30.612334031874667
-214.05659214207625
279.1350246014918
-111.19775841178708
297.22632651131556
-23.02502552046706
-148.46815499629795
119.04021623655068
223.90844270722496
-186.96106071206486
13.698430407341691
132.74544619848004
31.220521564375538
-30.894842000589648
33.12808525505079
466.8143446718196
234.52484369958046
-92.86245704953465
107.72136651963909
188.5835745383249
18.09309266562211
-90.66157818269248
10.926378155062544
-6.040329108229374
54.99697685288024
58.92152710972795
-81.94081053467814
223.72352262879247
-18.38637945307351
57.789214238580705
-80.80242719973747
-134.30338723862457
50.82777659184216
-44.91987438089753
-170.05212957222182
197.54685982878055
-98.58586012346522
-11.305015578849764
-62.33870349150169
18.546221814168852
38.09380521734657
-144.98691450827488
-120.83611726967197
-56.678614903882774
-71.71613226021067
-63.360302005978085
-47.481269951431
60.008428101513054
177.44133535616604
42.27983976050935
123.56026675570453
-294.5406711990324
-48.70975368360532
-171.75585329975476
75.89396337761131
-193.78376262389182
52.8886150950499
-4.887710305517611
150.56069480524795
190.42364482545307
201.20522513680598
-73.51207216519458
-49.31349330547594
38.44893880945097
18.928066745620406
126.25782779987996
-6.557791454998659
-94.70225451180863
-128.29585875651088
-265.6989565880416
-131.5171802017568
-94.98443175227546
90.32995735256367
216.38966874947553
-20.84153541207741
-51.66431402723368
0.2918020597130795
-300.45592514157204
-83.25592403671548
104.6060767299992
91.5690851031234
-17.918754156678133
14.929977335920503
279.3471545420525
-161.1495328383097
170.86065875792968
20.81577972704329
-117.64418848175016
42.09322612777498
-14.565645998309307
-72.20326556171558
210.7395420727416
64.52551964189225
-116.65324986745604
198.8816113960291
-64.95710809647164
-56.67439715526683
-119.56699637241415
75.08324620428415
-360.2165282223996
85.92228152169335
35.07857726116967
-175.25760956199045
68.6115841705206
-99.21293102675617
-177.86890184515022
-120.48454529246607
195.26427278083554
-22.32845153991836
-35.21965391990041
-70.00339601835772
113.76806646854696
-91.97170068147665
90.462620459249
-253.046456369059
92.1807274928375
-20.267442872383583
0.6601500082391323
-206.96185882432363
-198.49980128178422
-10.032243007197167
162.33022025457055
-62.438869571249995
24.935228241489646
-348.33019101527384
-2.844524057576548
-14.951159895224873
226.77912530943618
237.60807705651743
23.76408939249493
-120.93615272917485
-44.26235815940544
-130.5127281324305
-42.40229895541534
-134.50347798852707
19.829732043051532
43.94655791705049
41.857157759199715
135.86413018842865
-15.547594875687112
110.6637753576748
-23.18067795254121
129.20111758037567
-108.25800242975805
61.70981867956874
-50.094543356350314
19.203769447063387
-234.97638968186996
46.524072437116324
-164.02100304448953
82.34672948095627
71.60567730721128
-59.891855345303796
-15.705520244799779
266.89385376286936
275.4691659302811
-71.74865840599458
275.8838976423509
-63.800664877277434
-261.465157781428
217.2736913852607
61.31752640770733
-45.443092828004154
-221.37029642309466
-121.05228652805958
25.403047945106362
-155.68581751966093
-29.563234722020027
-61.46325082162889
185.4090856386738
-8.999435986277458
102.99130307756838
67.4168786491041
86.26290410351858
-40.333257878540756
-22.34952302762359
13.726285835783628
37.510420989019906
159.52478496572235
-111.54610025103804
2.6399096094246364
94.83087606375358
138.08282519763455
11.948257132771793
-96.79850473349926
-53.860290393456864
235.4463162782099
287.04489398440813
182.48771398260553
39.661952374700874
-207.62963561275348
-49.98411398413388
100.58304656713798
-6.910543906246627
-25.029188211772794
-36.08824670075716
121.07055493556649
246.4147943079071
-65.33722195783047
-90.47926800764509
292.2684444909299
-103.44110725427022
-124.75675979730424
44.38661660381788
50.07371906424921
15.799927324580882
-72.33892673761741
137.76835254733174
-5.3643437353393315
113.11439322401455
31.726194651379018
263.41953947510837
-67.77020357324191
-37.131124431900396
131.9927700822779
138.64784868924093
54.534209593202846
120.36151142556871
-84.17323323865293
196.51654670247865
40.52287655703564
102.3305601824167
-176.5415423633892
-152.05101843550784
-5.622777479058709
74.3199237809888
-22.75575674915966
210.85881215300225
-67.97014231229504
183.51479272460773
-103.99350473740542
-40.00151183616355
66.31977217624227
-74.13297635592157
-105.9218986440842
23.429456753286026
-82.26415765274962
-43.19511811039166
164.17618869854226
40.974816778257065
-67.14950301560509
86.1159653877531
57.04102683809847
202.55606438109785
-44.853187940187105
-46.016568045383
-151.49013439330338
-13.24975416925009
-86.38725519077802
-85.68228426088004
-54.80914188917072
-4.278892718565293
-41.98683536823083
121.28558904466263
-110.48901100193224
-140.97129136315493
9.986805587756804
-14.259178212142631
-110.03476450147076
60.516975640296565
184.93267337476922
65.26862720109165
-64.71067652847017
130.69135096991022
-163.75479738920097
-179.08127312013735
-23.163340870196826
-76.68758837189559
-20.408252848153246
-49.1922798386626
-23.69626899651719
-165.55465371710778
115.18364340355278
-43.50661718442685
158.46251543122747
24.370665039319167
-186.35481318284764
21.670145543997194
-122.54420362891543
32.112848359573235
133.36884086595015
-148.51017451013692
-119.4138448835434
-139.1692981924154
-0.9676968796020762
-226.89716994513353
32.2891091346298
-59.42379585842915
10.263058838266142
-10.056036368487035
-35.77308297183212
34.667642880977034
256.2722641815234
99.39150353722866
304.8794766783621
108.92911667392475
-48.589344208337074
-84.69838005684817
204.90266778529136
-159.78631532411094
-21.08753603064949
155.85102024426422
-100.41762741400706
126.05892800285616
-82.70051921085512
12.893358748867874
0.4589071480475604
32.20541619937723
-149.9850798437323
-91.02634709324475
-8.044359477695524
-125.23363900938418
-52.67034897293001
-26.424175604782434
150.72488179726597
-13.080142037617993
157.96675830337574
6.50902702334265
192.12280746463705
-82.38525349052613
-73.88161446192468
-117.04510732814946
-103.79698931385543
-111.83978889059084
6.523520473214141
-25.962399864674378
-0.5626868899221866
79.23169614611811
-2.022269264305698
-32.51205428776557
188.93282295352117
225.8143992547856
99.2738827444413
61.07091376167447
-7.891925909377834
-68.02441753449959
250.69428010922957
-43.52795266211693
-49.31485495475197
119.336117925065
331.72669334621463
130.78222358125743
37.442919597644924
31.056774126328325
30.313378184367398
107.29079959773439
-56.50981327413296
62.15943868913298
-188.70645786291465
-91.44018255958524
8.902079040165786
167.5140713204201
17.70314056547826
-175.32589839435127
95.211220844968
102.66903828771798
113.40420375243575
-37.02497666369888
0.22524751242653318
-204.70196112599737
-199.8064653999169
19.430762537420524
-91.42863368007758
-78.37776634401573
-128.7311440539064
-156.7221065069554
87.88974580316716
-20.956817701475796
232.02842539318038
29.922588693002123
-5.731868087839424
147.48044271494604
40.30649789442383
132.50586578241496
-2.900887474065187
235.09765203334743
178.54028448730259
152.52534375023885
-85.05355703338255
-18.71953377099581
103.38941012725937
79.10900559219255
67.69083637389639
132.038758066793
14.050334418378702
85.57945212204102
-138.8753803693556
51.24270907621465
141.67871096636796
-92.09481205758492
-158.27301765451767
206.1288255367377
-27.479194265447724
87.46479947371003
-187.09371478580337
112.86956305529651
160.36527150114088
-103.6699119872169
53.000908755686204
-43.842292795753764
245.75750146569519
-41.53267288386333
-54.978136516589124
91.366517387711
34.725816991310595
-172.81896537659796
-78.69269778149945
89.66974151308949
-101.82085904210234
-21.447011495386576
-139.61294144593793
78.19144751026965
31.197995050139138
-151.20946925023134
-13.81954179860006
37.112155780293826
-195.82913082205064
-14.54513868441882
271.0784658530583
360.3335904192893
100.64636180130375
99.54336335484582
50.895820465371486
-51.131484449819645
38.42724288574963
12.698506929191462
-55.083801002982966
-28.628416044490034
-221.85614412710916
81.86148999606745
-157.65830096183456
-88.65741058322057
111.3613429349791
6.3445964043126475
-100.46470762112293
198.30452360883598
218.19206567452204
-72.2234541973876
-58.580314392773815
-114.99463563331105
-113.32370915053036
232.59717083478162
127.56686908411199
86.86229001685611
87.40201418704142
-207.39710031687466
191.45269965935253
-117.54332088974034
-179.554328524705
143.80384379801635
-182.91588222441945
284.55133386144
236.78610374779382
-13.724993707820314
-84.02548477811409
39.744809275406006
-100.71212189786077
111.72115105975028
68.53595014470262
-88.67623008456796
115.4240910475844
143.06268819439765
-129.27010767111022
215.52597146466022
38.237472856960004
150.62621653273447
118.64486662876185
-133.6313295838875
-174.58732354421355
-18.07961196539998
-6.700955268664371
-58.6200381210691
-60.12157197158696
-101.93154398034478
294.3454447061659
-203.21372295225152
53.768023073557735
46.58696035472618
41.67668288304407
43.6215818069444
-162.6152707973606
-19.720183956903007
36.318738641755424
73.70264131290581
142.55432350933708
-46.27672820236548
62.29708415849387
-42.981668736566384
141.95274485816051
-80.82232025140739
107.43569299875789
-14.26352195780043
-72.9515231993315
197.31519852454696
-52.924997831188485
6.777046123060016
38.00037734771289
-100.35237814532638
168.54621770688527
-13.249639916104165
91.27638239301588
-42.2163824479757
52.50091013772441
264.26857517579094
183.0371966574288
-5.229106170403855
245.21204370315257
302.10964094406984
-69.75911590211257
-39.233962842273314
-26.43154558766053
90.15127616510979
48.40412728541884
31.494582097609577
145.90390013415228
-83.8423097814503
-149.27610223214407
-104.05005353808663
40.046991873143384
-53.152555696983484
21.514296181667447
-158.29742618801157
3.1834573098635595
-168.58085378750613
140.8447262639472
115.02772564311337
-40.59551848676062
102.51318042085228
-220.5883187829221
-150.93385329373672
-6.595241387091212
76.28747022042438
94.12947215950966
-99.21117700215581
-16.709889325713636
-85.86864340438143
159.48348883667825
-36.49331661358317
12.660814607231776
16.38566690983371
64.1243834016603
65.01538648206537
115.76720644757944
-78.0988454389031
-166.54230027817562
-153.10399642926004
286.67414565730996
54.9352103302536
199.60274408704726
-6.572990526132614
-269.82744832750666
-38.086286838562
-5.732391465626308
-10.98055363530387
61.583586797113064
-38.72074244703411
-61.980354065315304
-46.22026060022159
92.88484873259942
350.01059981401903
18.12095043947684
157.21281757291965
-95.02382901552637
-94.63574172127403
-27.947086099752457
-372.72457883687713
-160.27848489706332
10.116428731780225
-310.379702733988
220.72915338511342
70.6999869962055
-202.53575205631267
80.44024851855629
-139.1653219460745
-63.167826461857985
-146.837023475644
-123.56419799657753
217.55700450795118
-213.98295263740596
-100.31007192073594
26.47507401272581
-106.3477601905481
137.00656551219544
-25.246383050445992
188.01159684262075
-180.90430174339568
-22.95796293612436
161.9073627685301
-280.1779442414978
247.16634341902036
-0.6831553228867021
-79.11994461725195
51.249959386454115
-121.48151226590493
29.062722139073042
-331.812436234762
-24.72229373627282
-62.282254327987694
69.8592508050419
-54.84971282365573
-54.91838568507143
-61.19728862185628
17.27545814175527
-115.24893254410281
4.063247229466869
-32.05354254819487
118.51905757503319
-0.8408952148381952
20.645323702024946
179.13539629935457
131.6942836006524
132.02219056970952
118.61947006917853
-38.69234101100976
91.76221014767626
-77.05032965634838
181.40064395208293
-150.553668177518
-127.58314809793995
-91.82339622743818
-193.68172023089105
-233.03348626181366
142.08302063418606
160.624896508262
-191.51436378576847
-242.10528700967606
-115.71520915251811
-33.37830572722608
285.80061171051466
-89.87002258110485
111.38910306315537
65.25254532949911
-39.71860649913545
88.80720033285745
183.6645173087737
-331.5818627976279
-63.32574895172496
73.9060969460502
47.28867870830814
-68.60563198923826
56.80844972971773
-150.8308701489639
76.99850650835339
34.454045252684026
-3.345681390481364
164.27938733181122
-75.78037008785421
-0.30388241026595747
-90.23658435125056
9.476673477312486
32.98368897903523
144.77733474566415
-181.23220939755652
-97.85423618803979
23.53846441393609
-13.147811628790928
-169.7405657477319
-210.8582352991439
6.701303497739967
-245.36858555272997
23.530033568874714
165.28840387202763
-143.17710867681143
-8.663560568189993
-225.59542365642912
26.7272969065923
55.52176606285084
-180.61530877073875
-6.7502765867799805
-167.94065770063406
-167.11472133653834
-152.0497779350343
-201.39999522414442
-81.92350162006153
-158.658557780395
-101.90002549432795
-88.20698262052626
-142.04837981507114
60.01143891114875
-178.47312509597
107.5344493561185
-83.7165452671943
-31.651649701711634
72.00093891899007
59.11455971662241
100.27489808985358
-142.7154312828542
62.11575261968119
-42.55635453961728
-40.53862990982143
70.65925075736263
37.85366533535048
-58.45597497478883
96.77463485884262
-211.75735805490442
9.629105420203073
-108.35284957061364
-97.21124411621899
-119.54669792809352
91.93759334912646
-27.543873588759737
-124.3411756771859
4.102855401727515
-138.85020631266772
-150.42747416612005
-179.1374541134482
149.27711134364222
-279.6441057572048
-117.64468300502828
-117.93147062390408
65.71368200852278
125.94761939418996
-164.98285506044544
362.99075357004597
125.48588889178694
26.50087647239481
-85.02298655799204
1.1087638324077356
32.127393875673235
-23.609493121626524
-268.5638547257329
-152.02104894578883
-190.6567207929138
-262.88784136236455
-104.98444564388191
-76.68779588973183
131.28297205594265
9.713714333158222
-37.493990149813634
115.39531476737984
-136.236793188965
78.78322495770841
64.14544634215616
-4.3253414473643295
84.87425825437228
-85.25011138595049
-14.454717356920868
-61.89787324032899
-209.34754860589936
-2.4973496556290953
-82.80383427137015
-160.55656910358599
-137.26581213978147
-260.231363400926
-63.50352974277342
-22.69257104323749
103.1724179612096
-229.84282579814123
-10.224072865353582
102.84100441771795
211.30299406349656
104.42756236004573
77.60831585041946
-2.303900462678757
90.34322864135125
254.87621362462923
99.30855390931566
16.088838642550744
216.76533771715685
-83.80652228502308
40.83834381950995
-105.14214232447326
54.9190403001682
8.680226324621392
-147.5300650930058
135.50775164136974
-83.58491577422785
55.01851841327486
-101.22939413962646
-182.6620941863046
200.20965227271643
43.75540835865302
60.82692858878428
-52.92199655912244
103.66190949045199
-10.481717867821866
-262.9123403367046
-28.19921125380459
7.508744660100335
-74.2507314808703
147.36743459428362
25.881171879998377
-75.11363089603054
233.51619853676445
-76.49345081483959
-125.65666379477214
-58.54913256769316
-184.19121908333926
-70.85750232648614
107.57371756180171
57.64737201840565
98.61347275839213
-102.30676454871333
17.395030292438374
-77.73806849086168
-209.40504076400202
90.11996265779665
53.62269739938145
16.020426830577364
93.66324779739479
278.0118344591157
-83.72218317731576
-70.00164470417855
