-40.574805321247595
-64.60093718295558
199.0894611376184
-27.03361624131854
3.4528392899543556
-60.72400883362678
-260.1355779741185
71.33409182192749
-55.50018856107467
-76.59352620783167
-107.97421809829959
207.2950080987219
-12.75428188438601
44.28027829111975
-74.87992860789369
-62.96641461061213
24.271243264324877
11.701091279925345
-26.230817515905166
61.41284141082364
-145.41502629501343
308.5459951671552
93.22432604201374
-108.0227453822127
-70.74985831793207
142.19731915896915
44.27536807471295
149.71120653674527
41.15125284020125
41.19588119718406
107.89173294403021
-85.39739575599957
-94.85669056203147
49.15519385447094
115.9482526230982
46.44718185138456
-23.75384455944058
-33.76886216425851
234.72813793254693
190.85165460737264
235.59580211281718
29.374692958511883
-13.739089609073298
30.960475388628108
81.24662848486088
-63.74058649013346
-376.91836269858504
11.963903170896463
-237.45619349106107
-238.9265006451617
-68.1508859940971
-59.755994514957436
-156.17420958563383
13.082455661097558
215.00087480695314
102.36587066033262
26.40190489323992
-34.726230312368536
83.08551377027936
113.74177017535933
119.56960463558562
-25.528218297736082
99.73393748403653
59.908993853361615
-58.284840619396526
-429.08015820879643
9.367802012349292
-55.325682406000226
-112.80104898727231
26.149620829316635
-137.32722325835704
-16.031802609981522
74.3156799538098
4.412835279330538
273.2447880343993
28.15975067382834
-85.55269052425336
-50.09186008423952
-30.440821693822066
18.739435300118714
-150.94058204427046
-213.0859566943864
0.12606384579601304
131.8168945008279
125.45323202631423
-0.6656595855859905
87.20250164310576
101.55094067324683
56.83718828441172
112.86870286238903
137.72050326660585
207.81153368562528
77.70706702658633
-72.76647429126285
265.82873782783264
45.807439564620076
109.88294214921983
-97.60399556769786
222.5784882197514
-104.44081034953324
71.50508866437617
172.27923887994424
-368.6633557795908
-66.19625611001446
96.71435724844942
100.24968927251717
12.317800378559722
160.03294499025148
-147.37572126619258
96.16119443936029
96.54375508650298
176.43749796018338
-131.37223627082037
13.178863880933651
240.50555095797336
-16.786439047953344
82.97746169285858
71.01588817226579
-59.51517013634198
-53.714856889695824
112.83436595731278
-132.1439221291917
14.390170321850617
-48.77315687578742
-86.01665985422439
-135.67275729177098
-29.889889064557035
7.120960532875715
101.69528840833497
-136.63761894941396
-243.66451069299075
63.830018247154925
118.76174676002823
-114.2904692245781
11.143402168078088
-21.182976849937447
-121.79911637194259
-72.27312806651987
-4.277528241208199
-140.82031181274704
27.73474027491398
93.80455630924462
156.38528027368852
50.087949888748355
-94.04952154601035
-132.7797048253946
76.89787684517616
2.6211286664051983
-30.309053553982306
220.69566217709476
40.035750730607305
-104.41582913324407
-193.31842787418913
1.0871812197810446
-63.521553109115935
207.54043568733607
72.49472810254535
199.4157299426664
-51.761977510843536
-0.8537546152753244
-100.0793830886252
-177.17097721862044
85.4578727869143
72.85712226335765
6.00220652317538
-94.72585083957601
193.9410412666083
-19.848069026817864
62.377607203042736
-82.16619993509613
-211.74526921440707
-6.3883540783024415
86.5430960173559
258.386118307565
31.323125724491295
44.840914590073226
-81.7446823768715
199.05585690493788
-28.25676445746581
-296.2642348342119
-126.69022608943169
-285.31856545172144
-170.18373171180102
-52.46471657332856
22.799863735758958
183.59845200686235
7.581173429104491
-85.51171573483934
97.22807578975545
116.27808357129479
-54.27700117293908
-220.59734845851725
-156.90584127726117
-31.06796812766353
156.16014896442414
131.17181800806347
-33.31318926799488
-259.35145261681777
91.28900204671588
180.94349013875132
99.33469976354841
271.76678007460595
-4.464596819857871
27.224008185745845
248.3027970112343
-198.91160986555468
-60.4319245271759
-53.97758538593268
-18.88055345580104
-119.9900482241517
99.40656414552686
31.84987797630838
-137.67199708944165
216.87381529052936
58.48550182119245
-35.707840186180405
139.70008375399948
-100.39272814998189
-6.320329502945794
32.109817883711656
-92.21671449145435
-90.76045255415409
160.90491291391496
9.49963761531306
-121.47577603145423
169.65920682484588
-239.5141167213902
-160.58425167458213
46.97068689679923
-59.88982399280902
230.98816620517485
152.26401712851552
27.287826444643372
42.60328033889032
263.08695705089934
270.3825703143178
88.2426043445045
181.59933715572024
11.468596515507887
-160.47802275217455
78.28041839504316
115.89373921965706
66.41387156462314
33.83665008937597
265.9936316939283
-67.64039925733226
8.771503593770724
-298.77591560385173
183.69699070779782
22.03899600817261
-134.79442740436775
67.86620270094113
129.50966516779275
-36.97758567841308
-137.48844148897652
69.01310299250255
-81.8665118832718
43.49443925693219
395.98146163670685
80.66447789197207
30.615856816429282
-178.48285785309224
152.71904588963594
27.449257514760767
-67.9043203918189
-49.74723553958912
189.78768037297147
5.2894326446082225
18.47936131365626
-183.04886524981276
0.9799495518634247
229.06758554925733
-155.69676729102557
38.28378045749721
32.626374514974536
-63.37231070738072
189.313746604785
227.21433561209588
1.8421510880368819
-124.15197915600788
-12.714583303737243
75.27794705983449
51.195447118596654
158.1473209284715
200.97709314602753
6.750873150846213
-56.791943298631686
131.82135434785806
105.7066029015773
-38.50809616305771
-297.68560523802057
-65.16371965721922
36.093938630927966
-153.24074862975382
-379.46986298755115
181.02487078770923
49.78470751634291
342.9471238830311
-27.61724417541416
-54.49451403147733
-62.27351997455526
-149.0561142613368
-293.2779006883086
82.21166638150203
-112.78206450715876
29.362435793664453
16.65298181540165
-116.77704410997042
-15.018543769200349
172.48652314932426
178.7009801412627
-259.40446721265243
206.14624680647316
-58.607566275695795
-136.97946416830123
96.28879207251993
-5.658426350542467
-22.717021024744422
-141.99103717044798
-53.755816461558496
-182.61509254992757
-43.50762172160955
-69.8875148532612
-232.86978792555948
-70.39772311086897
160.17866938335462
-41.51843130945464
-10.984993823688239
19.293934575150885
174.90409285708517
-132.13617583769835
133.58619642998937
20.864133341445562
-200.05303982403177
163.18497012429515
-11.711563878904936
-11.032774019951283
44.91973888301879
131.9098418914972
34.43281939762869
-19.937351241469827
-20.81665987331957
130.61962934194625
-164.939051885172
-241.12583004753716
66.52015300343906
77.9279647891874
18.158693864339952
-106.3625626126874
25.703967111685927
223.33073634867318
111.1179937397882
1.9341886080920683
92.34089915904127
135.76949782341651
-83.61355855291129
-34.786807327466605
46.270387298277406
-130.3047431993267
-4.111018734901215
-203.885402998542
-129.26144249133847
196.04064335415185
38.2280182503229
301.41109350759376
-56.1892566250577
164.0341447417787
38.32033449008207
8.520166691212644
-8.389368003241785
-190.17659875145603
-56.482834359919224
43.96866568951555
-17.299919303017074
-41.9392558749323
69.85595834235511
145.0360164412135
-159.76625466696896
-203.25863741249537
92.52940574709054
-89.82281623283116
-91.59361843792932
-0.5945869976313318
74.79967023915165
-100.50302115303309
-120.84936940628593
43.14913695583002
441.8938323525805
-73.12263443767444
123.61696165292972
-16.806473877479405
166.0934646968533
-83.90072139327314
-47.79648403409173
178.7548116144262
-101.47155275758045
13.33362562833561
-161.89727615607742
-132.99609415136712
175.32162290625732
37.184990552168024
-164.46638832895317
106.31354039923333
-48.796381260413284
121.49103235154027
-15.954732374622857
9.459179537924781
126.20486265665464
-17.344011460280164
-61.36197260081866
-198.9967830198985
15.674360788917985
-42.56422093185633
20.990456637960307
228.37775023151747
98.89112692570957
99.02891052843874
-226.1745872454291
114.77481276367641
37.49781711000943
-109.13448649939917
69.29935857633929
3.3463174282669357
178.38298946805335
-36.38037799318124
-25.61112669349274
89.46424618677916
88.4724384144437
-118.97870602089932
14.563431870798716
26.279134823782343
100.60983530309174
-13.711844784571316
-7.202039340000954
-26.814939087136548
10.73784290596572
34.45639251522103
-48.53978878238856
-61.86592186010145
-213.71995800397815
-295.754021370411
90.72738738582004
145.37720760984033
28.9105530311072
178.06167372441405
-103.90506856717388
-91.89715862927551
-72.34350438753461
-97.82981088157253
135.38185963600222
-222.72298528875422
-134.202142944262
5.044880662055212
-12.838754889530918
-19.616277636522675
225.82965115413685
-24.3375695358337
-86.26941880953827
271.7419396977768
45.130086408239634
108.02217499426067
-42.45990028185552
-176.1236051864224
86.69932539077351
-26.99775706386085
49.3790007857208
30.04083129446881
-214.0758507451927
80.70623520557601
169.23025220476782
-101.2674311621668
-207.37772881887665
-12.036685521794547
-163.39288402165968
-158.03059042492356
43.4935046816783
112.28179677030423
110.40669979609942
-140.7123586375701
-128.05821238012723
-65.31602820166457
-57.64277796875678
-213.45471019886548
156.2242624726951
90.45491572784583
221.20951451258992
-211.9473699069497
152.32585729719594
208.41257422351168
1.2816337078463211
208.42932935573816
196.8258388933072
-280.3143613172619
-124.05582449287184
38.030222704148876
120.55398010858855
98.65919035077135
397.4538150582716
-7.406108810249465
106.55350115871889
87.61515344181575
-1.8955695388532077
-227.6125737296912
-53.413663345096225
221.02558736117086
-78.83023526579629
298.55412585433686
90.25490262827572
291.9385174358051
-9.773827564834793
-32.43822897404805
-61.68615765569858
-35.05440822776489
-0.47409202479291546
-104.46522574551958
-299.9982889327083
-179.569508224696
-249.5656163299781
34.12023277827826
72.07377411868258
-161.74837444999216
223.0796934741639
136.92223565474387
68.52710178075532
-13.327725228916847
34.72776898512349
32.852054352222396
53.769229894922844
-79.13717920311262
243.92326918305042
-0.906465060402027
-231.69436576361664
150.8080847384272
-84.9353982598034
73.08187954722266
194.22869432844277
-11.710732479968144
-80.24966642867955
201.79356486747398
27.03419371046822
80.69808238750794
29.1329554535485
-114.07094902253853
150.69571203657858
-41.44561791158337
311.25612366308076
-66.2851870334139
227.6870142030288
159.36068450910346
71.89442044121361
179.24634189879606
156.26339144340866
11.949070951102897
137.77771200634555
-264.5363561901179
-37.01293887036216
290.1725232434927
-71.94700347866556
210.60674965434922
86.79208832005484
399.1585865041559
170.66948244784987
75.61076465442717
-23.238137689237576
204.12134350558824
40.13232211719665
166.3098744627807
-123.37303327862327
173.52555318779673
-79.4718988011639
-206.29805036378295
203.59876342903144
133.49035972471572
81.55186598859287
104.91370781729859
-339.67903791388005
-207.54935230359456
-31.847414441158087
18.056405260102686
-118.05683957935852
94.41102751226664
-5.171039390543575
-187.95201439151515
239.17522716034583
71.11531166040045
209.4856509258969
71.95298886624984
-167.2421913334088
232.02312437120477
-133.11710352034814
-63.42079237487068
-49.83067168000491
195.34495991164826
6.977902296565819
47.165461311853804
-147.02081766805742
104.26885858492372
62.327406369801686
5.117692234055014
-74.5410534027116
-294.61872117348094
182.61103124960624
-145.44996688721318
-140.26934277605324
-127.03942824624562
-46.29900363660274
79.53268211207765
243.0691957414301
78.73870416521343
59.535747333953154
-15.56718686412942
16.425317431108425
185.3086902500915
-35.513882369721124
108.80123848654172
71.10107373530703
-26.961460176531048
5.701567656880268
-25.259249146782413
-42.203613704164134
23.194223542553495
-28.178885838207197
59.07414401656011
53.15417588115894
107.90282259726217
-37.070284031831115
-11.86743755855275
121.16672337297288
-198.4132228327098
71.53881357934324
145.22181467202637
-30.83388232147768
164.78611083654005
-136.1616518422828
-91.69519351549744
-32.51722787930406
-151.75604768997576
81.86231220032178
62.38137818141711
-112.56336075921475
51.449169602314676
21.03272762694803
-305.33013815999175
133.46091742578335
94.04296955764104
6.08727803178946
-93.39466219229129
-92.22207736701247
-148.09913695378467
71.66956271794007
306.17700709838425
288.07914216799924
42.45980223137543
-266.218187531263
29.82206883936796
-107.50113644910542
-76.6238533085609
144.2655949982131
126.15608924752473
-100.86171597661118
-256.4139147111794
-125.61807677294362
-81.57961924821244
-7.210918358738854
288.15798121332944
149.72495427171688
-23.412577387243115
113.6820909235528
109.31749864087811
266.9120154645497
243.4506210253673
-32.68811572399746
11.735320038374168
-19.669948741314467
-219.21455696990589
-29.63268836230831
2.8112853491882284
230.81138440185555
-94.04233101108227
13.000093270026856
42.673576212174346
-130.8663548827737
-299.52522717050397
-266.4788799372672
-127.6437886927809
311.3053438134672
78.86290036813294
103.9505694842209
7.605684948238538
-187.7443832651495
-31.93939454209616
-87.57330003785435
-101.86370127672937
119.16216242670663
-280.75632489245265
-103.68995318353117
-197.66464560483087
-52.56591931305711
-70.39074771818088
-196.27865439203174
23.932394996173784
5.833131005958253
35.09466379806621
-191.27086541190553
97.8989117730898
-285.10869311797734
60.19555016522753
-147.82867813672837
-103.97139053149331
54.038759726622075
-118.08226945174316
-223.6399970921284
-105.45434016194703
-212.1724476272528
52.086612659236216
-92.6215075478741
-69.96379827704632
-299.47744690954784
-86.88700587313085
-135.48127132060753
254.2828033647225
148.98647711061878
-151.91071139914706
49.48308162132767
112.36495506028861
30.71177446707652
331.36045348505496
-19.56981779655707
87.95198932658879
55.48496139336135
-188.3009803922682
-67.99003023997147
-148.8546496989667
45.91933482546811
-30.33821049704882
-62.82846712107412
-7.161668010360124
-139.33726244948411
-44.23440487857573
107.97681869163989
-142.57617823703822
95.28158128971283
157.67622969064843
-176.19475913310478
176.26904024186268
19.11390316303548
-87.80381525507309
-35.51311568631152
128.144872617202
46.98076225287865
-29.863324628798722
152.8571227356261
-29.531321181306033
40.37353641200432
-27.76613294212115
203.68330295201935
121.84125681953907
183.92345313250723
26.579690082248774
-30.03258439181059
113.03719067264463
-180.8634395359211
-86.0348905620291
-271.81742840969974
-97.72389036588295
140.73328936264448
66.17267193457758
74.62163115215068
53.19599681109771
199.49581830796689
-63.74803364423237
-135.00485614413418
-15.150362980166477
37.50748894261725
-7.55378017528612
-110.19051666390939
45.042197494621995
-246.14593773239196
18.902634922747158
144.19968197989286
56.22810490157814
31.574716768892078
260.0405860763824
-306.5505202285774
124.89671686526286
-36.814972170543555
77.00386299704516
58.90019564758111
83.5954375301726
-122.04941586803024
-78.94476271388154
-119.00199303175647
-29.928683977952332
89.28229315567694
95.93526649593073
-130.8673334622177
126.66532956686792
32.07924351840036
-50.93695864753258
-149.77305304280227
-11.127859092612491
171.09841213288558
21.47154056096759
-9.12833955010771
-261.460833594042
60.34034326674493
-80.01417851654163
-72.64921968661903
-2.276866448510571
-196.64629066301936
70.85599349762835
83.70968397497218
96.60149360442696
69.8206689591807
-69.47915257381923
37.66438619480899
-94.07429734040062
-15.810932929855026
-73.71402414155776
-86.46773603769513
131.26067019746782
-138.91836274401402
-50.138798095326315
-11.61033411639912
-67.20790532328317
184.8451297498187
-53.93375329784087
121.76216035709616
-141.5029913066327
-78.50441024696431
119.51912686750796
-17.265539701355937
-35.964055548911276
24.303599921711307
-74.13700360480291
-23.562217358210262
1.0417785356103872
39.17826592299255
-203.62089907449604
-102.2886835113821
17.03471388843107
-84.0387362029137
-5.991671484709643
107.76767944683971
33.77128761915495
-16.35707816813047
2.816548079711014
-9.774003283814345
-116.28335482200787
-148.5087963430776
51.42767946730917
239.85243750928305
258.5308501067803
-162.77967183118335
-150.528626017615
50.81093509286105
-24.46044155366364
163.91951691116373
12.941294120401745
-149.9796104227077
63.502572913403036
-43.83252238219389
-199.39319955706677
-74.21120484603178
18.85189872975057
-139.69150895972757
-164.26950288097385
5.935536962856942
-128.59388941290246
-102.8579625280995
-15.69063786537368
-53.09161567600128
-78.30202660020414
115.57710205673905
-34.734831492737214
-210.56300924595092
31.25514294057479
81.42105134571915
55.57479047323671
132.6855829701164
194.74584530143593
57.40329885306545
-92.89674177787354
-15.618392459722523
-145.65786640438165
60.80896052397468
167.05553466656767
-71.07339346488469
304.3870625679577
-117.60402915797702
-82.69670105765742
220.29711609234192
90.4677634412517
46.223533086845684
-17.484485253083008
107.5485085248607
-161.67761843397903
-25.10603053088936
94.27823779489185
13.102792229574831
95.9271158689619
-25.01874690061262
-73.31468847157733
79.72422013419329
-51.17981471637249
-184.93256826631304
168.743049606501
25.14003012082804
-281.7676588626797
192.2432126436064
214.43315572442904
191.2230419071789
91.05163418289686
65.05168358894339
-80.09197104226712
33.4283576692811
33.34177557926238
32.6468622174289
108.06624116190301
133.44656843027172
173.68438027470918
262.8171416733963
-252.36098894888562
-74.21269199540693
69.79218050799003
-61.96258459540433
71.0528659528523
-79.69024311314334
44.25621679756847
-150.3421265245666
-42.75689421182438
-24.062324150033323
-108.75414412806252
-158.98589427015918
231.83784276588545
23.909007013751882
42.928834845683696
53.75373863399482
-185.12723994345535
85.72650456059992
16.04286121287831
2.0343761087695853
-32.08978799848
43.56073637845524
-31.24626874404072
-19.097383737599962
119.20960957578396
120.40027708848552
26.2786785662566
-116.78733741453075
16.449023438680953
86.21519749400996
286.11232970982815
-16.556235851630795
84.65524514860185
-46.860603112133475
-184.440870000953
84.0035695391107
-48.97393995484249
-142.8005437974263
-60.56586746196849
96.11314353878059
-92.73616449908508
-150.85127893915444
-50.754979122832935
-81.6036698861074
-68.94889402487777
89.31054975143962
-155.32148103493498
-156.03645163351229
-200.22710216057516
-230.06358288508284
-122.81416891823255
-9.34047964329858
28.465518833300138
-109.94497850099935
-48.26738931142054
14.577658391772573
89.9472139087956
279.2386035359788
-148.69151438193896
138.95496419951849
252.58254066850594
-93.1612068216428
9.982848686531808
-165.6491815697748
191.49502987329367
-104.13003911306936
142.04384629962902
196.52611904928833
40.20487783025596
20.111660153472222
-35.30539934140351
174.21041309226337
324.93357868780123
-123.24994723623247
223.01742871939913
88.37883445126107
87.86836254814841
22.31775002855504
