-156.41227761417673
289.088859692828
161.08158644472755
-171.3607290528814
95.61487408534086
-253.4248366102156
160.38338471316467
-122.43048394008343
-50.41608144691351
124.23598360087989
312.6008018607481
28.340417220543948
27.4256586513715
518.4014648601792
-108.40152218192112
-113.96898261402393
124.28039681730083
-253.05348864379994
94.40665473922968
1.532760151823401
-67.0470449098887
-99.81990125539276
222.67411809011355
63.6459800754491
-31.342226327417386
-4.227051069298624
40.36733464008956
-48.851494026836704
79.86665311907183
118.4330939450928
-83.12771378102256
-111.21151676926428
-250.62798834525702
89.44819993471812
36.21697207344264
117.78982977285712
-7.14159444012699
11.918002635887119
7.433744043172273
7.132197835049002
175.6592303006515
64.57530635413465
192.08196981853143
128.28100561964683
-187.39759087731366
-153.81856357096984
23.64575593445514
261.82546969171995
55.196935121155285
187.12794466631814
-158.1958830291504
-6.40536717666525
-55.672889550990384
-306.2609490601412
49.639861095873634
-63.40132027552161
48.92429482736141
-32.385746347465236
78.6953166324802
229.52358319574927
-0.9170969999170657
-25.68357542362751
112.37592413697267
118.99190206869457
-69.62638698992804
287.990712425567
124.60197769469228
119.46135084778174
11.907147555159607
281.5428995483967
31.81029348222113
-65.58324582461488
-87.48728230238285
164.46599577265778
153.6593678101554
103.87140931469108
-21.310674800341435
-210.74370655526215
47.88775652159141
3.402675971841075
59.316897666463625
-26.100243030906043
222.77008926921474
-77.19782897733411
-92.51457041671405
106.99953333957957
-221.90132730561905
-67.82232737633753
54.30698775678496
7.799331756980418
216.2692752172076
32.3016425978544
246.4692927845165
84.09524258172645
165.4241289961078
108.53127081693404
22.04802339060062
-45.00285173208168
113.8339375504336
-17.598083090791466
-269.3989775718709
-25.500718965446207
-105.35264650219713
138.1484173038808
92.26770766485683
-96.7901244441878
113.74046033380812
100.23885861887562
119.0581401347314
172.7191377829191
-66.56672704555632
-20.477068360473783
227.6668561837549
202.18359452897568
0.8362178895765187
-42.67181888572894
-9.12952083342252
-188.05857164936944
-100.04487692674711
47.64830941499041
79.90156924186921
446.7480546500239
-29.367466976917697
-40.30104775307749
59.21439614662366
468.30094974517016
-232.45493081303704
25.55587451980067
232.31688306981042
129.06948774218526
-8.226802370898099
-165.7325934562845
-202.86238199264864
136.4258594434531
-148.07873288377957
-207.76547746660785
-136.5883824050531
77.04086904327914
128.67771410957516
158.67738704641374
16.9271015143231
446.55581191274786
151.1868554031221
339.05008149056687
-7.8528947940094564
164.5805609143912
378.87073746490853
-15.496895916394285
29.057730799304192
-124.66713417195038
-143.33166302702972
38.32156181116827
34.747681099426885
-171.61185221867566
9.042270871621788
-76.65133147033102
169.49335988096357
93.31420856087183
161.26129125116006
107.66737928189426
-36.82565365939143
231.49823911447518
-490.96053839378055
-33.10452743239408
-118.61152642087413
-201.00953765276643
-262.1510933149862
176.12286935224722
98.61820134882801
125.13689289922932
26.299215171846402
101.10674687957392
216.45398215665355
276.4813785810318
166.67352137552007
-98.31163772711942
-79.95060966481134
-15.437584936581603
-28.27597694383445
143.8556662090567
-340.079642935947
-53.80994582937154
-256.8705394238659
75.10284625411758
-259.59559122106896
-117.65400167305934
-51.59198112350415
-42.093992355947734
-167.0179007554865
113.07589359406033
-45.199938013869556
-38.41914775227056
-158.58705382431168
298.192790797556
410.3656264295208
14.621252787978714
-192.98184083785975
40.086181027650774
94.90183951775948
-55.733446023270936
43.53876864934161
183.6309662195179
28.835657666384463
-115.21255704438003
104.71071464127773
-190.25094145757936
-373.8236941421549
-281.5901830285429
-42.77397534386858
-214.46639177317675
-278.6060947302723
-15.250125033127471
246.20314897402756
8.145503691236406
-13.197715407413222
222.8000471455798
228.20588575262192
-81.05822788002166
183.64809785132553
228.92026249688465
253.84515357344213
-66.5576508843069
-26.64248355793887
-16.040101349746674
-189.5051431165107
-24.214780883556333
290.2431180735547
-16.442369124928977
-431.02396804363536
-55.84137796156015
45.33295601245505
-5.598403292552143
-61.741604858579734
93.52962292099049
-51.4208774774546
88.044962691057
99.1065697865811
-192.17642121460722
260.41963918308284
-165.6611962290484
-10.314057391926381
-96.74751178872218
-177.28147400304422
140.96493112541913
109.55113756729284
-14.096523173294084
-140.40323331198482
-40.61524654294813
-24.060530106429535
-163.48588796327022
-277.01285681691814
117.28756851649402
-140.0150032889182
-55.90089089719413
-197.61653161463184
9.837942602997154
67.64364962032231
-70.17684483339676
194.11489847616264
246.0356014463775
-4.297115976872312
-248.32645543290843
-61.0410761277988
-262.8676024656304
44.42208793220623
175.957362012695
37.15726031978156
98.8844313570146
-51.46464075302896
-45.70112428610402
275.4145010409605
-1.1155568115404089
-212.17190404266316
114.46216664598477
-131.2105247591785
-23.471490596974476
-60.787956452200945
-158.7880188721101
-40.98445687231405
4.721814903099354
-253.1877247946629
105.11546118743219
4.987290007433866
129.2843664205588
-59.69620861605882
-153.74912499745832
33.421064097102544
349.7089276088525
209.57186909080016
102.35946692509123
-58.685366286749854
299.04266464458834
8.428262916771153
-117.73159495040582
-9.525121046648172
-189.7465066153639
160.64340826296115
-81.9364419117023
-19.073737503491444
-216.64171750631374
-10.542906947785923
-53.66153133536343
-69.98883754620802
255.55639070225973
-32.71793548792074
-197.87130263222724
-170.94252876797643
-71.25883266999452
125.52852059541401
28.621847421297787
603.6814815938319
103.57349137249086
38.65710060858261
-187.7851891528667
-147.75450873052384
-105.30242353570884
-217.6303147046246
-117.77069846113505
-103.86370851138538
-189.23332500060172
121.6206870931087
268.619071009526
-137.67891417194755
251.51917984210044
-31.73859463121306
-55.51156817666453
-117.63957893020188
-318.51008745287464
-18.384292304673348
44.340440441658465
-110.62390030286991
216.3203095200952
83.27035812422939
-176.87394420218598
339.97102633946986
-118.03829683388723
-107.67135221914253
2.8247761298921907
-61.70886348957086
356.92769033085744
24.42690617837576
-165.76871411194395
265.5349681489417
170.68380757462037
-174.95510190067452
-18.748547874974438
-292.826681323622
-261.5822879870473
-160.2625692540855
34.11002674576239
-105.531083047309
39.58491787744247
153.59340415191267
-58.54527025958609
53.262014606665474
-6.718103794046538
-27.791117174947757
202.90364068871602
50.40390367078453
-155.53194675383898
-219.6457107527799
-87.27217760367097
57.45158355841616
-160.6140905214227
216.30475787367482
-36.275754306632365
192.2821461622585
-82.81981848482862
124.75327703911698
95.07280260489082
99.79113493277397
454.71466278942756
-61.550081405080405
117.49462349639937
-3.497521341004692
33.16339018462175
-150.21552422425822
-0.577525961285372
-219.52774134133202
10.800109029000241
307.78146421300374
24.882630278368655
26.156134939846662
-94.62222027514488
89.94700189232059
-32.554091037577116
-19.36043950577103
57.027764578129684
165.8607588880492
208.28902442420517
33.8157703548385
130.99708595294283
-12.050519422358928
13.007350487995623
86.50479953346144
120.88337110530092
-176.7647803366381
-117.39361115212516
139.91854207745592
-148.8442743933783
-122.23816147087173
368.3723708336224
-206.55570932080988
-14.041659682909293
42.80481337473374
-122.59875704472373
-284.0743174770084
355.85604303880086
-47.292005650048715
39.464757504876204
-114.36974193477677
88.8616497692735
-25.120126794959084
75.79183671426048
114.31061493486916
184.8521527376901
64.32216369093209
-33.13945527545319
95.670820679873
136.11296360244947
309.75900708648373
45.67738039224447
-68.22249918444277
-62.229954256635445
62.545721447618014
-38.987546065076934
-88.67101348231016
-19.012951308446574
73.45385110509993
-72.02688993653777
61.43579650254462
-89.35975212638675
-1.1738266439035643
58.30320193567908
23.118510222407718
-221.6036382409657
461.23628666125757
-166.3443014108707
108.11306088705851
-102.45760469881898
-39.01011051648544
-139.7774237465692
-61.99971308518871
33.27273451299787
-307.3580851606305
-185.8554811528519
265.05237238422137
-141.5155000783616
-169.98624362580972
-277.2279288763305
25.96668128168696
-14.658839423843423
-118.9596794474339
-158.2711929336384
-120.16743781472093
-464.2850325912963
159.9062431968432
84.03599910673618
169.54033796399634
238.99249102122047
396.5690846177343
175.01817615225187
38.97961137184081
-162.4654728115386
-161.8734081057763
-15.882394897643971
72.24674631166383
-191.59632202331957
-184.39944619175378
188.64915780132534
100.8235250669443
-0.22294120279741347
-207.68789537985705
-112.65302314744919
20.370907038250188
30.956812418329875
109.86614394804533
44.5837158241311
-20.11829367764735
10.075096100410248
194.12037801789975
114.5572165394816
-62.33635936822769
24.856529615101127
338.7554686562579
51.640360148163225
353.16446976979694
284.9617324313108
-121.11666593089787
282.50490162462677
-90.4654790821425
-172.02749281874765
-182.3848683374969
-235.8909871945073
-161.89178089610797
-74.64836945718628
-44.373434215774736
-12.70922869461539
-63.72005088493151
79.23723192365111
-278.34347045701963
82.45451000840349
98.99208159200884
78.14777234641438
8.536522671334142
295.57397033213454
-311.80587276367976
-216.53201314763058
14.689650685831658
-36.10673120684654
75.43764600631972
-202.31750042374554
165.1803255715766
-225.2548246780153
312.117193785835
60.97893041847511
262.21586440693636
23.429464520811294
-61.05439654874775
328.087872278144
-55.291240983151084
-190.57227916454
45.20629223233733
-129.45616255575607
-118.09632876564872
272.55506191430084
10.857997947942481
49.0792615593985
-230.03411287879723
1.8306702818468057
225.5801686143292
-108.11160971806974
92.28652956163589
20.297255888151707
-320.37303869330765
224.17113078850892
-44.818507608277386
-175.94803787821564
-231.7294604575187
-395.77282837496625
-44.759279316877986
-110.97224544812732
-289.31079407166294
-7.4791152967693915
103.63652548342925
303.1112781975684
-143.90773864343606
-88.97130162466101
-354.4275409686183
-229.29515836844283
-114.65875742896742
3.608126192097974
33.14528946642413
-123.33712816224147
-98.95074314410077
125.53224358136164
176.8970288896297
201.41337495105384
-170.9607946542955
-70.45164245273256
23.729636241899126
173.19021463303736
-81.2372996872501
8.52896206788152
322.49440462014593
-140.30695294348533
186.09141977005993
110.53554933201501
-13.419236484323568
-156.44360510088092
114.64122788249547
-66.50905424085245
284.2936808339073
164.50802659530467
19.463340343595938
248.40637753316594
300.768041281516
13.363546896338939
76.51462164116099
184.64782490931736
-32.26048408340189
114.70998292599286
-80.09764469474986
-235.73384955606713
92.04287819920283
110.36346109043778
-54.620176751327925
-158.89273205608546
44.932169079514736
141.8885953249596
-84.99750599617329
109.39346111591806
358.37729962954353
39.693502087088056
162.39978880854073
156.57866513401675
55.010893600131446
94.65489643269194
356.36620179046196
-89.67727697047305
-22.535224377971637
-98.14931774603178
115.57577600630039
-6.583490757656356
69.68086211600463
258.01345694882764
-69.81324589307509
285.74480295267193
-133.6697824261635
-94.80861972285183
-156.4727435837523
-74.1171838660266
78.95754714603713
9.320789091015003
-185.42232803734044
52.92164315129624
-16.02055360087084
-126.7500978003855
364.00642159637624
138.5093309027529
-87.13776134375462
-206.1635780704956
-39.53289780301139
16.074133953091113
-74.19412233462731
297.4884261562534
-19.945630993951685
39.12472107008281
-183.16743577026017
188.3802527931627
-18.87070869382003
-37.46051885339427
29.86069835468929
80.24820189091416
261.22438953207
231.43424264347848
31.615149712203653
38.61285773028046
42.36363055637593
-207.7243117420317
-12.984774531408178
-25.511781964160836
112.88964148404294
249.9981288066207
60.95333129327534
186.3059695663207
-35.34971728724226
-166.41470793035307
-10.650410895241476
-47.01803292782762
-67.58361480692278
-57.147121940276875
-180.03232754175315
-34.13181932498988
-137.78172129231214
-96.8701494956123
126.84230515794529
-51.91104541262051
-117.42850558681367
-47.41144967884161
-91.35493433136732
-103.63264730414744
-128.31627693548967
445.0034437885164
-297.41650363480215
156.8588342425381
-0.9335161744196058
181.28691317110858
138.05568513347052
68.4440135999629
-1.366690598323567
91.69490215606216
223.4534849118208
-96.61303238665936
115.69770197422646
127.34966486160599
-85.89791780006543
15.158401647297595
46.7861768488895
168.08144688735942
-289.62298197565383
-7.266607120625735
-302.6992272391067
64.52833891974964
-133.26118462748164
45.11616257312367
-61.14061438275666
196.0277851407286
-13.141748936020578
301.192575880627
94.78132582311726
30.650839104230354
30.865656837441822
-112.76473438807982
2.8632350681748457
-39.13436968404999
-46.139158058084305
16.63744107142521
-418.0546929174516
103.45526709398592
88.12919571589624
20.08148135261209
-91.3562151921171
15.597047203213359
77.7397527296119
-27.97393449782362
-109.3537517537178
-105.59524841415784
285.25972206340373
-122.78393464689019
77.99129750242608
78.84019124586251
110.33293081331293
64.69824615500976
-110.71309704477729
-350.61828367341394
-117.48365170694144
-137.24612883702136
23.008665266673688
-43.66578760576799
-100.63912202907554
-63.067332634439715
220.13791699528105
16.396214826352843
-95.7503453927974
-129.1194162202251
-90.50489079777374
91.16427366165391
-24.567736595823195
-185.12012810628718
-54.39471905502422
-215.37099947440242
62.19532919783212
138.47661237268653
-259.35098458028955
-134.1723130168283
55.79368622529816
-282.1866748249474
-9.779192810373527
-131.23184265161794
-89.69818831560488
110.33156702195276
-67.10179934680289
-151.0186600638566
-54.301673199962394
-26.931418791063834
30.793390661441904
102.64350756259503
-104.90409009432715
220.7762316267929
-182.8389986526578
-164.10604640086981
-57.769659906326716
-6.346475631252447
-221.4389070463247
-127.70026062746864
-179.7120709600664
33.05043471912974
193.25304157056888
65.67678153613424
398.83603638050886
-211.27566510363823
-142.52460864739518
125.69053332140317
128.22742399619494
-165.63599870997024
10.872936362539217
-50.14184511383618
30.217378737744287
-193.76434351364546
-44.40021162181876
59.4742474655613
-169.56790477466637
-70.8314447170996
167.48187094571853
17.727610778356098
156.0199331358575
148.52601150446216
257.12143313581055
-142.98249954958268
-98.47244362879006
67.90056249219977
83.86766316424364
330.9102734146794
98.24324693870273
-153.56958316828897
69.36501994972727
-2.368041382628571
199.3816606912102
46.856743343812695
-9.127147440165887
136.56959466100653
-145.84530368135535
-59.13302851327234
-152.14554293571067
-263.8373019466277
226.75256943818457
245.58010848851285
92.64529359874828
-12.808135895377317
-29.90800856530409
396.92119591500034
48.57233480202268
135.71331010500768
-108.92250598181941
136.25217895174285
-182.91056886621004
121.75786698266916
-178.4143455491134
224.2166935966982
-36.603427300608345
-188.08873200177942
-156.53088920719213
67.5244942310546
-3.960244788817677
36.63933389849019
-37.0472168736533
57.09840869386417
187.88047815921803
58.543443540542775
64.90520107593233
32.86848485454463
142.39532476126573
-216.69540603413026
98.40144918613935
-166.37742920530474
-21.39553932493649
-191.03866527290825
399.8406659305849
19.14649876769301
201.51767260074743
142.9141828877367
161.98151426616775
-36.21125242345914
233.69027002159135
-218.32581458778756
41.749196209816255
59.379517280135964
140.56372797946028
-122.65935903394258
17.152873301618833
48.20175750750514
-246.29855872238798
154.19227508534163
246.972630942696
79.8745820117305
-11.979463937545008
317.02102465919285
-204.88270549409623
88.58105728338347
-148.12853009240396
115.67872964469767
96.73151410762544
30.05964280955129
217.16817283407153
78.75024799297306
-337.64497696264067
52.24087471106002
487.1210414421438
104.95584826490175
-92.3389006527342
76.2188408465103
270.5753892380107
-0.03940601528268117
-56.20248134199859
40.71935120818226
-159.73725291235678
-146.85554043104156
-163.05914928789977
-60.95408212780722
141.82435699873838
234.4736997857388
-8.394785975744577
-165.50354765343573
31.347196251729628
-56.50760402577809
329.79474464221767
-59.35686203885224
-102.78483130878928
116.58716449946789
-231.2455643029498
88.35722828619761
155.8447290320917
-137.29356454108523
-4.28975362888829
116.19391800784618
-123.41602137887277
-9.930452921387745
58.72359091537461
83.75975431575154
-5.233637896674113
-3.760525031913013
-171.91326626774196
-102.17875869755058
-25.35012423102803
-125.36554923546096
69.5419630476756
-145.1105306968917
-63.685400823503464
-29.62065348667418
-33.2007255777337
-255.1651483064631
114.17870896536893
-197.44321974254194
139.8409999667078
408.02370652022165
-23.971860602013813
-32.05457386470528
6.517265576547845
132.92561882906722
0.8077290747575587
-105.23417056757475
-300.5216076383632
56.67426924238031
23.416604267527898
249.9582419340441
100.39531756962384
19.028474096915104
-142.67989908560313
-245.19193364028857
3.5159299352641913
112.64830296222507
-583.5054816338571
46.59673590079116
125.36150359054773
-61.52979709600733
8.17152951898945
-14.474457919858692
-229.14865713005616
-34.01652946386528
94.41232482703802
114.20605026220389
-106.15645015797504
-15.958097144775449
-245.34909773708378
65.68497932631446
83.843852582967
42.525875548213456
-88.62163217346038
32.47684454312109
-18.53545881600821
-224.48366506979332
-56.39177747825026
-20.608080603847824
-278.4807302324809
311.7683340711505
194.10165641254662
-149.91444606287254
-269.64218335029665
-100.77866016991031
-290.58950532872626
17.4443034316462
-232.85233217462059
31.28688837476709
126.31790631555148
-332.2474083792425
-120.97389541853381
-187.49456913974632
254.83254086598637
20.305560003577728
-177.4173656197047
195.94487412700232
65.55125613148051
-243.08526668636748
59.40607730906742
45.32547812528527
189.0533630233143
-0.9599386028447133
-65.95959492362044
-141.6725606468127
257.8349412498101
245.05605694759998
103.96403262833633
-13.784118284977955
-358.57585252765193
-112.35392678680763
-92.41233776753083
72.91020086271983
-7.599137729256718
-97.62289949948659
124.02861256724708
224.2699688418771
474.76464053452236
113.1763557901713
38.95166830738478
-63.62804496393226
-253.67284406039178
56.176520537958396
-23.45656002780681
114.07343364571405
-126.0287054447131
-40.66383082792099
-129.06038848869184
-28.326151926666185
98.98778893468435
-65.60835818478263
191.74205686912
280.17432230904683
14.249489587240625
283.9408422228945
