-71.7436926997505
3.396454798201269
85.09573155568042
40.44364656255473
-84.54226123783624
-47.33868303990549
-78.66177186010853
-84.91335149806078
-34.26838128663839
-78.48552525080436
-41.373533144239396
-16.71170194761545
-23.636245891539346
33.01824236048432
-81.32559403910145
13.88327201625146
50.79306523713743
25.25448593624482
-36.885285347625825
-106.73787166518089
-6.107450272623267
-17.886944363819786
-24.79389641434582
-24.698310092597627
-112.77348423588377
-63.878796178763366
-18.446542777890034
-130.87227516127444
119.09352586445776
36.68433331246129
-39.939646467065714
47.39763891444071
78.40538750045856
-20.690116852131293
48.179203616225934
-14.578409536292678
11.630559532602076
-6.966737215601125
61.34560758479053
66.64409445728434
-120.78878842248088
-82.1090192717006
50.39206238313032
13.176061933796543
-150.2796843309911
-94.94137739743354
-101.69376499369483
-140.21126784644835
-102.59727572807967
61.28580759496926
-154.18704789319173
-109.17483502217306
-135.0540526461425
92.60248515259578
-39.71822165205843
5.760967098286484
-6.913754174138297
-107.30592120819506
-56.51349374828343
-38.07424871414827
10.894711486169495
69.23308466211284
13.676632256957767
-73.44800912659215
46.031590242042725
-10.433459126651229
14.939765500154808
-9.462496473599176
-79.99191575589903
-47.23133891815655
-40.63047832690422
-10.084459444173108
-29.771640423492965
51.79839860805036
96.69937488253247
32.04004967156323
13.584304545594714
58.20760998242728
-3.590227232076142
27.349869030695945
-109.75754196841535
41.655846077370946
107.4444200837567
-11.571867840060598
-30.538081519204898
100.57134898318341
132.77927736186615
13.617209227353571
1.8214192758450256
19.627495618095022
38.59707990607623
-23.879420433103007
-24.2784368190566
7.916185938409414
76.48577466512879
46.05525234446621
51.761486476767544
-17.72984167239495
109.37374172706205
185.0556032725535
20.68943173793852
65.66432301587008
33.56713976131129
32.61123049381138
-24.628317320589712
-48.78396312097207
89.41698714612674
13.282616150528149
63.75259361952647
-5.897405082573542
82.84492787411546
26.33987331917314
-17.818512576420876
50.65475756271376
-30.879386447978856
82.52157223471588
102.29588946119178
63.34526893113774
-62.38520517756971
87.15217841140684
62.22672685259955
93.21513715850891
17.260019227990053
35.322018135756124
9.595927161172177
-59.70395184637411
26.896252817069115
14.371922987535063
38.49859502700689
69.71783970770674
52.09929439432176
-29.42138034030213
-10.551875808379993
90.52176315319801
27.903161593952856
46.79240931990382
9.187523288288892
20.44102623516869
39.337730472447156
-49.41295434415336
-73.99504525911121
51.18889225549471
119.93225451618352
64.39523975695714
-23.809361344294253
-11.553920852199322
94.49149972217897
52.54311675311327
-4.323267619735081
-118.02811062908461
-30.754155292980503
-81.42168522017907
20.191110513698742
-54.76083571959278
120.6180576503025
-5.850650361015574
7.280059032116121
-5.651426316775443
-24.67232987209468
-0.0668653357677354
-12.46519364480068
18.418745974133767
87.87317678230379
-62.33752529950884
18.67092390605869
43.6780120195864
-69.57147101763789
74.06326915048132
93.69985576964208
-0.24809710044276978
-69.78349988394821
-19.88825497827919
2.93809525728448
-46.79302536381126
-34.07208033760152
-2.9338565782827524
-128.87193886520365
47.45746714990567
16.647063436321545
-46.28922499014487
-21.285599163191552
-148.05798384035634
-122.32706160010586
9.938918323750967
22.463879945142672
35.1510635776435
-22.74311382229402
47.1361402886793
15.127466498727463
78.03124760154098
40.468811456350906
78.11273842800811
-78.88174635139337
3.8914947302204483
41.34636566825115
66.11233987067415
84.74917630107552
-21.770813123232013
-34.71560534166814
91.60282703094974
58.69031759219226
-2.8387771620186077
128.66478206983922
-35.390942572892655
98.33637417944709
23.639112257804065
55.756779416880484
24.45111097368801
-14.496902785636324
36.01980067239459
42.342361199755715
-71.18519526037109
-59.691613063500995
-66.15079215721502
-2.2013012514988333
-7.615242736512288
-51.764357014249164
-32.56717076393246
130.5244578430071
24.308314578285042
-76.40220972743539
-119.45125242462194
12.40056213251006
-20.198649902142215
23.406513482209927
36.66723573778358
92.49709218877051
-40.0319737621154
-57.654391065847136
11.138894876234108
-44.560134887315314
-1.0570111026984161
5.4587567440799605
23.610697265819105
-46.27126386872671
54.10125997133077
9.500833474572271
-47.45087242548458
-116.78290950272952
52.31963001255991
-16.266486726915637
-60.08007462410847
-3.7451553677682883
-9.954780683405094
8.352929884462261
-3.643777399548934
-24.334758171448204
44.55640011321952
-37.199720049811994
-68.10294173662322
-4.724464795663746
-36.711213989247995
-61.609701116684576
-74.82062778868938
-40.44305651551782
-40.927768356551525
-84.414696894009
-47.06527755610321
-14.38983944354392
86.66442239467835
-43.80220620600455
-11.975284982089915
82.25032354235653
88.03916628052778
-12.751813916108384
-144.23424008781433
-63.515869759193535
-57.78167546620508
55.18313582606267
61.45578802787914
92.077541996744
-20.547525431039233
-26.979815545973292
-96.33315763344862
29.361197057611257
-15.278383743468396
-34.721615259722626
46.965590377616586
-41.82088320027616
-16.925543961614906
115.44955360933089
52.437624502699016
120.87827531112717
64.58950601984688
-53.83076408986528
22.157470021203736
-10.07324119484228
-115.90641209684756
-60.91429441019055
-123.13538956464937
-98.61061891485352
-48.49143587980111
-10.91178701239056
-92.12201202424042
-36.134047946751004
52.17072426712194
-123.4720761465397
33.54626915800128
1.4684435100700584
-42.10426119297214
-4.612641630840257
-73.27987808969083
27.0897526917137
32.019425620215905
-11.50935764135872
-10.87303544689598
14.312476187534731
57.786165593944695
-17.800304423677368
-11.429406006831297
-30.419738362348095
-37.33010347569342
-31.271096530553667
-32.06192659305649
112.8962178218772
-81.07597247689122
12.82508452709331
100.74186388034718
-100.88185465984213
105.56901357584174
67.79436570018373
-1.4757706129150239
-139.29824335395944
-87.94145979368861
33.377640554662875
52.54124323692245
-36.26110610440721
-11.166326818544196
-4.962930143714509
-37.49913272029404
32.28487758199051
101.5090338930918
-47.42414546628153
-34.20478157621183
66.43845117952335
148.04939321851373
110.7927857103517
-21.778837561854527
-7.859947370171611
-6.5439067725691515
-14.664580649139141
-9.368807864867552
-35.95739905361266
13.702583078511948
14.76450988404202
-110.08650341714765
-14.965598175541798
73.48173355715572
42.52511648344624
-26.3621006169345
-51.26351362538936
18.69016773272423
-81.89631879112196
-31.913460850978883
18.22994993414479
31.008714959040994
56.41575415066981
-6.502362437487979
36.8485806547833
40.821179149906314
135.28716311068575
84.51136384909562
103.31835618521507
97.0112246096117
-15.995491325366883
-9.458217426459784
-52.8040219609686
53.20937492214755
-40.64055557107579
72.51657054181142
-34.953096518257524
-36.393695865457275
-156.39865554924884
12.799724112905027
50.09536264049507
-31.670605396352023
36.20356218181236
16.93090006827685
17.844434671822302
11.97783275343359
-37.981619589873254
76.49791425807038
26.63303459728611
32.824197184523904
7.884933087798298
95.5623689991768
-23.308914503555936
39.8791937163531
-66.27376371504312
28.139483044965374
-53.31123557051462
-34.082010310612866
-85.37578993017479
-34.41235875110302
-40.89844603433992
96.02124363250488
-42.242361582635205
-16.19879044879922
109.72455897059764
-3.200291810780016
-84.38941803491943
-15.218158975691656
-15.009429915874815
23.172230507714175
3.6607572963350505
22.96714959897617
-158.28564517373562
31.597594396208596
-125.25450092235
19.588177934285284
-43.257469921178775
-87.00416154164395
-86.94292495210311
13.236864775020452
-31.860217598607704
-94.58621015269419
13.776845520499055
-61.41397918349402
57.51490337901475
-5.854176339003326
-11.410026980371091
132.97669348199724
-9.076013228508664
-122.56094370434008
-28.288753866670135
22.87624222384379
142.5247042396918
85.696651234058
40.04760037935531
-27.99447329154731
-34.02110224553176
-116.19185058807365
40.09512029773703
-103.8976950260028
33.40226720756836
47.27692377217635
66.35567484215113
8.007807187697809
-10.377633384984236
133.8831987233831
13.680534436073089
38.601531861845324
120.64562872298049
88.68953319224225
43.652407845787806
118.47164599386852
-32.37392052190974
-25.844529345160545
17.814816072360454
-8.9043159922187
-21.341351538131928
103.69865405582856
-26.7039287004243
41.15946156776168
-2.6956837632438058
84.78745941879428
-141.35734300071192
84.66776396755917
34.95896302390998
-20.90728492243997
92.55103281330292
0.18681567740529212
18.972500358011857
31.524584288580737
30.635426479347778
5.613334906958268
-69.60762653283233
37.30877025891796
82.3149363732858
-24.324916094811027
56.989161301190116
50.43278622410029
156.01136459964493
18.996100640242503
-11.868570439291428
-24.722520013760327
-43.20464207620884
38.698487674776736
-36.5023051532595
-66.98435992683191
-66.06015439557986
-48.22122336201816
-4.516390687093951
33.507257995009404
21.288694851738573
128.83155491935005
-27.7734484795849
46.06303282752972
-105.6135917593212
38.29643857334224
0.2980494683735717
-0.3036267784936233
-31.57979253194924
-63.663999758293464
-45.17037827114502
-8.575678656747527
34.9243155493219
-15.489299667793583
-96.72440050663656
-14.044520054862502
-140.23237369697574
-31.675701001049784
-50.51933526944791
-37.626160659079574
-49.768185647768284
0.20113078929364248
-25.18645653882708
99.48729645203298
-18.492976384153078
-105.46551270903865
-87.00825465554044
-17.402534689632798
20.22035247366026
45.982185951028
-73.14562187035988
79.02670316412444
9.27731394238047
102.57631541454364
97.0529768549813
140.91351119764565
21.952777511846932
13.924047683504586
5.810245394379233
-13.58315650764645
49.71579468859932
42.95233672967313
-52.14212169402336
73.25134282631316
24.156745406940036
11.26618962345091
-43.70392549571209
6.0084413875358225
5.678360949136692
-88.11906206752526
56.920700794958066
113.86267282770741
-36.091343578736144
1.9680888829760161
64.96963995828953
77.33346932430682
71.37322110831539
96.29411710561516
34.71150502542271
-14.65010292576274
79.81035250168766
66.95964400339813
-14.629649016093392
-27.669676658764008
23.875643189639785
30.82837275144455
-31.10563084703982
56.837332897466354
88.78892204798359
158.33946278482668
44.4648782788901
-43.640731720988576
-19.741601676799466
-101.53934705685639
-43.779914403318436
94.45060354194003
-43.870315357429874
56.34377182367353
7.291757220379038
32.50861365166911
14.018438913459239
45.54681525816685
26.325653400091866
-30.165132819422734
-148.4602279737878
-34.71910895046216
-97.6010788402272
-35.30200475211108
-91.22316972191665
-16.48223016907363
-22.902188004837424
8.507054283348918
-3.3320288668034266
-28.123445303449294
16.94604158968011
17.31976116515041
67.11798965721029
-57.824292213387224
93.55159269370576
-94.67825856616186
-30.784609607913623
-112.5282753790627
-44.026568661722926
13.64690245964432
-125.39523974827323
12.79095270349354
31.231537076844614
-0.9011767315254424
-59.42064383057266
40.67433113081702
16.325338859267866
-27.999519890896764
-129.38417596212366
10.257858098133404
-96.93147537900933
-41.074643272502264
-10.453421030785329
-10.9326438377077
-35.90436802591227
45.146310707260895
19.480007334485244
-94.24619588215039
24.663458866656082
87.86809222415458
145.18663081244907
52.347739297297636
58.01225766977841
14.393773680143807
63.97508025291281
-55.40522402020866
52.11774467979919
14.139208983340758
-98.19866299736334
96.55349749540291
14.80134144084632
-79.12184630734254
-16.389515832439944
-16.662766952815506
-47.297492350825536
91.69759529728546
66.21374508105781
-34.68172769706946
128.17751525407553
159.3815827656533
46.214775346041144
-16.228205816165456
-47.338623819522866
108.94753000992154
52.06783132702435
20.68553170103303
-22.992646054356573
126.49804756482081
57.144897852388965
19.288416270653507
51.16582718523962
-18.022573449790926
-37.85474394288873
50.230663891175055
87.67520657128892
42.9090891242064
-45.687441308906294
-39.89287646605803
-47.12173145295614
-41.464924161278354
27.04310629040358
-11.324753088463467
-10.67184850418953
0.5837565664632656
183.43633036105666
69.46163532601423
101.3048238873859
145.72213193905586
32.8855484263751
20.54357262472393
76.83575349731889
2.3223385907312415
52.990813187700475
-67.23404249276193
-73.38182638024502
-110.68613162728202
21.38720779647365
-60.769251018290795
-15.068436651060438
-109.64520676017285
-154.4275339475169
71.89478639307833
-47.3576670600075
-116.54147497341175
28.607340693427577
-58.74907015954729
-95.08906473661645
68.44793410484219
-13.38258046159175
19.026826357191517
-18.642010901027962
18.791769272600657
-50.30715619626514
51.49335600086915
33.158048574163935
1.5001909833753064
1.8269762437607826
71.42312711328046
-85.27888958770502
53.4193285724704
84.81269680150818
-8.219054229938513
60.83806885891212
29.137029842093966
28.289923998451272
15.636854346046594
8.740411043960494
134.9688873349488
21.33923191289676
83.0006869063264
-29.432325735789366
-48.529407679738114
-10.897811975322236
19.72767772062287
44.423675264651074
-80.69076306116533
44.84442524329731
6.619584728688573
31.600297798537024
0.09521442343915915
88.02179431765423
57.53532882313374
-29.70940795295428
-55.484149235577156
-41.15338772941157
72.80117554832677
-39.47241382412057
10.570514746438235
-127.47907674548732
-158.67805672350002
-95.74575383529618
-63.88023006390694
-138.96997864281096
12.160937009039248
30.760618557189904
29.94784046714859
-38.2454620210295
93.60653328976906
-90.3094251593207
110.46558984902099
9.76703825246757
103.91599963296858
92.09545311709574
35.303179288323584
-47.00885994973152
3.840870957001742
54.38473650278437
-12.783166467325106
-31.11172973546676
-18.826909589807176
43.98866409658423
55.85644784784828
87.20734757037374
-6.880404661001261
-63.18143015703449
-51.13058804975522
-89.23243497838716
-6.532991155869204
44.567940482730016
76.25618566666799
-37.43942735688253
-56.00411341432798
38.29307149651362
-17.874310003387574
-18.063886915749933
126.74568726815777
42.94843006003574
-48.69641036683993
0.9918086424909527
108.22850513344008
50.555180593485666
25.29860523557228
-87.18522493740635
95.16717870959205
144.218705611097
132.19842229490354
44.445636954678235
-30.34453000744949
-10.693807857226588
59.344953205586684
-59.495295370133555
2.5154958132310874
-97.44717521219529
78.5211366707754
46.91761775781028
159.82179756239142
21.47368306015096
-60.830954238978585
8.037001327930348
-36.32568773775254
-193.38054919648155
-49.658303525749005
56.533526707795694
62.19089059154391
-81.67029157649137
-18.735734114414473
44.62662050992839
-75.97295503979926
31.635929263360623
-69.22034749695682
25.02225007561858
-25.029381447921015
-106.08599819939845
120.29023838959293
58.082629531836474
84.380547105591
-3.116325283651683
28.543323285050388
47.81713907291337
-9.670506925910047
90.82367750321299
46.483262544402166
14.471778287315162
-86.7508391893143
63.26073294618787
6.021088709443824
-13.202909128901338
68.6738653773932
68.1481590706201
17.515488461312728
67.39251038378487
55.18188479825781
-51.7284269449069
36.469807751330414
92.17916919595973
-71.38850689679545
54.29316931566857
22.75141141182523
17.112721355464064
92.40722815006718
54.57282249522496
8.835981343349147
65.05883045976259
146.21500246216368
-23.97367889764525
-18.197670225379944
-112.68946102492983
-49.56421379532469
-18.57218935014431
132.33768902605735
0.25728698565614017
24.80991086260097
-12.600966733552879
-4.999411679217325
-62.07543766101142
-0.06304277069081379
6.7344328889097715
-62.21278471011249
-56.30857999703941
-62.76680686765641
-43.513862186792025
-30.791909355292006
51.23640676323138
25.848659000400247
-11.890642672900816
-74.50660048407586
38.884972186917814
-98.89536449720768
31.28333021051259
-12.83242638016922
6.0097569639743496
74.82393791436127
119.15096061830943
-51.052287386957396
43.03941551281776
-65.49369516344598
-52.724734658176736
-108.40925088572813
17.477200592660687
-33.65634099436448
17.854914076127848
-63.12264808917173
5.753578306576787
56.32568517580803
11.70136050810933
-70.42410553581857
-32.86796573137314
-57.305826577118815
36.54524585312525
100.08537033038827
-74.95866582276764
-18.006730364821248
133.3525203109556
95.04144693010294
-30.39070523716677
13.667239829014296
-37.38697713744606
-17.90458679861115
-17.295572040127702
1.849485126276802
-4.328456279875744
-4.356289427305092
-92.67399392906815
-92.08096109599147
-35.02482976826545
70.6176900052475
77.32781144412117
-17.7036570814681
33.52327561659664
34.25054812613196
-19.159924377877633
-25.514878599803794
11.88117026115717
-26.612255291594654
61.82090690528601
-38.68045973124185
23.538599423200434
23.814586077149354
16.769588342760454
-15.312602738438022
-15.717170287980405
28.195470324456128
-79.00634651944088
14.068840814530837
-46.35646919393033
34.209214673264235
-111.03634982696998
-43.72117340083527
87.65918562303395
86.83965432012025
-18.864534146043564
50.11238059519057
6.568083191849528
43.21311643198317
-13.799020097692248
-26.01281168199656
-64.5283302731376
-32.24201450969725
117.70885304879698
-120.44993044927256
4.945717063873063
60.7923075083535
-8.17012544537219
-21.830711337230515
-115.62711071679222
-71.98767021479111
-146.80862507951772
-21.58594568275942
-21.537280814097382
-33.318793630528944
-59.43372430843444
104.00610851187282
85.53091730906662
29.331031979268495
-115.99069316368451
-147.07759098425328
22.746595684511867
4.338315642931509
4.877491307933052
-27.547900943828136
-65.438858991906
-102.93774500656413
175.5405476424183
12.945284303418326
5.653061859366944
5.554646525548824
-70.39458193282152
-64.7598360271491
3.381249539354471
-127.05394481073343
-121.66777203786405
-109.41824609023575
-73.14484169423885
-67.17876746538136
-49.05024284318849
-98.87056318737464
33.246146524855845
108.78813592655432
-23.964215788225452
27.8398648159651
-66.18372661907733
-17.641318024459093
107.04066912930867
18.84807733599891
-92.94461223818338
-48.77485578584716
-112.51570048777893
-94.07363126306285
56.37047454751438
24.862008790343715
26.45085976209346
-5.3656190372885195
-4.088315761303936
-49.247165975537555
-74.50951508516114
-118.64568081761212
-31.25955888904603
-62.32589808535528
18.50890623442989
-51.14790849960763
42.95229483455878
29.846893173466896
-102.10945607188266
-65.28425077842432
48.1479294370523
-3.0175746879088896
-53.01527675837738
4.2352901263838465
98.09245948517513
-13.904893614452657
79.29090764419007
-71.3924301439399
-25.767399146916834
-1.0430151645754784
105.0470754928783
74.42016811810444
-19.65243418877508
30.224239828988075
17.623099222444026
49.275276621056534
-70.7158897209971
-13.397995893868412
