4.625587772752075
10.93796666217192
16.188927400153382
9.083820309501778
8.100584658718825
2.1715120078415864
14.903042080777597
2.5353447081474467
2.760467253501168
-2.655673911751956
9.90191112962072
-8.349412609146937
-7.782284307271565
-26.97091496216806
-14.340166606089195
-8.189774163974404
-26.910496035454102
-7.884982127904005
-28.074515124812383
-14.999425534627033
-14.41618284838497
-20.71950016900737
-7.868929819182676
-14.580838081074427
-8.665089227667229
-14.68114871329536
-8.028342877309404
3.979165048597328
4.009361049740698
-2.9828722019380525
-3.33501978957929
3.089832917131478
-9.722945344785408
-3.5155796250123537
-3.4760042746689512
-3.6125160238757257
-3.9350395885988463
-10.081476872548796
-15.960721490601868
-9.303311634314582
-4.004972673623958
-3.8977007999301665
-3.878827586794089
-3.567422352723707
-3.812653556052626
-2.9504464689897683
16.01381960492954
-2.986741913275968
-1.8430225281444734
-1.9522612522410696
10.895463835927355
10.813535311512476
-1.848686624401968
-1.1701386561891023
-7.724853817619734
-2.016386448621084
-15.191692698113897
10.466048477308409
-1.8976227489635722
-8.090154807840694
-14.592979136703052
4.081060482999658
-1.9736408535071492
-2.158839539994933
-8.155651190159887
-7.995963889064179
-8.231323193673644
-2.112753790481583
3.413135898681327
3.519124802127995
9.090547662394002
-3.3071723467973166
-3.7081904514852573
-4.17995994164188
2.5769077756438756
-10.590803284023295
8.553981827480262
14.162218193163472
13.666363143804428
13.118003244582395
19.47978894479689
12.91643635568906
7.492194782200043
14.039664812238566
7.264101321344072
14.128876725234415
20.546469052960767
2.484021693146515
2.423689685907688
15.170148160793657
8.756316357045632
9.142947044639527
3.3070509093877885
2.9048926775140855
-3.4958794861930556
-9.347932569140731
-3.061958519563341
-2.9132331830580203
3.063934985968599
-3.601312368512805
8.723667782680101
-3.3878319906302483
2.491286838304182
-10.088238526768672
-9.983270383364465
-3.93186927141561
-3.9852939689255367
-4.351208746793172
-10.34752573421144
-5.078161451965287
0.958741567951372
0.8313444976168796
0.0785892366455068
-6.592096601811065
-6.370971369038464
0.3166579291394541
-6.2651221160819865
6.471127666762161
-5.863098498253049
-5.006208455396079
12.928822751658675
6.967153138459257
-11.82926727056098
-5.514702550942726
-5.650449236473658
0.7460900190764161
-5.527624176191233
-11.82431141791163
-12.146588198064915
-24.692514467763306
-24.722689830200025
-12.088341939908556
-5.85052057827214
-12.03758818898774
-11.928865273954196
-18.517442830899743
-6.310038757031358
-5.901182143242112
0.3805587241092597
-5.778358977425593
7.225017161830385
0.6539943457327154
-5.861602871549714
-18.45739274751461
-24.636937453414525
-18.636390342431206
-18.05497034153562
-12.106959864212264
-17.537874457214336
-11.142314150337732
7.001809601264548
-11.793965912875624
1.8148125398958859
2.3160188170950953
13.956452125471621
20.28160897186935
1.79317016462081
1.8261869614610728
-10.117014315575368
-3.919004203936429
1.3103899503836556
1.131950867328739
-5.354858081648612
-5.527572230090409
-5.1673503987192815
1.8837122889882059
-10.204800307450768
-4.287894397762306
1.8976904835044515
-4.539802633740009
-5.48321498624872
-5.552080428766535
-18.268015935530823
-12.857489718293575
-13.048326045967901
5.98728553928172
6.0241486762813
12.280339398376148
5.341172257517467
-0.29414097749053675
12.424428674683385
11.64867689506956
11.504137555989871
18.153754801523963
11.715117619353517
30.1068975846714
23.08786149840535
-2.712031388639523
16.185512465153707
16.202139558285925
17.062867788683143
17.122196246374248
11.165433941677945
10.718204332293718
10.858278214909797
11.208013917101447
4.763862963995853
4.411416238071279
4.1062697731969084
-2.370229915543291
-2.426834908530518
-2.021525286899691
-1.480008715205162
-8.13099307184475
-15.639960651145126
10.539994697342934
23.10427964637056
16.673236137956458
23.339086426886233
22.63063480781086
16.1602515767632
15.610739836700034
28.122561505681336
9.620645417251415
9.941350111832982
9.65241595200963
28.294884679176533
21.998139472928937
22.17252808788058
22.489340375827943
15.674416247344682
9.01386845030546
9.320468472605901
9.831571105479915
17.101838544270173
10.513734660693292
4.533424826849378
-1.6254698455161762
-8.191509845949302
-13.942088650348168
-1.3093860304625102
4.3036530483889255
3.683207848793362
3.069992690311219
-3.736009167487399
9.266834950448809
-9.593134461847
-2.948137439108484
9.748389066494221
16.423099201803122
16.70228098424183
4.161148128827135
-1.7145603948274295
-8.46411476937869
-7.928631149350239
-1.693040502844374
4.67939997842787
-14.176182349902787
4.824201617968565
17.538393778555687
11.089498513529659
23.71549669165738
24.980949726232048
24.467086098491155
-0.419667331330456
-0.18020434981220518
-6.074659577834025
0.7643245582505175
19.334609964253154
19.193220616101193
19.30119704637583
25.3591684324348
25.398366786082693
25.53748233503769
38.371282411511714
25.961546804424962
32.0681776597596
25.421243192361814
32.653560806166865
33.24330821128098
52.5502735211738
33.83312297566665
27.03906277757059
26.888157332886582
20.691586770238334
20.795966993025893
34.14844286006388
14.906043860532296
14.914512063911562
21.793422133723006
14.805599653014736
14.582975494489018
14.488290972897005
14.43423830777803
1.5050413312221385
14.58988001005139
7.989403858979803
7.425671620630682
0.7073524029638856
-5.507038288925141
7.06097799631443
20.2997630976908
1.1379620790463232
9.352089085827409
15.526421170898525
8.977161275632719
9.138202600072484
14.186412295261762
8.22094632147368
14.966613147233499
14.835279518022489
26.635244967127186
20.695524884860745
20.258969554805162
20.234680678272976
14.300361307170625
8.013578114387618
8.247476419426302
20.33037901475215
26.796749325039848
7.1054064952836375
-5.441824274511084
-5.676586541151764
-0.00783684133904694
-12.770782869735317
-6.977965106840744
-13.164088065643714
-7.452409433421244
-7.29482691452862
-1.0402259244147813
-6.33583372318364
11.412906157954263
10.53699307051109
17.348533207556272
17.831613770229637
11.691545424273519
11.682891065930637
11.673584062027642
17.736491950276996
24.224040519782896
11.657069167844694
12.287431362460328
12.444006372898206
12.849549740169001
6.243336696936005
18.707955313174192
24.350698488412792
17.65200590539559
23.968208418384318
30.99287886633426
24.637701766753352
24.963124354475138
37.62523704623607
25.225144298493102
32.19498265679731
31.66871061565663
36.92109579141616
36.95202020213907
25.007294575141707
31.56874399704673
31.395606491409477
31.33135408607431
31.273761294477605
38.21524424139399
30.431648194715375
18.141170125941137
12.105013521146427
12.20419697235706
-0.1448232212636561
0.356743942794416
0.9946616609469768
-5.5233951865707835
0.47865346126343106
-5.446946866578395
-5.385899208512846
0.6714427679855262
1.4419116697463903
2.305234776097801
1.8459718696047802
2.1005592480078294
-4.226931473531014
7.948528960179805
1.4270521459281766
7.043745634572244
0.7923206916807941
-0.06633365037815031
-0.3328546438911658
0.07224285743430103
-0.5215917355740899
-12.524048154331524
19.13221204068497
12.163629169184665
-5.8566314318916115
20.024454590549386
39.56473992329713
51.555168318040764
32.87697919368191
39.06569997124109
37.80916824981054
25.313333345517528
31.60171307758958
37.82846763181366
38.20318801886462
31.646127258849326
19.00688143314659
25.113639264302282
31.09589216439217
38.16146983649598
25.400085320899322
38.12601566110083
31.764614491827736
37.14297044686345
30.142521613501046
36.342939730543975
36.296972596358174
35.972219392383124
29.130261085499175
29.05738251594668
28.753785671065934
35.11014797592678
41.876097314545895
41.61483799214826
41.514967103571536
48.16988762893419
22.75441234171515
28.088657501073993
27.32532544345152
14.545991167490195
20.583146996498876
13.774452606902598
7.174703423755795
-11.70639199169879
-11.773592047576127
-4.764103154213928
-4.784369992645252
0.7408041739794301
6.720516343208631
0.5228379688221505
0.48509174580198733
0.5804096944352491
7.01652439645968
1.072537611839116
13.367387323591517
0.6298432860610335
0.7027303898897538
-0.5437098417792039
11.648377128358568
12.34508551924954
19.209202170209515
18.80744357663959
19.079979263967417
6.9230355477423045
6.555174502250674
6.037749697187502
0.6817642839814938
0.7511586750320076
0.6089675492235369
-5.422317069148314
0.8264208367934239
-5.885296523754194
6.365980986916245
-11.731391655792887
6.67348322595052
7.054952326309854
7.775974446642647
19.205468968121547
7.060228526955823
13.93450845135349
13.917240116368086
13.452776242716157
13.787544314911186
13.987016323506245
14.143220408401184
14.420063918706246
2.2704158134355046
1.3747478148004726
-5.133557846269246
1.5055433639821927
-4.632032162380545
-4.353979778824997
-4.6310013060026005
-5.675801083900447
1.2176785315454486
-4.337149639190043
-10.58617203795988
-10.50239810486122
-9.770647182917152
-3.6712308970080194
-4.227555314826666
-10.419423496279904
-10.55305518132367
-3.6712829877116397
-8.877712379547535
-2.477070375257995
-3.070006216331254
-3.4221252010769647
2.687674873762794
9.142884811689514
8.460318764242333
8.401298783634974
7.598459820303701
7.546680093117527
1.037925922882165
-5.249356134582921
1.239825457626513
-4.839437226514009
20.18164449945187
19.927025142550924
19.541563417048714
7.2029038824816425
19.674953563185003
12.942789679100931
0.6889299969422656
2.3026779943549758
20.37998129413877
7.678510928873346
8.009510843248496
8.331317983090836
2.4226758317052153
14.310488689030013
15.237357297671597
8.683591149483158
8.580678442605631
1.9890780442294143
8.0582095450196
-10.841188891943412
1.525763353244081
1.138012210658243
-5.3898140103818175
12.681488786984817
6.219300456132552
6.4787812835454
18.443117386762236
11.61539334996091
-7.2780758744651735
29.891282414296867
5.5449046974936484
6.462348608432506
-5.541821978924614
0.5549819239496877
19.379706306532817
20.791771922550307
27.164734828377707
1.1095611760940103
13.325381287127325
13.639724400882619
8.168354935640846
8.314799737059163
21.446662097768524
15.432808777094868
14.978339529510002
20.077332574248185
13.852102577492982
13.817248723097459
13.453563136038262
13.972877462939804
26.3240794303692
7.336267969169261
12.407119163617281
0.44837796876126945
12.90934565833762
6.468116534959468
5.599999012343114
-0.3970900323392962
5.849195997637311
6.080855448964298
-0.46973526296749246
17.989075564321606
18.699198949284366
0.3669602385657209
-5.580698467643051
-0.09609527310520131
0.4007397720016409
-5.928725250112708
-12.927967597190397
-12.600573128630165
-6.735766767615042
-19.022592960968236
-6.311798381808987
-12.94139888461355
-12.809166078373874
-12.1023327001442
-6.081297699555198
-6.669554853242097
-0.15021390150734373
-1.316649308413111
-0.4444749734809294
0.11633946551434249
0.5701415300915852
0.5337243123154709
0.8895849021319497
-5.603057504049698
13.571929467779936
7.239733081678363
6.759291043994931
13.038756467788163
6.998813695999825
7.153086251373717
7.113026906114258
7.749628507936059
7.162012009339692
12.782779977996144
13.008508472008439
12.912092945062579
0.130708108979657
6.030005140627401
6.353653157068445
12.6556007708949
12.525024706209797
11.714959447929203
-1.4309159445942197
4.943622245998327
5.133561368780249
5.052369908513856
5.707314275261598
5.97656631101295
5.584787712603805
5.347660918493309
17.733703116451917
-0.925606096062101
4.8939213926377825
10.825063843111534
11.241537314368422
18.369401761083036
11.772384621383926
-0.9003997599558672
24.0768338275685
17.678253271021607
17.722900982842848
17.559654510291747
17.311263481555454
17.348287040727207
24.06238374194572
23.90467055490359
24.41143650264202
24.126761626983164
23.699137711741635
17.469319268255042
18.35860379973366
11.845993970016208
-1.1454948176086
-0.40611293744661386
-0.04652704553837883
12.924089316253239
0.5323144340197704
0.9871086860805461
7.464879909423255
0.9398694405641991
0.9223834791213903
6.626999168610296
7.044602387667517
6.646998217866444
7.3786515887821285
7.365442120247387
7.288427205348902
-5.10849409138196
-5.255034121460656
-6.747655459210853
5.355810193610259
-1.2156434002505514
11.304186510355361
5.264963906551224
5.518779105205839
17.54352320729692
11.328877145647306
11.437964377194813
4.707424182719465
5.040970176871455
5.019888888888458
-14.373591329573413
-14.618564254166328
-20.274157211608678
-7.310307271576126
-6.362637550989867
1.2853550873294162
1.059883250228719
-5.455929936023117
-12.285326850453092
-18.615447904253873
-5.663009661851626
-5.427660053550751
0.9621933933711534
0.9950507732378489
0.8524551198527045
0.8501990712836089
7.025622792371797
1.6934629806980492
-4.424332241994183
1.28079301111567
7.540203784041086
7.6982747616840355
7.551783865107672
-4.960063100875809
7.141745455525139
-11.245539391999747
-17.540286897017015
-4.714240621999097
1.6988812561654671
13.944825069183638
14.16624464376403
20.843843135241944
-4.393524975932105
1.4920589073577701
2.5497567674424264
-10.066482570498328
-10.476977725553091
-10.027958641265036
-4.875762415183888
-11.428914069329666
0.5935972269042689
-11.764762936119327
1.49701605826256
14.674323279189583
8.323586193501846
1.839144268916821
14.008022072814114
19.708584743855056
13.694942642014638
20.36354732725061
7.9363345785594515
13.814692299908973
14.268796206283207
8.337765176580058
9.12402834050008
3.016986288470457
-3.0624182333068757
-1.493674529677501
10.555637659992001
10.71949677612206
4.496316574148339
9.926237677861906
3.6783279051287803
-8.830812294877083
3.5819275923009974
-7.7282372989800034
-7.844672641844763
-7.138923459295196
-12.695507378207793
-12.975108656511457
-19.235275317830276
-18.84669808219263
-7.176113829876375
-12.982157258773857
-6.400112788553813
-18.785384124411078
-12.777255146867914
-19.145114008134655
-19.344616567952823
-18.977440794745036
-18.960897188074906
-18.946094760026405
0.5468403155831505
-11.662715745771354
-5.275148480220157
1.0737676785777657
1.1865604077108782
1.4111878212065374
-10.809116712221112
-4.233745031584963
-4.008282121983615
-3.745710340404285
2.8653347611365323
9.124445660230762
2.7679042956816517
14.776900817408402
2.0241480142825767
2.2093207014131093
8.931546050177948
9.764864705925334
16.042075462948443
9.783287919246284
3.357349425989829
16.325269873725926
3.8318576071318593
10.417367079826267
5.069456185675737
-0.5067778012489406
-1.5315119477282764
11.04390888880616
16.7909833965347
-2.0717210020312034
-2.943921361733509
9.567208857585983
-2.9997698500309267
-9.710382942680015
-3.6314501516026327
-15.674690078782888
-28.432875792665005
-22.70613521861027
-35.5501713604786
-23.24938018000396
-29.635407232897222
-23.171684801977044
-10.52249520721837
-16.408196962257787
-16.378880717404527
-9.692944321477702
-10.014357514781056
-4.234667127200926
15.281830478343373
2.085598921160522
8.021745569296035
-5.247259196321916
-5.071943029327293
-10.602483586750454
-10.748578956636823
-10.126025274682686
-10.357595802568321
-9.82503746562111
-16.198143568597338
-3.614953280738155
-4.1282879749488846
-10.358057280901841
-9.69491284548717
-8.795959158868367
-9.626394139626141
-8.983052493645452
-14.730621120845163
-7.916236301628672
-13.9364189327529
-7.2897494063808175
-7.007850458776516
-12.833260182530323
-25.562244716723832
-6.864621229269271
-13.87698976460428
-13.39775892688198
-12.852153137637849
-6.452200395491237
-5.966526466044727
-5.930886134536507
6.36347654784799
0.4456091740190242
0.3942814791439654
7.604491655081767
0.8778539039967974
1.9479726078371606
1.5837467010903654
-10.108027162107144
-3.555901359002149
3.9148164405581216
-2.228404990034428
4.085377045679628
4.267656018552301
4.454594421732869
-1.3966074962633002
-1.3909597934804772
5.709527512866308
-1.1177334107203443
4.893272880672931
11.653104482005979
11.388295779166755
4.889584704909829
10.980733790106791
11.157605746877259
4.635704700620916
3.8472920360036618
-2.1420693201110153
-2.11970277377835
3.911652554607362
-2.8144040737241633
4.0649731171565735
16.562904250535826
-9.126470723340692
3.7520911708845506
9.567177742807543
9.797316512658032
-3.1508223668295168
-9.67609066898323
-16.139792143735445
-3.592994679742882
2.656462165553518
-4.032661954874109
-3.8367991340287713
-15.955230220680885
-4.099783890216673
8.728691407045835
8.670096041283232
2.624064253220266
-4.418156223554013
1.5167476896565353
-11.409583637209543
1.3492871528253625
-5.555017700991802
-5.850577008686489
-6.007922974657
-13.178684583134759
-13.02907892290604
5.410204144473548
-6.684842151733257
-7.666391917540947
4.81476390468521
4.775365385452293
-14.46460099524371
4.13687968601353
4.447604256144015
5.380001864560428
-0.8577534156130016
5.5560269685949475
11.447195871266292
18.31477714997312
18.295474775640074
25.284392481958985
25.770528141783704
24.81163020020193
18.566660340931215
12.093144361062183
12.65692253136783
31.90398704575293
25.631897996634216
6.858326121313769
18.806749998135384
25.71421592775025
18.897028280743186
24.685752121407656
24.961025337177976
38.181895207691824
26.158722898674576
13.594658321074817
7.1839922316530425
7.269836111195622
19.51238832616417
19.851948295020982
19.427205794063617
12.627394654870015
19.047604704922122
7.122811107689914
12.599269957736572
19.049619379244625
12.57698059566734
6.008888918444235
5.798490797679234
6.182839595754972
-6.530264534344991
-1.2430404782853177
4.767233082913729
4.269422199080675
3.481335645730244
-22.454329697407328
-10.911938390632546
-4.568521235328645
-5.027696285065706
-4.834532180480734
-11.08606880646079
7.604487483753191
0.3239052947549989
-6.422412005729119
-0.02357885210150723
0.02390675460623551
6.4176283813291795
0.6984112512563523
5.417643740723955
-1.0788187338331787
17.046905295124393
3.9368594056136033
3.491746114164012
-3.6469583833045007
15.946479327658713
2.7835138724034354
-9.977021048523836
-4.022287901776216
-4.213710881752124
-10.165355396695686
-5.405082681886803
0.4074496651668242
-0.03960466155636544
-5.894087361094678
0.5574556574249006
-0.40206929745352427
-0.707476351403878
-19.313449705975394
-12.772212216627773
-6.175915181226825
-13.214643021858597
-7.61372317182371
-13.514051810778792
-1.1696234468992368
-12.916527988140011
-1.091204643870052
-1.138562623595569
-1.2111362938611085
5.498984958633841
5.713935801958704
-0.4377178340987723
-5.7031935097952315
0.4873584022797242
1.0708618002201162
-4.776437866316507
-10.58697807526709
-4.361371054021506
1.7617857430249764
1.8750936381859584
14.227727954661255
14.060864528640105
20.295247202979162
26.748386835655207
27.68259259356541
27.60183031099992
20.39052641959787
14.152204091061456
20.420582400363156
21.419394042220716
15.208412900944946
2.9802067444934472
9.832897024177864
10.683150091775737
5.056714793880276
5.462009884190145
-0.5189563320839987
5.625514460698707
