290.0058287368831
173.69927564928676
-139.96024641829513
48.48363378454882
-52.142323994040574
37.5492354467525
-45.083402173763645
-159.22099865973598
253.06815006802387
58.31836826950548
252.1061336264604
75.03536634240365
81.95672576287822
-63.022049831636465
-10.243826645288848
-141.54594521387818
-15.267775875122467
-67.91690255852335
116.6047864768499
77.89635074110478
-72.26153555288674
64.36445057274507
69.95098372000781
138.36902503459586
-40.320388979315496
-44.48535342180359
10.048350863363464
-39.52500346713883
-82.2451138629541
-25.914172026380523
151.41853142098816
68.27807746064936
148.5402859738483
-33.53287522710754
-59.614054861032876
-235.89380612355797
-98.29376884020965
-43.85915166109915
15.153892714038518
215.96884089648998
128.08320455073672
-41.67680843945693
-49.608658678308466
38.43092180170658
-119.74240680783109
11.894267617986735
30.885901543213063
168.86022865497122
187.99714679619117
62.9711844174859
50.78125075305873
-18.223720497086052
-150.3733467094098
-43.026313699912464
145.64059005253435
-211.27583382154882
-77.91744738729761
91.18505418258317
-139.83010710649532
-115.97702615906167
122.82387604064347
59.804469852287895
44.48636783674052
-43.66994371614255
48.85596501510221
73.5688423149311
107.06981230074823
59.53818107099016
-135.2810112379483
-136.4975543631344
-106.56403248469405
45.884137186024546
240.09166909105315
-300.8282434881596
-258.65587248189814
37.03884576431424
-79.9499491518198
-175.62116649516
118.99026656028707
-15.908476539102631
47.98732299353733
235.5349241661042
5.886887551502728
55.9405543265569
43.101124579405244
-52.30833277324658
-176.72692004241966
75.37105724758041
-114.42787390738266
-155.66703558516716
290.08053181187995
0.2211587623871627
-144.6997269046108
-115.48709803995389
22.05204824343957
147.84200150690808
66.93530082072937
109.9508130006341
181.3595667864459
-83.0154275463152
248.87785230932096
254.30802664487985
286.3918925226295
153.14832047525843
-30.233917525075334
-68.78900152251782
-14.229603548401952
318.270047465136
-152.04912822596515
5.8583687622480785
7.438694353277945
-17.22992610391379
21.109978920621398
98.3449404105864
73.8018532087825
-158.10252051233198
62.19893123065693
44.78009786451346
-106.87543051467358
-128.15421628204834
80.45211387783274
-24.701526224620366
-182.27739731981316
-200.50583361826457
-275.5281745466407
25.89632249924759
176.88021074886237
19.615135408576705
-146.8324822149545
-20.24722520282418
43.415610502115904
-81.34716304737051
-51.72065156791885
-21.236512996293893
336.04110952089655
64.98472727947716
-175.05370997673697
170.7719841809751
90.7194389741552
15.217856941754384
-228.62868405568142
99.51068604481678
5.284091499059267
293.21303885795515
60.006044998515996
-333.54945369533425
-1.421516228054632
273.8365431776867
-3.253124684831526
253.0277286467906
9.83346608441777
-41.077576355679554
184.194101676149
-47.394689261731514
90.33872931536303
-72.61544093062896
-47.409500899159546
-41.039037156375386
-15.910890459513421
203.26594462672978
39.941416268652986
-110.20138307696897
36.2469155104466
181.26406634542442
56.18872461982848
-94.88489354447677
-113.06116047291127
-37.00713415441781
-105.79423305180977
12.780149723233315
94.12192912960302
-14.360083068862139
-336.2127382948378
77.54985885632391
71.58460030769555
2.157158928175098
101.05366832418301
75.87161336003204
26.12266775728956
-124.39811269927837
-19.1530158659602
11.38632057560457
-14.749384967693244
153.23179620268905
-36.06676163623356
52.493571604530004
58.138875894116765
-28.78551843628452
47.093100624667315
128.73923227280193
-60.30619902666662
72.08252695644182
17.911567051600542
-164.5927626395291
-158.03628864836185
36.75878602813429
11.592612608333067
86.61378665323548
30.151410865295322
144.6566691473568
-182.29756675128627
-51.562951880136794
-182.54958901558817
206.25133619264022
10.409703120190223
-21.410120891285708
-214.7158108162825
-96.45503990272172
-8.51695243703486
-22.17368895522476
-225.20203134107163
-100.25217849812078
145.1180686284083
137.35290169852536
5.328538927112515
-13.630299142589168
23.45148905441939
-202.01357027564939
62.57585411178393
6.662003950700231
-69.49604918883416
25.713400337239705
-155.9950134975541
-34.4376688306203
-151.12442548668693
-160.75588582870654
102.44476807062964
77.48931244928805
-136.9519184016353
88.76931754875899
-169.7113419231317
81.1283288155139
-100.25484790225507
94.8990544636843
-66.90524839696134
12.195136651564185
-183.73595289727612
-71.04513889629929
168.6215351834413
157.3215299550399
-36.85665109057538
-35.55749165591083
-118.09010507342526
20.372078661168942
-192.20388070704288
45.40748690450162
147.86644866698626
-115.61413136928992
-64.66206391704509
-178.70276431776247
59.602992495338704
-15.636998426096929
158.8378781100182
205.94306238907387
293.4651678628727
65.91588626324497
59.052729027995305
24.569747026220924
23.29049596869271
135.54443284709163
128.9067415974323
73.60380796486538
-53.78781475482991
160.59619477008187
54.50327647833331
223.5509905640203
-65.98876284718894
90.6312468213977
168.17861943965445
-96.42908799696036
168.06975132826486
-69.71962038638976
-88.56991484723181
29.951175617861047
47.81387226512557
91.24281265330333
-146.38909842973683
192.07650883307187
-134.05628640391734
48.562737208827464
-79.55785832064704
-23.772776649139523
21.126323140589555
33.69718156006357
-22.917271741424763
-16.973615559635498
-46.42591488763488
-160.03966960826108
65.26573773972031
-34.73319231787566
-11.363642707918824
-129.66204357006112
-73.79440469959752
-16.56213484577631
70.37190284307431
-4.859494425869475
83.34128697958275
-48.00625315274894
89.12628310890064
-42.74714532691642
97.24986232833392
374.7019804808366
146.46889975291174
102.48590179714272
121.22246730461431
122.36373734156949
84.78371714352988
-10.206557615865377
-155.71888518322223
-91.95314392388765
127.72958640095172
109.97527616647446
103.67246598786079
180.401506741963
198.6518219372348
337.1715593367519
157.17566445996732
212.23344411972192
155.03825898995365
304.73576777688004
98.13573864370234
79.62018309840768
71.07533002344816
-185.58684266733795
-286.92677952078833
-105.23999983503158
-38.883997110675075
55.24966275549729
-171.72854771220017
-284.5056027367385
-78.5310869856264
-20.519064669082788
-140.0042205767511
-152.45393885130713
80.10910657247294
-39.67940872755129
66.10624134169205
-4.927830378603671
-42.73087135334209
-62.360519854193306
77.76363947216356
115.85469280252262
177.56427637709152
-210.3876369763678
-134.56415770964497
27.865079466932094
-21.251225790917932
83.7375466693007
61.95223339830869
324.9140297738591
-14.781918947644973
-95.71952850199355
167.71474750846986
231.40653770387746
-64.04468818740109
11.607630770033973
-145.9013981763129
-140.1576111894231
-111.74489624051574
-111.824668927072
-106.06290947505168
-112.41794910426576
43.098198419869526
199.05827680655125
58.940299003353445
-3.63784523968984
-116.61261477698028
-41.1544894942357
7.71763350784472
-93.33726152242667
127.85493335477163
-60.813481767024484
-94.32676742639258
-118.86492000806746
101.54656433776078
14.033049734810998
25.458401194746298
125.52380100058538
-124.34243764053177
-263.2338084356235
-137.97946080244665
-57.09547715364708
-159.86652291775124
-9.032652385330232
-40.614147596086674
-131.2008575889583
25.720736129589522
-96.3067514406794
237.7399049257884
-108.60724048608562
275.1663665834448
17.589246608654893
92.2194635577707
-192.8845809244206
-36.77877936912129
-161.7840051069354
-229.31340521792146
-109.84523168697696
-249.3022572560513
-66.75099849148563
-58.96036953750091
17.426626183715285
40.71758412537254
154.65889424590645
-103.03010918505827
-65.24180175561007
-22.646089912023324
135.32419523383737
79.95114990439296
112.8533443348724
-71.1746397744576
-437.3660721931663
47.11321929466284
41.27864694333381
53.11707215455822
-140.7519350151981
116.10334250910584
173.54319626439818
111.26050660502442
218.28701857749581
5.669542007824732
80.56282735285932
43.90081477668731
-30.986890524279413
-106.76340475641945
-10.177569325698832
-192.09382026210594
-2.9602301091644825
357.5977293252704
300.42072294413
63.760339935675255
45.89447626126336
-57.46632561873027
-102.93647680675717
15.852115694147038
-28.873198255827347
33.67242771951592
184.22773522206063
-43.30867519113655
-72.41079493699932
-223.73758268860806
-104.80175108920567
-147.7725314006438
-120.78439367751194
54.39135368661253
-153.88699720481898
28.176577234509434
59.823625309676906
-114.27590653554662
105.54281587707045
129.51057486044857
8.656524449200642
-15.397002057074161
66.19133937430433
173.8552504696312
209.38074910895168
-95.00401222615525
-253.0757534136987
-82.55155225818355
161.33164298093183
157.5014434515191
-74.96067253370542
-47.88559276923734
-47.17250578659373
152.5808678906294
122.25899253989472
34.937055055133335
173.8682300779058
112.78861188195738
184.20025051234867
-85.8713047989408
-280.8344667309718
167.12023161752117
-177.25677695166146
-13.078702273574779
7.310931364568225
12.846308101849335
-69.09573948093121
-174.80876725163503
-181.77503284929344
-69.7812394131736
4.645694505213567
56.49268391596138
-102.00726627114854
-46.370284621963044
-33.562492066800274
-137.99229734968765
50.16066867321384
188.5796836632348
57.5208907762491
79.10507737703976
-76.26808873949555
-88.39609205917236
157.43964411064795
15.03425709139431
-106.2868373194424
52.751898283870794
-33.91269424570662
78.9691988212814
40.58704081474543
-128.92513393460484
10.731456858629796
86.38681937464429
-118.18606085580353
182.8527124770068
39.53916635360232
77.3175579310467
39.72430489869284
14.280397676072388
-48.5351095185519
-108.66221691201152
42.66017479020309
-113.49065822104473
-164.08832799919537
-138.5532107070219
-19.867088871432472
243.69561226373497
73.33240982797732
81.08375539436335
92.73536415913225
74.53098878640115
-66.81995157540281
106.71114306523252
-132.49481363932725
81.1943194532376
-7.354217103217433
46.49235770711802
-6.40344744218542
-56.300726506361414
-200.9962623361692
94.66314814528481
7.453823591895078
69.32072375622312
106.33893960536615
156.40378034589185
-26.870711681428844
22.59037990888062
-115.99266997187989
109.45956050578
-28.37204466229324
71.50755320325072
2.796588080857506
5.073995729869047
48.37858570243542
-146.25257169559205
-87.07135017691171
-136.66916785299506
-86.89451965681937
1.600794677947373
-66.44049316014596
89.86136481195521
-194.14796548105164
-31.130562512653068
-67.61435690098372
-122.95509910812157
-140.80532862650838
72.76692488444398
65.50849927821376
253.50396225779008
-160.10547845584333
8.737134725817395
-21.39938586179157
1.984332122005954
-48.017771714412405
84.75364638853189
-235.87817578429704
-46.63020776003387
115.17936544847302
-111.50491819040518
-36.63206194218919
-182.35247435615943
-72.13061142489913
-2.376603713197512
10.57820997863441
46.298527390258414
8.426114855277463
-155.4225011258521
190.42257199663078
110.5040155407838
-114.96710787874481
-26.5982106001791
-152.93543081781033
-33.210259400591134
-146.49452666577974
48.50070616959335
61.4934565891893
-147.49019731123272
-65.18471843738178
147.69878220492038
42.06493947488808
-65.99761258899481
-60.58469471536846
58.61889499820515
-130.54420990923103
196.00356409220714
-48.55735811821973
-47.938817397525376
-79.90920416598681
-117.66705717911192
45.469152292505015
25.056354836222862
70.13350041261914
-79.95068404305661
108.48255614321107
226.22137461920093
118.63420959237068
93.00763819700606
-164.90342069529007
74.8083084535589
257.8116654059476
-163.09315863119534
263.9879717720574
18.084712032714073
-30.95160937996835
85.53700721361169
35.18526441931517
42.20161693267419
23.644218866259166
92.48205962477218
-96.10125552745467
60.5513204433226
-103.72206395122141
72.72640064484395
-33.69465870699176
-208.40709018120262
-158.12929903399476
49.85685891250637
12.173935442548286
-38.272796854718365
116.73747134189081
9.878703993940725
-84.91641401621764
115.88958650759214
-53.98436428237683
166.86353654228046
-2.53092372298736
42.075256385246576
-10.026706527365802
52.09747220577379
171.19312576116104
13.519880887917473
-17.125188534986115
-22.61611606009297
85.83773368053808
-145.61180083700543
11.968346856534108
-119.3997977694701
-5.213360861010637
-79.72529998943071
121.99354991372904
-285.784342031742
-153.62129794314075
29.77154138924323
174.536439168801
-8.223388451802457
-59.52194727320074
-2.6094522455918714
52.12706626496114
-111.38610200966086
159.7867955230869
-17.167941788961492
13.72301089092523
-56.15761543334426
82.03073196446348
101.26583353142948
-25.28834057858273
51.626332827201274
-63.752185993379314
-151.40306728705255
-126.75291033289339
-119.57473048658588
-183.0028243459911
262.0879289316563
-77.83776102818446
-14.490149336880068
-284.34238053764153
-57.65321739290733
54.36359171340979
20.610665948051732
89.79681093455194
-16.849545866979934
-133.64053469127012
-63.49650431448801
-209.23200388351705
91.01580318612089
-135.31275173529292
96.18400895782237
115.42703708644751
-55.01582789105455
-243.8465749342333
-36.52418286429994
83.41182103168205
44.0129865949795
-105.77936383057543
-3.815777319344955
-108.15965564721111
188.02516083992188
-14.050795652921847
180.8351380590112
-65.59122118969356
-1.407884356071379
-7.5669789556877545
168.12735997745554
99.5277525162788
38.33783733655677
-126.54326400192325
15.298132855070563
65.4011955589064
71.82658456137563
179.17630680106504
-83.90369214199175
11.337900823003793
47.1069410476736
-194.11818913448408
-0.3273640827172105
201.35650055262127
-81.746035194116
-89.06459130076306
-80.06180863715242
-240.50284800972577
174.38780501442375
149.7189267192677
-113.5013050062366
-54.069370752105996
-129.6656933044133
-21.290435616914976
-265.4081534503329
92.39015593763244
175.29911059077233
163.23116400042662
-89.74429762154426
4.405785167348738
-89.30257596588544
181.19877819322224
-125.54231851414075
46.00579481797446
-80.25489664681281
171.31636330796653
-103.85466869485319
-92.07605038262783
70.88790033547748
-10.175407586573682
-110.39233710566077
166.09108677158338
-21.383385563752157
49.35113688105967
149.50382497378146
87.1966226004499
43.29294196179455
-196.5354778232768
255.38698724340938
60.59203070480827
-140.17787136281586
129.59005036131887
-89.03431297017094
61.69489320723619
54.702551579045355
98.55563310379871
97.75587009741534
273.41258708168453
16.964152041076698
143.72065533911874
-107.99552849509936
-75.957814880088
-57.77287431638804
32.27881975794213
-74.68244027873735
-17.38600131064215
-42.231089815191304
-80.54914934930656
-41.29089784592022
106.92081049675069
156.90736682285342
225.90593959024247
67.85999780431894
-81.64202208386357
-134.1078778577556
-154.8763258729407
-184.70625055424622
-35.251089294483926
-71.81531555334662
98.46507524541265
-39.939263121334264
61.99538645220404
-19.232758405798727
-26.67555378285096
234.07098301029146
30.90266495487127
136.47331838852634
61.18678493075753
-9.257601629852958
-33.3117049064403
-51.27565583284734
129.00816360208498
110.46379376901754
65.96504748274172
27.38358998827483
-173.8938296317924
-140.90176406463596
77.93551521808833
-84.48981417025006
17.136465839110322
-177.11661050916825
-45.48012910422658
-101.73732700210411
99.61809803049645
30.826385884494933
-106.185578433793
-31.364295929062333
-108.2355556599303
-24.918833895081203
226.07416296320827
80.55976240398134
-140.884433037367
61.84325637893741
44.21702810520448
205.98030017802145
248.42787353134673
97.60669387653633
21.50565779266252
303.458612230757
-94.20218404583059
68.86851175007523
25.427036712833633
-186.5116372244295
-124.16060762894595
164.64881932777334
-155.45836227501337
-244.43098637051165
43.6447259752001
-119.70524454197803
66.11097187675115
60.6045467356656
26.101356902894263
-111.89115747210826
1.452725490507476
78.91285207500086
237.4233097029292
-6.63207963384911
102.66131910776708
-98.72339388271506
28.04991093054273
-132.67176758498232
69.90674340607487
132.95630789853558
-111.98273133731296
244.3071066195143
340.68722623950305
-123.8299707617566
106.33430638985841
-132.16620598772417
-31.766951448007255
-228.0329901158727
-121.4392879665862
-44.878292306723296
-103.62582941451672
-98.48932530458156
20.314751949585272
69.92578711951387
128.35620031275212
77.26521130037892
-158.7681903339217
-0.19904858076377563
333.3640834516991
-68.65291727321878
69.49951678293928
94.49311546325063
13.36077390713683
88.71367253735816
-162.21096199932148
-75.13162311974196
-320.25769198449854
-24.036844024703214
-72.4915082016856
-65.05837675574892
-26.99651584405155
-109.3605617582162
129.32467200934485
197.1336849578113
-40.57227236799562
-59.71797284364072
-312.3788768829461
-23.903672740873024
-74.291327851605
-136.15939833658044
77.43123441059562
-4.408647685816687
-4.383560545334253
147.2955459273866
116.40214130411543
89.94745664879729
83.90605918611374
133.51793962678613
-230.3135133766503
-123.71912314967058
101.46362401580541
-169.54258764061703
59.82564507882939
143.95351102476235
-21.13202094591898
79.15975796627885
-40.967046996271534
-253.5938704779145
224.6235385263129
-78.6238641942711
40.584407984307404
-60.37252921365527
178.05072403222582
239.95148587532472
-3.5856502421474072
104.39186540803524
-108.9112748385344
-89.99796919319795
-23.7147830357476
43.95894939011077
61.77477432597712
235.28966607402413
129.35778277276378
224.051273717737
129.18702389008365
-33.033242692057925
-133.23262093649257
-263.85242824225577
182.10321578562377
29.98154280122493
-75.74542349019717
249.05708525880723
-136.49940714451776
-175.32591868263995
-157.83017729211542
11.78979787783254
69.97493757078071
20.704404884555323
75.81434894074191
-24.469709138086905
68.09441078995906
42.89810824681926
-225.65269448365143
257.9486519282085
245.8333578785267
135.14304395417787
216.2924363096454
104.74797267873404
43.5229277141288
75.9847999160103
45.426465609264774
20.83308739299138
-17.75199173885347
-73.31234038791041
-142.77530598042648
-232.2718679184535
96.81901354650542
-9.206585280152694
-46.7292093556493
72.29627059511724
-197.92199431010968
-40.42434135939772
-33.51285773884251
161.356052332927
-14.780589235250313
-91.11776280751745
111.29472033627943
96.35346910067587
-61.96009389991763
-35.01520846905301
-129.3334403562354
-65.51765584159426
5.5948744245528435
143.6489552453871
137.47049962271527
141.10068783724807
15.661426221637448
197.25221974103246
-16.68064709328744
160.90818797179006
-71.75155016087957
-159.60084132240596
25.997084168909733
100.36123635063518
207.8846257060307
-49.690677689790526
68.07432296990494
-120.63475319353208
-18.486289917931018
-226.16321406081505
25.929484174808408
139.2110692960136
132.81145672675018
-175.65200438879833
88.5661426399643
152.8183585303091
-11.722110957281204
76.10059018805228
88.7324306198637
13.19059290625513
120.74863280207218
183.26747662836584
-104.1348018022552
10.168168082465073
-233.2476646211924
