-5.118766265329443
-114.31018158898806
162.62302427538074
-39.04987311456856
-3.177406091839294
-36.63111447039282
-230.72764813166552
70.54272491977845
-35.43957341408236
-46.918160037625114
-118.00162600045995
209.1699964196557
-49.081601078633796
57.426988053684546
-68.97378101794679
-38.1526752803455
60.126602463584675
-34.96568811341145
-79.37319615736149
61.70429391928589
-147.46521896779987
286.1686937565111
40.648321581398676
-168.4068922589612
-43.80143434315006
184.32908734314125
65.0100204457338
129.40812069020296
3.8814212081019495
23.739983179649315
104.54666018103725
-49.951185086074716
-76.25963903350319
5.698236177343023
137.65968525331343
49.198309856937634
-27.87307347870044
-63.294630736359125
281.81878864282214
168.1078409057262
198.79568384134
74.90140062233871
-48.13635127842705
-10.795258442344908
70.54696613111706
-68.05445972299376
-351.57512625844276
25.320470300735344
-226.05630032712617
-239.68933367735704
-45.31791404831485
-58.29575680916537
-131.8576510417931
11.617636931894982
180.17393719831477
97.71350474160201
58.82002194782503
-70.30955786519412
74.14025888931813
105.35650690760836
105.32170692380718
-32.94023575353667
55.3029445593041
43.30735924825029
-68.25134426340061
-382.3230468650519
15.301338470506183
-33.81921782132195
-69.58257353499185
86.83706578535748
-145.46660918054224
-21.671064126413352
95.13127682382444
13.419644777164228
240.87485167467838
19.773341863671615
-126.85534361598926
-8.794494556864976
-21.31919129544963
6.254928896807762
-125.4533712243693
-244.32289289313067
-4.44589051030482
153.9942801810128
134.6592750993707
-28.389640936254644
64.8875204002386
96.34482276425199
95.95614150774986
165.02401919360392
146.81082954712645
203.7526529491863
53.30168650836274
-65.49745095947942
257.7326992151877
13.052330398186848
74.9956318802921
-96.12060612008935
237.65524689320247
-151.6934517913956
47.73244606476523
140.67949610817433
-337.7441642417869
-47.567942751076785
97.72530996569822
34.00789413372269
40.3029921835519
152.750286581014
-149.8173061709275
130.57457873372206
99.30651756707009
211.10213681545974
-117.2864345805225
90.62060540262947
158.21613173160137
-4.2895489300353615
58.44292358359032
38.73395038928828
-36.85348914178271
-13.13917066394366
161.86240355700988
-132.05385197023222
37.01140609653792
-60.50141331476223
-97.09269376942339
-141.5890179284336
-7.855336109522062
41.407113197978155
111.21710368869992
-82.4495571915652
-232.79170416434874
111.86867689317724
123.54429984336318
-89.79229036181381
17.413839455902785
53.372360145745155
-134.4567741971482
-79.1032715685035
-33.22042530845922
-114.3906885784624
69.58576028754784
50.20979388510132
163.20523271711016
88.18578348012625
-138.61715570735248
-75.52027373882385
64.0455601905735
62.90550158211969
-30.497777472791373
202.58172756946766
15.215846751470414
-97.53063229412147
-185.18843607415863
16.538515606407238
-59.8741124802504
227.12374655900965
61.61925655100912
150.09115982489763
-63.97589769999876
-18.86400657180051
-138.64803732993312
-176.30250886003444
101.05957385848438
60.43194391457404
-1.7809300072880838
-96.96477906122803
114.42258357301294
-19.553392257595007
27.113013069012762
-113.03182714870391
-175.32331569520576
7.431463316125103
83.40807076867429
228.2242717947921
26.853850234662566
5.0055183629556765
-65.32766764306601
212.75161736345657
-8.927886646095763
-279.360650250449
-154.59326192721653
-329.1204015342501
-158.11842873964773
-85.64524188287739
39.59155318743203
133.38890820300546
-36.49185992494847
-54.06979852198972
41.609187820172174
86.90235811332474
11.24558073629099
-171.41344378663348
-144.63033628439604
-15.598335045752952
140.23712719716823
105.13365865989111
-3.241414604619772
-241.4142669554302
78.3872049750767
128.33618224909642
74.94668720163246
242.7472132703356
-26.107991344861674
28.93185462868364
242.446932854805
-196.05996836366077
-19.593302437732927
-82.706510323375
-10.227582840025393
-111.18135857538998
57.874451194083996
82.39944630073039
-150.60188285277587
214.81898280795554
45.96216645701224
-65.62893245207664
128.19236619016885
-115.47601267749938
-14.728540790057254
34.86764875632976
-58.70434727605249
-57.5034456885477
132.1790733318975
-17.613905921982237
-124.56565841247536
164.32026458529975
-237.18141674911678
-135.49832282996624
53.786645235160464
-84.95520551324994
173.093295811147
154.46046260161623
103.28547996256367
31.540199154932264
252.72788946576682
247.29802105186175
116.0978429041361
174.2883260678211
-40.043216918424186
-154.21347251816502
71.4720736533229
135.87502273691703
116.72505167057932
29.007968453953204
255.21587997292775
-40.36424523539834
28.614788052691686
-313.1220271729113
163.10442907719477
-2.172139796245859
-128.01903588277327
86.10186745083405
105.80286097028916
-37.607965648468294
-144.40189062325464
61.92519038809289
-90.25173320340333
66.2967623283937
385.0680959767478
115.8672683395444
-10.704831889763566
-160.41865192881602
171.24092093356666
61.24864736949961
-39.045809919022275
-44.68085054797222
194.26962786400554
14.013497177030363
-30.42059887092269
-227.1269058239575
42.513674671736844
242.82166555650932
-128.89797768064142
84.92643364247026
65.52638344377971
-97.02603029717913
181.18776178706455
181.31846413049422
8.318341352966394
-85.49038614911721
-40.5783489917167
40.71833973047935
93.81122958589812
168.79334535481757
181.77868322765798
18.853567559689942
-30.042286727600036
165.01471549487397
77.48617249498085
-48.15885810574511
-295.2074142861171
-86.24063485994483
52.65191826864063
-129.96016396403758
-361.7272431380712
121.52529436137718
1.170562626207633
295.02069177450215
-13.397289282461465
-20.537699908889348
-70.01881847694239
-151.5047850041846
-352.9717988642755
16.20015119014863
-93.20211807628026
19.04576591160349
24.471966493717684
-88.7722284934159
-47.56057538987664
191.8278490102968
185.01788741511987
-206.62446424046925
187.6671466034573
-44.4190207582336
-99.53781885621258
107.75993550003115
-4.548603062228785
-17.17914209543164
-105.66195430909006
-28.010630057807806
-165.57875772071867
-21.863837764171087
-103.8070330659753
-231.38567418518613
-81.86282896382124
194.00499010538738
-62.55012352557629
-25.01235958777762
54.77436308349738
161.71180576724157
-148.02180698512723
104.84094926943814
17.538870636765076
-113.86831533729642
137.53910938528026
-12.654915202982625
-27.551394123645256
54.48126872671184
86.33091265628987
18.622683116693036
39.53164503680109
-16.94575992695554
147.21329666019082
-186.9669981562446
-238.11748977969287
50.150280094927
38.69398682975233
32.734783062806365
-80.14775204480786
-20.886247671062073
204.67650309231158
82.6957819704291
-43.910954909477596
55.44904542508626
161.85326857434976
-45.483313861280834
-81.3522102983004
44.9499118666321
-186.41623981658367
-28.3900561066495
-222.0360359502842
-119.56509132843945
175.41292780610985
55.7986459529544
273.4106956123683
-84.94261242571326
130.17929684560542
4.634738877412108
5.354144676398427
-50.416136655606095
-136.41888219601893
-22.81741806109033
18.856847198050353
-64.5334841731845
10.062501654524688
42.01503994420089
131.11370608755723
-159.54813928028747
-245.02643329095153
88.63844906887986
-55.45121463729356
-81.31133689598596
42.54314002251756
49.87447699441817
-49.78353932583302
-82.41354409185114
6.124647650416492
420.9861890825927
-93.46388656837664
92.43125772057233
-45.74212580849654
180.30512569083777
-103.72563409546231
-14.304020637137926
162.24138938383044
-102.3395109428664
47.547391261108466
-129.29755275953906
-142.3893907422209
161.6458996106537
22.59632547735928
-121.97505122272503
89.8441889145801
-75.28349308355953
100.27388142044067
-56.45450150877365
39.547768175783645
114.58482556683228
-28.615393779420472
-52.92992862815979
-178.4741959852197
22.07091210730101
-35.69613035026933
29.288029148458552
231.3126858476171
81.17862128321225
106.4120918025562
-184.19165876763535
127.39132818008135
27.05099005008253
-66.47567413666994
82.09156435268726
37.62174850849875
217.91365836927088
-28.566781030923053
-27.7864517312698
46.170162611643036
135.88773944480863
-52.46028870319367
59.81903912410366
-41.15254685987909
128.89223141057863
-43.279833307464784
-16.709777071564954
-40.694657535686495
47.10883772483322
70.86486758281967
-88.06707777767122
-56.69633119924615
-208.77107768419165
-298.6783275271732
83.70571164146399
161.35066476885643
47.4697536523877
121.05481237221937
-100.22575244149054
-117.41456658365335
-34.90206149901342
-133.31992755281652
162.28774009180128
-227.5237136470015
-152.6839627333404
-20.158291900084176
13.767062628867263
-12.462038253930357
226.23622583062
4.790673369101762
-69.83760961332659
262.2428376022892
29.762296225102137
74.88109045662061
-31.630164483598048
-142.90536542478338
77.2564197318315
-23.620970758058867
9.478719225836787
-9.872808251770815
-218.19018099717655
26.820839831102994
195.8341033825975
-83.49933209785212
-186.15210957511573
-19.601475639054282
-171.77464555808513
-147.16937632322038
85.09408786275169
97.96930018849753
109.16815357005542
-186.74602867192726
-130.07507579968043
-73.72142711155459
-34.463478077087125
-260.86634009433664
122.05263026184821
78.48644192198255
167.57284840091626
-170.92079295145797
174.85126501225164
131.66821668204162
-51.317939379616625
128.79308121914227
222.37666058963484
-204.78723246509105
-129.16726663524366
11.112229516398143
99.73467309553648
112.42470141348828
421.2141919835375
-1.9355558521532068
92.29233389966909
80.66427083289867
6.735771897333066
-223.33508501642828
-33.67032229768272
232.1159747144416
-25.40189412453349
315.7567832730091
70.89580758075871
340.11375057986834
-50.28730093503449
-30.447504333072647
-6.282965322370508
-10.979999320312377
8.498804251921367
-122.0817808531469
-296.082492748042
-163.78560082027462
-246.16555759008307
16.601245831958607
105.00194572795448
-110.37573719615018
268.90730916500956
151.63700924698813
79.31223258040045
-31.849228638262026
-11.94500477792842
64.24247740170428
25.934649763709576
-36.785821788877655
273.9769386846423
15.394015401298045
-220.63542703964444
112.43243108904498
-144.38144612379446
67.44973885501228
171.33960361280813
-17.662015741791283
-55.78211233908131
208.0451131655158
26.7552612606069
62.071531651453476
81.54614045021914
-75.10794061733205
189.08285503229
-18.182276840551385
258.701105777955
-35.52216018996583
170.69447125795892
81.79882966270124
14.42718508587253
151.60859948002008
139.3423667690695
8.121247201164763
177.6407812352833
-224.69838145740886
-81.66275702081117
288.54332530732046
-90.20597497009595
167.6192427718107
116.20670061999097
356.1361861657944
129.44795370036667
105.0063922571085
-66.50465378437552
205.69374239948448
13.77135526606959
144.48022282461343
-150.3576602504876
144.85287986016115
-80.35256101420784
-210.20913117605951
206.2898723440152
138.11182502000378
40.84684928552224
80.283770364193
-346.60323178912626
-182.18531331799676
-25.103751558164376
-6.071757947372066
-56.61374854541435
126.34829317073313
-10.984388307102009
-160.98607956221886
234.75481696049115
91.72368851191186
193.137510735416
29.665615064736205
-108.5085623447521
193.49032491798764
-100.20496897901577
-62.39161549382575
-74.20264983267124
186.23169350182113
10.225029182128665
27.339655792529893
-174.41712047391528
63.51995251964724
-38.32043399045493
-6.560314083215589
-76.02834816456007
-254.87079921128168
184.85970976978842
-111.22249446553442
-158.0628532414892
-125.61617098990155
-73.59752616781334
48.16079055357141
280.7244619982708
88.51199797740843
63.1202745936896
-1.7438343824752562
-11.118506612467488
233.30951871826792
-43.447237881382144
132.37216421701342
89.49771550629748
-41.825671099716494
52.2875734646539
13.932484218408565
-72.99226228130594
48.551392155451126
10.576130213851176
29.26791777530916
56.360129200648736
88.36084340555232
-20.124509661786202
-1.5429122950422196
55.334767899000525
-196.00680593640348
80.8595878787614
162.8801631394372
11.873351162124834
157.64634821634405
-125.15221327602545
-34.89719350184406
-53.72968214350051
-120.32194676816192
41.61999385135771
79.9812001365068
-87.95275937562884
94.30409722383163
-5.369267338873897
-275.63252057901656
140.03499196572673
89.12976958067769
-23.853271180346688
-105.4158742619178
-85.20487801871167
-96.82036830127238
120.35081575431418
316.60693927545856
267.5258340760539
58.903434938803464
-280.71189079904605
49.88191869650582
-81.7641602092955
-156.79993907295173
150.77966928561065
106.59823279271565
-74.92461275167283
-238.29995443446006
-112.76805695575307
-73.80102270882995
33.30887164345846
233.85934285595073
163.6497549169857
11.07280076013127
155.3045244196779
151.30476495379824
358.3598166823932
244.60102171125575
-69.80056243235265
49.38356015235789
-103.58441630048206
-261.84044144325935
-60.17987998480326
2.065980792171724
214.18682303025756
-100.20872182663037
-24.910343999349415
87.13520209827153
-100.80601023589284
-372.4367500931751
-222.11205486353867
-165.53304418846176
230.80910726062473
102.37780266566305
107.61106642640881
-38.24503146015873
-214.20274920552777
-38.334731875683886
-64.22609016280158
-84.04576807932536
35.41125143318871
-261.31222991570314
-110.47637884149592
-267.8533020509909
-42.38160681346526
-91.93425593126882
-161.3503692678805
-35.84025027795283
46.79673398310704
32.46694460939942
-195.14550203509143
86.27742727593318
-303.7083927340527
70.84682252762573
-170.34083183426466
-116.27584884144703
59.47737663973418
-205.4070768734075
-155.00925431565764
-104.75337771831788
-251.1070614949612
24.28708741942392
-90.24595444433578
-65.08201123850579
-299.0644955607796
-122.88744505082222
-117.12800332228919
249.61208380300585
160.82501017321565
-183.70301853496
18.34562187114844
139.9054315806277
-8.367539903596226
323.43734970198824
-41.3616368124881
97.98650007960016
20.114012642405054
-198.34597592957095
-73.01449722295287
-123.96822798478252
45.25310686561518
-76.68981323494802
-33.98367811912919
-63.5135141019523
-202.97595216222823
-34.14813892476603
111.68464047138133
-134.16257689988322
67.22922643938455
124.81898679655983
-169.20768619090884
195.30494497417533
5.520373394100308
-81.86523895245475
-61.52926179208106
132.20643517552347
18.979558270414376
-0.4059084166237509
106.87852783480952
-56.44413821039234
57.05184251808567
-49.39091468623036
183.2188051494071
58.04468092609584
127.43415937906046
31.317861358572635
-63.52536434693293
56.962727027871416
-168.7079103097716
-98.5018581014737
-206.42559862638038
-57.48743345608296
144.96772187751304
76.75717713463246
71.32032642188753
45.80307159063376
183.20488080814573
-56.09188249947021
-196.01686505373968
-26.359800181927113
90.79975772448125
-1.9882610047203726
-119.91983626471695
80.01558225834374
-202.39993636808603
-21.152061210319413
179.2878412090568
72.16577080121412
9.612310100915774
242.1991201989866
-261.1456849341849
122.48797811160465
-60.24296508989156
84.76980100000603
79.33726394908882
49.23658537393649
-127.53195605454981
-45.2012918830462
-121.42260155783003
-102.69403659194175
72.86887933374229
99.25927015287625
-101.25542243286628
125.95708941828858
32.2695352923417
-24.0830122424161
-168.31999409364522
14.136139538902098
163.4436632786672
11.892891382767427
-29.636806393263832
-311.0968185557247
53.90923506411757
-52.11360397295868
-84.79638741483109
-11.843168120049265
-173.9914841567104
64.8890554689872
-22.90887471408818
83.2314045322252
52.2364659008376
-29.484960359145372
1.2803051791347961
-60.56771827747985
32.87442965890495
-38.66684079513325
-115.4875130754425
92.52308495740687
-143.68223705953775
-69.01844790851861
-37.70708969548785
-101.21683323649388
193.4311640145658
-26.465426306057875
68.76463560584935
-148.19910718686293
-64.50617532274248
61.60578773073016
-19.622266118149515
-49.20442050618456
2.175271862903173
-72.26338197341666
-2.2919016111199
-14.446177389177508
46.44894181372311
-200.89288863757912
-84.75150090615915
34.57704923413991
-67.91007764058347
-23.632589399463953
88.34925807388205
84.3869506925427
-38.57916838664953
6.47312115502399
-36.97031506489325
-147.17884544447264
-128.94822567997872
63.19924534946663
208.94671019814353
239.79588365104033
-192.54712280590428
-129.69043451662466
35.31679608225987
-15.604148901543729
179.33617221452994
-16.183919816463362
-128.91183665295753
47.39101492098672
-26.896142596760875
-152.5054103633983
-13.418751985669017
-13.743498711490126
-177.16332503808445
-209.4360577391333
-39.01610131087891
-144.89032026818617
-85.34915010461573
-21.587562209366983
-39.64063609827922
-102.61597466047226
129.064986569412
-85.6700928908922
-192.74737731560307
-60.41622564942088
52.740594907607786
40.56212374260353
115.77305590025122
199.77271079169688
30.170272369012938
-115.77813678759624
-27.804266504544064
-159.88212191294085
72.63571015901898
173.7996788863045
-71.40678855310144
329.12370441929534
-106.25306201457846
-43.34296494656971
211.10363657818203
126.05856272985751
-5.468212032140316
-5.538869729781106
69.19046889264041
-101.27593663455325
1.7791241173914627
83.77277619845299
28.751749561771682
72.94025004057083
-50.260137152870655
-62.43014532071658
54.7930006779071
10.747999710481261
-171.2175505216834
156.34066157529662
-32.47168468362848
-258.9457206740169
182.74051684526893
219.80229561332163
232.12149804953685
41.41148910783116
49.96310242487385
-25.02487227461182
50.7307718846668
75.98752883286184
-6.789693097650078
86.13801823196374
105.4759457092401
187.20636548571647
293.0454197720668
-253.61155855299097
-61.58640826000516
19.871878658594465
-57.21511340330452
49.4143187224716
-113.15663628906148
92.83419517795599
-125.54003184141467
15.429463707828296
-47.076342174160004
-54.78124663288608
-197.83005900769277
253.91465840896663
53.086112074168966
63.143326473141876
100.31686059863729
-170.7566004204179
99.04210681140337
47.92062386826361
16.28479343652639
15.428520637579071
22.719069186315892
-96.5532300353366
-59.679832534934086
122.84530996473337
141.8707255384343
47.6653248555985
-94.90120887083125
-15.29330705212095
54.03180721893661
304.8220269965928
10.024592305034206
92.03747583963946
-45.84889721093115
-168.0592930199469
73.3227834435317
-44.526250127696166
-108.70305516850594
-13.404656712653907
30.374357014466998
-84.81017538148303
-129.10668275363355
-47.372425826048286
-77.76378468714249
-45.360005932667775
67.4643871956568
-147.3013480229201
-174.2756026169546
-141.02310170953314
-252.3580595966924
-68.94418363663331
25.8969297478712
83.93988769404298
-122.51622101022582
-45.72017877148876
-0.012924175105751612
63.911767643160296
296.29006292545876
-119.09759289053954
169.5641452588343
224.78649659491117
-67.87069812873226
-30.37668373633756
-154.7970201170987
178.7499138767758
-78.2491813332095
103.30463371064704
140.02476402958408
45.10557595316109
-0.3908480695879586
-1.698840889752294
123.17091911825055
305.988786128938
-107.45073471087348
173.58866981833597
114.34682437006289
39.84720016836566
31.544873857683992
