-196.51809734010558
-119.15075871688606
279.9652912795138
-66.28915278296284
117.5378008707276
-117.13834201726408
-70.89679842225452
-266.3189425988172
-103.15201787661822
66.45043044571001
123.6275897466471
-59.49112379788278
123.82904341475175
-54.76082667962287
107.17737498396058
4.546822253271185
-16.07487249493149
-453.2302806509703
-66.66968532177007
-303.2946117904467
28.748830314713928
-246.40406267495644
-92.98584412119831
-268.49898560432337
-96.1700818303983
142.93375972541287
-248.66821364792648
-24.262608343200224
-16.558373181274206
28.13910469013013
60.541640915292135
71.09247361901369
13.182138008526108
-201.59880751019423
130.1594507107948
224.13440953457592
-5.024196566473723
21.774076089131707
-70.11434612746531
-361.7354853480381
42.989192312001734
-141.8538422613731
176.08165848278006
-71.25668869667729
16.96177926492879
229.83036386044031
17.41883639165993
-8.908212859114151
-159.69156068599148
-59.86831491391692
130.01095904894663
-192.45245596557828
42.201219959464076
54.81252264723097
-64.55803208366324
-13.904194227844222
76.56692657410522
185.93546070583466
260.88885670008756
-257.5107889601478
97.43477530541772
86.21942086590872
119.01406910876638
-87.98990051382258
-248.37485034113436
2.269215948776803
-20.330468192940508
-121.16416696129765
16.023013258863514
8.395477637966279
95.15889889631279
-272.24630197023487
16.224928786069313
96.97289488736877
145.96184888300505
-35.07658932289842
-5.625779189313419
128.0154945966153
-125.25222665178588
19.189755572200475
10.0292861076138
71.76953701719538
-399.2626136881625
-53.53216494621228
52.0792033836937
151.10885206597757
-28.048601248252204
-126.06175352621568
252.20481790706825
409.3439634785802
225.844501143315
31.7750111730943
64.41227811177076
-94.06703528082114
-38.222665697917314
20.29951988204552
-325.58926553300535
264.86188881371936
9.670814509991425
67.50308555202257
243.56151225494614
-8.473486561688492
36.49402972343606
-172.1931276058173
-79.18054910742963
-87.32226766700411
-68.75969668508435
-118.5701915184978
110.56552661108732
33.21679841973462
44.42555748622933
239.52296336608367
-133.28807804931526
46.33599068647992
266.2823662717368
57.902787347679784
-206.04653190822253
-33.0071325447406
5.774952276480055
-36.762091022829956
120.10732415207936
-111.16116433801292
188.94632132747392
263.45649184513064
154.36025660079954
152.6193004195261
-265.5463206213884
-149.9754124875544
131.08478772467222
40.10472127222185
386.41708983914515
-205.0090480276608
-109.57909592347835
2.869556898877889
-203.87003008414771
-238.33638843671588
-13.952499002622844
112.92016158229036
245.93260169638364
-290.2624871047422
213.07296173680822
84.61239959670303
127.36075450786694
-79.56075377713744
-39.712358393981205
11.781429344383977
-86.14589506323323
192.37006112831753
277.7069486869534
151.5827497063726
-61.01591087538371
247.75181172543267
-22.914826901652667
-324.45587452940873
53.84886456331662
-114.21822031202679
139.35754360026772
226.91150091082278
37.89914154741042
-95.0412166448076
113.37397655568252
66.25760189131488
118.68541654121634
-158.95266019613013
-47.43815975904686
-0.6212161913206908
5.406728859527201
-126.35567275382995
112.38217814019745
-15.241683274724876
185.94516287066543
-85.21239466220514
-61.546608220859305
69.04341535782906
-0.8355881152316812
157.82411645767854
102.8125423411914
-84.63286060558832
66.73754501177358
-132.1014372506776
-172.14988470536613
102.25650806223926
81.99754672515049
185.03881453627855
-342.2737088274053
53.454986344538554
37.66017882638493
3.9188228996037027
134.49955952073685
155.3909342257387
140.8892963637054
16.348197073654685
134.82707904964124
232.80464526596947
87.1776099595259
-109.82550258006458
-193.06379987142765
208.56366690563286
301.6388996212823
-107.38649913383422
-250.55036080489106
-3.7407498815567584
-17.55739231347946
61.86786531728291
70.24628585023679
-41.987985546621545
-29.56373077898172
-63.0235988631931
-290.05620873523657
-503.8038600750304
106.55266447139627
91.62737776421045
219.01199866890576
-40.847260104092314
-128.56068169165175
152.71823471550695
116.67601237781123
-15.765288363040884
-205.22563830757068
-228.26620055678285
244.45679212377814
-389.7726968014087
113.50173773065313
-309.24927405420294
-57.1339331449391
57.25854728925312
-229.14002088463567
117.31167651450464
218.61406915500908
140.9894619830119
-87.76587269502
110.59757031227598
-40.2497947508665
110.37327777192917
-138.89947810312407
36.80055721233953
-445.23423280643703
-118.09057503339652
-142.1820099816846
-34.6897626757488
-81.1566297941906
193.4163876190009
31.2589350607008
-300.9989767853485
-38.80680121509269
171.40199672093567
-14.02104959453482
-408.09859195849606
145.12781607016714
-120.55110488814866
131.40752106263042
-167.45101947375912
-63.92572863184358
-222.40568921666986
249.40903475640297
70.04386816584709
11.121917128873077
-152.81119009356925
-23.00805291493898
113.51555212423233
-46.55917754949197
-15.305565419391867
161.92415952288258
168.19492148766366
-19.589733689710666
110.55172353751207
151.90414241433356
63.559130892594006
-17.91400152028091
18.787950105665814
-32.063961199304885
-211.32900672593632
-73.2326624414774
66.46187637198862
-189.52513668962035
206.86671204103322
-75.900758314149
-25.05503596269259
219.8123237368017
52.92737799989081
-17.745213196079533
-149.4045018464325
13.449572076754128
365.70573178856597
-248.30971473643717
128.40556752715105
-22.77390747191226
141.4261070297694
-21.067743806624662
51.610924804026546
85.57427664052008
86.04105499329644
138.55883213698493
-160.8613200924834
98.69013060172297
-72.59804241893606
273.21457011089615
12.397983160575132
35.96228230159598
-13.721848300559053
-166.5406282342541
-96.38600726566399
72.24095956981688
51.35289133411755
-107.99584426198197
-229.77348132741608
-307.58163838761357
256.7198875061189
-116.61101511263465
33.992119673534724
154.38467236369917
-182.59870807371618
-8.390310447123275
22.5814629784824
96.83329210085691
-142.9666333447487
20.97017277336248
142.39821231636458
-26.090000974816753
-201.87638068117016
235.12185339394287
50.7548158598089
-192.92760343425283
52.22297476887531
-80.93516844932739
187.50215092470665
-43.38347661495463
64.96131412293623
-92.91158165816451
145.91309780373027
-224.77162879936478
-105.87613876717741
114.09651118979582
94.5534238434109
277.4592564045833
-243.52563767515662
23.634448258983106
393.917824086719
94.57441232545823
21.98177196120056
118.43720284242798
184.98453029767302
-193.04578311811727
-62.20171716095045
17.946192754362638
52.56637121242379
-59.99167478131457
51.40677238131105
-164.52191342950286
107.47055574196088
212.6333885925868
69.88803344523383
230.22591830099412
-31.983938145112162
36.67048051553801
-56.742911175386716
36.6394825206018
36.390657360858384
233.30007588181664
13.878921433855412
157.57316842357793
-284.7692886874853
192.36779886887544
167.56749699818533
-127.09469677815116
-178.381724733651
171.33945659597728
122.45691458958063
212.0603827157264
-292.24830823406734
-110.97369963671382
-0.04028727090960693
-218.44716171201287
154.8530885285555
-206.43528338229257
-111.84825500861118
-11.4844987181486
-22.057740387629472
2.6764581769134232
-110.77867034399871
40.68779625083008
21.709037573829836
151.61346128864244
-189.87489296224862
-89.50073056464385
178.08236232532624
-116.63711585876713
84.568906815547
-143.50843290037133
-30.29071293804307
-45.15953667487465
274.25694303212816
5.969243091406932
-54.546103885566446
-417.8149784504089
3.999576126198198
-109.78759463896466
-316.57634302658136
94.8470411514131
95.44867943615473
37.45110879649563
-69.53173153292953
-5.178057522133918
-34.978785190077375
82.88234002737919
-79.24475806259613
-339.9149597551797
56.32914682559656
-265.61289667220996
60.93614652807059
-14.855816245532163
193.30059479820287
-188.42154817272868
237.7316484995437
16.156544714309508
-48.887835600726724
22.922853930658746
-102.95447977126618
-104.02019843348864
137.3898766856466
125.30924021982611
43.862113151724415
208.1051015312824
-136.1323879343364
-26.637363245861682
317.34308446239504
-84.5491131637478
-104.17607663141479
-185.03706982893905
-43.405450817619474
58.9799232641704
78.68782195131776
174.85679580219008
34.95893824747193
-92.78007615311661
-24.228518258583993
-17.307826383866818
19.60996538012536
-131.63958940637377
14.140837992128898
-101.58702972072672
41.32821414189079
-323.39712064467574
4.926243488460375
268.5200744832563
-117.14559261491294
-327.66218834856625
-216.48489508084268
-260.0200213654995
-2.548587698781998
8.724014370778525
83.22520826119946
-233.20241230083818
280.90595466143316
-145.45960507428285
-65.78150223780892
-84.3209434054454
23.13613982714104
-157.36527959427485
122.47140878321215
122.50695237119609
153.81904266095603
65.60295791371294
268.5633098298935
-47.465191762289
64.04413386023334
-66.94555328916705
-33.521992994166915
9.914361167013165
-338.18688761220847
-233.2987169953938
-100.36762308659422
-58.362297008311046
-178.65797262894156
117.97921532836948
229.6863427051535
-121.95674928365099
-318.12606015831466
-134.91435289653802
90.9317922195787
-61.5329137387984
-80.83524034896153
-73.37460826207985
-152.47812750465005
92.6398303498541
115.61570121004382
150.17622984183296
-77.17126557893897
136.13605713159373
121.22075222171424
202.81554121332405
158.55179887897495
65.95746855440537
238.4474659808301
50.39084127684859
45.2980784091975
134.19316687744467
71.24858017545522
-218.95304150802252
-28.543267457688565
279.37693664287866
343.18010611600636
426.9959950475203
228.3111824984827
379.14847042853586
-131.1212949857363
-31.292254849071647
46.36461974528722
208.53820901378998
-2.0150708486039424
261.32125236573376
-64.72102507780836
10.04645032096289
144.27662512481572
-13.81651762581494
-189.49911006181912
-33.77846953768544
301.3669081365588
191.82563854983871
-33.58673294372002
63.19048813569823
171.54720717947646
198.3700098346322
-9.56049879459512
-67.0883754788907
116.97827397709592
-110.51763182280966
-306.9906622559593
7.052577369385923
440.25314041349645
124.30520527632515
-86.84221247204691
-211.79940892728501
69.19443948589169
-130.75309519417078
-127.33778665441048
-177.5536501252221
21.174005689771768
349.2070603465834
-151.97409347027514
-129.47651834337648
54.28159266083601
-234.71699393107667
55.92230038752963
301.26836495134046
-17.892376492505818
-9.60844419077851
53.727383849437615
-20.687267671722072
88.18665122905038
-42.77478057499291
-343.6447120655051
-39.73582957736266
-18.132272512567965
-98.6271112313785
-28.031856571966305
-60.53319434474484
233.34708437701735
13.669259027918043
-46.42427492919559
-44.530417033020434
23.81303922882439
68.43882172488699
86.95364240189242
-54.38556006744275
-328.38196773876234
286.216434278964
200.43387224256549
237.69574780031212
312.0176363403229
-9.099085884976462
15.534114285355258
-89.81570850857312
-165.21144729495293
-16.62347187519656
-75.00116418457529
136.6977281919524
-73.88207526692389
-88.78770652012044
184.87149875821328
-191.47044535691273
50.28168715432893
32.18253206810047
-107.33027074606055
118.88971786029161
101.84627662225279
81.74291468694116
109.78763525424243
135.17567436109707
-43.8710372018146
-22.427342266949175
-27.07504301193339
-246.13075839001377
219.63783191024686
-201.75061115781904
306.0536369773479
-16.620095249776007
122.94958979572004
216.96548629629586
-73.12315350830876
-390.6508761148105
-59.171433639648214
-325.1303939439034
102.14548444169824
-304.86637929801765
-42.99647297410249
7.574568496572134
39.50533564671686
250.19495025156252
30.251807694637076
70.10074069781464
358.3128279606098
64.9780691734654
-67.61562709971602
-57.992859289350086
-39.96673353685863
-158.65806353971104
145.39378186590884
217.93286079423504
-22.84136078332929
-6.490524162035445
7.046452621122556
25.54154828045999
178.38188768599667
-147.22749711256617
186.84441233183836
-215.0430364785033
-136.2819814076701
-295.96435602986236
-86.71875065267797
-68.30788855424744
23.665719383287378
176.45055993573308
-66.22861099113766
76.08637705857845
69.14912721320441
105.63479872045693
143.17492677245704
-144.78889205047037
327.13641930160753
-47.42262427629767
-121.5078410801486
-27.74707471726496
-164.0942816935858
159.24365177737266
-98.66452166269454
45.6472134710084
-105.16061537812996
-294.01553362739753
285.44870365990687
21.95905447454275
-220.61936589337697
-197.3929143702648
-73.89579515976004
-54.25989245421934
-42.748279903286374
316.48337422995763
220.8455090880647
-19.884691194752
-37.31425191808132
-95.96284723873154
-79.88287159092954
-9.852978234558247
-241.42543819999875
3.3701033483520133
-127.75670483097463
64.68010994102494
65.29408767069319
134.09589592530293
25.830081518983064
-39.07543040692754
-16.062413119596112
10.975977442811043
96.8891436551573
-15.548317660638096
320.24615537374336
155.4253679693082
220.19419370311738
-384.4515238267705
123.32007977939111
-231.20351623776114
157.8333515561039
80.78440556807126
-26.726910437083593
42.93338367688898
-343.26030301756384
41.91961730333441
9.162500348668637
43.36439477748169
56.978889987203736
118.3514505782497
-1.9771607365368806
229.17489703410476
65.15378012389505
-29.324551991460037
-30.521765398486227
-184.72664484597848
203.15019322375065
184.6486128702852
107.63804420070578
140.06651741233358
36.2992303509012
34.09889247025264
16.1024826358411
-88.24574798194652
133.50435115601587
109.08842010359464
-243.14470598753192
-122.78662303265334
47.64426024487406
147.8944879967356
82.81887691398121
-43.918454511599265
199.70087996006356
-244.34347907812568
31.653699380127243
-249.4789984472367
-69.63687733134705
198.39546624645632
-1.4175741320745354
-339.8612868789956
194.96017159391468
-81.64581538794569
-7.044484177661265
246.18627434127555
-33.8544769310393
-64.47594920473354
-60.95932923972586
-186.32524516087642
-13.966559811258028
-56.989302095794514
-63.52299372347948
-107.5565697073546
-398.3075291478349
-254.72785278780484
121.36843513884169
106.63619376022434
31.35793515910322
-49.0129938369852
261.3139619217923
-90.00543051807738
49.08296451285875
-156.59397407471744
-23.954649150922243
-389.8759731321356
156.00432675812507
7.028512712233709
30.630085504267218
-67.43446407206113
268.4473458126983
88.26575581775617
156.51319739522248
-11.700358641287888
-3.320417536351469
-103.21987714139472
0.2539362183663556
252.28815489270647
-125.72961205959716
-225.22878404249062
39.784836365578066
-121.05069209717522
61.489244486945104
101.06195651590542
76.48679057336858
299.69039792715535
182.07614429862747
-10.536173972008603
55.18742253342089
-251.8914825754001
36.74584144092681
-200.2745833890272
8.289541615367233
206.10264024567334
-42.146189827595215
207.7856873460117
-150.2728597890405
128.65804979462277
28.260029675047114
-26.82261282752397
190.3313131931278
22.951089678389422
275.82259325698163
75.50245097678066
30.41305315853134
-100.26940208936885
-98.26887333923929
51.70823778101405
-131.77329709783976
-35.68833553723593
6.500180002037056
276.23238787849823
28.62871551466251
-15.253408904000029
105.17999616073352
-252.5313723282211
-6.151661894993873
7.949972608870567
195.46011252031496
-245.86403695571113
138.9515644150744
146.1998910228306
-294.5076311924509
152.24209972006528
79.44598371586169
-256.89191955658356
143.0356654646865
-60.05407545884353
-178.14987986890307
182.081515240944
93.88581327613372
52.104609877526464
47.23869832941548
224.3944109953916
-110.76123832836404
193.09866886192407
262.4813733503247
-164.4218232177822
-157.7661008104896
-200.73178821136568
69.60689607892188
-114.55509571927853
373.77746223338005
87.7595720189713
-288.2052861632845
-163.3581339180298
76.86499240724744
-128.56442832045443
-16.874092630420805
41.70067787641997
117.66800943118795
154.20747391388872
94.56237499052675
-232.1118468392877
64.00873522098806
-244.09765788370981
-5.684784889086588
-156.5803230533965
26.473533675546797
1.9338466893062725
133.30940350691992
64.45823007774094
260.6256865610036
77.4061802852966
30.33207123959017
30.869695361037323
130.35357319564736
6.046608344215722
86.1825789827353
142.01425240513484
205.25483818133387
-181.55004126895173
-155.93232177027605
-179.2477246702959
-203.99047614822092
-341.3766807079616
38.756982243665746
139.7626914414421
-284.89591300532703
-17.099493035032868
109.41401012658541
-108.34340318603441
-80.20907826011013
-212.9718034452422
-51.18855957650395
-94.32598376454249
162.7521413279757
255.16315199865772
261.07558393646235
237.48380277931716
30.546770864594173
-81.76901971877713
75.77197431381515
-148.8370289154846
-47.493678763110246
60.06997224635226
282.981132715028
12.422269113804152
106.06799361890918
-21.52239981469183
-42.277255498813474
-7.152928152343078
48.05807201130707
-210.53103402279052
72.27613843487723
97.49332968809357
299.34260858559094
-191.99136279652797
-286.03045169485614
128.81777864863116
31.549249542571026
-13.301984813372341
162.40480026601824
94.49084073901562
-63.1783298146022
95.61367162694941
47.09927303875424
86.49871078182166
23.837277543252345
-93.43041180879675
-86.71166297433886
-35.074111647930756
90.35597702222542
155.28858329086418
111.57018762521984
-254.1529969912636
305.36779726715326
-327.73316361014247
-70.88419345445085
-135.87546609957252
3.4389495292194163
-99.34003343542149
286.11676541784243
-180.7372564874835
115.40931169650933
85.22130916946176
-134.7765007054495
29.990829553429073
96.26204242716747
-215.28083030742027
166.11505601870547
6.217943019755548
32.84151625796578
63.56836315472435
-16.768004899166463
9.574033539806942
-392.31646077057303
-170.98438240258463
54.81479390112781
-75.77923270072587
-124.27663296895986
-101.88589042626357
-166.08009270729792
159.50182078402543
-199.41032379823224
-27.04945492715279
-118.22730313264913
35.41529455739806
-63.73178567168973
120.36247953813164
17.769398928318765
-26.380437868403288
190.07139901387677
-123.32727228924007
-136.42911904095854
47.30928903940688
-217.22541526887397
13.525589081762819
-207.3257608314472
-175.2232832677113
-162.69009358605837
139.57340835173264
17.252718885319183
-132.63071968364162
-40.78711833493405
55.89419828891443
-4.5766670385718475
-112.48353424024067
160.19752811166245
-3.68854480867787
-98.05924530168477
28.493729749070365
131.6654817415353
244.26994365458583
-54.60305599196128
19.36720713825624
113.56028603213733
48.53236916693843
-52.62810751683574
-183.33311566883734
-314.4100233644035
-348.98355582487585
-72.48097798336813
-169.20453402790204
-105.77319521119033
-28.940675183031114
-206.21568718194192
451.6148501595736
-97.40401997425118
160.58046895709612
-360.44957155880957
-417.7023568157169
55.707692023938506
25.511617110273242
-61.028513146476755
373.78347763500614
172.14416928478698
185.16675135145897
-22.557010538089827
30.764522898572306
61.72697648199077
68.84670819028
58.36137076149457
68.93598859677725
249.0099410198464
59.79481216946513
269.128358727008
-40.503902527232725
-101.06543987280807
170.8230547836795
-49.65070191607094
