-99.31997226158711
-29.370768348940576
-24.019143599547967
-36.638124064459326
-199.461976501831
-286.01696541860457
-28.514238239226728
97.31212220914107
-91.20248278001665
94.95434264575204
63.06665811444098
-230.2998399042198
140.5419670403211
37.27696419347771
229.06374121882186
13.028064295012353
-176.63845564280442
77.97627115886414
-87.24453837022963
138.41398233307947
-307.6359154885081
129.11401234963628
-14.13336375863375
-61.63769530411641
-89.17770839722165
119.67154494375794
-26.05144833544577
-10.719958601502043
-116.07068968848522
151.6972301504117
-17.664007180971698
-132.62809957865875
-200.5921257414582
107.52645339828953
-258.5450059065422
55.831495439344465
-138.99743198821946
-52.05012843443439
99.88927639267743
-109.06630588591811
-102.36980100811464
75.60906783064549
-145.13890399030598
-12.792968348482466
-176.60917060200416
40.83712782286754
114.66526048315924
119.70674654090809
-184.261923423319
60.24278067684513
78.50889360711886
-14.829576203533561
-15.027941306560768
-90.54228745402068
-39.96690369645386
-238.94391533915316
114.92940403405979
-29.96236252437267
114.71752192879524
-3.060841745709358
94.3746248331716
-1.0962753950561035
-44.47813580412121
-45.97482587197072
243.58077954432406
-15.56397983450241
-15.665483394663958
-118.92059067357461
-4.82924531116095
-80.57974747121001
-11.655523859596302
-38.21343032817499
73.68113155384692
-65.66773416912449
3.9068302345409087
131.50044824292917
168.37283484334208
-202.0783118329651
8.801811746381762
-72.29327552971172
134.54211177819377
-11.418502950109533
98.53738080254297
91.01797770474306
31.642841850179884
-119.10770697878705
89.58192699393362
8.260990786177354
-159.13807519754513
136.0314283973214
86.2374142615863
102.96925897373745
-16.519073131035253
98.68595536781459
142.68381200901365
151.91691951563845
107.06979823297787
40.85766787350849
-29.554888079283067
-104.24937342707616
121.23440552304154
24.80185508028799
67.41696726528083
-45.830020268188
9.786013775217516
-34.796866060451094
-123.01231639800498
4.90867310865479
23.676027215001117
93.89749033546809
21.21479929946145
-1.7413620577134
123.28743582539776
46.127214436637374
-39.092661206506314
168.38075319769126
105.73417006548355
-20.200004674768255
157.36486524048726
91.42111024004267
-22.507867231195604
286.65831136505136
15.77668317650302
99.46210136619932
-112.21452836362312
59.123543893829236
1.0615417353535768
-50.334125754194744
-207.5431489355809
-57.81417178943057
-277.8613370147758
264.84655180699366
-51.43256610456619
-179.1032271116992
-74.99036893176519
-32.34226429986903
-127.15106345203591
2.3116696257976654
204.97158624535794
5.783210352032836
-114.67364141845968
-159.98062398790148
128.59012672810562
61.640371044744626
-460.1772408608485
-42.964891390798044
-247.41787610917098
19.644502638195238
-235.72679018620127
-79.02765438526072
210.84734540026113
37.911260819317796
-116.76632721038247
-172.94894159032242
15.977025643210434
64.75135187104863
-10.71570939102886
82.84532226136409
-62.18321785658761
36.464928863012396
-128.09857750879397
155.16578206541257
-83.18919607443603
-46.046057656456824
123.73080422898258
-22.99590004566586
-118.04377302629787
304.05423755453205
52.33786816661418
44.72231225587831
36.31344208225846
-51.20777225392136
-30.217779830083725
-230.34263234576616
-22.874653165759515
152.9210816982689
-187.64946286675212
-112.96178687687949
77.64516847962521
-93.81852438577577
-69.30212819269954
-106.84829250703613
114.73619073115363
-29.996206033237073
113.38495941902146
239.8513845944672
76.72889606145088
-16.257161270257562
37.04552383040297
-101.4856534126662
80.09198378558261
-132.80513214652254
79.7196735233857
-68.88972130806353
-59.90786676917775
78.99797502408805
101.64469353562626
130.27617764273515
-64.65838330099743
-23.978932961723434
151.26381697239054
8.937015572118975
-11.146094646213292
347.21956264278055
-287.04734783167794
106.61716208842186
207.31131885341708
81.44523896129871
-21.20279187210949
-157.75374874088885
-252.85501164335122
167.8374549790743
136.21844630648246
179.84818847155773
-268.48312034951226
-56.65735912275082
152.11948152556607
-43.61329039217294
-4.232664740366985
135.99844997621497
-14.407900112382343
-184.73922900895673
-30.773557551365734
1.9800359640267529
48.94990531667157
204.1087384687959
-48.83866356971183
-69.2690907599651
106.05606928838048
-49.05073459048343
0.6411855862662359
92.47369964432501
131.59948753441356
-42.88306902711372
-31.800509955457414
30.54244859333439
-37.87748732873698
129.02717784680752
73.3596235434544
50.77493836082983
-43.147279606347965
163.84926048265416
-225.25887518788787
-146.85322577003046
-118.75238457859348
201.6715693710344
-34.7934859736308
-191.14151442917571
36.5260534767763
5.037369050521479
36.45478455492575
-1.2342065512206035
48.025707743459094
78.40232080103534
-60.319873199887006
-19.30750313142277
-89.59601055363456
255.95722381477228
-178.0321430106956
-52.62889284073426
63.52447357116841
139.2938653258296
-131.67207868320932
66.97075147491479
-89.7337714393004
-113.22333920185261
-233.14077510255058
167.84005875469998
143.71724018454614
30.739380265401394
-126.42359094263998
88.17840233647004
101.9586494516812
220.46692729818784
-150.95047272554856
89.88009838243552
-180.8386578401302
95.96925360428499
-139.7700393760395
-8.358249487268655
-204.72975555315125
-103.32457384024178
-121.90380225456929
-11.101736279146138
-81.8343586105861
-3.5170150117790673
55.7430657975
-3.004365460456023
-110.39655663431985
125.7046619560641
33.84921086594255
35.94347208886598
108.69718641979263
82.25819429361567
-142.03808569404535
86.10206606596574
1.4774049870006798
-349.2501002924104
173.93351992643466
-50.53584116326985
179.81594243591638
-62.09275061914633
-195.75996981419726
-70.04531304023452
262.28631007473587
1.9968255793575223
58.68524566750863
93.76494832678742
77.03770260226361
30.448435297577173
-101.6457994166511
-126.73662405907565
-147.31921850333495
-101.37456126286422
-99.47876035119555
-188.00657273344754
-138.38518852297065
-67.92585076522988
-142.49610975223268
54.3089716513115
73.63164260174428
23.00559305609013
108.24470426388372
-44.05512854161118
18.216053833489674
169.31914868771932
330.7106329816961
-94.52591739666659
37.0970965290899
-44.034291407594985
-267.76403034676474
193.518353140106
224.05476703683905
62.98904983803956
-40.16092911948718
240.12840460039098
-98.53417758074819
188.9780825562174
100.96337415887182
-75.38550193646199
-45.6484850888031
-51.905541144982095
47.98229510349696
-121.12005654243956
104.44197086410149
-101.38015623358261
-25.551921703337655
-96.7566821658788
17.4669755262382
-35.90033958705422
-200.35719779969537
-5.152060162868164
-84.59106181974515
-81.93160756906285
-29.85903865061431
-40.13698431386314
-133.0230761499605
-212.729545462865
57.903485300464254
77.08745803884969
273.5025380604252
-18.002428244538336
28.32564209641994
192.40851944608806
171.78638413519118
-137.19386231168343
-67.90874245811983
-45.30683188472797
-152.4435388432209
86.82709918572154
7.635884691619637
-56.15031828171321
-25.3014431397873
174.0730134697782
-221.12863807470202
-107.34918512590171
64.08079323948684
-26.100639902728826
-43.64120408966987
-349.9831290344961
-188.92202284082867
102.45272702948778
-125.42820363294271
98.79657691518297
-91.3179577459743
-42.96975747623739
84.10404646600799
-153.31989301130278
-82.19057219506435
187.36715794034862
55.51701695193107
22.907592014962443
-74.4815451695443
104.41232629712715
275.57085124636586
219.3834254304977
50.73306890561931
20.139640335155995
74.47506294358365
-89.8284334421152
132.63335268750924
-187.07886759980013
-49.606478453978696
-4.285885424180723
-213.58988969166361
105.15052636476729
-32.146331130452964
-23.4102396846887
-236.08553677636323
-97.7523701683473
-173.67979877873498
146.23209283526722
-60.379716972426586
88.79211968474034
-154.75014245364082
-66.1570545812014
71.74865702431673
-71.66372759450692
-151.828129384767
212.6198158370703
97.70269893346189
-32.907227479583675
48.20822182036105
154.03558292097148
147.9071179276615
28.02197164253689
11.336447411173541
12.242501157131535
-7.065420831552627
-120.76915849894358
-50.43778868083055
-128.12393739312054
79.77245190384785
183.88713539762904
0.9791556908717184
-143.01021089766587
-289.37735229450493
48.85019520675917
-195.6264633591913
137.49984455493563
133.89405013464324
-250.69740206606969
-109.53287668709837
141.73501723420864
194.59718714403803
25.018554770548114
118.61544924573556
-23.97848733155149
106.06368876729647
-267.75775038413843
-154.938620162547
18.097593930649634
11.88004713891127
78.11211638476675
20.875554073552383
-15.254777023842063
103.86684390740112
122.51484029735471
-182.39443229614997
0.0059776254139158325
43.24157149564359
232.00203337418787
-98.92929004709556
13.607427786811193
-75.47668894876438
77.03547261087496
133.656484675279
-163.63748451748248
-196.28960529258995
58.43429035375647
-263.1325136582642
-119.48996244439991
174.56288247135524
-46.91011558893372
39.573667626332885
-79.77173558801964
-162.023823364604
125.73754961155473
125.9640216269292
-62.05110528072649
-128.70806838884945
-134.84032098643746
-41.807217019496264
-23.94011913194022
420.64562355193067
7.241611879886013
71.49073864300983
79.40614234284088
-98.27968147186685
-83.9330954759961
-2.393777641740375
52.52074212883191
-41.08483037803758
76.84248391564239
-2.603318155134055
31.891215605659266
-107.1104754806419
-65.61968042011343
-29.90952407974844
-67.30800397828231
-61.55908194953957
49.41512536867595
184.21996640740124
-39.7502482732931
259.34426942373466
15.114244035277718
46.24894803180733
-306.0374124421335
-197.93627131527077
-34.95426284621539
-10.259934814331938
-62.193300296123375
87.26238500489103
207.91681626960906
-5.9891881971241725
23.149140170726568
-89.91877864641603
-12.488504375461707
150.66608099428873
-39.14455759314644
137.2362323513962
-169.70125119640028
62.76320882390682
18.903933666594973
-21.008170329718403
78.97139808616723
-238.38101725128885
-219.15308242918223
117.94791003324244
167.25920942254785
-119.75472740697046
-82.44697189423486
-58.51651494417532
355.94680994862256
162.9132415117204
-237.7563697882377
71.0420154215041
101.65735557865995
62.130863399125545
101.5850070287518
-212.64724879635696
-38.20395816508415
289.7865262448436
34.573476944086394
119.47624032055515
69.21440865088469
-124.59586602116124
-144.82415027523345
25.446497521055576
57.13803339626828
-156.32843740137258
-31.401651234330437
153.5805393579188
110.4520979543458
-123.1423085185837
145.6574107983456
56.63839523691625
-77.94757238228493
102.06708580711366
243.07018372289622
230.0646560684502
1.1276420897716712
128.43523906997763
70.20261170613362
143.53990959886877
-101.42382093036875
79.52210667609644
-87.4931383361621
77.52055713739108
-101.50818673248064
120.53947447175811
9.525156903962763
74.93716238557585
-65.55410691627642
95.34503473145591
-38.84647481730581
80.77093130357044
99.56666714858667
64.08507051733267
136.4184290128685
-8.787071660874062
-44.65423124255663
120.86016712341271
-70.60918015393956
102.7088123547623
0.6242556573234226
170.71954005492404
-139.5957752438543
-141.06431889602717
-68.047369151937
142.08225278694843
-33.656424862927864
96.26917018241343
361.0216859673221
-70.29580659592652
-26.205432228810913
-84.4936719969626
165.99758089073927
-104.87540427517561
0.6263663018905398
-94.2444879850999
-26.20336024406435
-211.07923976879286
20.8309087807897
-163.9005949125478
-75.80241613528362
32.009053792554695
-14.049547596737472
-47.953333271253506
-161.42574035532
46.63743381263189
154.1634521419822
-103.21785442491915
-9.768465660862585
143.8798024852576
-89.85901683973456
-50.64606883644329
-12.458636093156276
105.44384102264469
66.41532884865377
-26.605657640896617
-76.96961768612677
38.050913041067346
-54.60339192554888
35.194799130283386
-6.6609144554391735
97.13958793680054
24.53168310542407
61.140277715401474
93.32538159769027
-154.90380787413156
164.26641731572184
-185.98271507079272
179.08578515391162
42.976294836915216
-173.63008111041273
5.3326261835174265
-331.14835415120507
-16.79439403142511
83.77778654823611
-54.690849106235184
-118.2930143819054
211.06587200639265
-70.52937396495295
49.91600314776338
-39.787959481661716
-161.29426172147353
175.79467430329402
73.05057081365153
-77.52920573055304
-71.20857389508335
-62.32561203345132
-163.00149513813076
68.23393197452621
31.31437062341596
209.5955287263363
-110.31481142938576
92.36316204486316
123.83864875742583
27.169589873487432
29.02384580550447
-153.4589645053588
-97.93934058254062
-152.79910112297463
133.3752902900274
21.153407245833165
29.922193410881505
184.1152598489205
60.832466975634986
-1.6715012805359297
107.81281341638201
1.215894059174755
-195.9004111827255
226.2498315054554
118.00199237026834
106.09285898324566
113.02509973131072
-58.51181593334638
12.24997242415898
-71.34245281361113
-94.9413375294685
-151.9315318430504
150.3575427424044
12.03076374408101
4.861148977969639
43.17644397960281
311.509689398844
-19.228683505596962
98.62196711531739
-346.84422746811026
-46.92410054255772
74.51852540942593
-9.336447046553614
45.17128293544888
228.02156571407082
8.337554348655726
86.04435691022479
-161.10389729269667
-121.44063137273763
-24.7535816268751
219.4887626357783
-51.55885612764523
-107.37058876606386
-62.04866499423681
-47.67427663963565
-127.80096543136158
-89.75200878152793
11.553212087251913
61.69536005730135
56.03558558176599
116.18695621989163
160.61233967787368
10.827663924557749
55.27887947308184
90.8703898117822
157.40440653245298
-18.462854767126156
-4.84994648950111
5.513847721550602
-109.36625890504313
33.206749658079154
96.38363910544305
20.845079331744788
-105.10484817882883
-54.15932836064172
-49.23725148693505
-60.39260731439502
-34.604778636895006
118.37785811783284
144.7024386896752
-169.14114498102325
107.75801012621748
-76.04622976158507
19.933069829673638
125.97883088804375
256.277879413351
171.98531740298256
-334.0848514901696
-93.11360330345292
-331.6118708350794
127.87139622235019
-97.34049492180266
-139.08018998012585
-129.1751959854238
134.08588588820925
-270.05309322435704
22.72950244597554
144.9106895973593
7.408675843403379
26.879980967962933
-111.72915205954989
-8.098646545020651
109.55099368316489
11.251352092052464
-75.45406885598884
148.12489188547082
9.789273576225302
-104.09689021980753
-11.13495686654148
-179.7291841647333
141.97339554148914
126.30993801053981
-64.50360169419471
-48.838262917948455
46.85774601003611
-89.70050965443679
-153.1943595395499
-311.2715397730381
199.6018588847417
193.95217001086203
-65.41636290868469
280.3922578853444
17.38720603059659
55.479505917196605
202.62854576539593
-93.23030352254422
307.55246173954845
81.31315318044268
-3.2136573293938007
66.99901931685753
-34.571863184809835
7.88235359955422
121.72714173657394
235.00173326955544
147.0884580101834
-53.51566640633449
41.15319135123653
-24.319517800016236
50.54675175386823
44.45712050642432
26.123851521912087
-80.31096394123551
14.940895134026785
98.39158132136033
16.739406737347043
78.85369988735458
134.0494883797467
-97.70519845538811
87.80651461529818
16.915698652564917
187.74905429585039
143.88348467994223
12.556410243923125
-214.15088702922904
-157.14264115343292
-151.94626133449174
-227.92554061320234
35.26527170861596
33.989662144286626
289.88594983011563
-33.216649373925755
151.19380388026713
53.05537733654937
196.14948187857908
-39.940885896718335
-42.7756164602083
26.075028751191166
-20.748332566046845
-208.06192707777603
-106.48776346347793
163.98374567557042
-34.666562903143735
127.2537307673858
-11.034690128029554
66.27268899420713
155.83248567109712
93.56228196298022
-82.84198168349477
113.25086739272042
49.47593826030028
-98.16323077378529
-50.04924930645945
-12.024181334406663
78.83648427796925
-18.642891451318697
200.80146626058416
112.78456371213794
-44.894567227405496
-24.727572454727394
193.67993323476475
-279.85860244982155
166.2299331176517
135.25788630900396
254.48060903895228
134.42733775108542
152.60993544005652
92.72934962918083
-10.960396974397042
-44.51077826504828
49.828218979742296
27.66215031746446
-235.017029211341
59.68193799396879
1.078203212043354
19.063635128584863
-27.449282592625604
15.131401440409936
18.95185726776701
66.20309439646965
-21.13268911699878
-83.5094017032998
136.18334280844158
64.58771422671747
-188.7231989527779
145.088300554956
-55.32332870237389
-4.649002173564059
-63.7953455879112
-138.6026577008526
-36.311076100375075
-133.37194378378115
-79.05338277731936
57.986882931193804
-328.9813511076615
-159.90139075882
35.35197666495361
-62.407353843389274
87.10403072355406
44.86084319406558
84.25960087753101
-40.45363472429155
84.0487060249128
2.6947230540656006
18.35442012766797
-245.0367415276649
-189.10606568435406
-21.445672486143142
-10.328956055483381
-66.38922019084285
59.522343075639654
-108.54717393888407
206.68443082063635
-4.667005349229486
25.796722354529948
-12.722134398709759
-74.61741144439038
161.8299695064615
-194.81053780812803
11.202442036263497
16.713796385399352
216.78402464074142
-32.60821183302962
-73.4671048178099
9.164113547023007
-16.929334769368342
-0.7666612386915692
156.84296035927778
89.64251524231929
131.28165218355818
-174.22217380092079
159.18675983923546
14.979980563942613
-186.28390982634113
44.55421277278409
-187.8797168134817
49.92838295934067
-139.48250209741815
-77.7937860359511
-140.77350332716733
380.81029123697624
210.47017677888397
-51.31327767344621
-107.50581109258209
102.372737052214
31.4421703724449
-3.425771637948139
-85.9219466269706
-36.80137526517085
148.77783710185088
15.78522418531987
168.19331993541496
257.22874838948724
46.562763227571814
-142.62471607342198
68.33748592052925
180.58672428947978
-96.78056165240828
159.23781336499925
179.1157806576073
135.65879699814658
-65.04989780678899
27.11445382364142
26.76882227738272
-68.67755401265457
-83.33108997030229
-207.05613772518788
100.48383770101397
-55.72768324795042
43.75239291765229
-42.248736327076756
-112.5492697603733
186.99051623262883
28.04638290034445
-57.19864341337882
-83.02322210080632
-42.54365085279765
-224.74446779595348
101.154150116318
-175.70514726282582
-74.24803482302151
51.464378417062754
-4.868933922785767
-20.379996571095738
48.39729188118342
-110.8788761554936
14.011241215402888
98.29269742146597
-83.98154056245245
58.74630139018488
114.74381869288797
-25.6829947602961
131.27943984501084
-171.93778871666447
49.359156598728035
-32.239891983446945
75.9384504223373
202.4541394455711
-310.88022525722556
48.395365394636066
198.5513721739216
120.77475867315832
-58.99725099396892
36.098407402108315
-168.01578844171488
49.838229332108476
206.7759094382521
-88.0890145077897
13.005480957271724
-28.762297266511975
-180.90597131097988
-5.756234591610166
-41.92686557296088
196.09559624564744
101.8428559238031
27.447085346201487
11.362626981505345
-247.88008496918656
67.06732384472856
-93.88076420724852
-123.22854219245394
