-50.72215653615184
31.869225156276944
-39.48672241389667
21.42412990331422
-234.66748646920138
-399.2252946615637
-2.799813024745056
146.43162812402758
23.166540599535267
85.2302949325684
46.225339479793206
-302.1620035665587
176.63519405348575
-4.570818163411369
129.80386299208416
30.083732262638943
-202.8245923534983
100.14114679582553
-196.76596663175164
134.3188551394145
-367.95011930534963
205.83731379234277
-91.67276163613691
-34.68975771431114
-83.24339766683468
179.0265626502992
26.606068730799546
42.187906797562334
-82.05336322691137
138.13441856763086
-38.86295635308966
-60.91940442162283
-272.77723216802985
83.78848916163932
-255.8096529865906
121.3764112411726
-174.01584377385393
-134.6289329848942
64.57744138460956
-96.58859818457952
-102.56575987366658
134.24614094139008
-141.29226019462294
58.324732520460564
-227.0770819643737
76.36865614843984
100.96618884251117
109.87659781077782
-209.34434387851866
117.67823892891738
148.78665139112866
-100.95704794743826
-36.02422019799053
-88.638949924821
1.9098997619708422
-289.1442650675891
133.55411251572767
-136.22820299922043
101.6955970475834
-67.73869200614917
201.35945725242598
64.21678194048502
-63.0724958819502
10.521553857280376
280.7853912779445
-62.64690036792962
-108.36090199547499
-188.61638807836601
-13.75984234601226
-165.66679067241733
37.93932836217074
63.82037145532972
62.72151969452774
-100.76338203451608
11.767100602177807
35.65939268025079
186.17611447786237
-249.5641703268529
11.357157160839858
-107.06360261328238
225.3721928198892
-53.8663373409449
196.0147103771984
119.42524169081155
26.188307404283584
31.534183560909742
15.612222954764993
-107.72637169858768
-179.05035164800114
133.5026119911489
151.8867373422961
3.8915244489807495
-9.218362912928324
41.50749649253441
162.74389288662186
105.35103917212317
124.58955252192864
13.050467356270143
-47.237622010765264
-54.48569901395088
120.10257107378428
67.21350181420962
58.74645564845138
20.855778304248204
-10.07510954854237
-190.0150254849005
-200.80260969520236
-99.79978808494708
-14.493454733708111
172.61581595326814
11.300557074566592
-107.80920277509576
138.2211914968916
-61.09294607995969
-14.989476799750578
-6.684637073895226
181.9816918964335
-20.70874722102593
127.63250347824604
109.2004081999043
-70.36753906201463
352.3321567277673
-207.43023913846207
159.30526464729064
-187.981832556709
38.2364749898744
19.28272214823101
51.974170447912826
-98.95305800082048
-156.10256663894262
-285.1797683430455
231.25737358491133
-37.37311936849477
-212.6417891526928
-194.27929910079928
-4.161800079317467
-141.22335641135166
-14.219012172991178
287.86335258962
44.662900778648506
-14.723932188893768
-148.90750682348494
191.0216047159483
63.43136346541533
-388.7441598801247
-125.3855850498158
-216.9129541191485
35.827369810895625
-215.96531892655315
-34.11352325912231
137.7867015618998
232.35972510097304
-14.27068112929249
-219.63696808168535
0.7147314000950361
94.53844202588007
57.54210158779192
90.19138616203713
-91.48977437532058
59.89575063513598
-88.85891865641125
300.0654468708079
-94.58247753109237
-62.99603810471491
67.69812804607437
16.3029951209828
-47.761093676204545
328.59543808032134
-65.65411172007855
22.225038061306996
97.15326087480987
20.046416704858213
-100.86242070758583
-145.1557074507473
-58.93192260461612
154.40852853242222
-169.7576205211318
-88.18493919272736
-7.717310849738268
-104.2651276295101
-41.05884737873338
-6.6672714029352775
132.82506705350366
138.0168136673423
18.73394623559893
306.1606857382735
-53.27034111412521
-5.3862550716022835
57.01292466078936
-99.60728142829404
43.67234594863472
-113.17504342837425
158.66695686087675
-149.98807213980163
64.28243353763386
77.1947635702386
132.8501077390675
63.161694602561326
-74.29322175184457
8.713572007150555
312.3471836235542
-28.117645308391303
77.56930174078303
288.0125885639211
-195.64089937596225
140.04686885886304
255.71700221839842
161.75745444201067
27.86921428694034
-127.68357914250754
-217.66402311203547
213.7098641499826
158.29147604954196
303.0199850819851
-132.66329051145678
-51.407852488968615
158.83657253280836
-99.68732317521957
35.21336848143734
112.93167642689541
-12.399966182067086
-207.1733539460967
30.502974974096933
166.67007717980246
83.32810909835226
161.8646372633888
-120.1593039946066
-181.54809326399803
162.82032559590186
-80.86231576242952
173.54202883851946
21.648301937889645
86.8185275205146
80.70504987393413
-267.80816222582575
58.417782791216176
-181.86389025861163
240.29436735764713
62.448876362034376
143.09588589177227
-76.73435926191398
78.74508564555202
-145.52676545440522
-231.05113423663303
-166.37501846981237
203.6940489405359
-27.910384559185378
-180.79902848037014
83.89483061741194
17.844707619919877
-62.295118082373
-30.822165260564745
-3.622128776152021
114.6296770469764
77.5301719191392
-43.39023840595242
-96.37196026931578
240.12558734387025
-167.46577263306338
-90.53509814593296
54.76394397064729
80.22828046792668
-149.02268210822527
56.66662557842805
-8.49327700252218
-46.910970478346734
-235.4914350045614
183.06868106754277
142.61605999555684
-20.238231198125817
-113.86257253356335
43.768548395884906
75.53959999525384
128.67720096158885
-125.78800776449697
23.660982779807767
-147.82815600614157
151.17093878096253
-173.39585099945987
19.432445654195757
-175.0751534319546
-55.48307847725362
-118.11879607564006
-68.03247067786839
-54.41977601950185
2.658641606456664
55.614621020779374
-27.096192146338737
-152.57496520143903
164.71972650495738
28.40302788041082
-41.01596438155492
124.00680415012881
22.850904439119237
-282.2109889344426
17.171924238507106
-87.94245839637234
-347.1052744490686
200.6359236542802
-63.839663711961464
144.86375499055146
-166.8274303393416
-177.75201258953308
-13.538498248490413
204.3769891386413
-14.55125708925688
28.336608812588384
101.8910875911618
57.23822585677686
91.4216022223617
-61.69027283952874
-35.49274084046388
-64.04516424119927
-110.15937657760558
-208.42702074390962
-237.20106403748716
-110.58002303020213
186.71542251135998
-65.9819494598511
7.896412508362516
40.41756720356983
-54.9175159853785
-29.788580924061232
-60.05014615479811
69.10633981390602
160.6799678215106
310.04933975415986
-76.99907218595867
53.43111579517395
63.8054140854207
-294.7172385627729
245.2058799915564
179.84111789156097
87.3659216782656
-51.27517319005889
299.6393416312158
-64.73161458182459
173.13985529573702
10.978140016592606
-2.9495127890665316
-90.68350140367689
-27.332094327845606
-21.561083001705335
-82.07620754462633
143.7017220203535
-114.4271995481855
56.40217011999243
-48.74645244849957
55.00281291437956
18.996895054261763
-143.3355031023403
105.29150576830506
-164.10917234483415
-18.843246613611647
-76.10656141291717
-50.241154382259595
-99.708133411591
-205.480919043314
109.49351326385505
27.299382156255525
308.42524140944454
66.57745002612104
16.567841179457236
303.7832566935562
174.40549368808865
-204.28956945045113
-117.40132849282179
-98.67572943504584
-92.41190991748263
94.5472884908502
5.105015143062594
-24.85706385763424
-37.59330277269222
227.77761170644928
-256.3753926285076
-65.61093957501795
12.274805522763511
-25.779366461479558
-114.18963517836089
-434.1209550674113
-126.55521976777773
-9.311394173378648
-72.10343017277289
147.9544339665817
-112.26948358467453
-70.89759099426057
166.98688367972616
-49.60702769228728
-23.6290155228353
128.6212584006412
31.530033155375808
72.90852963264136
-134.69160775510346
33.41182788519564
298.17951453061823
116.49697885595741
9.082415176125506
8.13407527127578
79.14089020454432
-117.59634009796818
62.93366493761244
-272.7367501518655
68.51494344899159
-57.377781622826525
-242.60562621022407
204.3645352377047
-1.6759369976305205
-84.61124123313516
-245.25476016940053
-157.42903915918342
-268.7378339346158
218.18281146931264
-149.97606690958744
9.354400449588717
-73.49436297652615
-256.82776961218804
7.335490701003561
-129.66929962325435
-300.8102924928223
172.35834492002448
79.74932836333869
-119.51358854654349
30.451276809560344
159.94712465572104
220.4999375354549
-31.35025439878622
-37.33628988089593
64.82676633910086
23.848612800090475
-69.93899715524077
-32.28740334426125
-215.74823891108935
196.47854670298437
124.90985932492046
88.80851072336633
-137.01139452451164
-346.0057568840398
-64.82485619774002
-198.515516806802
112.93067788723664
25.822854749859417
-229.76388766233373
-159.37557101411514
177.48997257416437
245.25822430849638
35.44581878761763
66.95964181092593
-10.068616513009996
49.42130585463637
-286.79260160334644
-125.9560030252501
111.0633155253722
-40.375284908556566
168.56535041980035
49.470100954101646
-24.127849982177
64.95470443405344
89.69328516792199
-167.44426416125089
168.87642183801256
-14.445671393063662
161.41142903565236
-116.826738073731
-27.45827950005284
-89.7343599373705
30.47808292197288
61.369813665164514
-51.83934697095196
-215.40849745623967
87.07970212923699
-360.8321112579597
1.6945896541657546
200.98209390911668
-79.97408983620842
6.752987412981435
-20.227915752281874
-94.42789632334457
72.85817698895548
39.77306012880398
0.4230268840033906
-0.09361435606082572
-210.68634379043345
-112.51469894527564
-10.006043639109318
278.2509846912273
-49.46790218534439
122.84058712387147
124.88687799611115
-156.65804178198428
-55.18317723283771
-12.231327365323928
44.880944382777024
-114.57987437692613
77.3832244527357
2.959850669352025
58.85547659600714
-102.7995074328936
-54.458910103328826
-52.05630349500001
-87.36969527108926
-139.3300277027978
-30.042455204938882
221.82592899685568
-11.946269327592415
322.69173022914094
51.71574150155706
42.355025544735035
-410.5163738439931
-242.81098863371176
-13.542645376778612
-49.53909897175808
-93.97750109771609
45.52259332031538
167.57950020861102
50.082557155965404
17.709011534401046
-56.95101453988744
42.054343098382645
88.82686352266607
-9.761043181830686
151.46382875101523
-57.74451077254905
-7.943925551630776
23.998650310061336
-19.84281364323522
68.93303529829284
-82.03845300817453
-227.3199848425491
39.333535162077276
188.88598572597633
-92.61842771842831
-68.3548690099975
-102.05796447221026
169.93930013484953
98.44410592050691
-353.28079101035877
94.19435200517421
-13.068374912988125
139.19402647982957
70.59531005714653
-209.5482028227414
-18.913988702077972
214.49272070027828
-6.874009341252528
106.997455825492
95.9876772147512
-273.14864583481744
-169.00607223924678
-50.889196328016354
90.05982107692664
-65.88633062352578
122.46269777276379
280.2203787211195
100.57116804493815
-107.47118216316285
260.9774760922133
-31.942061108610744
-80.73789575311142
106.81524232431629
163.69882893444012
197.8150755726201
22.47965349639025
79.13455569280569
104.37423955626002
98.16911556290924
-157.768003020315
76.02349548724855
-75.77323573700536
99.74410307543829
-115.96391633781863
165.49172844908912
-141.99241102969538
-34.630845616656316
-145.3837178913635
151.3721172279484
-86.16673210769169
108.02700973330144
164.06565725492297
43.3232725543544
131.29422190961273
-4.101318192557703
-7.292674466145544
38.762707440562686
-51.33795800198176
75.65698042137345
0.4539465751200451
112.27151168105846
-37.56640991431407
-187.87299214947396
-127.08780629436353
146.51207890377225
-30.923954247898035
28.784110840344354
414.6288750390561
-147.470715777266
-44.78072394325565
-84.7852748454306
139.59884892480355
-113.42202384096274
-60.79529798947002
-49.03688899056764
-37.382000789005176
-117.62501687492976
58.66727290657021
-168.23298726827085
-85.57707968792354
-116.20462139929278
29.19222959816606
71.31624167079147
-184.01558005888313
44.31172585348919
244.97827423439173
-94.08028598348437
-55.27223283455706
347.8428773659894
-52.49410663339275
-67.45174121170515
29.0855292432028
22.51479122128831
57.39056943997736
134.00174640178636
-113.24380383558842
45.63721841870329
-18.730113666602623
109.71621767419487
1.2848887055477587
198.99616999112862
41.7184316362961
70.77502882378751
24.83369815015028
-124.96613507228969
146.1670300279666
-302.5242443926962
93.309502410099
44.59443000377806
-227.65708514408237
-47.13377836900797
-330.77262667772163
-21.786597066714762
173.5811495271348
-91.16996606498758
-164.02845043953255
132.12655456571818
-21.362658136417405
21.198099600961456
34.244609042873634
-120.67934769081793
170.17569674517682
32.9795980125136
-261.53318053275547
-117.54096731032156
-71.76819310495047
-110.3000584379088
140.73761271752704
-17.166488883603016
265.87841865201494
-146.59458245091912
-32.361008944308246
182.61456660338004
48.41983676193625
59.241838062670034
-155.16478220273876
-82.34826634736055
-189.55657295060044
157.1277045149239
20.71640397504883
74.08014986021085
174.2744186181772
92.82515544903963
40.49748884077499
117.93057324088394
-0.20142091188841138
-238.95723826940755
166.85575765647934
225.23506263423795
0.5881202487691165
119.15807756543299
-145.8563282549103
-60.39932816786735
-69.69864619756763
-104.86627821846561
-33.83241701301686
130.15497870856296
51.30081335990254
-113.58615824884555
38.01808751904061
282.95830833665616
-45.164586163283786
66.25434077241017
-400.1511313927871
-34.76820947813872
301.1776339444343
96.55538618371104
40.36112561306233
258.7350430381529
-106.4498188661271
39.52484740547532
-253.14907814971863
-137.6548858040281
0.9794116339007318
187.02043839636858
-77.4723946122345
-96.88232789157024
-72.4015636231382
-14.504990868198199
-246.4580422984156
-83.3813900116724
130.99561861844185
104.00098895217837
53.646420098492065
26.76651379255945
164.54021831444518
-41.85351796223236
-71.17019239143004
174.02096946036554
129.73759107916544
10.34473866168091
-1.7310800003109328
-56.15188201724058
-53.79747654101812
40.86532408360622
1.7664766980556257
56.4704472258011
-139.18012772631965
-146.598066627569
-138.8788819361496
-115.72005696868177
-210.5813174951778
74.31898478272933
143.29240581020574
-231.92128200750219
49.68685623533266
-77.27131184023341
-19.456594650592425
54.5530108263491
178.43280909163514
137.5968550565684
-280.5827287220443
-98.76894319801336
-343.5183757641134
-1.3485292860400033
-22.408623625848957
-121.26468923926174
-10.952935377251153
157.51004917935026
-188.7856521320515
74.06663528517763
169.5046186902827
-30.86021724743609
-79.20788223662787
-91.71678268339102
-16.346800425966606
164.44605928128217
-46.265691323200954
-78.61118064941537
122.18826488482254
-82.19078550242864
-163.36658330669684
-48.7568339477404
-106.22580596226156
305.86813043554434
142.5076276017641
-112.16392005495084
-110.4708718644396
65.97183245761848
-119.98019460934297
-123.68224960128312
-431.0583754072485
144.5182619472049
176.9728295632652
-55.98112778129376
183.24067664383568
25.823696358332302
121.03821261151708
139.6261469552159
-67.17566211405926
351.58234706716274
51.244247633364
-5.212863631218459
1.8588895876018057
1.8975993006420668
-164.25365703496885
189.45449927978282
148.43234434446438
61.41735933450186
43.40117537747818
24.245792333565173
9.48595589033875
105.68980596132762
-19.7793669931733
-78.65805767239922
-89.8879549426393
-35.84930783702349
-35.11537407817785
-6.608508630821526
86.88154122488619
118.31042445905108
-188.88956092251962
176.54787437283525
13.45289340034316
243.62156491769358
145.50111001233367
-38.25514373532072
-160.79566338235196
-139.5331072479299
-39.15027789009926
-148.16449849869576
-10.570955000501748
-34.50481481522048
285.9057693416214
9.587566483536985
145.75103390751227
24.393176576629735
211.87597041046874
6.505645416042138
-99.1701670991364
29.197365733218533
-52.293206820274
-201.62339939829369
4.392153975531718
256.8232202251698
-12.95997275211178
78.22242697038118
17.914581157257402
13.291021208378563
158.2318928677579
14.793915238847955
-98.42329664097345
188.91029763565496
52.6180775002629
-248.27120603492352
-59.83480841024656
28.515465550871784
2.358925944566268
41.678805052056305
159.72606611614427
76.8561740753672
-11.38970057871203
-56.24944992762639
198.36329456000226
-150.8683338332537
203.75763053819742
86.48586168466791
231.78474271864658
157.1139325800129
191.62753750886594
61.8624365165526
8.50716209146296
-75.6725948441413
42.81341226178685
-2.254594414536286
-164.66446693952014
-0.9984302963130309
10.675204601080386
-29.606867874525793
-36.501115765109375
65.94753549853675
107.9262430247275
3.4052760432184694
-5.566550481126268
-9.826880379820345
76.72938867423777
8.568591829663792
-292.915997983388
105.0642089212098
-63.61812175663345
67.23468191970093
-4.534921773708416
-28.905980292160965
41.90848087203048
-172.06198249126498
-91.85193120010291
127.21453600540737
-263.9890449330662
-308.5531169970892
25.745073515323384
-153.62731595435957
147.59112334976726
-6.085583089604491
100.56136277416583
-155.41838444716865
45.590149215152636
28.199218848666753
4.626009276299482
-250.14140385146518
-318.8360119938529
-5.7329093420121975
-147.71013697478435
-97.26229123884332
52.654435584107375
-159.98916684846037
131.46102071972803
-4.75938131673141
34.70236865717652
75.4439773868569
-73.30639685173539
114.20012574029002
-176.18284828230105
30.516377236635908
64.06441533621887
145.51893065191746
-83.57069647608093
-168.35696379120475
34.042587191787895
-29.21225913771863
127.05570204285925
189.7294706564861
168.82678231440414
83.29060956056257
-184.68519715791243
118.42931024604789
25.182123690582458
-195.1531573931783
42.95451863021573
-134.87450012858886
79.20548852562888
-167.80152622384801
-18.19598614281101
-119.74141268451956
427.08144057103476
74.90269379657879
-105.78915372820953
-67.41661161369866
182.98210323810144
94.51949928478675
20.546667282678285
-5.355078708997605
15.445089105627055
160.48798678605775
67.91864647335021
156.81064115007922
245.9613804348022
78.48812247231139
-203.10318493369806
161.05733226746167
174.95653764627696
-27.15435392677439
80.19914163183617
110.17708222282555
139.49689265650818
43.13346912762391
-82.9265484969793
-52.15088276829834
-165.44043458384257
-102.93276847899025
-269.4436332393412
71.66507044367602
-29.041025224795842
132.36435570999586
-117.89933565743694
8.098971249402702
188.56485620938074
60.36893942713947
-115.69755600565061
-147.8411281552838
-85.14540877805602
-248.97304624795726
100.29015598677981
-68.70670737398268
-31.77672236079061
-43.931122825329815
-144.0406370602968
-74.74168145762525
10.358664949240927
-169.92098242737103
31.349462161163554
-19.71572936267243
-103.82796011265381
93.47389838696714
69.89962002846775
-10.230149016749223
-10.05011138059178
-172.2583803711967
58.27594776401996
-75.32131094809463
181.96428473887107
217.18843730277615
-267.354793592691
47.799307067351606
180.2056222309261
168.5420896404894
-26.216027346776364
26.933661346819562
-135.3434085098846
52.71083925137735
209.8941222999483
-56.399167875122146
143.6967195191595
-64.99360768124177
-208.53393658508224
-14.865311323743764
6.109000424517252
246.6269021399716
53.10685713752976
8.734189678266295
12.96518868969989
-246.48985803740769
-11.052408077271187
-204.04397928429296
-128.59380054510606
