188.17395778934312
81.81509849117968
-32.974730348839365
-95.25362217377581
-239.02408273478696
51.518875289055
128.84567857805877
-23.188160167971212
26.140556183859367
191.92334065305272
-40.49162001150009
79.14472977123583
112.8197830494681
15.698158185547463
-264.7824854517909
139.85011759290907
-68.5958798231255
-150.49184850003667
101.2141382076
343.8800679827993
126.29586102041853
24.205581628409465
113.22095736420873
-50.97171060114944
-87.10411219415074
5.660235340397804
-13.248704217979899
299.32904203793726
-114.4280195611406
85.51279958209864
-298.39998881940846
-277.49183795840815
34.867428657004545
261.2689607248547
-177.3454192556126
-335.91805425062114
57.507725014763444
-133.3216232090164
252.58922086878027
-65.70764868745466
382.58850932184123
264.8572726177326
-145.43580644071125
207.1590157325968
-238.58990342657623
-269.59763312573074
-108.82749394297853
-56.60954742671362
-85.69118760233627
-485.95159476662906
245.66868944565476
127.20536634403305
239.03642598989703
-175.39643504382047
-185.08620411025018
82.24279576472277
147.70169274726408
-464.77234573259653
132.65445910021293
132.12054962006994
-52.03305062024981
-164.5294316962531
-208.71444015745516
-81.23091689788717
246.02686135484976
315.1279076477508
208.90187328641636
-71.51961863959052
120.0689288560765
275.7725148211467
-108.57330548540376
182.67042283621416
-25.033055004639092
-53.60274693706597
-51.981138555911464
93.70418871539161
-49.41904874866163
-8.568366764344788
481.05973772969384
404.9885422679382
20.444414351638144
-42.96200496191074
300.44756536673844
113.56024360642512
-5.0483926188104205
-38.153223279636364
-112.72068106057544
-17.23492282886052
60.912108170313445
112.52858582654174
-114.36566918856673
-309.1938792321021
-131.89284361492125
241.15356867520512
-104.46501584880644
40.829583841275436
-72.4550388897071
261.33217109403296
-21.9140044304188
120.12619019032358
48.97689759419212
275.47713838990546
-78.86313249485792
-24.899149702701973
82.96557661787554
315.6213692308012
283.7097037073002
373.00237908311584
92.09814974727189
-134.4689715026389
96.97014584349839
67.33135150256643
-138.40086931262394
-71.06383162029003
84.16481194783576
94.0023198129503
150.41661776307777
234.19587478038085
5.9380137037382745
100.54375678257207
-68.65921923396171
67.45233912148193
8.451365188080164
44.692922528565376
212.40771199655308
-126.81012357436153
-11.161784204449003
158.84227626935518
-106.04662767948761
72.31800362445716
132.77062459002454
-16.219674999926294
37.10764603636361
-69.67447552944837
-137.79853436056237
185.50806963323717
-64.05598345497863
-47.1881546456857
98.41947748105105
109.07721754193176
47.25410779801128
-33.42509100487993
70.07983396489988
39.28766502845021
-24.874477648625295
144.88554185684083
-36.83765347759151
398.05908072974256
-189.08966607030717
-76.8536978186871
12.97911798812929
-108.638628024556
133.02012389095927
-73.04018533623534
274.9988092214476
68.0400176246887
155.28100458410293
258.9087878064999
372.770866485337
-140.57457157557772
60.310096690055474
-73.48208202779193
-167.74371578744976
-183.36017761945453
261.60890184398727
121.49142977428689
165.4850570709703
-144.77249982908396
50.62799496663108
-218.7524190121396
88.2073353471819
-1.3058363574057434
89.33501242118477
-100.01286151403558
-19.537002099725438
-156.88102170187827
209.81280655356719
9.685273161589315
-229.41579480770264
3.669180062371206
208.27187825359974
-44.56042737234776
-232.96745988002786
-58.88412142437196
-31.57860523026637
150.71434703358008
-307.571433436156
40.87467864220437
73.97613428833478
81.96026888107166
253.35322671153574
-103.66224365149675
-286.18981748458145
30.3962801880066
-101.18644456688212
-315.0698235501688
-14.118326749040365
-104.3112440120491
493.28729032807036
-21.398485144110325
98.3650794391714
-71.16835826540016
-299.5765922072502
-103.36444018130291
150.38000585751598
-178.66638209539383
136.33977814757696
76.916996896506
171.58055914853713
164.0023500682323
-245.09108650892713
-18.52428750832837
157.6337944045982
62.77642281868114
355.558630095208
-128.68495715814558
-23.615542185696643
-91.54985820161295
125.49402912423237
-223.66243079031065
-58.506609986943005
173.17197036195566
-68.14827757444812
-83.50729841572878
135.2575856565474
-77.82501835542573
-82.29296943515516
-164.2130919205445
-6.885184269722716
86.92076220573449
-7.037151161025552
-165.14084428608282
111.30965526798413
-343.9700043403322
250.4903424118573
-1.4053108133564722
-162.0500231164296
-126.21499352124457
-222.5650925127881
16.383323461770683
-72.19597670646188
-191.8328230682232
51.441534358371335
-13.676958531050424
103.32077288878774
175.9726475221043
58.64031555115676
-19.340261879479097
251.50336475683235
82.87751449155878
55.18657439903953
68.67372335223975
-199.87880107255347
253.07027011205807
-50.589066855980604
145.35272561397895
80.04904672866998
-129.39339543780937
-91.05991349367298
-98.494299077299
123.69881155980747
60.78882858741542
114.25654952133947
-26.35150758642562
103.25348652184053
-78.26446565661072
79.88149873475238
-115.7320864267614
-21.489545653524548
-71.7177265778149
123.3213694606171
275.6714208040649
-174.1357586952529
-109.26254494470551
70.31874757926657
252.8394168961995
46.94817145127782
-103.5622641399998
-32.02468242707031
131.6074002009051
47.41345695780634
205.89734764229982
230.53857228302633
-3.8645140086149947
-137.22090932116149
84.4209162467112
-30.0829731238914
34.086792443919634
89.40613253708503
52.2031779416261
-72.09573415060257
-118.87395491137946
-3.8548399245482248
-183.9229243715537
-227.72843131567993
-3.1339571385285176
256.6224254526478
50.17154616214335
163.84931332123426
64.5393464825287
162.9433314302408
56.171818745787895
209.93422069447527
-15.694030666185865
159.387817214569
64.90061085626321
86.20250962059085
-66.6176664694624
-147.03155083025243
121.66736670191587
-283.00927128052575
292.2976992647717
-50.4674528664368
133.7505444478693
10.579638161240654
-89.24994141975397
-347.5165133498702
-58.370637192131994
255.2810814157125
82.77133532466897
-37.807762881207196
-39.41399631424177
-28.00057941741673
-28.87500404109227
-58.993182500106535
221.44790671137648
78.17345376099969
173.04322379023037
-259.6806882509326
285.37678714969115
-71.64080767261822
-198.78395840973906
34.77056815029949
-70.03485484927266
-132.0798418121656
-79.75273370356825
-139.00409499913243
-158.88762496366752
-36.993054431715926
-426.8245130439266
57.22078965953175
45.971241314977874
33.50604884443872
275.01874421768815
-140.88832468245195
193.74581699160123
-81.46285455200194
73.35673597176614
-215.74637755630397
-70.29474370489638
-58.263340807166806
222.0587010049899
258.9159304674866
301.7653646505966
233.72097597249757
63.531012862224756
77.1281564072101
147.2854476353342
401.49265805928326
227.06615570454963
-84.72985817271037
123.17786456938165
-117.16127379572387
209.53745649839354
7.93768767480778
63.99667114099026
200.784463051539
-282.9436099631045
73.1840016959033
-228.15898740051276
-52.144204088892465
-341.69356862563126
-222.53549122800973
167.866767946335
90.6194924625094
-134.80723708893586
-23.22283047227916
-251.01705795109785
-81.25579973515818
20.90993862958892
-43.68484575755203
184.12542155221578
-48.791936642771404
6.097035664350466
171.5411590245097
-28.264045246123704
40.060734249985416
4.425070109077331
79.08340902386077
-66.1786819000019
-91.46454402435342
123.28159948611443
179.85479618988145
106.54016786850926
192.50564851693534
-66.2291014817385
68.21198285864388
40.86946035769037
-186.37192599350956
-171.70313934949078
-204.54982741934765
247.16951972953194
258.3349895113689
-147.434452589773
-58.46050410084361
76.96568627268128
108.38739997664965
284.23492572105715
-288.65634092349796
20.128611964397006
-93.04192512226983
-14.25536078526956
-31.77045585535312
-184.0393311944499
26.582911858382346
-125.0602455799725
-2.1580671929153077
73.43847550863767
-54.89118840494748
-97.43796867041313
-115.00517829674212
-61.70513860563066
-29.508303557273916
68.98263577336235
-25.647635782034037
-233.1448800960116
-56.51382905253141
-81.81104345556254
-32.809086078384595
20.833741210881968
-259.5035543969133
141.93155339282634
-286.14906352446957
419.73451544204755
-234.25377589457514
-13.543340074632336
197.6823038655428
47.76282892497119
217.26463786801023
26.9350408439163
-150.85245424642864
-96.28970057925926
-198.73299925420386
33.307261304843934
-76.43570336453601
217.10936921500473
333.58514295081125
182.63837092456797
240.6579591242677
-68.2542985351005
160.35994768075267
73.7915230481249
-33.87649306318193
152.726404604279
-253.94472630760694
-349.2732829990564
383.6363645262735
32.66905046693757
26.99975311378415
-208.47550002484977
-15.040818121239887
151.40540407385683
-95.6219427232283
-32.13676030738095
-159.28604212618254
-107.19140660031829
84.76612894334126
12.898449127420879
-231.49347565310552
-169.70059399487155
71.4422142917268
182.1490931375
43.5263125766689
33.304352318946215
85.98028095744823
362.7083272013733
69.8479972024685
48.48715368774348
-368.5788522292653
20.424614138107824
88.0189819442458
171.27511466792888
-256.18299300957176
-49.72462153912816
-101.1556141680898
-490.11006089952167
239.02978768810326
56.01359643038103
22.499736286436704
192.8486411100493
81.94403925432822
485.64693679878934
54.09873773345035
113.12421830579962
111.65398392234113
526.5184204910013
50.16899582486828
143.82602681380305
75.7044595566573
220.4674884616475
126.70339505261781
82.61155164924764
-256.6460524470366
168.98924563743492
153.84313692211325
215.99061560266983
279.3712766818986
170.89179891831856
-146.20800085365465
218.96838070509565
-127.84906244283674
-225.58472927803692
-120.58613304611335
23.229500218787134
300.4527549148287
277.5589570120008
59.9133374444989
97.17220545652404
-153.52935406939196
-246.1673584378805
83.1679296879673
50.930406282790926
229.19324852390838
-74.37540005148603
33.19219890973108
-8.69178299428074
-110.31778169851542
169.70988777835802
-34.13806290985467
-240.53893747721952
36.64797469239174
12.087232209892065
118.82847374910449
251.501859471242
-203.1621242521664
11.760917089566487
-71.49421965583178
-61.26666700444132
77.11376840065955
160.8162529263774
43.22682271542255
175.76266822322648
55.763854336232775
-173.55786506741282
41.095546942745095
-184.98743271503525
-108.4194312726136
62.52629026652107
163.4174654737798
-207.3849006424772
-97.56215654568524
106.0171247579256
175.83672237787133
-213.24321111235838
63.39609982351767
126.49499791484281
-130.66129751650627
159.54962142043408
109.79502525946818
139.71537039011378
272.80244431464405
121.87966321922809
211.74930478468005
-48.67900061572353
-289.73787012614633
424.8017592001958
-133.56512039311286
158.82378111591115
-68.32404013444307
60.8548045967945
91.41436423466716
-328.3072489489574
-6.668712835090372
95.1801931534542
121.48248538588992
-3.738770319725282
124.9232439785323
56.946886462971726
163.83403062957169
193.6146816987282
-45.62123842448555
177.8054345829615
-54.26123984306776
102.46888969376414
45.144423030136565
179.3758169174525
200.89049105744894
-88.7450960572302
-108.75226228240386
-179.85567021317863
-140.63077648982514
135.02452319292468
12.753544661109524
-244.26712620102055
108.13347429653257
-12.489464730044643
344.80017856322513
202.45274919033616
-97.90958053638623
214.6454618793092
20.500186532358516
0.33831782168047997
102.9512861369333
18.27534542495954
41.97270478148691
-159.73234193854273
-130.9421010548979
-87.63039997982722
-273.5042872729163
26.534039297491702
106.76304284962757
133.89194777357153
-138.08400255907767
-147.63085869361666
265.9098281655656
287.31586912194916
328.4465048393856
44.808702105411314
-177.78052818598323
-179.60403696226396
38.42013899873693
187.93285869860125
92.70349558264796
-95.59452597015746
-253.39765198625028
134.7958198554378
162.00465519638328
5.319411174546913
38.518336279986215
125.36465594175986
-380.1613921574235
-161.16036019095478
-318.27422048764157
248.77737741802343
23.203685281403008
255.12116429063252
-102.1359381921736
-29.388935263137046
-53.98642797270188
-294.32531410421944
66.65652877077767
337.817475823226
19.03116402302335
-135.08777225065126
-286.08401004834104
239.32467843041047
152.25134057740146
-244.5940949597821
-93.8319063825734
354.7058536937369
-17.05599688636282
99.80118199765933
253.56955938625586
-62.9004456217537
-19.20970211269531
43.573972594315634
-296.4703276826445
-51.542263322811884
223.76194225619074
-56.081531172586324
72.89328228288329
-48.345008972107436
-229.5780062501546
131.12079397379134
-173.68971758321197
-114.56738331003606
-254.87178369255463
325.1500576528177
-73.76121538000226
3.576243532522739
-291.08863371247963
-77.04811646957798
-181.02525357952175
30.78885003269798
-288.8045385551993
142.62962058954167
51.329741532487404
-99.90586193321806
143.52789692879392
141.22574897746046
-148.84914780711384
-56.933705066252244
23.588277523272154
-58.49697218986919
96.8907283064533
86.94289701516122
-200.78481737410792
55.91329135834285
-0.8343106465955057
-4.829745921056986
99.15889653803754
-21.86210808976083
-26.069087972944697
-198.79004462124612
97.55365186880769
-41.82313469808198
34.640951064854434
-181.1203131874603
188.47695531950313
-20.12597472532058
36.55347972418726
44.838350478899905
-211.77009187153155
-142.70113176338958
190.27572745887235
45.91046079571881
-256.909034843424
-20.20350505776674
116.94163009074126
42.14560485594814
-167.38304227396512
-266.0233138691709
70.60527726307369
-1.7233462892447418
-88.60372246089935
41.34912252122275
332.5443059041292
-189.802122514956
-77.9267228474355
-249.72249768131638
-305.60667121556867
-184.14494138410566
128.9671894516856
-13.421216221253575
-13.797900869944403
79.5588874883532
-210.30812680829058
-171.5203673734778
11.359741656095721
-177.51297963837433
-169.79623289533106
-172.91816128417238
-290.153833831438
-176.74362152886061
36.82677381061708
-161.04262572904054
-3.721808207243823
-177.40585956125705
-13.705877661343457
-65.02787883633734
48.79827776751083
-64.39760730819062
95.01480774461868
-36.433435987115224
278.0760313220808
-180.45025210392146
-74.62043371315818
-126.0703676200755
281.4867232624407
-359.5613330644069
-202.61404845523097
44.12891301173629
-200.1929273489627
67.8367770716159
160.82359798516967
166.51015339285885
-241.37828125532732
184.8335281494108
236.5807676626561
258.34078304345974
-54.25026685580707
184.29456115849095
220.73278199820194
-94.30582069636654
12.465398070509913
-69.44883136094569
-289.8302839031353
-14.953778175193234
136.76692099897625
-209.33436979509116
252.13619709151118
-52.32399807348574
-106.98550055582031
214.43548401400255
-62.28011794591101
106.69097317065895
241.81781765943825
-162.1985565643794
-124.74394096469977
209.18481933497787
-143.44004639884363
-20.228203710392147
-75.48709150694965
-89.6442440059857
-159.66536189621232
253.5117856627876
-159.69900435622344
-176.29599240652746
-10.650093846743744
297.5993044559712
39.908061040752806
77.94001807085002
43.52693662444163
-279.70389432171214
-37.05085244320062
63.98701536267938
-39.58751077455461
209.51618761634253
110.75992027227603
146.40113912802286
162.9253820420131
24.49962122369864
-193.51213204928274
281.4859545835303
108.7986912398993
-232.76608912697918
-47.38608950042901
151.88370460255916
-170.0524431266987
59.171767920054585
-153.85666117594366
186.11809174807308
-104.35225723504195
-166.44845850396126
-1.768566044903305
-12.962275587923305
-160.03556660270937
-148.2154154737309
78.39396711498316
175.78558477552525
190.50135596541242
78.87823703895994
4.507230308990916
72.54910640451081
-75.48604545894933
41.167987069152744
-209.45446770606853
-12.832896767308617
46.61794155386115
36.544683980823294
100.91259493182444
87.96556159191583
143.88894505230564
126.97495078643982
77.50939437413686
64.06599653893672
-81.91277512460861
-251.31111539655458
218.5922091458173
-15.086031373533917
-64.92068868060656
126.39162736051456
50.70859628995707
-172.18744851361967
-91.08749540026501
55.5994398270123
-227.6671304745409
-134.6271893721424
-115.07180309243601
60.7531250093893
51.08967886927399
200.3560072814202
-365.58599384766035
7.708969060024588
-262.8379523021278
52.45078792939507
-146.05714600295545
-70.73311298694163
16.87899294266494
-34.646926950585055
5.684736076342456
231.36261005518105
-247.13823849287633
269.2990320899148
-144.9409163378719
-89.57367746656708
110.94199927190108
97.81544064576477
38.60142197448008
-2.1272676543779547
-23.616975793860757
97.17597000259985
24.204646459560358
-151.57242535259797
-24.055153723664866
177.80685545692296
207.3914726327255
59.952421596434576
-260.3491653205462
42.29353993450443
104.20500219375593
-327.8542137209627
-189.10869975666827
-182.15155523184805
-158.338062381662
-12.24178489132652
-200.58395204498925
-146.02466894867945
-103.74097402704054
59.42156632424292
38.30563929113176
75.35357953945812
201.5469081576759
-56.94610312679993
169.95373597337303
-133.04940593715887
220.56453490734384
44.251047611200285
8.50207086367974
194.04664696599554
196.03224126887105
13.753937164325581
-51.7925824133803
-27.884443960004187
65.65421855116873
-105.1348638032262
225.88576619266274
-110.30121724550891
-259.95530751659874
-72.53532496864042
-201.21494645298122
-11.744201235640906
-94.898222556747
-15.915449490506163
-91.6029999048154
359.4454846245455
261.5366706256852
-163.5704816708301
-143.0734474711498
-52.0165219441997
-137.39766101388344
270.81954249140955
-65.79719938373684
78.29033530559786
-222.61742562590416
-243.62982438198515
-221.13464014517524
-240.11143748225825
29.72622649456689
74.04904982563785
-50.76374898731478
-294.0923526835467
225.86134121041377
125.94816557915968
-0.6671110710555519
-29.134354495356018
112.39770614769454
52.79643501236109
-16.90503822105684
236.34839024461755
-62.93545847757105
133.2955503151093
-59.916261902736416
-286.6079849630575
154.37595993172513
-171.52935908285096
155.63071428401156
-79.05750104330293
-382.6533814084404
157.8247221323215
-95.93914764738916
-71.26932179804953
4.193557246304351
9.794907503805831
-51.487422533070074
-7.892747143532167
193.61631778638628
-17.418212569432526
-115.58761448537089
-146.23187340693536
156.21760796757687
-24.285652648155903
55.30142624846587
-134.2579909471685
186.63940234401372
-40.225960619160155
-159.71135432454471
148.80578463095577
202.36221227328815
129.90305762201584
17.91469125001878
-9.526084160133331
173.7479981221445
-252.94706898768285
152.5815240886766
-30.975530151702884
-88.46436561021069
251.10791032499873
44.6724914798141
-118.11926929450962
-120.16780082661303
291.1707908620012
46.51543261550316
178.79552200353484
176.3754778367442
-186.06257081378453
-189.85944170912103
137.82013568208845
198.4757469860254
117.80216097820464
-107.14973050564551
262.30949573297687
181.65974297929702
187.36090694099153
152.19501684573294
-127.46450343993722
32.57054363592041
-174.51989319730095
77.57840769918046
-112.03200960530853
