-20.2310014818856
-106.97210497672073
169.1645966373337
-45.5595876572907
6.513250239932551
-69.23951473026557
-248.2046250318654
32.12966056164938
-36.84954491796308
-93.09790797307289
-142.5513822846133
145.99875723053006
-60.31092871665753
-29.46769695642713
-23.581348151081897
-48.00526115665587
55.556578904489314
-2.3937954040716263
65.44216030865661
91.55247091823551
-122.11074031363155
314.28077899615255
56.21221178807415
-76.12002279870462
-77.36144773809274
172.65901114392852
-72.00657052661722
138.58032526112893
32.03772384518817
-55.60020219502363
221.17090263930982
-47.15886060876814
-93.2777381757339
134.82689852022455
207.04840585663595
18.63197098539868
-0.044785400569149925
8.149913306715185
234.09423606925083
171.14340073481802
166.28443370408877
41.07779624132596
-37.29344744769283
31.38679347468495
55.809795884410896
-30.785195243346514
-333.82378393091614
35.173268288035466
-173.03318902557834
-136.1981677802775
-75.9114696337396
-30.49818934006175
-125.30488501331986
0.4783093182570106
297.7137129031448
166.26550636174267
-21.30006707443424
4.706247045379881
118.32857674684416
99.0224935362188
94.68654775990767
18.704577293084753
65.02425870577451
-15.883946856441396
-53.24552617545387
-430.6837166946265
60.11681514030192
-94.86962686197161
-108.63884561251734
-46.087916959988185
-71.53651551090266
4.934168611065509
117.03092278797295
31.87374903480033
262.2414781061233
68.37354532679606
-150.99891265450415
-63.20033224923788
-69.55172500181578
39.103752525226774
-132.58948057328183
-214.41070922255824
37.8173783640747
158.2630434923977
95.91324685913995
1.0920290125378167
150.1828640500948
107.5106010563222
64.28530372589935
69.7417378411939
88.19175919166243
233.25137246302998
163.71965609706754
-68.16881520076143
284.36230844367
26.882063377344323
108.44916949718508
-110.17432891915915
229.4129109501215
-189.65002902687147
42.74745837194086
181.79114923140392
-396.24155179443466
-24.982474352094663
121.31856484634513
76.69277313793975
33.13393908120588
171.15417794592824
-105.55063917664921
115.36267718128268
161.58353187830085
204.55573905658412
-165.75453569291824
21.953359138285503
195.67176539162557
56.46483662607367
100.91679491065153
59.13248854032635
-4.841238544559404
-24.975329560451303
170.8931195430964
-148.64645198549258
2.6749513406485628
-134.4582826744676
-84.68295683227663
-134.41411957528442
-75.30316952679796
1.4607651857216166
76.00713336059307
-151.30403085273235
-246.01328745049722
88.48488464556935
195.01130876014756
-170.85955732859574
30.17120530268227
-27.885813134190183
-141.9738324454218
10.23565923468586
61.072573018272855
-97.16237326124786
-7.89383522677997
174.0714346614573
111.12566321706036
-1.463854705954526
-95.43872358932673
-146.15050191237208
67.26966984033021
45.551057996636224
-18.199185804738903
119.90208542327339
136.3323077300866
-110.30083266620856
-204.22195411210572
10.4835568391771
-76.02225167394633
100.07806853700382
50.24920651682324
93.59291491531968
49.91630937951645
-0.9988574002378294
-67.59156725512798
-199.31696036203397
115.056492442053
31.285344303629063
17.51612310476623
-95.50744033604056
169.22820565021897
-66.4333785686317
-2.3368534857697423
-141.45328117822137
-211.38363537551595
59.525365861416965
77.27582221823921
252.98583980750897
85.28270025583414
59.351170373164216
-129.9328609501401
207.22527886323718
-88.18419856235938
-230.87022349066174
-130.06673371946593
-222.28217076200062
-206.6937861294203
-47.60279214576631
-0.07926034872843912
118.95784613899367
47.41073785614405
-9.959794834042839
66.41086443712807
138.60175296067223
-143.3607607232626
-170.46815420670393
-139.4291590832666
-77.2442622934066
67.33145589180228
223.38891493506415
-33.142344396309156
-208.1111538170882
62.30381493737226
70.5731463180736
77.37558775307308
283.5267222726275
50.3558237227746
-33.92928755571404
166.6649898038773
-167.4041382734387
-90.52956227405787
-208.24709637998404
-4.56748980952045
-97.9605818371792
94.796542714526
65.11847154031527
-92.11611887008992
165.23233934406937
33.90178728597182
-34.729694481529194
147.68222718789758
-115.39556182657016
-85.08826262640373
-10.263678949869043
-79.41610283316363
-68.72994053619354
248.70185466336397
-16.780386495117305
-84.7657813203971
141.10314152658552
-245.94756642393926
-48.66170826711754
33.140747655485654
-69.13195525367321
132.59095111083596
98.93118037346784
147.54611125335902
0.5839667026193959
194.7455012586411
152.4678742038725
23.91633040122395
149.3697486005916
23.7717873383623
-221.7721900396511
48.55940040386621
129.4650443672085
79.05627475827875
80.33582990146844
285.91114790194905
-128.69511473717185
8.50376046931774
-328.14565615596644
180.4095076756223
45.233949915748724
-231.52060731970943
100.82750366190288
162.35792311512103
-7.13802713385516
-165.41623153388542
17.28844824186638
-95.56682794370843
22.89840395352931
356.73563566558005
141.21612132277602
-22.33131642331934
-247.64578260588777
123.01437880025762
14.539732024910645
-60.74414267305878
-58.30286427844081
283.1644253591407
-29.968367933279456
50.73964864838924
-209.9134860651856
-9.351946434096833
217.4061552684337
-228.19160143802222
10.290959516518603
24.617600468988222
-87.34602220686794
232.29663545224517
247.80967629637195
20.80730154164855
-77.03554989989769
6.357505715938377
94.24042509693689
58.372772164848534
139.37618001412324
145.06780317824175
0.027138432968293602
-1.1042606743088823
99.7950338918333
56.7936487353332
-73.73318611045528
-276.1462140132819
-16.815073258335243
-8.460589118479874
-215.16190617212965
-366.8728407813289
232.73418507486974
7.411177412208747
402.82938445079975
-62.9201919790582
-118.57795777358218
-79.89683016906442
-110.04916070101568
-294.14328934441653
37.721979170586565
-121.00604578741812
55.16055579382866
28.866651638896656
-90.78830670462753
52.82383212851226
172.06511683579478
222.92840201608894
-253.74341237673465
73.32026701316511
-12.808997594623712
-100.83884717187088
175.44764734509968
-46.877654730727386
-21.89554525516437
-114.98433531980399
-10.344708844479806
-161.61342907694524
-21.462601804755774
-25.942076987506773
-226.16273871941888
-149.90244492729633
240.3874617024022
-79.54341200588475
14.067198471322426
7.486124063674895
205.1458593222546
-197.32521235264412
131.36572780586846
56.20107816490436
-158.05431471646736
231.54916088660573
-26.16991676761132
-45.88543276005418
-26.12217538730788
175.4594988896589
1.3856063239995426
-11.40119027781035
-11.19203943962867
155.57953951768806
-167.127272980815
-203.49895292879458
99.2686812577343
61.74801885065041
37.032090069766355
-125.84277773954824
68.33237168285825
145.79689026497144
88.34495500359347
-37.03962191310303
37.137320017396604
101.00563909170761
-100.44592827533222
-118.84596513202297
114.12497769750374
-162.62811192639865
-47.84232848605975
-255.92460665849708
-92.31610407453103
122.79968037723157
24.49038970059965
346.1048817074059
-132.00289192445337
201.22795054449278
-13.464863234151768
92.8680411418521
49.27310129287491
-151.10056692862977
-65.98516493994511
-16.291363245857514
-43.106722414728196
-24.161396640727173
164.40015605531485
74.95740065918996
-241.8851893599616
-115.38029824066926
136.0880607671829
-33.20149360938167
-128.67306208696624
23.052831703889176
164.5376555081732
-104.46642099517956
-92.94333823909369
96.42661585852947
410.73442089345247
-173.10850295698773
188.64563677486163
-9.994295051037712
115.95485199843209
-119.28141399199097
-50.847646240460776
220.22079344841177
-143.46935672419522
-8.559825666563679
-72.11315748642335
-126.02130881439413
194.90111441946476
14.176800372177441
-179.51618806677058
59.01768840820515
-55.2866192376179
205.05397602055635
-23.355710902025585
20.37618097510794
72.75708343976426
-51.95894772798506
-49.78395914991302
-206.05471435380136
14.963193149474488
3.9080638633995637
12.175047478138714
163.1723988285015
80.70417672163683
131.99810531542087
-239.01529127691117
88.74125049963932
-0.6216385661336279
-80.66115925374002
139.7932889664808
32.25662181858514
124.47092397596568
-33.201460875541265
23.30549077783066
74.50361835679925
-19.935191463525882
-113.65025550408316
112.08037836603422
48.35981375873814
73.93237368586567
-68.4044032710343
-87.53892890861354
-37.93918734757254
81.71096470834097
31.998794014903048
-62.99288731941112
-37.03607925756461
-94.3272478497963
-289.6536526396789
93.29582197322986
141.3301370788808
14.836444670526072
197.27447080169006
-117.95335825908138
-105.08656723530439
-167.7841748294836
-135.88914579014588
152.4328713920759
-183.95389639545647
-149.7516512456072
61.851164294180364
124.97847418069807
22.136346751167608
215.85477234639208
-21.72915499932204
-91.3709958595256
209.1376325852198
85.12511147946606
159.53198396017876
-90.90619952450477
-197.26332213833666
111.0689829780085
-8.577202260188198
34.80820009929971
-16.350876356888815
-192.66176702381102
84.6705475996268
198.95590365755885
-195.86652492758762
-202.21672210280673
-26.19997759305384
-226.9190366217315
-196.95786302666627
72.01495692401532
141.40877079300603
122.37076124614882
-92.49817197921776
-128.47465734623225
-52.870883103113655
36.297287219228544
-216.4224301176168
149.1368704180457
39.599255536363856
215.63865431098054
-245.13891523156985
264.9247551959338
176.90689800751605
-62.59327741799846
218.42780404706946
138.49532486210884
-305.9560956747125
-180.28616784070036
-24.358122365673463
115.17031230064973
1.1429100693520646
410.6330933072894
15.518436405519926
112.70481728550172
62.01428438806665
-63.42302742596859
-174.5581116786263
-23.799904488284486
204.35646821276123
-135.05748807579226
286.7863805591975
179.11124425615236
297.4167510944588
65.16140453376555
-115.88998910357806
-64.96002929428772
-70.14809150874707
-49.43600878867379
-88.34557900771141
-225.27373011406004
-119.5541522099969
-321.2192690051085
44.31099642479096
52.141344839622455
-115.77408174026591
233.70924538869434
78.36379189098245
108.41985834150103
-16.671645480730866
83.58737631573109
15.113466311681249
-46.85803040743757
-53.814485756262606
253.8903468616808
29.999331215404013
-163.74951689972497
232.79451466853874
-155.5505486724241
102.64428270221558
239.76298583415056
-22.81660829236528
-66.04904578480064
173.05951746639727
9.84994760521788
137.22902159471266
106.77699406759768
-56.76748091032229
156.52433146543464
-18.998474185772185
313.73828550549143
-69.27721028113905
212.238601826194
168.8552918588361
73.59503495311566
244.70906544656407
195.13985942800912
-9.263188928037692
204.31311893216244
-229.34909947130743
-2.9872074787430605
348.03885537578174
-117.98249840599152
256.8439131784512
-6.0993610037648835
419.3519113366063
153.90408304838962
124.11980803978369
-59.733725327888905
206.48985010745125
-8.321449918378757
151.21556535444714
-131.05673992086835
128.66150828541143
-67.31365045776968
-180.6071037682544
245.47280987697852
158.15011284698605
99.72214177601066
56.13896412917923
-333.5886235805484
-187.81565539705312
13.784393882498968
-23.459644735877212
-92.792854351184
126.72020784726323
9.664468499334191
-106.1248397862161
202.73790460626586
18.85332362041676
119.8992823783007
46.09835435928346
-148.94578515621376
178.34357984747822
-204.97996273811114
-40.019805575524764
-65.9070333023368
279.7367863777632
5.349942401561098
37.502052616877975
-175.5447703028621
120.27028868462679
58.345660473201285
45.554250792490116
-128.66910031355462
-289.89147273840354
207.1955013763452
-127.17716907538814
-190.31667814873762
-170.65199476916555
-83.26814800214034
104.73675534899118
249.66838199844634
-33.761295772637304
27.968824839596998
38.41762781255327
-10.841676091196085
218.68500050044545
-78.8810357328288
190.62932784658358
71.10131985021235
-5.425893510093577
-41.97957631388987
32.97134510397178
-72.91730585821782
58.83893116177627
-29.434263603060504
31.558984420133875
36.7233661784258
125.48844417844734
-5.040869685744429
-37.3802453180888
114.28103537930963
-144.49686610579343
19.493911378244846
133.20372610423877
-52.67148974469943
123.1058008006261
-166.10506110001205
20.7305025529484
-41.57563231817423
-155.17231286651915
26.96950318804378
59.70332075111944
-162.2778325966617
28.16669361207853
-29.22409310425064
-287.3230750298652
82.33172024876711
56.27651020351793
-8.599698116537295
-41.58152684346399
-136.6161368663008
-135.17324401361245
65.77471849336978
273.6134884700619
248.1447685485872
121.60938613321012
-244.15737172722794
-22.460678453232592
-41.69438893638707
-80.9811960994422
214.41199792284064
126.68306605175557
-169.77757002118713
-263.31880411339426
-120.06008584471793
-80.30004216959256
-60.44162825574382
358.71300284053706
81.60674320414546
-57.389702563459885
142.879853831854
185.9104940850605
248.5053593923259
199.66808323541312
-13.343247996828465
-11.732771492475477
24.045749633261885
-179.93307979228226
-5.648948471814429
-26.990337914847068
174.43982145315854
-128.83655030079774
-66.55753249357788
34.780566225693505
-85.42826213302479
-355.70759534505527
-242.15123479877914
-154.55442655564397
286.1727636854955
22.804682749339193
38.075314720658135
38.853038859256074
-149.76089180494841
-10.66916129031122
-116.77691442328322
-109.12084222874991
186.92788715776038
-241.45940898937246
-126.60246563332358
-157.37324739229817
-62.56038671853431
-100.19378950635527
-146.28407861359491
22.901480284840787
-2.8193564866338034
16.837295063348435
-177.85783267190646
93.88043535048837
-328.1722090920416
17.894597461774232
-132.75142887257203
-89.39417730256174
-28.190084687642127
-141.90457484450616
-161.8385636262211
-60.010176427921635
-343.30380313630155
-4.384622410918615
-97.60533684491215
-97.43147033921205
-266.8756902549436
-94.44547729167635
-177.55750966401618
340.3179524580387
144.2602652491659
-126.39594314295836
69.82873698651234
68.71772368677121
11.604780951667387
387.630553479363
11.475832945691606
109.322701136853
59.68759606886557
-191.62005746536187
-165.7551087948142
-255.3268390679841
51.4409884694777
-55.608973826036475
-11.015617629046574
2.604491363141183
-134.8174299150343
-21.95377293285054
102.6414162146428
-117.65248888855038
96.06613165763376
191.10604506084047
-267.46079179391273
173.13303658040658
33.991349561413536
-99.3626722936548
-23.50081399852985
116.30129253619987
90.16783097574393
-40.22407243362827
130.49954308324826
-65.08904001181361
54.673825229803576
-1.5844577142363256
255.02295586599547
117.00880306650659
225.82295060544809
0.22491497530083115
43.67985172596245
37.49538749104271
-150.05079616454861
-168.23052672423805
-192.64498440110071
-135.06151309293818
190.89384728783818
8.695755743790189
19.493163417861002
68.93266671822005
248.79568419734565
-115.11188227983183
-115.97622850126506
-40.515287991169366
-26.870846552744144
-34.25259173773327
-215.27481198992183
35.70135750003401
-159.30552436832895
17.063343919690805
181.65301071876095
32.14839221555934
14.11582767260565
234.37329818008112
-286.2538848805492
172.18557738054147
-9.4406676598299
82.88751293668703
33.73462796082393
32.287795097057895
-162.6052506338616
-175.56256638557872
-101.151828106115
-52.42801271132056
84.93679352542135
47.24035910054041
-84.51671055945302
124.79909205869157
-19.959534444037594
-84.47551543646134
-110.67781305108538
-32.55992209955248
193.48722995775378
-7.446838160806408
-1.1764491486343376
-265.66424313998107
104.50822724576962
-52.83587026694586
10.647383795740533
4.713738731656135
-237.81027764325867
89.69505752857752
165.25213574147364
8.172038543777115
128.29399488465103
8.74310588572104
-22.133728923509683
-102.25042477400068
36.04563369908778
-56.33953096717586
-124.74306322775699
163.58062227703908
-181.8557525860403
-82.01922343650784
7.952199220306472
-79.47268349123964
247.70007642889436
-18.534214232540204
146.50533857869857
-123.83891444279358
-96.47711873843957
43.649307922914
18.520981696734054
-33.226387321086335
79.95176166075615
-134.32230961084002
60.78507912214982
56.34770512541652
19.080915528826022
-163.07108061090392
-146.0492374414539
-80.40317218360818
-24.119904561521597
18.669562489379476
110.87961893337567
15.55354818914769
17.96174342522528
-24.077336421173797
1.2563644028931922
-67.80764383631197
-152.01906727362044
42.36806867949333
267.3352920555611
245.47424458396935
-180.9010713406565
-55.243716804419385
26.670256542133817
-67.44403706275293
153.11626356113956
14.033975997527179
-92.81187863824792
105.36000569985316
-7.985584856593687
-220.74435431586363
-32.012625308232586
13.8931668249054
-140.9801049399245
-128.95027390226832
-15.418783118071802
-203.91618620350306
-45.239823792495265
-57.66468822850016
-99.14533739019976
-30.38294673885671
145.46407736480788
-83.58901572353642
-247.86951273792465
-35.98675928701709
44.199461583829354
76.1569178581482
197.55661881294466
166.19065874577018
25.872002375948448
-95.37328916433431
-2.980468923579824
-108.53991603360346
54.64048943218231
180.47465718657764
-68.57199780928099
273.9795002682724
-84.25032410376221
-116.04084148476626
192.42919976358252
150.47882560449315
37.29928582575986
4.868251921429244
162.2871762390222
-38.30118330432496
12.924719598802813
50.26572920805661
30.893043073877138
124.97179915224967
26.084532251955622
-19.69061562283396
60.32403673512544
-95.94795002471768
-145.21282575021158
198.55621989891185
54.70711881722819
-290.8521700050357
238.0213813715751
252.38873994512147
232.58146633345132
29.33535148004398
50.74916113831283
-94.43431735260928
-8.245898866858457
35.20962231490871
-23.544753990398952
165.2568277287637
89.78604794636831
160.4216040376124
299.17034897882564
-223.8546091415074
-99.88602209716842
18.866972757639306
-49.05082045081438
129.73668437273568
-141.16535183350842
51.6144023512622
-154.45472362074182
-124.49042925014894
-92.75165957561504
-128.98926584707033
-158.8458818274194
131.90244699269573
-36.85192148209374
41.890683193021474
36.21775438359544
-177.52616941554714
106.23037134829578
40.15707607182481
15.60238947655271
-79.01458067367723
77.36541756420384
-44.21832413177232
61.091442679988916
154.98244699125644
205.40124976330412
36.748157816489226
-99.55364835186613
50.01617894789173
76.63337702147375
263.04887248809
-44.002389807227196
-15.901337948754428
-85.26179391843036
-119.16842610616925
70.52239340177778
-22.543311800321163
-79.96814131884949
-124.08597594085454
57.05077607264445
-48.12459567045936
-138.35739972286345
74.51690040619324
-45.237723002183024
-190.58140667885422
85.81848845793925
-164.04622205440293
-159.43589974154887
-215.9111484213485
-222.44074457390232
-152.40235753398895
-106.83040291182803
78.50088681455847
-117.35298547964643
-126.95486379774249
50.48990954210686
133.22866988948402
263.6449497444071
-177.54128826869248
105.50777909501323
279.89414524756944
-184.39234102569074
23.884946565899448
-189.22189865473842
124.854393909758
-70.76328996315743
137.24785263385826
112.64289423899938
30.37722581539362
-39.80900878793823
16.462334594330137
181.26920184489643
369.01602387976834
-221.99707631521537
190.49018442424392
115.60773305675255
167.5032769768877
29.40530009076769
