248.4588600725229
28.58198747293314
-56.28975527346004
-164.57876292131596
-221.1378226377869
36.53151436170502
162.33055166925612
80.02033702946461
102.25282017301814
246.98807814031673
-45.680594467835576
67.03406191216588
92.30445222533872
4.65182531562175
-362.0169871230718
189.27953282719992
-119.63623216974528
-52.00033156121603
-31.566825714299046
376.4174594864475
123.00940500933937
-33.50208610382327
129.19238044619863
-0.6564556055849913
-68.08037625889182
-23.243822710525542
-68.20973494376447
253.26595191467695
-91.0015032639206
59.565666333974114
-367.47293877858
-272.13722308635454
97.58941240725235
181.32220595159535
-39.956904675209024
-394.89284327815494
-30.357585066696387
-110.50892129575821
249.6037167239956
-101.1710195120842
363.89358196627063
188.43971970126063
-81.97233504302746
238.06783569355605
-225.70537743798212
-256.5083365394575
-197.94037760176963
-15.280122832229756
-78.38117870552291
-462.77760056405725
353.64805723265283
68.6929262124119
238.61463906665824
-330.8612792392285
-179.30377419109502
32.39377761901283
153.46184423563017
-528.5305172016534
98.77958597409135
71.72425969781231
-25.718702066171574
-149.90852269694844
-284.0653909713394
-109.04521300800751
195.40500191733332
303.2913939727862
258.0601553109789
12.28685482412479
143.0825170753528
251.6828512263702
-136.386861615767
237.26647237975743
73.52566719082341
49.14794646222596
-190.51487353576178
58.94743916268516
-46.4691873014755
-128.4300715804008
528.0893570655534
473.4374448771312
-79.50611528291118
26.07810230413531
289.99813965353854
151.43571264622955
72.37582838573232
-61.755631921341866
-163.838552883391
-40.816872334987366
105.6035513551213
111.69954924700768
-176.03721834693292
-327.7998988905208
-115.40154752594856
113.93864952290352
-126.39350300924103
35.55014572669382
-5.584813867921047
236.08120547807346
47.516276926902165
258.2953182249038
201.07636203708861
365.5410848911504
-103.42056214879868
-2.306595507771153
69.6256835380971
216.87059866307584
235.70067751321326
234.00902685576952
88.85336090331027
-98.40735826462591
137.3428422513385
-23.037026591795147
-134.26319150078257
-234.2222996163072
-28.412357997209043
122.66576782570301
112.59894490053676
214.06535731141003
-10.996872242207393
78.55953491276875
-64.65114134698929
140.24852602290125
101.95917147089787
-17.789986183241247
284.16883945124795
-17.34964308991057
148.32823380767337
279.70054217551814
-121.45528453970482
-31.924874997242124
204.32755335077994
-75.80586030411054
56.44691425278291
-54.38094676037271
-91.3519775167339
129.04132649351058
-120.17687250449198
-63.15434051042677
50.51450250875101
52.84635091838303
-47.48234661210549
-152.46040205525273
41.33684192250871
41.74520967369811
197.33983977535942
199.3257250615177
-74.71973072404865
383.0885018209004
-148.89438127870423
-129.0687751759282
53.64421689955875
-108.12722896174827
23.2721458337517
-173.82438247119222
208.61233605496156
87.50889047666922
191.58529508313646
272.2811283993603
589.4148901273171
-201.31441341158535
123.35437680506827
-11.508279001756662
-212.8880933620784
-168.79381538268822
333.73253377140844
139.98262927913535
130.06022996656284
-88.43018558349206
-24.39845813854075
-207.78548959764444
23.81266098513165
-67.62683217131001
-5.578986664292858
-97.89031303756782
-77.11727892828713
-275.6880476579242
335.9039925904113
-93.67571807255379
-147.97731328623175
19.135588725484652
275.20180641221367
-21.82969873306557
-229.63848112030905
-50.98863672766802
-66.72368388442958
68.65131982895225
-186.57972198448957
7.850882907904372
215.6111521615224
105.25058393844115
214.7946262496137
-65.77685898649911
-231.42859294129946
-9.190174604608242
-120.31722917885308
-404.94252173924474
-85.35177090366079
-138.52856757849872
426.30135735247035
-102.98738659234903
45.83787074332822
-166.55188881033047
-382.6559285112311
-83.14382089396805
193.8912566182341
-365.6971649963134
-2.8921842787490526
121.84322627094956
286.55911462557845
129.9522240880809
-166.99798584684996
-164.8955632909
207.0387579347071
-41.12255422587973
346.2961361475172
-95.85110047482534
-85.86666890097581
-188.6303030229542
5.274053422436479
-115.24070539881117
-61.6243590774828
74.68013563252725
-11.981096876384498
-148.15608208800984
153.91365606624612
-63.08547256419113
-66.07855372806902
-72.70229267915512
-72.31684824311016
70.2872309213214
38.51869346552943
-269.6460032677154
139.907432268325
-375.01688015366204
192.11718323602148
41.67140454678728
-70.9115388982025
-168.99290966402762
-279.41259348872006
-10.921974449240482
-91.09374784229728
-161.85140287125517
102.92035906087418
-96.83394943718469
127.10527023917709
184.4179797765474
31.9023241731158
-58.92087101022901
336.96361944068826
123.15647861459156
29.110679720178872
126.75768342187027
-159.97481383627
275.38242562811746
18.143874252227825
156.31536808669142
38.19334706318436
-89.334975457128
-86.13654142993911
-197.44447228902857
86.02437874347932
94.6471717305173
103.75805432417096
-67.53696324583976
124.39424802735422
-210.57901644101568
118.43538059590358
-38.85074847709792
-9.330014125904386
-137.27181277447042
143.88123225020317
322.89505225674753
-452.2556335755344
-6.107778794619978
131.31916588985524
215.43134898170933
209.6608566204335
-79.52270904867649
-132.3192763827717
64.28726439795372
143.89333297491333
93.66981832247461
156.20404956460922
44.41270448258116
-353.2225836477289
117.2281310085749
-106.51575717670525
36.77587976742705
126.34449689710219
92.93379466719719
-43.66229865738741
-150.23417232881084
-62.70245658735615
-127.39604849192
-203.00456486338854
-32.53957001903071
207.3207107010931
15.598451852312984
133.46647344109
189.81046149373793
94.40514900089215
30.752509168128707
209.60825780307584
-15.200778269203811
110.61335173111095
59.821070509516225
95.89575140448288
-97.56750358713121
-209.41601282104065
213.7004768548469
-270.2973282866081
284.29273175039464
-69.75825667340708
48.463046890957585
-42.511112716795175
-44.3984734992432
-427.45557108199046
-86.82933821310957
248.79179161138825
124.77724033154072
31.85817033156498
-60.162046354835844
94.70027159857742
21.8231730596997
27.643964092747385
185.62839364574035
121.43702839084774
7.718133039095136
-223.68837473111037
211.00010868814815
-52.72153629359913
-200.06607621034857
101.90018115357074
-123.69801017929929
-291.6814526341418
-15.784675647479109
-133.95116413016123
-215.11113947319643
60.132135937117575
-348.67788775632755
-65.04469156028614
-10.144936115890822
21.253231964923206
269.02782214826817
-22.44907082908924
238.99078657906335
-139.63085779903733
121.27577700790792
-301.9053665070845
-101.80948865789499
11.672162125432662
144.37378232845438
338.629105233293
326.2351003772947
195.74660469704546
12.630163174763164
69.39019434958664
219.49500200906002
316.1658228462104
127.42397142257201
-30.18572813030068
-97.68791281020118
-108.2467018660321
182.30621961535005
-25.50335139059321
66.46851063137225
191.92283230374068
-256.2842286969641
185.8741570376344
-178.15646782760183
-82.05098083677166
-341.7483516086834
-294.92732285511875
125.5160116998205
79.66595490367527
-196.62011587590086
49.00352105713734
-234.055939998754
-30.739026799655036
-30.963858195422233
-108.67439559040818
273.2753904940309
-27.920152170276875
25.533138330100385
157.99893653741375
-16.869783712243773
126.62218216912405
61.36519073985501
12.882390782804363
-54.94613582586972
-179.99085260017
191.40358368317968
225.71044809301853
44.548036090117975
303.28878638769646
-100.96111127488436
64.37868981566497
18.94405424866897
-183.07269228226235
-88.04150985958212
-222.481465494878
214.17928602374187
135.27639858575915
-105.22815361068135
-6.546524122660461
32.33118829131593
251.0969807830232
212.79500054475804
-433.8386828817739
51.68104430148846
-106.83696160254456
-63.37745694497317
95.10341386869521
-307.8608129898504
110.29383015743568
-100.55622669532293
82.77471788291392
43.41569678702051
-151.27231097880212
-167.58662335154324
-31.699111295632655
-170.55106253770055
-19.405189634788726
151.58311047000947
110.88123515612486
-263.1903914734557
-30.450147600292343
6.9558277326708255
-30.166542134335
95.71092796535581
-310.1109744305662
184.74785704081125
-277.9482688791305
495.2010916986395
-151.03157778993528
-9.139657974751835
212.05631838960497
43.90181867219208
318.8433765503935
131.4707936444113
-132.4241516395656
-83.18229966821883
-109.77735667300725
-112.4681235454464
-76.56683982881039
219.32711190177662
380.3795124821861
234.48878566967153
167.26927585846474
-26.10769803372979
163.4628704921045
3.729117688324074
-9.336589842374172
92.32941842446074
-179.9061703382078
-349.88625106930346
379.9990355201655
92.7135657955951
21.932694567290437
-93.74272388432546
-27.957619331706116
213.0772353765055
-94.81175533831018
-60.04571824942535
-327.0024237461654
-87.98063892117683
91.9057042312902
55.59663828540167
-235.411679720997
-174.52401116966087
77.32033130167447
159.36704247102352
53.219047971588665
-38.487625023286185
56.88830996149075
376.80686718625896
-87.51897067315947
29.414578451972236
-305.5938790715691
140.56668895635417
110.71185384340176
66.05444487872158
-306.69502758490694
-100.29268493948634
-95.01051576741443
-549.1194908021589
261.32890298924093
28.600188167157906
57.981802503174826
115.2417707288289
60.39022891049078
580.532468949313
-53.35734223678391
14.087200164505944
-10.837753566830905
516.1370586865567
10.759017658950635
97.5963338699113
83.07120852802697
181.74674370352867
97.52409297584421
250.76136625585934
-311.65747038482095
170.57620960941333
253.46140528435095
233.31223492771903
302.90428046457544
130.45593079379458
-256.79388025876307
94.04790564450008
-233.02960460099527
-253.35194089496093
-117.79268594431471
39.625188659008295
240.3508457555162
246.74293616898748
-31.231884445386097
106.22003658906446
-148.79332283511286
-234.94678738116247
181.60149683529022
-18.00911347102968
301.6511786415876
-60.6069582860332
-13.916031717021005
-36.23818788021019
-137.90613410230395
277.61801051262216
-12.192455212269897
-232.21880617371784
58.56710657969964
83.89272553472347
111.82710528274421
230.77576005595236
-150.38209224437
-43.39950590630517
-124.20335817902601
1.1530783642094564
158.74230226537068
115.60333269909839
113.75596473480859
240.3628333857634
104.39340664002312
-246.3285119341555
-12.176624520934029
-183.60122931006765
-113.47867251974546
74.33393868352509
36.43065162394578
-208.2524601367869
-70.28097674063635
158.11765071818783
188.64571440943098
-245.64197667611046
24.32882205103559
145.52578095875813
-125.29651422099715
175.65746633287057
67.44987655214139
280.93601461297516
250.88525827663236
22.779160847810616
169.3919663033473
-146.8351877491665
-274.87829659276144
422.72419454195006
-268.6061532640529
67.5695809524118
-149.40446976271826
-6.892243574150569
148.64898045795712
-443.9868155036109
-24.389649748096634
-10.682169438457006
98.11691835930704
61.716632739851484
68.97032933107637
38.87958972113061
133.17227515180585
152.05352219751884
-150.09161727758527
159.53732995919145
-38.81774007845367
179.95897539071385
54.099594752488805
0.9610082382223784
179.31138910564255
-56.81089660091862
-224.45079264083483
-109.89858073405664
-161.63491591167713
222.95498022107208
-31.465244975731345
-133.77339914994127
155.92993432636447
-61.217447836799344
408.55535932019694
329.28383940057734
29.490025524142556
177.80586523085282
114.08554293019438
56.13909912869793
186.50994395006762
71.03457231129032
41.05657768323176
-289.5184418247785
-54.44825871662993
-171.92089797826247
-247.0074335362538
-126.78524024062091
78.40256629484527
128.1929223880879
-147.53455450056575
-157.80056059548374
293.97160080697245
344.65603296842585
306.60925969325297
35.21680376371635
-106.85819286881674
-261.3937016753098
-19.354216562728485
113.19132441716063
161.52657661624926
-166.47984714616723
-115.45211394477813
171.3641686214099
63.81113526826909
121.07032026590274
-28.64557160456488
95.64405045158358
-362.2599576257268
-81.36326529818156
-316.1436292815153
124.27392083080709
-22.928385891583687
228.74601486444027
92.90914464621815
21.4088117108198
-70.53262577274405
-304.75916357211304
104.23179156374651
368.63832445740525
52.901720241111725
-221.10146528417576
-319.12373851286856
335.5213814680551
238.89329402386124
-160.28768254658993
-150.72103138000182
422.1755038281541
-31.069083411330357
49.99196707261932
237.39710048672438
-81.95319323743655
61.53859356346143
42.69988345078717
-296.69591542445966
-115.11046087309906
189.28052828312207
-45.598472288007905
52.419565011332125
-39.19776991453556
-144.33149896565638
49.063254740754815
-239.89706017332696
-155.9263514500681
-212.95393843053964
398.08516889304565
-134.95985747188408
2.9573647064042685
-310.3939387395301
-47.651574441056944
-148.95349044284103
-79.87208831271076
-214.458478048816
71.36605190347963
111.24937797182073
-159.07514836854708
155.31296694774332
76.20724744989579
-208.0566727298476
-33.369560056555216
-115.5333213345294
-72.92499506369514
33.42106781658828
90.86421369690147
-204.48101426621457
104.322060915692
17.559418613466573
24.373769378140206
52.40227220867814
-179.9489577894095
-31.24602718890568
-108.73035781050253
90.81273468057368
-19.02983920008192
-61.53204957642554
-187.1951892370767
177.601357844102
-69.00382747347645
-112.35083833186077
1.447262502989481
-63.787003213941475
-163.46464261983763
82.95494183264903
55.38096420672373
-168.24317079772229
-70.1557131654326
136.91525008052758
47.48323595215546
-169.33460387930802
-263.0457607922513
64.19753453642613
44.89316057906013
-156.8726652073471
41.12757998613223
306.66296343424085
-217.60353928451522
-174.898012195773
-302.2496912511511
-265.5091690447237
-190.3834295937824
175.04741687287662
116.20288558012983
-50.02311030148175
94.37940035638825
-151.38697487492595
-262.1062568475341
-36.611652725150115
-106.31668763467275
-219.6299241751914
-237.6841302221364
-234.81480049371592
-194.6356629831469
78.1581377266539
-197.94446072025644
-100.01788561395554
-237.79052950445055
-17.914109794220497
-183.5871629874144
35.38245276306039
50.9927045139661
142.26044322460015
43.35929918436854
296.25308040463216
-223.78304485428578
-29.961555878349362
-149.60316410523836
332.6857578523464
-384.09804280507615
-373.3508917521226
4.518433793102125
-273.2032298420322
148.73303758564512
160.23016229708793
247.01137493942022
-194.22815252979507
127.57391350881718
216.5591005194836
219.3876268414864
69.52141990663318
199.99651313843407
345.5601707490489
-102.6438597418179
18.036007763450964
-8.506395036608321
-390.1595471094877
-93.11299733854598
187.42463274167994
-152.79255518268633
320.6875734817097
-19.6241539271302
-188.2408104817573
93.99349766619301
84.06228810303087
-87.71684384113489
332.08468296357444
-212.92792014573146
-156.3268989304884
212.52150029702423
-65.80183242404067
48.607782428804356
-139.91038158852345
18.167750439370156
-27.016274684210124
264.1967286637534
-175.987213003859
-256.7392789698227
-27.118549889418723
200.0790241524101
-4.79429855101734
237.89458266138587
192.89883052070394
-290.56184313412075
-5.565286608574855
181.4985251234767
18.652119779106705
143.73216837806135
209.81614051455648
147.07136027467678
248.83165872538262
60.1518916747472
-266.88110577499253
258.74708529736785
252.16519911153958
-336.4552036934595
12.569857947950464
164.41002868401225
-190.7854949016232
17.78310399642223
-62.72496397835839
262.1116036422035
-178.02920197116555
-158.39250857356663
-68.86301056519157
-3.6451570041467516
-253.30613961452414
-203.17661667394114
98.07089822319244
89.0166087325577
163.45682686660487
101.24108543854224
-28.41512045774121
-26.481456752400533
-125.95852103908632
58.87626181533807
-175.62290302944055
-79.96277676024026
130.23699840131007
3.7397301166899943
49.35278055872441
164.7970966182082
64.54749393224166
94.76935027780765
187.4455464907785
84.31465008720559
-101.96075279450628
-316.7274145211816
231.26686215987922
-115.07326196325148
-169.18696208086243
158.3813284821918
206.47785291910498
-153.83736594554057
-42.139542523053606
41.953280472167776
-223.10875518017002
-202.54776960166222
-158.2696994794719
-14.591934642731552
106.00674513047761
143.46211449126798
-391.0701287267102
-32.03530070128569
-277.2957089781431
74.00179530322836
-248.1042805298719
-89.77772604461077
80.63639508448443
-185.7041243634516
21.47043825420611
224.9088575620455
-219.76204089641166
257.8925230594985
-205.54889024114317
-15.517131916981498
66.76254342722336
122.54886280840513
60.653560263498555
-10.83357930910501
-82.44901727791687
181.6084595817596
55.511370900504836
-151.64912906740113
-51.769415552746715
178.62270749642278
162.2665735759495
97.86759066715923
-179.15171187966814
31.360961567878192
80.76759799981558
-233.62591455658736
-162.91638890637844
-99.53301554669841
-361.16483800456695
4.276863163292198
-273.29523192009333
-115.73610955110347
-129.13079760285294
48.90009821441625
66.83377399081078
-15.475716030448941
168.36723617286356
21.554436076299098
163.19065208763604
-169.09855356106002
314.2156049656424
-51.88746191212488
-107.87090738173424
221.33135672886422
221.67475454272957
31.230100823771746
-41.80136090535528
-57.416164470406535
74.6410888398095
-54.47275563809985
232.43353161581024
-37.66636954557731
-212.52334154671757
-106.12145303260802
-145.98015364448057
84.22923742242037
-53.33636617093855
-17.95577436317369
-32.62003034026567
292.08327815393795
236.56690831289336
-185.4993606701914
-164.6875104143673
-89.9795485902316
5.284744979490612
314.08801158785263
-76.3300395309613
80.63934460416553
-344.9291185288562
-358.37925908886376
-168.8745330656363
-258.25394979905974
105.02096242203682
114.13406131586217
1.5051290196696896
-349.65589277828576
218.82345343695812
64.67890720272702
41.03162088940831
-82.52927432314544
93.52623871033336
15.111457611807166
74.29973989501971
212.1371222789699
-77.35029104292747
74.87739707269746
-24.283891589289503
-274.2887351255803
197.95640650286472
-158.29994714858248
28.698495612651744
-46.226531096296235
-372.9510182244572
120.68500034688604
-218.61659678132855
-105.88105954260831
62.098017569401414
-88.26399888977848
-108.86026615481536
-10.225392664469105
247.11437536824445
-72.27659737561736
-176.71623768435867
-230.6495249454689
208.4651112262013
-23.79151042956928
83.32760204558745
-125.41568478871436
120.29707382948519
-8.940120564764424
-200.08186305121598
126.2697941844315
203.90617178889735
62.758034297557664
56.65635581451013
87.37734399202556
255.55630700821595
-290.3808940945563
55.486865559342874
-64.93689853033432
-76.39793761788435
150.89501327033304
187.3453321826065
-198.60914819272324
-243.68992592834155
446.0076154966975
49.38955098843825
219.65864149954083
157.638456991896
-171.89043457023007
-159.54595913558722
101.34784432035019
151.9508240988115
130.7519709137816
-30.166188867960003
286.30940398008096
150.52400483816746
148.36462403711323
251.74248002633828
-152.27593807512417
217.97829787975073
-113.66670092057721
128.61266212540127
-151.57925819402206
