-75.83142596923685
81.58714487325453
-23.082410156074605
144.7762397624256
-126.44019980869142
-230.77036406965564
2.8262150412477567
109.90712683542783
-4.074511290015515
-42.518086922150545
-18.98412472182574
114.08656436769024
165.9346360273243
-2.850068473247034
-78.80063617427749
16.140799779859794
151.09706843609825
14.581474158645726
63.77979245156552
13.17636855036193
85.78544598307896
-44.96539945021988
85.68706379811904
-21.75168416727035
-9.562731091706807
79.77645263863775
-144.35395659459144
139.9721112597542
-44.35166245856681
-68.317243344386
-105.45114184866503
140.5265022998475
-111.08738349259104
128.43463354824323
-7.788439038755904
137.34895873693827
-152.8772417647116
129.15546792879874
42.22059361237942
-12.913128710925644
150.16892126206798
-26.38940997734813
43.94436474740614
44.84190615306342
-101.55403434851071
60.93505513535845
-2.5394296789511315
-60.55405236956746
-59.77742623246039
-146.58779363347188
197.89858766861352
-138.22411697422658
-3.5844088513611627
152.19442985009306
-162.88857803231213
-231.74816201574973
89.80485416445342
-13.450670127623757
-37.71572402831705
17.326886118686613
21.91180056656591
-49.92368078846769
-41.25731775889859
98.88401132912324
191.9628349980772
-163.0598723760282
138.08568326037252
21.904000264781665
94.82669119080136
25.70554855244724
-59.635682054257316
-134.0501160086895
-56.99195178805309
-142.94373272643202
13.890949819998507
120.43003248249968
-256.2634572180123
-11.411963104768045
33.154577444689025
37.48832496271473
-90.11248799944461
99.01369423885498
-64.26466596553014
-32.72991425103114
-140.6202225315501
22.962457995463712
14.47941684663219
-128.97432181449153
22.757212757061478
-165.55382953425854
73.0629345300568
17.261507480978683
119.37760004801531
74.60607726993359
-49.90591785002661
-56.183477713687
158.9904889940767
78.07705150594008
95.12840323984996
-40.66734618016153
64.40140087008164
97.65127512402535
-64.9131636654543
37.24355516037326
43.58967601593968
-5.925113635810879
66.90796492159228
66.00514078538502
159.44973787603158
232.85936629997698
89.58154807698904
133.09930899839514
160.0825729701358
-88.67879734744496
-7.596946559809897
237.21147235848082
64.96435426889005
-66.15795481681134
274.38304081723254
-100.60806609621471
54.559686637785845
-98.12294177060068
-4.002949789895543
189.77624837473388
25.762813218939183
311.7250554192363
117.17487678501273
168.80250232564828
-68.9769380500912
-138.46756201426396
24.43776280179307
289.4233950140523
155.25039893812183
-16.36206941896509
125.88809042532051
63.56497366575053
-93.5201081107098
-3.9008615873192793
-12.190384646253522
149.91959768787376
37.98907151930588
-97.4462055331495
87.89327023504214
-218.71689490578635
100.57293106902198
18.676940976496223
-36.87204113893865
36.65981630239179
119.9903285864608
144.8080938461873
12.346267816733363
-63.49820702536293
106.74294412600845
-98.19712966717255
117.51636518190266
-116.40053154277011
-22.693414047110604
-286.63779194967196
86.38299461148881
106.10519963423056
-17.617462581645686
-5.180112151555644
134.13473906771887
-231.011918343498
-16.473252128374522
140.38041723180314
91.47110557562327
-137.2845298417932
-173.9927835363457
245.5486537416996
-202.282175170511
169.596395386994
195.86666330041052
-193.98922864534822
-4.693060860321907
69.25234522067306
0.6118537423928886
18.315654801806993
207.89597689325376
-23.735487632169924
82.60642643173445
258.9208537443348
6.399283650383679
-58.360372130888145
7.185079813441425
144.3870792012761
-261.24558943007764
209.0944385683591
-123.81285424431891
100.40008071247738
141.98708577021299
177.6583111747512
72.2948642634968
-260.3361535593127
52.54400839932541
-98.63146445817478
-74.44254026839026
10.46074813221182
-45.255152476870755
-183.39775950836483
-146.76530852652724
-70.35733967505247
-80.87399989890578
51.43438193643365
-2.3048387882782086
-52.18847720037759
-158.20045360292394
-238.41873607400768
13.203482280961637
-293.12160193339946
158.89119508079074
-323.7189018159499
72.56083247109669
163.44936987260962
-50.01797055475757
75.98371843822903
-134.39665196720352
-115.30845511324499
-224.462567940024
-101.260595958227
61.945911553417865
246.28553302449518
-17.111867014800108
-136.2881508556124
-48.16118056728319
-116.91639726619105
84.78797310316021
73.88977252196162
139.40262785844993
-45.84818622830435
-66.78700679242671
91.12127813582362
187.153373481558
-119.82049678663394
105.63049914781229
-90.3900480204153
12.605963274717588
-5.8373338629344165
45.47469479153383
-5.139500365533259
-22.49164793676781
221.39806685834301
33.1989647943243
135.28661056214068
148.40829687921283
33.06638376677934
-186.7402699622426
167.62991962083495
178.27101164562427
-48.29587153030988
180.36488593961693
-33.160276226049774
110.05378724938764
-109.34704176264854
117.73433893503453
-54.94437547537963
-66.94449297513434
153.56018861793984
-48.69518875075974
64.8997391440442
-137.18790567423216
40.96146625925691
-8.898026573867613
-42.99858716810116
-84.69881977525088
-218.87791838479254
-17.523726054090197
114.40910233893499
104.34039053487881
233.98778530707523
126.76269326137567
-61.57075994135384
-118.4240934504997
105.10166578251523
-84.29104553068025
-197.43350760603883
31.29584539933712
-80.81286838792538
260.2505879986133
67.17277471890905
-44.235622545860224
25.945460022517363
-106.60985803006508
-45.802654043077396
-126.76730791389804
67.75770768169725
-7.3741884852495785
251.01683906562798
-13.381930133071094
149.73758331508955
0.8646398544430325
126.72981932161784
91.34782844302698
-94.14591216747378
-96.10693892449117
-102.1473002358933
175.3902497139857
73.67468010289687
43.196214112823604
100.62512373661463
-295.8171831904273
20.722860203732978
139.2691619673691
-22.93775704367914
-118.00627670850317
-147.85439276305533
222.83773843392785
167.57309774842392
103.621969688982
0.7887072715359329
-123.38031949426191
138.70075756633977
-19.585529540693717
74.22771820964893
106.79241325239602
145.45092591215382
-22.448168714707943
-17.61907745870103
89.79449509650847
-88.33193791630949
-12.724152149868527
104.97745415440126
35.27186274724777
123.73179809764889
99.71520816360677
-188.38304724911208
6.31647577127799
-24.787248172902125
96.37999861006821
-106.47577265869695
218.29882516984352
4.68144283237201
-25.445019982686038
-129.73764386366366
-222.68606658815239
132.71643322006938
92.72178652797264
47.442596691394215
148.8588342856463
55.12921597377903
123.04763831792164
104.30716423431305
-47.94113025715006
93.48542381675874
33.483686524713306
-19.406638757150997
111.44445620683369
-209.45628583430337
-8.312196720771317
-8.669448463949724
70.52863960635916
-29.37277737421603
-95.51978498618053
-133.16992664546513
-64.46770702152516
-37.777819498587114
162.10383334317189
48.639503133921814
-178.74526722107333
221.86957123268027
115.21705580693349
-78.81742592804441
122.8451752746718
117.66100504598663
6.244276503687205
-87.55930470921336
44.036069130047146
-106.60500515347805
43.48766573530152
104.2610489441793
79.73301155087985
-9.259818170446065
28.29918423080872
58.720776549208715
127.9430292252501
-295.1858472283408
-181.3007040872697
68.62453759371596
-102.42450045924433
130.15312766988976
-107.94818240690243
163.48794131942438
223.27634247709497
-191.9595181501279
1.874937868160068
72.31727231749582
8.99624224859145
109.2267029510956
-160.91583555375206
-61.54955405252311
51.4767475009142
-32.31549435623138
-77.18804410385756
225.42551629041048
213.18412764639498
-222.15240101801214
-214.72566565422505
31.082952367252418
-227.62098931645562
-3.987093062958431
108.63620643632106
227.40797432785982
-125.01433678708624
104.09497363331526
-33.00179552810871
73.50849614350977
-162.61167274526062
12.218672463380953
11.467106476541714
136.4321303692585
11.878792354355124
-133.37902361309133
262.7876903411318
-43.050025953054266
-49.952441859285884
-107.78217151249262
-20.28655556263138
239.6044184282098
107.57729935111234
-231.5320648329655
78.2016598076922
-293.0894196615746
119.1182938402337
119.63905469363597
-37.76378803902834
115.03293755005306
3.546469601024711
40.479206893575686
-22.455679663673322
31.463496298282568
59.580982830489916
76.76128078660943
6.083224778719593
130.6136164821581
-92.15251533856271
-279.9091056106895
-174.64447271268824
-262.7922086262718
50.87469352059043
276.52540383127706
57.41431207878363
46.41902255446604
198.33030864647316
10.635618609699089
173.05200504214108
-84.71140167078983
-46.447446421355984
-229.84468227415672
25.883922534616
-56.42933814550071
-111.87351126167151
23.370848016687788
74.1668581245147
129.6101512162572
-153.89668848647818
-181.74177990007908
173.59852235123222
-186.03508993565995
-99.54625787323822
272.10258497411235
-171.3683187792014
-314.4442382496664
252.23657439673116
44.477883556795426
-85.06748851587851
2.121973559356415
-35.17716765001095
197.16882122904573
-150.7388304033927
121.5014392356547
-47.35172151478739
-118.32691239328513
45.32577831963629
-192.6039173284582
134.66634647247315
165.75996045466374
127.51978353058628
120.08526412781234
214.26930668307725
57.69986376326288
-24.885375181019754
-30.208160331178778
-97.528830503224
-158.25091146685915
130.97202409003077
-153.39788574998073
33.99374298885374
-135.98894363714604
247.99167931165115
45.39695057872228
137.69779654063328
-227.57712447820612
82.44924130144317
22.408242760148788
-102.67236009237241
161.7593385328395
-76.29314066720777
318.78064925782365
-8.641464141623427
-97.90830531568191
-46.96855394375639
-63.71854452402504
48.01478556455886
-54.53929095911999
-172.2795988234464
-85.64053527779413
-5.266004108805259
-91.97012435597411
-60.884789250005696
131.1921989320891
-0.17801512033875339
127.65885538038958
-79.9113365624942
-106.3464385152744
-61.411940733948114
-42.659396844597495
15.212480956017286
65.92674762743597
16.738713382855753
218.9821652073495
-99.99977008639644
-23.711390394528816
-112.91806223921897
-5.440727514728845
94.12794227212483
-19.519068215919727
93.3514779089698
-101.02827415582445
11.842897401035138
-24.927460653738873
74.65794058529326
268.6215207266336
5.106862878148944
-171.60927567177737
-72.70611555135694
-99.02431424045108
77.75604671089165
-311.9609862585653
21.02399218713223
42.26816436808194
223.7094754515014
7.0564847675487705
-36.25275968254532
-28.069071766722768
-28.596788750065016
97.65232346934003
193.98185432396372
-109.20587625096464
118.08786239930363
-71.02977140186849
-15.031772301808292
236.7509240362156
-10.830322617645882
-312.0755743918349
-266.7953254488797
96.01918105817046
-222.9497595634443
103.06314414786222
166.44085036227855
-8.048013226798938
-26.009783512868534
-106.38331482886996
1.0293498285897176
-293.942444529156
32.45760333501654
81.7082922287897
-31.186037724978828
-75.20440309392013
194.83595978018485
36.64280829724054
-201.1466557019412
-239.57372783506884
92.37037505832018
154.6844605178956
-41.428029711783275
-73.1729802801363
155.40006964469498
-115.20460923936471
-189.98341456710614
43.769558544817016
-26.714615612099756
-89.65414905267342
17.626028448209553
100.33541651096925
-185.80413251956602
-83.11923220557082
55.20787795095043
-171.13304226041188
70.32273218554178
82.07115898944915
95.2740556382247
-62.09103419171454
56.95288376205693
-81.74655685667211
-334.7360689381568
70.0102429331824
-79.33487848368715
-24.534803900137714
182.86419428034534
170.7804621228448
-81.04737257828279
139.1693351439192
120.80216478885025
-117.46965495237276
102.06820507231484
66.06487071947474
-235.89615758401564
-417.8438187425986
-63.39473419365397
-205.19951150314498
7.565877422890947
-86.59190835097357
103.23888633908825
-189.02477678472155
-108.85277392161841
66.26405474391773
9.813621841708581
-104.50478666765912
75.83908085370015
-244.9766313959388
31.47963140002774
154.2378149275021
121.45333497563925
-267.85261593181343
276.14441122913365
110.83062407020383
241.5579424670865
-4.66338062937959
260.5582995669222
16.30611226738633
-14.993029545825609
-72.89897451188037
-36.37297531035248
37.061285135499304
123.68809369414743
179.9075706364164
-109.08777604910526
159.90648937651105
-134.52671022282416
-159.3769316823025
45.550079405690774
37.99714680907639
44.78178973915159
-135.4901012301483
2.4044997546609275
-82.88850986509739
-63.363636089386624
106.84817524112053
-200.9609093485727
-146.06976906075053
-45.12140360684806
69.75508225096398
-101.32648988348342
-50.8104238324541
-131.1708380940427
63.1946225822692
-174.78079202546346
56.75415180850477
-5.520059097100527
6.453313428656689
68.97039234479578
107.98707136014336
156.55347437468632
12.37086627406769
-271.52128952775496
104.7149055469656
-59.65948788177372
59.55359511367991
123.13555563400227
174.37845462035247
23.576099438152283
-164.46985928480703
68.776525574417
-171.00353081334728
-64.76454581565648
37.458825608107986
-174.08659148576166
96.20504918268021
83.60826706046718
-132.1682045748497
-27.89869966782218
-228.3986004526786
-54.52530985189064
179.19699290918132
-84.42343781305412
-77.75089529509611
-54.06880597404206
-71.98440477150882
27.431914688779038
-129.37674421123086
147.86332940701462
121.89132460432079
88.14713612483114
158.03473682096063
-24.83190546133905
2.6993107792660647
-73.383347542805
-61.58172096414751
-51.054115060946366
63.2147638071343
92.31202461896783
132.42088605513442
-313.8088043915598
58.220990481663094
177.00634831708018
100.96851208349044
-97.02236360486269
54.71283483689501
-89.06001000529574
144.63338694497776
0.31659644739430615
-43.274791269005846
-93.9372588375726
321.2955685385263
-211.6152447590717
244.70578082936962
212.019034201772
43.43369672248144
-20.546093903186243
-176.7467233197317
-170.1174553066169
79.04232497863464
4.856669353563185
155.97112365071976
-113.6327338405526
-12.972420009916359
-81.91012654735566
73.9835648951108
161.7596563028224
-72.82334169985981
147.499508999353
-154.2813092560403
25.345980746338427
41.53281194739514
98.61345939459545
268.88005198314823
-68.66465000337243
107.85143228047006
-69.55666624634641
306.9077058900988
108.98363588616655
-22.936364247607923
71.52464842616061
-116.75428506861006
-28.52189726282448
-42.04361102340233
34.31006446105114
15.892196879143798
107.87623815074126
151.01283146902338
281.6959275208494
96.84530605969725
103.76765752780705
-160.75855659906077
-3.8447509765828585
-112.91560379028557
-232.5967129749938
226.1773159279967
-11.110073518829322
87.05793052614723
-209.50879671788402
-47.17783293152183
57.7107246838258
115.89642092170682
91.13041753221607
-153.0740004021665
112.38350549828333
364.7616727267525
14.020279127957306
92.8428819746658
-83.26648535176616
-151.72403574354797
22.58270837778685
-265.4181784815448
-39.170929934137675
-74.78179505446654
-98.81615692171233
-173.4917214740553
96.28107801893508
37.93524865704849
-260.3349278777964
-83.65794613238495
133.85736170118867
73.81909249914013
-40.57177673081558
159.08081788099355
-121.86249215744196
-56.707843271472335
30.159468024956336
40.37715448519185
-103.96015074826403
221.55611362322912
25.504697644307974
391.8380374954148
160.2235900609629
84.6746035046953
-28.099055321232218
-0.7113213381572976
-12.795813758638126
-12.214630092791936
-10.81349436375424
-85.78652850232291
-164.2772270229351
47.8815582753572
161.15266895998957
121.38595636434223
152.4711347458747
314.6722941029991
-149.2428745310078
-31.674419766838618
-43.162214397480525
45.523869430444826
32.682829160571416
-66.88076511195953
84.17730742660399
35.7580744072267
-139.5526790417527
-63.44489806471341
-121.73593182980649
-334.1254278741871
-111.44974292579677
-16.401003903846615
-36.41119615775434
-67.23164785469808
-20.420121208977555
251.6149716421172
-105.7309001020012
-155.7710354150963
-45.16332871126614
-72.01786545835479
-27.757471498112423
-173.19149530422027
-258.1259464345472
111.76674250414898
239.0717910482804
-10.54358445716059
-155.314207802114
25.93527334456735
-90.77357187189986
7.690364409842247
-92.77904448202084
-329.45040912352243
-118.9581624188772
-62.09521344859222
-114.20591794749308
24.957071450823854
-6.039886427556684
-245.3204510894697
-64.85993825173892
93.80878879895523
24.313510407321655
-45.69213140929768
26.864962704721954
67.51280675063877
-172.00797724324957
-160.36763570009091
-17.99034895442205
-207.63235990671572
-106.74097115692214
-68.4343346722543
64.76559744561824
107.03778153397101
-1.7684716438221146
167.5725209655723
-106.59527105123043
-190.0842272806054
47.351358363260815
48.00498416088412
-85.68371481876287
-53.280662432184805
121.78475255799935
10.81278774917176
-1.9829409516644572
99.06457990868343
116.40767803618567
13.824000293795637
38.82351075983416
-56.743150760703074
-119.11288637427951
164.03319877979615
143.84495484894035
14.273506543448534
-225.24853280078304
149.87963263092587
156.35625644067048
-53.35717534794899
-29.380848507766828
-28.378365848267602
36.720228965648054
155.7734544181364
167.051639989334
129.4440004837945
-78.44796634779657
-66.06412220851296
-70.46975893259571
-290.90760839817403
-44.82300039633114
4.1197377593331534
-204.15245082885323
66.07307988727658
-96.35459032990185
47.8626071449678
123.26361583025303
-65.70477760089427
260.5929874340005
-23.12189226463263
-17.308299047249033
102.1744580628678
-5.4435466231595235
-208.86088819438763
138.1169267063695
-174.2906849239052
100.58706219446704
26.399373023038343
-36.19747086370599
95.59013484366136
-3.9362320849555865
70.20441374819833
-87.58779222803435
-158.1459201908778
50.72778042359914
43.10236905666864
16.539988382674956
111.13282930310622
42.08077395978526
17.41775549375497
153.8050834930357
-42.77158829415251
59.312797089249756
14.992932831485838
115.47401150484545
32.42940554828648
145.66485313280103
-24.877048406379064
-40.38350021434619
-71.94465337026915
-121.50427181135757
-24.408229787511267
-151.707758129226
155.6980360365394
75.63368564309002
-104.34060622875471
-36.99509553000476
108.62166555099401
73.92633218434122
-26.168982366322282
92.52133221333372
38.34489223884217
9.733357055503149
-94.40025467749662
-32.69262747512087
-70.73920422875437
-6.399593549936054
-218.19620882896214
46.18993571433846
60.53355395632799
-46.95702315492722
29.87919341298863
129.06094295540666
37.11081428074889
-107.19973772750103
118.37160185437266
-54.903106072810054
-83.85032450431122
343.46362853988484
-66.36375288492135
-5.830250305828848
82.21499342534419
138.74286850980397
294.78060649475196
-113.34278424133991
4.89824394426339
-196.32946940735653
-14.929012010707497
103.93186897020514
90.7952379299552
0.4958937936168093
36.18146439428851
167.47539822330467
45.090423905755756
-212.3218867353835
80.97239036882794
101.21835508981674
-73.34111114593374
-68.13037670231704
138.77630904775566
143.63177013762171
-13.117958130708109
29.73280272038641
-44.70513677861272
-66.46877743964455
128.11791251558333
-55.1377494136569
94.13682138564906
-102.2179880907095
-194.98286694382742
143.50311217843785
124.73321445898803
-19.71812012437072
-18.702658108882133
