49.49704498559388
6.591707901287534
132.51125495348901
50.68797886945195
-82.83668399749467
80.6286322501496
-20.327362492305856
156.91982914338058
124.30094293894818
175.1456073373188
231.77737812763377
163.5532642443143
-37.585877252411194
-188.94878976608936
73.77751812730786
36.94885598037938
54.31754114361899
117.50238031360256
-2.557496800754061
17.412228905622808
-19.083675081372256
-10.138306600908779
14.594750059351243
52.22633717169497
-4.166349634313162
-116.94402937627436
27.32643719891019
-3.5065037707541844
40.94737905486677
-41.643068438221015
140.09041471980998
-36.31786362092218
102.38959166436821
177.84884395034976
-22.221702953941016
-72.23870127045052
27.8469264722541
-22.50091538554107
-28.655302555176398
53.3150777832152
-77.95623910296759
17.296930031133037
137.79075329774435
-82.15087644358434
-77.03655106803323
-120.5511837506443
-190.8873500537523
-83.44789981231565
-7.954636107594351
36.667190061123875
61.97962041457218
105.78506735537746
18.930033302387184
-23.657049594209973
190.80133626370292
-23.04529866254478
-22.629725843671576
-64.7948769781175
78.1554221811154
-40.353879135524004
191.41807478446987
96.39366693613371
-34.28121432622239
41.08789444265808
-39.12605466848228
-1.3837169693281735
61.67655572999566
-202.01722024951167
-133.38902502443153
-95.43444846483976
81.0774573022611
-119.25373597180905
-7.016336831852379
93.59984478086729
48.51542092089213
77.04736161651151
-129.09746463536834
59.21573501836153
178.88272520941118
-47.26417210762366
-16.641628176522858
21.985631881982776
-41.056873992312624
8.916461523327378
14.055087216222491
83.27767933060497
-36.374121474601395
83.4390070523984
70.70926204867905
166.6234952795429
134.72400966794487
3.2049677392782483
-58.84191498544922
98.52477810462753
-70.78128013770848
-184.43334653554825
-21.70611514994342
-95.61077846676429
-46.21933036832189
9.041085589829628
104.759894844862
102.87692299635133
1.8088472244066112
45.83844624538297
-10.312477881288133
171.94225078477717
-66.55630062245382
-120.27990797742287
11.452157717052764
-96.38320665866904
-159.96261829070085
-70.47592676747614
15.233403167173057
53.42471445006407
16.17786147338575
-21.00425288376618
304.0479385891436
110.03941502907337
-3.1845549799970554
-44.74128638970421
-43.98261225550561
25.716040141078057
93.94776413931739
-263.9753499335584
45.28179195438209
127.06958771140594
58.32935234648502
102.29963962859101
13.474666325085499
15.368102975231553
152.79784969982194
76.6156320964787
170.14285276657378
1.1869152118618536
14.298610136582939
-28.332000524027226
84.68924289121169
40.599221746886634
2.253483663194768
-193.66420674263824
-219.37757873699735
65.12875212890263
128.82559279680947
-2.3707380148874697
122.06242031530681
129.02906262396067
217.35157726455353
-53.00736926842228
-122.4867812318297
-78.27345676251282
4.601936293657581
105.29355440343826
24.008288303681677
11.97981724176752
150.32962026836148
43.25913610297863
-131.64937798348868
-101.45047342354927
23.311865845251127
-15.07499819903535
98.051417263788
104.47464553905189
60.023161401204625
-52.657459064843394
-14.309685163895505
-32.71416903625727
-106.52324904299556
132.0473712339069
91.63741874487917
36.49215206950232
-125.87955813145737
113.15062037933143
-12.285536067317882
192.56345930504952
24.630107299619283
107.40867175058543
-92.98579432179048
50.947573045879274
19.390580836588768
30.963375819258253
42.85694496433938
41.46007961195732
78.8727510105861
86.0688263193737
-42.714214634417104
27.35873605914957
78.83260292837478
22.297214629192183
2.325772744738269
121.9910663805133
72.2919113651248
242.54480393852037
97.60909532243085
45.51021797536105
83.58488817834241
165.56539245644504
-45.857314471695595
35.0583037261345
-15.891502605970626
22.38455139238087
-113.95633735015713
-38.18341806700485
-19.687396543724383
12.07224275281612
138.37582033150653
-18.039766558681695
82.26756863792333
-10.809458246948303
-73.9154575716148
31.823198700092252
-245.79959011855232
-107.27370746181766
113.13339927441841
-31.827144181537097
169.04995735617726
5.830790475794224
-62.58440442396628
-43.98099092899863
118.88504622785848
-69.5685643789591
7.475314740654952
-99.87515688602075
138.26779575006324
-76.04939262444286
-18.78635153014075
87.99736179303748
112.90727922112498
93.29022158384726
160.03038641038316
47.11095979128164
-2.718105881526131
72.50555243815676
206.08234029596443
35.961244882538686
-64.96477159633106
-89.79946719324455
16.125306641616678
-91.01204361660173
-55.48559931431094
145.27420067720874
-63.09731483840468
-138.2406538561103
-74.4395192626964
-143.8201417753886
-99.98487487158188
-74.48515301188911
68.61389287836927
81.76487142319334
86.51721029834962
17.222993172844102
-63.86571868586453
-2.0722504673387308
-32.244419163300726
-128.12002989076015
-96.24834291414673
40.94457005029148
-96.96808121347229
-85.45284380047387
-109.09057596664931
46.03554579696618
-34.6627818057106
21.70186970425456
-35.85768545505793
246.02809230035487
57.554730025504945
14.719562821455511
218.75417447373027
238.07036182886426
-8.747244991043406
71.46381056665096
107.74500853241656
45.43267180718595
44.40553979553669
7.921513571456822
159.18743571805595
-98.41820877405637
-47.12520045601647
-122.69132018351621
-15.156938414921893
-27.824973278481302
-90.16910672093486
-8.030103001970373
-109.78186957701601
-22.45136026091885
-104.62068687443191
-90.45991960703897
141.61928433958096
91.05762640230282
2.8608126383606893
-16.0941994362608
-3.328343335807661
91.5312591588797
98.14998673728367
-1.7837766808156206
0.2677161318089152
-142.24785848000778
-11.187161073730255
-29.60333350740757
-137.6751279867347
-24.554901994966073
114.25467415938202
7.61335607884423
-80.02168540731384
-44.83116611641005
-63.81947287305521
-39.38952657779333
-38.763184274355886
56.71542867572521
37.39654174037674
-25.362060597625295
-119.90578374064134
0.38551001918831834
-18.78271738959373
-0.48577272462055476
23.92442569231192
-33.12174455840106
79.15418170554571
185.58839619503811
-9.619483832747614
66.57178737936296
229.81337697099661
53.78852007173237
27.662777081973985
27.533652893801207
-142.72205049467956
83.39480849773943
-60.85407857337654
13.6154597425834
108.21373994263722
-4.566376661089391
-66.28749767553381
129.87037809396188
180.23209351063736
89.83638450793096
-61.54078996904582
-162.68403946372283
-109.51382242851244
15.910610547073558
140.48165235813417
90.57807284677719
60.36575069672273
-65.037272847377
29.097140994808605
149.31815883979257
-76.39260323458568
-58.64984539940243
-57.403874124591006
-57.505114587424174
-101.6850268205909
-133.36415023016826
-88.87493530114607
-95.09618444417407
24.526685041848545
49.119760818445464
-6.553382842028955
-107.67783767879824
18.265268297881633
6.293230486602646
-13.543184179387067
-108.43328994806554
-65.2388095611902
-47.12264607379267
16.47519280606225
116.48778648872923
103.97442920933186
-3.3904215267201723
73.31883960872253
73.76873883230854
-7.964844426649497
-171.1479755166703
117.4679367472184
-115.11055138813775
0.5069503413334724
-87.26437816972084
63.32788088218086
64.09856360886123
-4.828670274492909
52.373072072484135
2.194616417586719
-92.3413902285837
-16.008806059682698
-17.072396698359235
95.0963663949523
70.600965949962
32.859181808302125
9.366921498027896
97.00025666589268
-42.44148661149087
-65.52780992652639
67.92277792273022
-113.81718118827246
71.61265769612115
120.75766940093483
-49.389506508032675
126.020026889528
-24.52695918373751
-31.187916513179836
14.004334393736222
13.999479239822309
70.68996051701191
89.78711892674632
70.21830670602957
25.401800298423666
138.5502517582394
-157.96284750575066
-31.801912725478886
1.1609744370631545
-66.94098118147032
71.30038565214439
14.32578843218225
-73.30484068036994
-22.43076400430914
-16.29346439906115
127.82529372424396
-67.19525059898697
-84.96413361034173
-127.08652349642789
-1.4885160148351808
56.46665785502809
126.16027854060168
-36.728447070763046
-29.614091147462826
51.817789089790935
-116.67493384761292
-38.44785676622365
-32.802855166852275
62.39384196393937
11.885502881538343
-50.56831274250624
-5.395167435948949
100.93268995863211
3.046625024564085
71.0269184822866
15.231132817606575
15.653432564489172
-59.043295781303925
41.64325108861657
-95.58559839184772
-70.54470341235583
-14.831425658440843
-126.3105137638297
149.75783874853758
79.30735339758903
76.33729351314072
-37.11723159724645
-6.152999167395672
6.106765208042517
-101.71535534322419
124.71686642103575
-145.6009531280575
29.46003434837318
-154.06480706474366
-10.871880595620937
44.14992268497497
-112.35121551807073
-79.9183333610108
40.55405787219826
14.818926762261622
-17.12980463334666
33.26633532942888
-18.366546987149416
-93.98484590045882
-55.55128899487076
57.753238306089536
120.10924062928315
-112.20441826815187
-18.53146096535109
113.66662519192896
110.65586310600733
-14.57566390312446
-105.74625123147517
43.56385115030944
76.61338167206662
-80.72427663463291
5.347053551880592
-31.436077598112558
-282.32661588246833
-50.18877172790068
-92.84947442118897
51.70543389556109
27.090775203903746
-27.916062767411848
-46.40101428928874
-19.496212210415592
-158.8417503147298
-202.090534208699
-126.39421502643735
-57.33978078232614
5.76081188618993
-88.85343182350354
6.1789163245479095
-56.95471003690173
175.81936509601658
131.069559034793
106.97908304041157
6.230354871749124
-6.2371470671264095
100.88478711143186
51.08318006780745
101.36645106987005
96.50859421850657
9.491673488220368
53.702174642473956
115.93919514937787
15.044288972541182
-65.54064447150999
-92.13668840705334
45.61450914751205
-58.25665739536149
29.749229290952723
11.390032082051096
74.90487943105221
106.58952379111702
-12.311294633239296
43.6768024450205
-11.494243012424741
44.59384261116081
37.855439658907144
69.19236371813174
136.96063894371557
60.98081649433484
-28.025103378812254
-145.1477883062568
56.78263710737031
12.079529329637996
-107.92181151139206
-127.24952124603327
-101.96009444443018
-27.389234982891338
11.82714538700851
32.89744435773716
-4.426332712909999
-34.75111622476123
65.43046012051282
65.77495539291178
-59.310546321041976
185.52247958178944
-89.75434918768771
-15.961244747341892
-84.86881763392859
16.14004816071724
160.9417632669739
-60.47631450952526
125.58645527562147
-49.442207722419
51.91963365156309
77.35415285315115
115.05645816892478
122.85410830017608
22.03298725762722
29.558302425744202
-76.34844954111072
-57.89240417612295
35.20813405194292
-96.60540821497531
-20.95087362707991
-76.99898209378868
-65.52380194891244
159.62067256347513
-99.22425825712847
64.80807100936262
95.23849641691177
-43.561128892126234
-25.31771814290124
31.636422866479307
32.65637354296574
-117.34941825124359
14.613154359090897
-35.90100770539669
32.28323025786275
153.2352979399728
-46.64572357019741
42.22384916562302
142.40329507055887
-58.1608271282901
55.47860754184775
-14.854010542607714
66.83987405278683
104.48356366392005
79.4264794560291
-138.8093699923753
64.5593680800497
32.921299253258326
-66.53735787164364
92.29528062597599
149.2150288798451
-178.1484421754473
-53.5004408964453
27.964011197033557
27.551421812538194
-66.12507014386941
-96.16072195151504
-238.24436410237274
114.59751760453206
-68.09029842861239
-11.276585186030646
7.122359573523084
-24.28437239975234
139.1452955973527
-11.721581387047912
-11.30518858628828
32.984571095901195
-54.47046446849034
2.551903361725706
84.72507764906008
112.1386588126972
-258.0715814166215
-1.4082474398958091
-108.81875393046855
-29.787825801491184
-35.91319565885951
-294.2558129844838
-75.22590937401868
-157.5356787202719
-131.0225505350512
38.79050451338449
104.52749298862152
28.97993232116147
48.1502624432942
52.28375217602098
-15.6207741488385
-24.081712671661577
-93.47834347147084
-37.06203008510613
44.79738599015428
76.81614561747415
63.900834924781556
-4.90431309210295
28.347887389260272
78.31655460459028
10.303562138688186
15.28109490878167
47.3906910453601
-57.406828319881015
68.5133338290259
156.31969407830786
38.662913021206
89.77099586938083
-43.90668933486126
26.675679216761083
-11.313837884187445
-41.632155495379855
-74.06450039151564
-162.5325969472375
-195.071417241799
5.931217700878223
118.98285211735052
19.02778213219294
-55.73785395697457
-17.897288138057306
-93.32652603027941
62.86786958789878
30.87156591908611
-82.14044043060208
5.0989541586233225
28.28196542293645
-39.450164221615786
87.63779523783286
-68.97173462184477
13.099660809904627
-44.1576849387704
11.202957831216985
11.175766078952652
162.3488345393113
124.70723395044362
-13.415584329820339
138.56195882653782
-78.6421307517087
-78.06643894957328
15.955503290821879
17.331644969728586
-6.272792691426613
82.6469254804881
-49.81811935428591
-52.18346117585045
105.2073592035018
-33.39529334252262
36.322416152085616
-8.196789469644386
42.808783208636875
117.69136171007038
-177.39881223300353
42.21233389298728
90.99943110089508
-94.05902026630078
-43.68044375990912
76.22703003452582
-212.38743704690543
-36.25206310228542
64.12065592430613
-79.06576479144083
-10.93612577455778
21.37102559207719
-54.421633025119846
51.938655759195036
95.41171257660241
-73.3924330194016
-61.13124432366576
-87.19235461458213
-138.47468031731682
-31.60324244112303
-7.511480062032841
-58.57893691050081
-132.59856605789005
11.564425928907827
104.59453848770337
-6.295322118796912
-39.846776490097234
-122.684289157159
-204.47087323659306
-34.92281815897954
153.82592368763196
-73.72711283510331
20.631717086243707
-99.43510639441976
39.03304922496772
-35.209587365640196
-68.9110987530282
-55.33393558501781
32.98875025159323
-4.926192129911084
-92.11185764999361
-185.3788120764295
179.58142556388444
48.083575352700244
-41.301137118653294
1.9641153017317228
101.44603750434273
4.191058562222733
-133.92549065014697
161.32805634256195
135.34509021088152
28.289174113325306
-137.39566905038453
-87.15795440614325
-88.57479629839878
-69.12887002998073
-75.10304497885667
83.5231410108581
-17.779060137371165
-24.97736169571187
-105.9357601525778
6.960761789665072
69.15023443857402
-18.450818127720957
50.29867793571617
-326.48835147712424
94.48210783573526
-93.39529642859509
75.89265543874919
67.5784179712376
104.57347945134345
22.78448156280317
-71.69931008822735
-58.6366662201376
-39.30190546846597
-75.92312769888548
100.46944312604714
51.218046799827334
10.490445400070545
27.838598013474822
-103.69776627911655
-13.956494058767191
35.19993065623812
66.21002703907197
186.25866740796084
-65.98927838795136
102.44879197491706
-100.43576075872372
-162.97724677614934
29.9095433962133
-13.931573515117424
-51.67199424078122
23.156931349850968
20.6941699011933
-65.62825452430191
-36.04115417377712
33.908781506765884
17.04876567913945
-70.25588431559783
-31.935404788856044
43.89376591793049
6.566945589535268
31.703014663268597
-22.61388884423103
77.92136412709162
2.524648216923821
146.9507422301098
132.42376900368055
5.595015821066795
-93.10557295117755
77.57380115817858
97.29743282207933
-237.2233177762841
-80.35593188157563
77.3403218414026
115.92920096927119
83.88474309371604
165.159200174658
1.5149643137884552
-86.89823424580608
-23.603837305261422
62.131414805905
-19.780006268060106
86.30698236978975
7.0011733031081675
-93.31280874158087
-92.89081844543325
101.2062341953605
-20.25015641071619
-221.03310880741088
-50.693233545699165
-18.83126600398857
0.31723251209205117
25.246371611446648
-81.77166600412215
44.12119711027979
-56.02673377449944
-56.24912092307675
-129.00624333161932
-104.17485194042085
-67.06586334995089
-123.44325832475994
20.112750670460407
-42.634502050546004
70.58734586513047
-67.2067213629154
45.20001167712589
-186.7655701707511
173.71736348743224
28.307865626269727
54.661878235523595
116.13546117514578
-60.86501579375607
46.015057035139066
-47.31525766704898
-15.303569729956632
6.316689439009055
119.366157047627
-75.05235235505943
-5.679086074271474
-130.96898350524938
-162.1549117351705
-17.154718377524162
-124.8875468526595
37.70308299747921
-125.98870388564005
-5.085362690622921
-66.84443898058687
-31.129978641056667
-136.98535827582361
-125.38873345868414
80.96101140650538
200.4772841294893
72.69580316217949
-64.5811037252217
-114.1968221344158
-112.78489071467419
-100.50599216574038
25.803713100248583
-24.582688695687953
-42.455510472317926
-13.035831327707804
-37.45218322069358
111.75138566961573
41.241993559926996
109.90009547959446
-3.9399628445210872
-17.629761827178815
32.035916177344994
-4.286078898457805
113.07130867942206
-156.82770279688674
-62.33658278360215
-37.392218005406676
-74.73237546728404
-106.254534110926
-112.31239684645533
-19.36992655388433
168.2940946339362
-63.71115178553277
-94.80148342047553
52.1503319680867
6.914137961883795
-23.5641151573041
-30.798904931461674
57.967107768980576
-180.3879290119397
-17.014470281954505
-111.40458873700697
71.69658501837338
47.90125191977272
-59.0226002396663
-33.27643210669841
9.462463645060296
-5.765982996508836
76.02842145054137
5.094780915507076
-37.918105594034685
43.69367814650987
-0.0418663955506729
94.84007819935806
-0.5602866925829373
-23.932333359855203
246.50233556357026
-36.72993709893166
-68.86826990313959
-31.585344558219433
83.27998104094134
31.220199787682734
55.33634373695387
-57.70787976753636
-164.47559887330473
-63.724922455416475
55.449315198421615
35.49700526230049
85.44606531090646
-22.06452258322803
160.53918261659086
91.2894772805479
54.12585244172598
28.920374639407335
-116.51088686421383
-33.57310173850168
-14.878082526947468
-92.12469733626487
126.65240821052414
101.05482133784788
94.76782092355138
31.416333619789906
-43.86705432635658
-214.07706107663952
-16.0635220124711
97.29782572891992
9.675079708985296
8.837180188135422
-73.32595119687701
158.64124184406793
102.11453061807062
77.42561623813822
-187.32994584494074
5.83369473117326
131.98516224076798
-125.36453805392847
-17.884228581895442
7.190406024774783
12.707905848108796
131.56010440378367
42.52016620300316
93.89564308809857
0.4918889662019456
-151.8603337226044
-132.42656363832177
-44.78888452400528
29.941909313614424
86.06741692028704
66.52255997570936
48.2043416557987
-71.55072780027182
-78.03014495345661
-160.81665750338706
-21.950384780478355
103.40646667046659
99.84797261316372
110.19141745230125
3.4080096918534686
-33.86034033732584
-40.27628299267301
-46.905941928738315
-39.35076566894714
-171.33068470749853
-20.090929485454012
93.1748968340645
-246.3573443578581
55.44025018992495
-44.256101104305394
-1.106029748602053
-26.703890759248058
80.57048944889405
137.36747396123897
35.79150265308559
-1.7884767226907234
-27.463582436280667
85.79790550653067
110.18157961298738
32.91367303621008
-67.8239285013176
8.175616950996774
58.612918382665434
-149.52679730096884
133.15247404677095
55.69824965817443
-1.2945562047580959
86.80961342552672
112.61056451180038
-122.38755456235579
-216.2909954613801
-38.88628239388685
-21.58768002526119
54.27206596759701
