-156.97326836469546
159.9583496802346
71.1352851187158
8.656101299476209
21.03515681574907
72.80103474187533
24.896055603577413
-36.69466982725588
51.39452375629063
-30.04927957308883
58.63280976115107
158.75005241529354
-120.57909910098304
184.22823116657707
53.29753734893032
-34.55578423824508
123.66759017954156
-103.68215025482523
-255.60297650606626
39.68681907675934
89.71365690938136
83.42536253433774
-60.210557096692085
-110.2837503906602
68.35163874885018
-64.12015972391923
133.1888943721513
21.43918478100191
362.45151099471957
-176.86436761896695
-113.68377534594818
-70.05725522995448
244.85536288855295
-94.32018941603805
-10.185023443003857
-99.58417523981856
51.10101257215716
-219.7538667418616
65.77178195624744
-103.71498369958985
210.95236408150205
-115.71225103460444
-54.9004431669331
-9.058400502140593
-58.244617145012064
-58.9362618535736
-21.219715896328175
-216.12934214242813
44.7695260385495
-215.05333510580675
-182.84629565088525
100.95812358602237
140.9838031393237
127.18304631915754
-97.32589472250727
-133.9371144625681
-152.2625638386515
16.629603618356086
135.87374496619765
-188.3611641157361
85.88357120989268
-2.2991355134685736
68.65580493835671
-33.272444000407596
237.49969321732056
-25.762137794063563
-113.24988654384296
106.76275997255027
-76.57755174572513
15.077327594432615
-50.262396563520696
-125.81482543758175
91.84426561381032
-134.32525047107106
-10.489670451771678
119.61349972927486
-183.47019999262014
96.98759309871637
61.58744462470675
-120.37655656140188
-77.11983427623181
148.34917514667583
209.31269749272695
82.83974394071156
44.76591549474259
34.69512405596447
41.5948652231897
238.08925911723156
108.55763153223295
-243.95079323150733
-15.511576199231225
-184.5025509346892
-51.5650277618604
-174.68454158622237
-89.23799398094047
-87.38624530957469
93.26553168583511
-31.318489184791247
23.570883985829738
-7.766672313984234
164.2143047313772
-289.56658302712214
-158.1021822251485
73.91998158558492
148.61116698310423
-91.00739574144828
72.64859968388032
34.66728609545496
-140.30477645965868
142.8220594014132
-9.000558564924777
-110.40951709119707
173.83234610845582
-4.697766225788
-99.1158135082595
-55.58451894356325
-61.5221271492406
-2.617942777019622
42.10162995695568
-9.493656770941984
38.163406822659965
176.71822393611666
174.17159260405447
35.653968403802224
-260.0264322005263
-137.97401043883735
-2.7979933234397096
98.99985765065472
198.83776397698597
-120.589130344768
-92.53313179888308
108.47749153167356
189.44903037246166
7.837115449743425
184.06100254004963
-60.43593925638361
-203.95668303551628
-47.162499357002424
-240.75710770012324
-176.64911806539894
-161.6954013723721
77.2536388805162
19.452407698282883
275.52498146430804
122.8043498163866
86.91589005676575
76.07386898786598
29.99410736719497
59.550481847976684
403.41278239479783
-49.700788674799654
-124.42785262653393
241.95560803383862
54.54828207952253
125.22675996441703
60.07369276371211
85.23214989614445
112.10197123234403
-201.21744847219037
206.33540665012595
120.4161951494022
77.81386183705946
-23.06581426410047
20.64765000749317
-9.519814215173419
135.5271329914028
-173.5409616247652
-220.71776359550753
-18.603392894945284
-117.82434994002381
-67.89237602509805
-77.42692987003767
120.79185042358398
-141.4632474203893
66.27219145368707
-109.51545379519051
180.04640742869447
-77.04868207833007
19.299239033612537
-104.19577481014068
131.6753020388352
118.94026027114985
-142.47730563661446
25.368077587157213
-99.81844820939688
277.70677455059604
150.38346704303208
49.74140001706276
-15.292969133928427
-234.27825083176103
-116.25025973118065
117.47091831225313
-11.935239704621544
-131.73778485326994
144.2721127432973
160.8035544701793
-21.481693658949915
184.56008427391376
-124.18728944579051
-180.6563519640357
-234.91664684103262
-215.37909876024764
-251.3335332043453
-171.1930464484138
-196.84129858191667
81.16613245611792
-44.550954809471406
269.25171498517096
48.05637083533749
259.51072358542837
57.82258442978766
-84.71834426992011
54.64469490620062
130.95218654640897
254.19488291446672
-66.75620623263525
-69.14041854140953
-133.41571179620524
-278.53388752774737
3.716588245760156
273.6314519637821
137.36237039576997
-18.286423217474653
50.53481676247959
-47.174484798537144
84.55111811288532
-29.02973076522143
-37.66204463699353
-175.48014301588867
109.0219313452025
-91.79143469936058
107.9064742546055
-44.1382209434509
121.21862902613798
-210.0327508537118
-55.21396638840707
-148.78935257565996
83.04787005516783
-65.2982565001229
-8.976412082264563
77.7668509820912
-160.09123695087916
-186.53185781440206
-94.2315409413899
-80.55561201750726
32.975024438064864
94.53924396510301
-46.74318266955342
-99.55585073790613
43.9964858186641
104.5906766080373
274.5045192976208
-288.05532287619616
-110.63768602366021
-310.22967268325846
45.86060806863418
69.8896325998671
136.0767065651279
-107.51199984389403
413.38802892029236
105.48662665499282
94.07644354505322
325.16367990456877
47.870707225922175
148.3251528473613
-64.66554279338598
128.87062573139798
58.338967726744855
36.774020546453556
-50.73597610557931
189.74984758795026
57.435382117073644
94.45567756310128
146.14256078295318
-89.11681950553603
143.73480930300886
-39.185897199132995
-177.38795349435316
-167.60868876427287
404.98014306145996
52.493246371716836
-219.10430487541643
49.8590132225968
50.41106770708599
-120.33429853766239
-240.32478824274415
109.21765785808289
-7.824001387610493
-353.6594406931388
-102.5525174382836
73.56826404765143
198.11702716849504
174.89178355612802
-71.49208456172632
-235.39806089778276
-35.080417202904975
78.38981823058174
-159.7891688542232
-52.80488599559936
104.68941748779339
11.399366896261714
-44.41035875122868
106.22896243306937
86.01489765836102
42.7905323162437
-50.7172451464641
-87.12982801378524
-88.7724800630384
15.284561964283972
127.37589925300765
145.91851781429395
26.775485365724748
-107.55694040804853
212.38818153987825
49.532184436905276
81.23487394740718
-116.22572028853104
77.12994246833624
-51.660999939199534
-94.64316368198669
-13.665207568855553
-146.54801443180088
110.82683588979747
-183.82898672653747
230.63345273465387
149.42561272664224
235.40037969504817
217.11369392817704
4.509250958922454
-84.02746223268304
-51.23354706446099
357.5687120916823
-33.2125140911347
167.740973415103
236.51184634611968
-110.06411262593265
-130.00812542361638
-152.21087280614657
-133.697331687816
48.435358614568976
87.2874924373139
258.12400645914323
-170.1446052939591
118.79687318694239
-160.61464853479342
-2.4655744972801164
-8.807377211757167
185.713874420948
-78.2363681718508
239.76989551791917
-49.52027380289134
251.49992812156543
7.239679880404287
8.348004803861924
27.467029887508748
-77.25688499957093
28.752188691598654
-4.047082612563136
-247.1702612752437
31.65524719412056
-85.92691410165259
196.62808248108445
16.527844742255844
-31.50970709550494
-269.62450978001675
-17.06168076231063
278.65535892164365
-155.4887284051736
204.992459704972
-204.69591354196643
253.32673541609012
-185.25068762700937
250.32430773990095
112.75016968453015
2.8358571064819884
172.8959048870456
-57.17216707838734
-25.82827079889561
-42.309437677027105
65.72114554929138
-167.80202010625388
284.42463532234166
59.200544727872774
146.50312302058487
-125.15867345875739
56.24633722353927
-125.84077203194221
-150.70602314510919
-19.142274564577605
-125.51425944970016
12.648717876990014
17.670793657496166
-1.6815208056603423
-31.122894910632493
129.77201422964825
283.22067275775396
44.80467027686656
38.0602895870026
14.078631612923658
-89.45604015904463
-33.250386502933964
-177.83282524987908
-115.3936388669704
-234.43425046912378
142.75410476728402
-39.41727281198178
-140.07266619284812
85.8409511423681
-385.8610390877496
110.71188192106527
130.44528025910014
10.451875020231844
-78.42376680265733
115.70056886338863
-73.38328536572693
140.51526854435573
272.88898342812297
133.32344421502106
-30.2748508669594
107.94456377666077
-230.57209758014486
-178.6594427886973
-32.83374030752736
-112.91971084639343
31.635798434124826
-130.86353469763063
6.802176472969121
-73.33685777562755
-118.70521597155488
133.77407709216604
76.57036660545907
-76.76654549152923
-65.29938832849736
-123.0392163601672
67.51459603321645
30.50790630325081
48.49803817443394
-140.65386261953114
-135.8578641711882
138.53500279424455
262.5500657141054
-153.8566860086304
122.83671915653387
166.10214415049003
-47.83126668383993
64.43974411858453
-56.65732075742232
-81.89104338911872
312.72688747074864
-126.76455728878732
201.29829332230858
84.98458541248927
141.21593227683414
78.77093729490802
-9.548443734224433
-152.77200029527532
-158.06523765884626
-144.28668518850938
-18.991998903462814
-68.99597189005851
54.53355933744762
49.33378856184148
-62.37156839133915
74.3779130617116
-120.88216077774051
-195.28041515243004
36.41772689196816
203.8206497853602
-96.17568039072519
2.5020542591986543
78.39980753620671
90.52694334933335
116.78333388476206
105.32127981827969
90.77558578814762
-3.428663061835315
40.77414094344236
-53.30503742039934
147.05939429730225
186.28104466975242
79.77786141923106
54.70375349318786
-24.793291968857265
-107.1828895016357
-133.04886498876232
99.75830391394256
30.603488548404474
-118.93408168131977
-107.17132673552429
121.11526067298713
-48.311995185736045
176.61283832628834
151.122403170762
193.28213221641965
27.484117233699003
41.968737033093994
-27.35264871773246
-194.3714144323977
-98.8556381781057
173.69991867874523
-41.672796421550984
278.5427779215364
101.83950821901584
-169.7776351708487
314.96727093141527
-149.51812728335025
168.15250905342643
54.40382388078676
322.988602430758
-201.97422491160538
-357.4636062785948
-11.458715919128935
-38.046603638507854
-13.080683334528452
182.02900956898046
-87.21991862558974
-113.00857204812642
-194.07362217993082
-43.48222905939329
181.41426590284433
207.73358435119545
208.57891130264676
-67.56857020226421
316.21774219075814
81.93719496505088
74.5174433380119
112.38118956299923
-80.74053017537364
-93.88302115923659
150.78468430073684
-163.6822470977036
95.12712703684652
-128.49280635815384
150.0866099259246
-44.024034246190325
-51.92536157205722
287.87392348692543
125.5228251003569
113.91947313593184
189.92938531925952
-82.29202492339977
-19.67926183147762
-45.55630908817218
-13.285722167875862
13.972618932849356
75.12434756809186
55.89229611183734
-94.48444014168038
35.950915095981635
92.52871644456143
-18.789773974089563
101.72747228247535
-58.47986771645066
-1.2129543965941743
5.8123416617270625
50.681244774288025
-55.783900180309914
1.9500385928146007
-223.67917046480932
96.4664985619279
-9.070445208579757
-76.64352500418511
5.353156065364746
-86.65382327690169
-115.92993221251824
12.334666508936051
-135.7682426486892
87.69347452358151
14.051284350729375
8.943947034682996
52.6179636571404
-116.04394424461644
-210.64173168037962
-21.23120898917622
-27.63773238166925
-7.960677646231376
-115.92119392543403
-127.07695853248865
106.28861399911199
112.59752907007802
-7.150155339559255
192.379644646084
-192.09551111878596
43.61424231267892
108.10501225109476
9.889138132119168
-231.71189125586017
18.469396755250248
39.512505887198
-49.0812309848225
-11.110328842081264
62.790164587416854
43.6501813698513
76.80209015618154
147.10590674114206
67.74316419775218
114.31308087900622
-85.66316951788237
8.84473484426822
260.39616166977504
92.1137996551736
-229.93541945070584
-130.0754347805564
-157.16722751888477
39.18059157643781
82.78707656975148
-301.37714418544044
10.254525320421614
129.60162716049865
-6.711189597747314
50.16481045681404
-106.95955175172965
157.2170430245056
-61.34972992157585
133.3403450803436
69.90199506721086
-306.1644649770143
-68.23343215902095
113.94473036847337
-144.46831802562167
-56.93092471611664
-6.045565677887487
164.5745810797175
-30.701280227178078
-94.50506795910327
244.3685058214115
-363.03003353172807
-42.18643103372633
113.9864639238399
138.51607996152478
-136.288398997853
-225.61794046926929
208.28495614874797
63.95569212513848
302.9217090242272
-71.81883256953377
-198.65559691036762
-103.76921664137575
-49.55210549609314
-7.808961851317358
-113.83528180497845
201.6357365552761
98.97938544015487
66.72576073212622
-108.87254281651315
-228.56861411486776
-78.68504318172533
-46.345430237491
-243.65762349379924
-141.88047380307455
-100.70278499098286
-6.577916654199276
186.66776202440695
247.52186421542825
-10.657760595812405
-141.88562955362627
47.50672605955633
48.75608264466263
212.41788166894602
206.24226224053828
34.613682390767345
91.40480508889618
104.26271980598712
-201.78159092890945
-70.34974761260816
-81.66718453972638
1.8510304372046507
190.57127842742128
-141.82643618615353
46.924729028764204
153.83755072669535
-22.266170631374614
193.3563532949627
269.9009766106378
62.035984275579914
219.3977403950562
236.49374227732676
197.4531952367724
-194.46554722991254
-94.18994387837398
121.16307724653949
-63.45724215425509
91.79300063732339
-141.48811543203647
-227.703290318541
47.775757519180246
49.037263089725045
-138.16180920406393
43.76140681618563
23.22760649043016
-22.474432364080844
-45.432878713305676
-129.01664265365554
-173.6563447166124
-64.80294380224228
-145.29002779465281
5.566792224075938
101.46249524720142
52.49457302722393
-15.365527171958519
-2.5110206406025024
60.08686811520233
-65.03671144872867
38.04698489468877
156.62360814039866
219.93661295443079
-1.8346385524598938
-26.06357343836893
-32.47042396151193
-58.14131875514528
-247.04909196687234
-91.76138293531865
-135.10450199842538
-107.49326083123847
-127.71450301459417
-115.02290012869551
30.64665824396014
-85.71587132545648
136.2678952372087
-121.21785357697215
17.306322597368432
5.091059175186912
-173.22264239548414
22.758025103017808
269.3881763897045
87.9816070367493
13.825413526537318
31.892271527905447
-79.74521372254735
241.35879463661863
99.47686265874799
332.35572199535534
23.78005959637586
-143.61661789128425
59.25931315072982
39.652435339537845
-116.48754984515313
342.04658905792246
93.85428769203503
111.46535457057163
-334.672754435915
-63.795981862127896
30.66396789073167
119.85084787163294
-144.789396978978
377.2778332226524
51.556366210604764
158.73226291846345
-106.23911185206835
51.69738999057691
89.21155642008648
-248.58617435817843
17.884886077117876
49.850915754108776
-79.49163949527022
64.24496973624643
139.67939205052002
-193.01737149679545
6.915539107074834
331.7713140947499
-73.0130788073047
210.50534258076388
-241.84965244747247
20.55206452229808
-126.19129596209535
64.4018663817867
120.23657458472827
216.24325286702842
-3.366050956615494
14.736271940263103
160.51253746051083
16.587460004408733
-77.22631049046721
-106.97379324405146
122.54922759271959
-355.99563937445754
52.33712719082441
-60.85822420178036
-92.87681437804231
208.01789906277304
-148.31867444921573
190.52868299640556
-257.55510777033777
69.74904264201906
-150.7622282139646
-64.61804676206206
21.828707947430726
-311.17614604383215
38.032268479410845
1.2731406364395474
24.711601377265033
-281.25963219630785
-137.1612032807808
70.11826200531837
-196.44493729086082
105.1112523881167
168.78576925544482
224.0511577754096
-90.70464750441876
141.65036557385574
110.63464413519307
-141.40727498494792
-105.89890972901922
127.12583943493445
78.48572761417088
-243.24089844108317
-27.856069181619162
392.0884277885896
124.70784743788244
-124.13747323238428
-36.056296256721055
-41.59573616248049
95.74840185245063
359.42275165633947
25.018760015996918
29.199285864987583
-53.07918503598039
154.36598930937947
-91.38879348283257
64.9580537427736
53.90386054706021
-83.02893933055877
34.359341850140545
-42.37075698489286
-110.21504186578686
-22.119152827488552
-81.10692189497645
-82.35270841013444
-252.10636750211458
11.758038504103581
-88.90151846820564
-22.92849260840053
-72.0128662129712
-23.456628347700892
-23.18217235393328
-42.3103109381975
39.419268306179035
226.08625581708725
35.73540662107358
-42.48407640501475
-177.24304055283622
-267.70024509080446
-266.8991518624194
60.26353975569213
135.20290472122596
-122.00398379403352
146.0029361912168
0.5870543723053708
257.5276026404736
-113.36557273190124
-31.179456585850648
244.0327241138914
75.52531088039302
-86.0769631210238
164.7810711805628
59.11036562813953
167.66604731975198
28.551119459697198
149.5988349228223
-2.579545564162803
135.06162286642214
-159.86018645373954
-104.87363584403833
32.99461883188255
303.8046970337585
-3.958960780852078
-294.9131562657986
-31.14218190889391
-79.8949046183065
157.91990133711894
82.67405605259381
-1.7682629889317012
139.26815028073548
30.453623639523606
23.193559826780188
61.55824423260305
215.91838930504426
-166.8950121613755
37.44227813060978
52.7653582889839
-163.0846268518995
48.39164575458976
379.3577708610563
118.94592238950837
-16.362005490467226
66.57027949118088
-43.09405565124183
36.423228316699486
-63.62231275045545
-38.63668534055391
-57.42034309211027
-152.17757182886336
112.43680739735191
74.7982362856619
-6.1020323829951835
-118.7138995923638
-281.25574582021704
60.844009606521915
-8.070439920363135
161.8221041439638
60.06261126664164
247.1505723289115
-192.3977579094
-119.77457375381452
100.54277433596448
74.64429917742993
-82.69695519542012
-5.605051082843863
193.48315777714333
129.52431675050846
-109.39140770149002
-114.60834933179778
177.86408560724433
285.27561640503166
-310.86879227625633
-84.6179275975995
-111.15181208208611
227.70906664141617
-63.70991142567994
23.630825129894642
61.234858354350415
-121.58044515659046
-191.31402052124028
-311.0824812982782
42.93278914427205
164.57101225419203
194.99897671497754
314.6128219989007
32.719604247764906
-218.12987170635432
55.86200845780292
-7.381442832622879
-32.35142160371024
59.81572711472688
214.1081354560585
100.35358774173459
-40.94793756151406
9.406984101936537
-86.33379531984279
102.11865811150008
-74.53734077043036
1.2647160296724378
32.8128569837252
198.44983177219717
182.96492560087626
146.29715345301287
195.8105502412522
76.25596814633052
-23.814651967005506
-237.58228863372207
-55.16760955972647
237.2115543318118
306.673734220256
-120.99737337206442
-103.31844880571362
130.07009077573167
207.27614454465507
-274.39917807576353
34.411828586679896
-54.29556154801677
-4.310088160622026
10.559454894362997
195.86410020375817
297.2753330230506
-170.70446706695512
-201.7119433322076
345.70889555887396
-50.97365028866775
-37.434023745959195
-87.45956695252285
53.273210715484325
109.1092332841275
135.4733670957941
27.1532016128478
-120.37308607945067
-212.13586466481695
19.888404856452652
97.80277489133476
315.75508913774036
-103.58190802281833
-59.44272625662943
135.5078504185703
-82.94432324942548
211.05697672403582
-85.59684010973969
-192.23493864019102
-116.76324860518118
254.78376113526022
-161.51044033731802
-153.9887569747591
50.44400759429663
159.046536666035
-64.58072571523691
-58.926374982228666
-126.40498152451912
206.90282627343336
-158.577949329575
85.86517632600368
-60.461080430269675
216.20129754708978
