72.91195710322057
3.631108469174696
105.80307711835518
29.750032342468252
2.24878918505666
90.36656286805156
-85.46908913746901
-268.60886855273776
-52.56911921046743
-3.7803777715234186
222.19397193642752
-190.86394021619446
-59.19302662376594
-110.32731470837558
-6.496912787417658
75.66620508628858
81.93809324625977
-81.96081770942713
-6.274793877505311
6.356961488093383
-124.62537397963426
6.18504532543399
-60.09326537710418
118.52935534999509
-140.4515210010098
105.94407124259531
-6.881017144784752
-95.30146301742413
119.74529588539951
-156.72456647355156
222.43961073964223
17.6687034259709
92.96993234377344
-149.17544118331108
181.47683729338323
56.927220399546435
-195.45133171345654
9.74737358044043
-58.09744006104154
-126.36070503905138
-107.03607872239746
52.98097817891017
-89.52505843138529
9.885371039450035
136.59876868344898
256.0499362803704
-95.12598684902999
24.94972837797385
-74.77841964365525
38.83205894609825
-66.37860430819228
124.50975849809743
129.5834729656609
4.26931805277171
-99.01892253820371
4.478256079701188
-204.92854178896417
96.395824005509
31.201142345223236
-18.747818482425792
31.63592762510484
-57.45758311764658
-16.008268080866852
-2.045122335847419
-236.20331604541803
8.187718407857393
-242.81922310890266
-123.01720308800216
-74.8359336830128
-96.96204107846266
52.34888673181675
-17.458768169936874
-407.665956054296
-66.25383408824176
30.840521953597364
-80.90352579869686
120.70281614336619
-70.99970259359003
27.808277729626536
-213.12408009539135
100.22418980405887
80.37230798402967
10.657426088425172
-97.08608913344484
30.703253713597526
51.22560572509987
145.2177330342413
20.487205825385644
-123.23593531078852
-36.357811192597616
57.87372403505092
-125.60524269654277
19.541508282037455
-37.70746457820829
119.48074188613666
-3.3533524030530804
131.979120022128
-56.338463857669424
102.62823334473723
118.7830407045291
-120.33821577606739
75.88994226182425
115.49780205048006
-16.028453344825266
251.80514547880867
-135.20138824091035
64.39291271071123
-6.379555777743458
98.41831874762173
222.23880721388005
-152.13226489025297
-10.472839366593071
81.58590020155377
-414.1652096291394
18.059603685631316
-108.25746429424402
13.176668861294331
-75.23456340270678
-73.60782623473247
22.93285386980589
216.44877396195875
9.616183318453954
58.852657040229516
46.49169421723102
170.89176940433336
-155.06977040867508
296.0085228984766
68.21908741692033
29.65851023570598
10.694845171293737
14.973610502568304
220.01880756364451
67.40918477750907
-15.483886549463827
95.29103774647152
-157.70881822351524
-150.8960625850153
247.18990088349327
-13.759498205713342
122.5168715653517
-124.8419511915326
-222.252732051808
-16.245470074812143
-111.61617178273326
-102.60105386676739
204.14462857510384
-128.21745737084524
-32.69189199322375
-139.76063725902284
329.3961277588255
-8.81383175419223
91.27781463233832
-129.20928238937427
101.6667673540003
134.0446175584084
12.507532130384472
107.74333959390685
-196.14505902940837
-45.321843195483616
-189.07673266350977
-113.46006952932686
-154.86907811157448
-23.954080541342098
34.1400816998504
80.84470838568572
-189.34733932040677
66.10436377812889
-140.4341614839066
-107.67058586557069
-7.804397453858106
-164.03264909989878
71.74396880610232
159.67708832116833
52.64295271684014
20.049358163887995
-72.62238377987286
-105.51000184791933
75.35996314472516
62.227682825432304
-50.28890509524805
-56.47096731491186
-77.90958962050033
70.30747755326566
-49.077284891403224
-18.969767033072976
97.58987352379359
-1.142716718673647
107.74358217168509
-24.884796587260368
-175.25133005979157
55.73586138701806
122.28475828822565
115.33576075709657
157.83026119649014
72.25906635601483
141.60935619211392
-91.34141048031876
-178.5811629237067
98.22475278866426
50.03035597911742
-88.21847719463025
-96.83285261433527
57.088754773209445
-142.10070727259588
-20.222449446394826
-63.65442169979783
239.18314972795483
39.6155283430972
70.45484306165999
273.00321820054353
68.230161665694
296.4612727800214
-112.34948270269962
134.90758990511327
144.46122177721352
72.32859837424124
-12.052936500222362
56.82665980140412
11.761199539612658
-8.893554252916879
41.25967130441846
-138.33966336307094
25.231552921644184
-20.327733936143154
6.031779481300765
-104.26401969184765
260.9354371535685
27.66369961138882
52.46403406369138
27.029691485193688
-85.82357669924662
25.503768324350574
55.76984197534642
146.89746120534699
-28.182631116373845
15.160582489815312
-49.99349479112601
-69.08586030155764
82.3231539600575
-23.920102354271197
-103.07035649923247
-180.2040750779549
-228.12951216772083
-2.6137513130351167
28.416602306515774
16.646551612838106
-203.37083288284202
-75.79062200543106
-3.7528513845267346
261.27771413672383
3.548212583520134
-42.55106305175566
129.96057618558396
41.69330021277624
33.830559232528294
251.83689694411706
133.44263913510963
40.16923087025877
203.00199996505572
31.252871819188734
-6.446840598383959
2.968795976499446
142.70948123693256
-36.05055444610831
-1.5725051608085483
156.3853394457765
170.82005468896634
-86.86206372443196
-51.02138269490002
184.86587727995604
58.45333088969516
-300.42804650175634
145.4815083299051
-131.8077241234541
-199.58943111295864
207.59365831110821
-275.6016747273331
20.992714604253866
-21.403746936112704
3.864357974428648
56.12870477129399
89.09549280012233
30.255580009282028
7.749840007489041
22.017338457371206
-28.61828055529206
-10.484948779755888
-28.591584883373763
-90.17156327692798
-14.211353315897119
79.13329727383446
-45.66394015355562
-52.77189459470618
-34.115793020710775
-89.03510207030199
-10.545274610772486
-110.84770839645454
-278.625454672912
-122.3203965228159
27.77402436628334
70.73026569030507
-75.01906309092247
35.924508585674
-73.44989287987732
-94.10362402989102
276.92988347741243
-120.34156948180375
-21.42470766399029
-42.55775124550868
128.542926381905
-83.12798647765543
-21.808861343694453
-210.66594885715088
-48.64283209190114
-132.9243514657221
143.24803307005138
176.44074485561472
-144.2493464155833
10.831879110159527
-35.86881170927547
43.880763679086364
21.52269314888035
109.17156405287794
21.984152863788875
-39.294094657050344
17.71660690703682
143.38936310831002
152.44757078677077
24.842860581683635
-63.496025241338174
-8.513094678479899
112.82438189800786
-130.8159418665415
221.56090861794752
47.699048804482565
15.001578995111215
91.049182084361
3.15437271680858
103.32042251294571
86.88448290405971
152.57852332549106
140.72546831342925
6.141053826967851
-138.13365787066817
98.71408545711022
-16.31453058250561
-156.11106679738424
-45.52907437299234
-44.94709404484445
1.0913494299548603
-64.04037101266312
-26.83089913087623
201.55637036529234
-72.18945922674689
-77.36809979731794
66.05195356620337
117.38985492014655
42.87656553163041
24.940839482352757
-5.592527555202842
87.79216988802673
-143.30521995238402
-53.44164165349625
174.83222337287944
-86.72375709919203
-33.53605830764685
149.48590913254796
38.36253918433238
213.21230647555652
-19.29250653427242
-13.75533530345437
-156.44760580088322
20.556726683831098
-114.57043853898182
23.409070617013793
-91.86144799385292
-61.89037165471128
111.63477757751585
-19.8082497379521
-103.14240756712223
-64.48911136311776
132.2153642022835
304.7314850779469
254.07182536031766
128.0399610955697
80.58552160401065
315.65586246056546
-5.369757445296713
133.66148289617962
-27.55088585525992
-205.0182217183897
-35.95775044368473
35.07278344544025
-89.60145977765414
80.20559059585581
141.33748824810698
-53.149720596227446
110.84740300222724
241.95280521790704
128.95079533668613
-153.4345441350383
-163.82922070008615
-32.875945943604904
148.69961807110272
-97.51412518140604
-1.698216879713995
86.26011104806986
-54.811147235738474
52.13958085182089
-154.32276754988672
52.62295250188198
-39.11826746514433
139.24608993672476
153.26726864053612
-59.74493527759769
95.54323521825917
6.482219136661902
115.54800620349157
-89.42207313276697
55.335931584852545
86.14467805577604
-171.98987262032392
-103.05283899038047
56.02747186458439
-41.824308368688584
22.837460495205953
41.51732420460644
53.44667570662537
53.759024742628895
267.8680187040556
46.75708624949917
245.4753568200579
-155.19656858986414
124.08289270984578
-114.41397917514156
104.93680910859348
-20.599326742674823
256.5790122480561
-113.6286069641475
-37.654605669876226
-9.932533021402007
-72.56922725566895
35.23347957286878
29.971268576689017
60.57501861581581
-80.21170721734501
-291.4840432900733
55.33419740625754
220.33193692466335
-237.952577035052
45.16263731431401
143.9089102975741
-261.06491610250396
-66.19696558339436
-312.27897302851807
117.81596935874215
14.25700847662252
96.68969837029964
60.018836899689774
47.79258985570678
210.58396517099536
-12.985966566592667
-74.55599747310944
72.79637913044111
-83.31253138935406
-190.08709668203394
-92.92413332906604
19.920951070233652
-61.5782590063468
285.6440023792408
-304.9678792169355
213.14241276831012
117.07459975980818
-254.9527422672605
126.69849785699496
-3.4587097444006063
-181.44968529816492
-140.66029670345407
54.695889048537545
-253.60038110629765
75.03821343485586
19.54009904131435
26.05880600640728
-25.423780870518716
219.39429466494985
84.16945008905839
120.42244255894862
-203.18546884929646
273.94178696973495
191.78811197842313
264.5440462670023
22.416181493442323
-1.1364544291228569
5.3895391317582275
-409.9894810521808
78.72739421276557
-20.712914767563777
-202.18496756883954
324.06757336674247
4.500903183980371
-3.1387549059944027
-42.439127170222456
-93.01254132794882
41.06392707706948
-127.26112938459414
56.30658301653841
56.74636948741355
-154.90339012964014
-69.66897700161002
-249.29186805004548
-84.91140860983897
39.3349637893442
169.87204136032852
98.01136944117363
28.358477045364637
9.310435962662389
-107.21845881270204
-52.310697363669576
164.99384489096994
143.83845384920167
-86.09627304322706
122.55573214899744
1.386205314751562
166.699887619374
165.5606174869417
-43.65248713766139
-269.4014663252006
47.05097834695586
-157.2358096212928
218.5731742914542
67.3003037585232
171.47137311199853
125.85477416604881
155.18040579908669
8.534184916194523
-47.77113040778261
-133.22458586422584
-159.95296988278793
104.98736185896163
-91.19562391739893
1.0695621825644908
13.930213015973017
-44.2872393843295
3.1802973059559165
-122.51636767215918
222.39290329138342
25.27579929739324
-106.87337058773555
166.97552567830107
-110.52448349466148
110.82114503482285
-265.8414761297364
23.59729756925295
6.322071340351191
108.06438671598826
21.118665995300713
-239.58880500822656
-92.03482264609184
56.989692504385616
98.64216797905635
-189.4291340671934
-103.98218632231374
70.99317966540075
138.13018607806606
43.960432134570084
-85.36189887621212
-107.4013366012218
161.0346132707953
29.165233499076184
48.78702913401605
-58.967901364736214
-83.78601442703459
-53.1190887846306
-117.99894325573793
-181.31211286032575
83.71728672120737
150.56244956064324
-245.87728187991897
38.0080667774302
24.20223128445567
-52.886823468416495
266.460392740699
63.88911290185098
-172.019747495556
65.80324241977934
100.05660758828033
206.6973498811114
48.36989262759889
-103.78951727481977
79.85644581867747
36.046198232709116
-28.94025384828261
212.68111167733704
66.99683847027374
-40.304269225430794
-109.60449459718052
-163.99523150112677
210.28283166492173
-37.691281437089266
43.978170360497536
-120.45510094716985
61.38828970477602
-6.499342346453107
33.13128095391295
-63.716352402500995
11.40205999469566
-80.92562448924853
-30.346702027278504
-112.63541396750878
-71.43676305957497
-193.83076849751333
-88.44266937948053
50.662326823808826
191.2831784735876
-18.816059699545395
-106.5961861908747
-135.55682029508517
201.11322853183964
-5.5291985456353325
224.8791097634454
-93.8512295938242
-38.77453193221382
5.22917821689778
-168.18113663705165
189.8279673468715
110.69130778526676
21.690103119781988
-103.074722910772
149.56674934397972
4.322215820836737
-68.93854939709074
-1.6313833990286004
77.95102166612976
-248.70561405336625
66.67739562312151
68.87677263671898
83.33274344759197
76.90170727390907
-116.26604442784782
164.29960476370923
-151.09915007963832
44.39081408709065
-33.69600240153958
-84.79332367311876
181.22167603119792
-221.91187568432395
-386.6908436359853
170.9880739373849
60.54082368409385
60.50387906945365
-73.56428758357946
-84.59448720857176
41.50436210814164
44.239262072631796
164.45572494643588
-54.550954189005985
7.513203433295539
26.68248702180625
33.51012230692473
-159.03897472354944
-154.80865112715307
99.23171272964285
138.6918117292305
57.97857009319539
-74.79724144952402
176.7052111686225
178.05250192734988
-53.28770614854452
135.27609152272694
166.93104067431193
144.64195927956328
-206.19018932297922
159.10422333677437
-31.36644344194373
44.4147687886705
-186.59342943967454
64.9267556743265
-288.0494425343382
171.07611241628197
-18.260928863847
-2.0825076299630556
189.08732211353603
-29.19074330662403
-46.804363510450806
-125.13375671890199
105.81068934526215
178.47506017345157
140.96561144239365
-71.53590720992851
206.51297693907216
-26.334432085610057
-2.3935909699424127
-31.206468678136602
-48.37449635743598
69.20270551110193
-42.66870235711114
228.73506148583525
4.184728927564699
-84.41551013157516
-28.20253589276658
16.332777175689227
-180.6630953247928
-58.62299865102401
-109.62179025687229
44.778786249843826
-75.29501042611415
-99.97164625963737
158.07410588061956
-39.254170212691896
-102.46741732398044
-19.68026475434132
32.29071853330188
-16.754041703321047
-121.77951877161567
-96.13556744466709
-27.128212306430804
-58.41438779972541
33.396032659355484
194.84795168386134
135.38587425462822
-92.78874565435186
52.0097508515034
65.31084961290357
191.66822473313576
-86.3903539913656
-33.50617834845884
-7.880593434896499
-67.16285630234454
77.53603727403478
11.898387625292477
245.0821998150295
114.7329832410522
127.2152908371127
8.636277415734423
29.87976989412128
114.96944319541598
111.64224387893148
-61.44533516304913
171.80964347839665
-22.81449068067353
9.760845649135202
-105.86361709961479
-24.909760941395316
-37.014639448635926
-237.24320231022546
-85.53932038373458
34.6789686574831
53.756372672460756
-51.97674411168823
-85.0112982907661
204.9435028168093
55.18559713091673
-11.114635476957716
-49.28522566068495
35.41553988959551
230.06553320789533
-22.606968449898385
58.50023384947012
46.66389833761892
-105.5538490978786
-0.8085367028148212
16.425538647334303
-81.20022920869548
-1.715049538118929
-1.4675749439840127
132.58827223117785
-169.98658535259372
-79.23736467111432
325.27937330767134
-117.0889719906361
-107.38933417390895
-99.61969514846186
-162.95731774006964
108.85807834057346
-253.10277056378868
-70.0364522493709
-253.28690749304778
-129.64059635150093
70.95461299627526
-3.300272757899962
-104.46461840635752
78.10444711507745
251.1013218050904
68.82736485338313
218.1189989727229
-18.418121447013338
-119.51048611475225
-1.5930201236598178
6.138875117556853
172.70048198069117
-151.563180889965
-140.09578099504688
224.99984111994806
28.278515993917537
-151.5852622859557
-113.47611334671997
-83.14958743532215
66.38073717355792
47.23270893459897
99.86255629269435
136.4841671598958
123.30266541058477
185.59652708339075
26.027882649439956
-24.87818246709883
-172.39365920267062
107.8029095265486
-63.07766129270813
-98.01090432108991
241.1485535783188
-59.89153870892204
-228.9607404165724
91.9996896880025
-20.826213115126052
119.31723983630985
-37.10195229981848
57.71015317474253
-72.82341081631769
91.00491285660232
210.35972689765543
201.65520790557582
21.242907391831938
-122.65518582931387
339.6272200379348
24.27786310324793
296.2913587678539
76.66072276136659
71.96665428220865
58.76785484755959
3.950312730330155
44.95807852846422
-17.09817492200466
133.15762529272806
32.101499946492154
-4.337174001734474
-133.37351809624232
7.876016138675442
66.85459640865113
-15.25269524747929
37.95582696394504
-109.16592318894078
96.49990863492296
-287.15347764350014
7.7566490402525865
293.4877133628064
-190.03534187314958
316.8983915921894
-38.629526634075404
92.39393567315814
-38.62945460893133
-131.47589135510782
149.29570010652586
-70.04296765242479
232.45629951954558
212.07787043597799
-46.72893852686776
8.631201076972285
-21.568509347612068
55.06877872790111
69.50499846393922
31.68980991266534
112.79120364001687
164.40017474013482
38.19669162486339
153.11134965160417
-74.76924530508359
138.50195493085386
63.171898217354126
-3.7841731589524255
317.6102384791536
-10.516474370418884
127.87668377436033
-174.6556207766183
-55.50815204126943
76.18451644184259
170.84429136729597
-170.3540736460108
188.50758522155007
-193.13544907374694
159.03631254597218
91.6174722096184
-82.728190885519
-69.35450627842711
170.15819530988776
152.76881789763647
-78.81078680147354
-140.15158511151242
-127.18250104850007
-128.91320800951917
-143.05072992348312
177.69783024224705
116.49534730670429
-34.797707958207894
58.45142557995658
-72.98359149486848
222.0374403571074
-10.84551939450045
59.8882151995835
190.20749483871404
77.31136619760548
20.696986407354068
-101.61610415229319
-96.07311048768297
-137.51097439771718
358.50526545262517
187.94279896935794
189.4714566143196
104.19475849056933
191.50378725776378
-198.47535171504532
-64.63215917487094
-91.77107231761553
36.81139472938996
97.66524816638551
133.1898254881289
-65.0322806227618
-81.25776575670878
-99.42263414535084
91.3656695554119
51.80922997107954
-149.75157938158495
-63.568960820462536
86.48992049761645
-102.20808012196557
-91.11964055838118
-253.47369510008943
403.1279344033445
115.35333021510289
-188.4227478925378
-9.294760100583064
-90.9946934548566
170.2515583792228
95.02497731668922
57.260555785039315
3.410014746360855
-28.213429082043625
142.06419565365368
107.81017718661231
279.5941489967553
-148.49599823930757
55.245545069489
110.77233419728704
115.63603762450907
-101.80012228611037
136.1107232026105
-245.1308846207417
-165.33783226564253
-28.694801268554958
16.799754925219762
157.32583241948208
126.05037271148097
-219.75765915357442
228.1544900201803
-6.04612504033242
48.584022604961156
-133.83604845910799
-11.840199731333932
-107.54116874100716
41.29328538809637
106.02483062566772
-110.60709399918053
82.83260779955086
169.9350966900076
-224.3731120271097
-133.03970024177647
-186.74545638868835
48.57907581801121
-220.99494409421652
-169.91318966670363
-131.52626447138445
144.90197344269532
34.71490201472957
166.98304123454614
-71.44943874908945
145.10645456886388
-128.66538028339787
-28.03365800655313
41.01223736744974
240.82109744557394
-50.338329348788335
155.31095914364974
-93.7005440776329
-11.911112753378921
68.14835504131455
206.62776585530236
-39.644957033622774
12.162654048283857
113.80508681946765
-62.96089447816053
134.41757715747275
72.4327108420774
-190.0343670048599
-83.98928367592741
-20.70980310578418
224.8622582863284
-8.229049571507058
-90.23433918014256
-171.40825338310543
84.12092027856926
-236.34664730003453
