-56.30503551805577
42.99351901834204
-16.967543738701924
139.23817099379656
-88.52168131265667
-188.5224362657105
-7.50610307112009
106.7240524699924
-37.26785864065377
-113.06362476105647
-69.07237838001048
132.97207322598692
190.55082070719723
40.4963457381984
-108.47199296046614
23.910270618624043
217.1887300011479
66.05027008886108
16.942037458976152
-3.878361874820136
27.583672537540178
52.39038425479258
114.29177794538928
-23.60082173871015
-4.56300193298382
107.90285784360233
-158.73570289195388
100.03372534197162
-6.859515975962012
-25.552691166159832
-182.86333674274587
126.78716459878338
-105.57968300723134
109.12986934934268
-23.35623959031138
179.18984037413475
-152.3576416175406
155.1174822999602
30.045233367479018
3.005128967443355
141.73551549117835
6.699800343968715
41.71037219755316
28.759004341570122
-167.99430054238098
65.53057818671789
21.360773815396353
-95.40948787776112
-65.81469404316023
-115.5810298678576
136.838519828066
-118.51310006297972
-0.6458447291605143
151.38007635387729
-182.22249406292656
-189.001906312048
123.72205828180795
-7.785075476979741
-37.954911947299166
-6.932974233520812
-7.148483027736424
-38.68616230713628
-96.03743648201194
47.208379308190125
168.92626987844255
-149.01296870736806
128.1992049789046
36.38165536162416
156.92555297353132
46.19335396066264
-66.34029965029066
-111.03512633471817
29.705027661760038
-112.2051937630322
8.118544174508756
119.63514592478074
-288.6088843585301
-20.813418974938696
43.6235189805493
31.532933629660803
-105.5917201927153
90.36668976562514
-90.79553786434694
-0.09555213690741016
-122.10931799277569
10.040903025652545
39.67663378659468
-174.8120804263907
29.78206108268036
-177.9778523003016
110.93817032249852
54.91753207058453
111.76377180972231
67.57945536830528
-60.12610966790868
-36.83201392342581
202.61913592614158
131.0797046910566
124.90361317668359
-63.065907294061276
82.5346486184488
91.91402005283618
-5.0746120218538255
45.4124327875148
2.672282201596163
59.35195305166651
9.333379209625754
46.75744963592428
166.32770575808058
248.83087979925995
99.40402966185599
123.25454009859556
150.41225301864057
-125.41040847297748
28.614813218075515
312.94230441687387
68.229423123843
-33.15143662922044
210.34388277847242
-80.94340249481324
89.41587456756558
-106.26836697211358
-20.486477834225607
231.75388878847275
37.63642822646553
319.8924637087087
94.15325662774423
149.81419497307382
-159.14448995263993
-140.8142251295585
18.849890344936657
283.54475508035324
176.3667927610396
-50.98244496639756
104.83441468058817
54.8216962827033
-93.18810557026882
70.7135771338954
20.599679341761917
147.48430724428368
39.954465351065096
-118.68761479462687
99.06474147427896
-167.0203189694123
72.42157599151687
56.19920532801494
3.4462782660353106
47.58973615309866
187.20132086372942
170.88208003441133
18.614577954945712
-107.30874892136919
115.8781299827578
-80.91969196623276
128.57791190384634
-36.21025591144542
-42.53395318522824
-245.42539181176903
129.93467863400443
75.44499274813606
-20.286503129347075
-13.104562207422196
137.9582627428703
-270.14871498814836
-19.109592248673117
139.27793733075092
41.70310447709756
-145.8766998877526
-193.50119190017918
209.3469012989288
-165.69520050329214
173.27548356267698
198.96499445263635
-197.4635262224455
-14.079186190694656
76.05222933221371
61.42312244988296
20.99439395331036
217.97345896499368
-84.08486057076357
71.57427106421007
265.7393974139709
32.59324092841176
23.646905919758197
37.07245695143273
201.49673162979337
-313.4270087254805
195.2844602850195
-110.54660423261869
117.79467761068385
112.18732724471326
174.6437389638753
72.597572666503
-279.3084006985932
60.0048409814353
-114.88818277976708
-101.87248743070477
30.384427808210013
-52.42684237098632
-181.9701627896198
-157.04367440426208
-96.09554785733131
-90.38299921871202
70.79733451823842
13.319547483400209
-85.92868329381659
-195.92220708834796
-205.01513391034166
96.19901603837324
-287.26137379276577
120.8349223792911
-332.29307100228795
139.4823742799853
183.94322646885985
-33.88517910177377
91.13668082869366
-111.20694598018737
-92.3146365856039
-206.69895750272548
-49.616681166920024
56.682014861654196
257.7469714111927
51.40153286895724
-149.4727952723463
-37.6554568360648
-145.320721565965
145.00198582926657
89.3575380888679
174.03109734855317
4.55666506213436
-38.28582210173776
131.92396523563528
212.17566696704338
-139.46171520886398
122.78758152187095
-167.01282884998326
46.182931767620886
-16.020507127543887
10.307994043133881
-137.56078739903947
30.92467791738666
226.6650030515828
33.645505585055155
97.68371197929983
248.69706272591992
47.67252862319448
-196.63558948465
132.96356510258528
227.85984001690483
-41.28622785934339
216.54617274443436
-22.673843135814845
32.40645001171858
-73.43460310185051
147.07956276949076
-75.6829991336469
-105.92621391221391
139.0249440766115
-44.74143465150259
32.01679065550076
-95.49667887815924
48.471816022490756
-69.74498259312772
-27.639114188651867
-108.80391647941099
-133.92504085549635
60.33276910127229
122.40818473419763
79.56681019523796
231.78681915251212
81.72399440432709
-69.2683324960131
-74.16089722829338
101.4454790793397
-70.32246015003182
-233.71163815406217
48.5699667453169
-114.67923120601753
211.1186501324611
103.15488659416594
47.245029867642714
66.33153336293276
-109.04777247092242
-56.383830467396706
-120.06603334479425
44.251145992708054
-57.10641982608062
208.5246307020254
13.905559987214463
133.31389897906033
50.62831528854586
84.86550699588264
129.63428965792335
-148.01607217289543
-84.9375675763654
-140.05761745133032
188.62252359271437
-13.649377587619185
-0.27375294084082413
133.0072832985837
-275.73658983996046
13.967223004239901
102.10150384487505
35.16439505111362
-125.88361622331001
-191.43478503584288
240.49404089968516
109.16962609662268
92.68823546067917
51.56030048394627
-115.83725306372045
159.4640969706893
-58.34651397476004
-8.935716772595327
120.8108512412947
183.25427530022077
-10.732497960914705
-57.276346443558715
50.5365019555431
-81.98544147183321
-19.039496440541726
96.11541002590465
31.186825638432047
124.95172230894326
55.72448103850764
-184.2156852615922
38.952340210528355
33.56056855897788
75.36305124704967
-26.175534992151924
195.10417964931779
17.247809116577308
11.114606381456165
-164.2950102581365
-278.7842346493879
116.99763678301966
61.679455312172564
-7.4586871358594715
167.68157756618925
35.55777397963896
223.15851446267897
97.29520749408981
-17.83758797601543
95.23003822258664
5.345834047799954
5.637826632493307
161.2570415861884
-177.12410702929904
-24.206188473602552
40.06122279021374
41.35552097041365
-26.295503708623116
-59.22622477009603
-160.62555323353502
-91.2621469047107
-53.67746366911553
135.0455836512086
-58.82745053365292
-139.9870140853096
199.5058382337224
78.98976219988785
-41.87835494050653
145.5659420168161
27.276180973112155
-29.09419928044974
-78.17183620434231
71.69580939330956
-53.76900013155926
35.99161876927513
69.98975653914438
54.919736237963235
-1.9447862898460548
4.152391150789513
27.9487480397826
185.3258247016731
-341.48962818744576
-240.43652057234692
117.74183818630688
-62.85524276759117
164.73986964788824
-87.02606920432167
146.59858921633693
150.77651727345236
-176.05384555307532
-2.097499888229813
42.6375442067638
14.475409793743838
39.418522182013774
-136.52170953554148
-49.43226572756954
28.257406614746834
23.480751485844294
-114.63397412524695
162.29337351266616
245.9587845356588
-281.39810732237623
-220.4499493794779
41.58487398301103
-242.08848625431622
12.87785767825487
151.41810109256656
245.56171745935885
-119.05961553997552
143.19529396633428
17.36396046010883
59.933724564029575
-235.9971748828593
-39.95303886230532
4.771934291473494
163.46844635707973
3.2493243266569793
-165.1066436494057
251.80352519290906
-44.31384601162747
-62.957492875628546
-85.8003512165336
-7.617347001584051
269.17008412454254
135.02914671292427
-185.33475054502424
67.1093143925541
-309.5096519648122
130.4175708814658
90.92436570407355
-22.740349432486425
132.83675868626605
22.700214851728752
38.58291344221995
-20.54426776866819
70.59923651703849
19.294455648239495
96.18441090624755
-23.097147507839367
94.34631377419336
-173.30332796741013
-304.01052138949086
-205.80117359202916
-269.25039104537336
51.39856288634024
308.2892245208018
91.51063522135895
-4.4251273503859085
120.53783277401888
89.63696010899072
191.63119598414355
-116.82626307450762
-28.678575667099363
-231.21699334255257
7.531769727529582
-23.994268708869576
-92.6357712784012
-18.4151280574179
42.37909494170115
72.4647679966159
-228.5078932491422
-182.25514845834982
145.59966299251448
-168.13563024958248
-83.5638125239118
306.42447865040435
-201.4018144922002
-345.76451547628534
318.3976962936734
34.616338146674295
-102.15777260771736
-16.299645114445457
-21.985070745943588
161.30291985421448
-130.58387532175297
158.53469832201722
2.4824063000577574
-111.86231522185729
-3.1825177728527105
-203.22415267282577
150.96672300931593
213.33763588249008
74.75748558776431
135.94492687860907
205.5281680774777
29.137970614623132
-39.11326765267512
-15.669567547817834
-102.4090365870455
-216.7378574606797
161.61021647303258
-197.88266376052937
27.186036641688368
-141.78244681961993
203.33205669331886
6.130446461306268
160.91846388206386
-189.77611007440098
98.59876309867836
55.384254230339494
-102.78551583196753
200.84304737945308
-50.23423811031881
338.29468426352736
5.167547837870275
-191.46207962061015
4.338802479821025
-39.617068441307836
9.816648196273078
-74.22004869962659
-199.2469570374024
-74.14155690687286
49.33680880075265
-121.90648472881564
-38.85500085356404
124.84025331166815
77.65208098990801
146.87662549919648
-69.38339074341212
-120.69240709983535
-83.6596807697716
-4.910353141877754
7.284186592771455
59.276290987356504
2.468229175620869
241.2016504948978
-92.92347259548156
-12.337674585581597
-126.70801953249345
4.453949837369157
60.92080243892263
-46.708118323902774
129.03369313625325
-122.98750049258351
-46.28864160827746
-33.973926239285376
20.205562982820968
175.17900526946266
18.763526540247497
-167.90144323318071
-79.58436949185452
-117.05685252975182
34.18410677721866
-317.9245241567009
-47.679895792338684
57.024158277703386
202.58671686872609
-56.58199208832763
-57.89829587120863
-90.08166607302779
-53.23958271935092
134.8197795415241
216.04290541859456
-104.77160623067422
134.95975047720282
-110.53811924930113
2.3568429913467983
222.9207728894587
-28.636562176438563
-337.64507308461856
-211.86425230343858
109.42460331204728
-275.9747936774
39.066112847964924
139.24621324697154
51.19376915650339
8.075322981318953
-90.38587954733931
-1.019349870186485
-307.0299828145093
6.697244010718389
75.95686521157637
-42.024146192440256
-67.04010976115829
163.79659952345312
34.69365990544411
-203.58442223700123
-218.5230933467433
89.32116000937118
164.70056735159432
-58.36776280814714
-84.48901474833103
157.70592382739378
-126.24215042190905
-177.4187383418814
118.44473134710492
-6.5925094531145
-105.43354933314451
0.9138000244122969
45.086932191124085
-199.55855957247493
-137.32217913046327
34.11187225288477
-184.80271601105466
115.16509980809073
100.72923079577728
68.29855818845054
-25.99208695242006
22.18425215150756
-96.91439014647447
-442.9050691959212
68.18337050922993
-32.47397251219489
-2.379585194565413
143.9714254037187
155.6214490518643
-120.17032475646019
113.83786846823148
120.08770594088564
-118.88425079594423
27.879963816015554
89.17329950603065
-253.8643406654277
-334.1480083818328
-63.31605458611857
-209.31791905156715
56.1921541831171
-144.95493218805453
29.668209647719163
-137.9013047332392
-94.7320320094886
61.68972727851788
11.991407580792778
-62.94150510559713
101.42669846036765
-274.47450393732004
-9.946826321570883
209.18614933946452
82.53601554959944
-307.0686837345392
297.11855701234174
102.7120228603847
246.90401573515535
8.900067431830536
277.6928128604163
69.81021875058917
-108.06832843991603
-88.22945263489211
0.5334853480321131
121.14166929833013
145.5825359223739
190.73555905749265
-36.99961448562968
174.1428844649308
-66.04067623532245
-203.6066421971514
35.972026767229174
98.7457414235868
107.43747905961473
-153.18282952578582
34.88354502851074
-51.82578889218127
-124.16107291683885
126.75382830409816
-162.09125588333492
-155.63195174241955
-23.80789667196372
71.24418990440185
-85.66899304548753
-16.079248761402052
-141.54926965851365
69.79197452820085
-157.0447922546586
95.13121086644692
-34.46254213117594
16.21027546691881
150.4281687430504
201.80904540602467
148.0704108164242
9.58299375995071
-263.1664273162358
125.69966352056575
-61.119897784063596
88.9079646012122
144.37345692100638
212.1484192354915
-20.986460844400597
-153.97571506795947
97.78568007415679
-192.05323825967744
-123.07444495923778
19.7450662612952
-238.38075973316384
52.25341559737384
139.97309218892985
-174.53124075013477
-11.247746464988742
-260.85404270373533
-29.65328868953398
221.3021408350615
-48.13199904451136
-34.91720996040649
-52.92688074506933
-64.52917834466915
-7.311403347599353
-195.62707107760087
178.31991128312828
102.12994248539395
106.63845146302434
162.04922303874287
-27.024441518301884
-62.554729254392136
-117.78575666408263
-63.62367642176998
-76.00926081814453
49.10129353346385
104.8941745138877
155.75715271993798
-340.82256922780573
41.76108076279431
160.83093311095425
124.14424260483825
-51.914342425347186
43.93390308397553
-69.24955400286137
130.1290468123747
65.84086167630265
-2.9376744446466683
-86.49230918477099
321.5708631599638
-195.7355453005165
275.5046697575809
261.7959418693089
60.755951545308506
-56.28804678370485
-130.36215604839867
-149.9794246994941
126.48821167093789
39.331738874150254
161.1159116050598
-120.90596894351737
-57.512411934259646
-64.7374916843131
134.26928278409198
125.32637937407691
-70.4614292832806
143.5318854205325
-164.80875241740404
-10.484764012822183
44.56884467851458
36.41040102383719
224.26101981963913
-91.59460180147671
123.87683648222723
-50.73796625076665
314.03176617238995
108.40725225484317
12.995195616757625
83.0876019883875
-114.14281236268178
26.290906280890706
-79.33767099284384
31.80076969319364
32.86325037464491
103.109579612645
197.11899099354997
279.47706438543776
82.4767236645879
88.34083386650079
-162.26847128385305
-44.530808647288815
-139.0594240745658
-211.5713023658091
196.04267392609316
-13.533311369473957
68.83198636847337
-183.2329289787967
11.242573266708847
48.839805039727025
124.14035930161587
85.56300498090009
-104.60838273944307
106.40856080385115
382.2563691291091
-7.633193807948596
99.68725789898377
-103.6999110717382
-134.13518265851508
76.72988950647361
-295.4413588361108
-44.346619010692045
-51.78695804342164
-110.50983799568326
-159.25785908983963
71.51371528400927
3.336797605988578
-299.6312670236214
-81.14649610560326
130.67266136105303
93.16304888401666
-60.577871682585226
155.17482081135964
-101.81972549722353
-6.000565994204761
63.05296816359803
75.86212472848884
-152.08662704195174
152.83967599910793
7.884534012809876
485.090583706713
124.90156067974128
61.363783697138985
-97.13170525027377
-72.10866271424922
-60.89196326015777
-29.306779533934094
-69.87999916666683
-120.9654803240918
-114.64992646552737
4.717756648270746
118.31207325778882
106.84606814816523
199.02401749099894
299.61044510511283
-182.0507657663304
-7.10461710064019
-78.09958764957553
55.63067354376986
5.1762063921581545
-41.106181068939115
152.38367643501948
52.978513810638745
-139.91197030222324
-1.1267220592790503
-97.03265183984091
-362.1614783562153
-137.40812811518276
-16.76405124810398
-29.73083534053053
-100.85361149047453
11.613341933997974
280.83792561206405
-131.153044874877
-127.60111597523529
-45.96508529643431
-114.99699110014818
-58.90946201633676
-103.55308241768793
-285.8016502607161
88.0837854868858
286.98975741616044
3.389917817497583
-241.00646381597076
3.991477000711969
-99.78738314584899
52.71463812662414
-91.0674900626895
-317.47553057201765
-123.19405856806641
-72.02375238532375
-76.55715436243302
53.15658932332696
25.55204771955063
-201.04263306640766
-107.2306258218171
108.13171126769237
71.87861239811983
-19.523831848823576
4.562090015270162
67.0397141015083
-165.206233105066
-82.79967221230605
-132.20816604499475
-249.90177988531747
-115.63042514624624
-115.4032826580627
34.912517118397844
116.9421780319665
36.69321574897203
200.17413509515322
-191.0380228810315
-108.28003876613838
-7.491998843262488
40.606832326028915
-141.86894548632876
-123.58346487769437
112.64907460385461
5.210567871567697
34.40554264288223
49.56687661579939
118.91200266740914
-51.44198416569496
95.26131292954851
-87.79961971886432
-107.92085684729926
226.01050546706364
163.4672338286605
50.23956177649167
-224.80310356771204
160.3762099893553
185.90227720977882
-75.09349666066915
-72.09823971163412
-52.07179087108987
29.232384107272672
148.35684783076942
81.07244829704196
144.60985291383236
-50.395219069845076
-65.84537840318535
7.77673816061885
-305.9784419986672
-68.09879463723469
6.2220562402297634
-170.53208859830758
82.82385613819386
-70.90506478700703
-6.128473915393988
139.48876571505988
-51.397520081708386
256.57603191549754
-61.95473010147309
-22.674600782184637
91.27339359985797
5.127693941117519
-233.41177803491496
56.97657939007282
-150.12304458017306
93.57846482239273
-14.050952291140115
-82.142983198289
32.027106921152665
21.69327511005224
80.02755730371891
-90.86980581500656
-211.96540791821616
107.28958014129665
24.165320257726737
49.74900782522277
110.08046854615853
36.010158231916556
-38.08717383972373
193.9847904158195
-21.91736239035084
88.60376429844445
-8.661008614080426
162.60248478791164
55.62860644882362
187.12821130597538
-30.95195561406117
-1.2032996737581787
-63.72636400950087
-112.6519879535766
-46.09335670018889
-172.9309806010012
181.98697561165886
163.2889248165778
-109.92055777008797
-12.129540499991357
148.93216343250518
11.6457148638168
4.3937422158688
133.5155771732079
51.57210034900151
-11.464693335555312
-101.90939643700004
-52.90896296071355
-110.33019561103846
64.24357291246636
-243.9907888721076
10.24462134097222
15.179525877021135
-41.511287901573304
84.41375682530321
95.99129243068009
27.225414497812274
-90.351768049091
111.11580591392324
-57.980754991809306
-58.06029220341899
395.50361835706127
-74.66866932040709
-19.3347752653253
115.624653320149
110.13294792829149
337.82200006260126
-107.34258009353894
11.655320930803928
-185.8502025588996
23.333823836966804
83.87339012895463
186.3941956024436
11.493392706862048
-33.08659633103077
223.23273491942876
54.24868382545874
-228.36380278528574
44.74807883827228
87.69112251476324
-57.83980249683253
-86.90151957504835
188.64466436945114
126.44415366541958
-41.66538437450337
66.57040763517502
-66.22992754282107
-15.410817328093142
148.62140880532277
-102.51561793750038
79.41741803763699
-102.9618913037739
-214.4816960019803
147.00454880242498
104.22799564731653
15.709980768376985
-15.339960339937376
