269.9565754272326
168.11675162260948
-97.83397929059832
65.72168280263848
3.3719003124837363
35.66990152921524
-2.306643191744415
-127.39228480856718
254.35957914795608
9.835167732675032
265.74494229672257
84.27826625218785
122.26942209406653
-34.89358419637485
46.25485412173752
-115.77793386721184
-14.026320515577918
-52.175482844111784
130.01666448704617
70.21080349637128
-50.16569855379686
63.08135511071531
18.95957836084496
107.8404532121767
-24.226747481325056
-62.15558259905255
-11.23414427468504
-36.7018037881203
-107.39523575109102
68.9397439567813
124.84002885086531
60.823276525883706
143.06949490055794
-31.8155710590493
-49.98501172653656
-319.9217704585775
-112.3174578662914
-25.375721099968093
21.39451773164179
172.14013134260819
127.9924284974522
-30.124161680566658
-30.61038969719353
85.71108205156561
-128.16468890831675
47.20499539042322
35.108791996414396
156.0106585715042
180.39771382129166
80.46561917347277
87.48254046769848
-24.864344138460837
-137.67805550198963
-23.301136385769613
170.45194458998958
-227.5674407846999
-58.2406785236464
124.21648775529128
-121.74435696206967
-70.47606209634732
142.87293993788018
134.91281185711728
74.05016416530322
-79.61903214915642
-21.669806279661884
69.07335284868887
100.5747068399793
38.823271007553224
-71.9264728766077
-121.36592848766556
-90.63823096949868
86.89154737255372
255.82812369766663
-327.9594962254824
-233.68929639461373
5.669732844320874
-106.92860894364108
-132.55022586869978
88.28369213293493
-56.17825870376445
51.17000929443847
200.3735352791406
44.57392406592273
73.70109637843119
16.256301462183966
-15.427738609234703
-141.47967102814852
22.351268281951278
-127.71282796816526
-170.71661478695907
300.89054107789434
-24.923682901155637
-149.756784976042
-131.26503715910857
45.26404782585968
164.4181485458323
63.17431875128189
128.08113486926612
165.54023213350501
-73.80956378130568
286.7040414144511
236.74582331916147
243.2487470414024
117.31538671797401
-34.11335266650075
-46.208871043567044
-8.263404186589646
288.34783225688557
-131.5303540397584
-30.92588959831838
25.249971230119513
23.296549578889028
35.76194553740465
111.3410985191392
128.93370240155588
-133.34724628713042
47.00240698709265
66.32851007833143
-98.01208901226681
-116.74586534704319
127.61425553987159
-48.81790323619882
-209.72812035507476
-158.94111227963234
-207.95428299393873
30.039578540514295
181.13583002784722
37.21927029368238
-115.88187810440654
-65.11041903316593
60.56724290848681
-71.62697062521124
-84.73776062923884
-2.848008125192341
328.14203551745067
68.04094183358089
-120.31018477505475
149.0758794030102
123.73751510593037
10.663288100226604
-216.3429408633626
103.82076522955948
15.116025313758362
252.71559693078197
80.84762487977672
-345.29725157934706
24.846917522651367
263.94999943361677
-5.119205800262363
251.78279763690307
31.626080362696886
-17.66042016822593
191.03372801337105
-78.58158587129057
108.41412447331764
-54.47774226797538
-67.48387235826813
-10.568000376981916
13.401817139439773
228.4020213971685
26.899590351523045
-85.74587221735528
26.443557150425196
209.10845681417968
3.639565028492833
-91.26290753375129
-121.40699175135119
-40.790969287655855
-83.4771695462188
-26.655300013796946
109.98918165023629
3.591490589710003
-286.1564053742901
84.48826550041161
57.23050299531627
13.536198299345763
81.98824474383181
76.90557877290979
12.841902958000745
-112.64766389646435
-28.896932595503486
-2.991630240031631
-21.60821063662359
166.60036036832057
29.69814121134058
55.311471424725724
67.52234845064046
-40.76535458384171
65.90346224981946
160.38585936460962
-86.41922088582947
101.42772254823178
-32.07411835873837
-195.05817652685275
-126.048823819911
74.78513076813469
36.414497062507444
80.72160027996358
62.51202989498192
143.68321370397368
-239.08212840578076
-44.5176461530057
-156.70747077122297
213.83069722657677
5.351296229358924
31.249578063979847
-245.86283849038003
-77.3804383125756
-72.02917581145596
-55.80889924503884
-187.32565620541274
-110.80291078206545
132.01931553595904
100.5445306631945
-18.720671238277607
7.629332855284419
43.51490771712311
-161.32977592874266
64.4760940378441
-3.314569794544181
-65.64511124016329
3.36310794937848
-182.8209763648623
-84.45617797201588
-110.07010711669125
-99.49848016367689
76.61927187322044
76.56162406076196
-130.19275077995607
62.09753755406838
-151.4166900380663
105.90137797324428
-51.7032116917632
67.99855591483562
-108.60001658912873
-20.49055119040276
-186.03929604754703
-167.46175229046077
144.83974489939663
143.90209055504764
-53.22810084356482
-27.142238345231473
-120.94726545929933
17.718480901668457
-226.89865561696462
37.90204597384173
145.52291675965375
-100.61848946088998
-37.95412744818767
-157.4990036677226
50.11612309609521
-50.74230045609823
141.0638840886803
213.02281369206023
288.82749248012135
6.224183111385098
75.83811096991833
16.821305399982343
53.671932211081426
144.0323060998417
92.90796624679712
48.359452907303734
-32.88525524214471
144.53728107593722
-25.84466030427235
213.08202688716918
-82.70465800257719
48.633008109408955
147.25689116780077
-117.75922891106637
176.42254553675798
-94.66130494180368
-94.10131607966201
1.2408394262250457
64.08456615791897
140.15710254695094
-142.99785268764833
170.2101047222859
-131.53747634143494
50.39597082901223
-131.30557954244838
-24.553429927943643
-11.95702717683323
42.48827086398255
-14.057547702650265
-32.758741779780266
-45.9789236496196
-120.77451293474299
42.9247112534359
0.3932364186657318
-62.44823516354185
-79.69695799848421
-78.05377579784141
-41.474407427839736
104.79656979137745
54.1046660588504
36.79864839316324
-58.06658108753074
97.84976843809466
-35.26385965036739
102.42361646761033
297.041223679106
152.72916702698032
59.18137197746043
97.05676813129864
153.67085168618132
85.39437915583991
-21.198270139197007
-159.92519861604012
-105.3812980318418
140.42817134767063
107.76937248772182
45.93746326364079
190.58500198856066
152.50162798280826
316.47729448715694
158.0870609770013
200.43125947641755
174.45478765590696
308.70146719086404
120.72452408807209
51.889378284388414
76.05714830393948
-206.79788439212496
-238.43512829203138
-112.95721146421636
5.741995113308551
67.02462322134753
-135.45315236193784
-312.1212581428111
-72.17130493779214
-7.597594290362562
-107.94717712859355
-121.98770086707061
129.07499259027412
-10.694309533001622
44.77111737350907
-51.96160926989066
-44.39384236238105
-96.78929997856353
63.163064949790474
82.00868318909147
157.76750744659918
-243.6465110698552
-130.58936930137227
32.43610875231634
7.996906678359022
92.57607700961194
81.69868756846994
302.02333683477974
54.76962891254623
-121.7605700429945
174.07392871297628
281.5254879748447
-96.33653779890521
46.69002234459114
-191.47392439939043
-91.5215631548924
-130.15340540370576
-117.88946897066344
-86.99809805748866
-80.99969637242855
74.77270415826543
193.13118577117953
73.63305425937155
17.151901171446916
-122.11691338147797
-56.67115713209289
20.68017838015485
-75.60211468951812
118.91443938553677
-25.756278810671702
-56.93082874848454
-99.12943843041732
113.2978227299515
3.919691141244054
37.549728580580556
75.9097524234884
-99.5928194251878
-192.94176484195833
-155.6899516607968
1.1567123898710114
-139.29229152327014
4.148625947894824
-14.421099044868587
-137.82813892352314
-17.972831970478392
-93.51468710206778
257.370341355998
-140.87153183250535
311.8223639192698
41.78369326699677
80.79953468030382
-183.21631072331374
-20.22421714308688
-158.62599310974278
-234.22563280078603
-122.04982835278423
-215.36872483335983
-96.85167116384427
-71.22220244239627
13.233158501982516
30.13454149569816
138.483715949676
-91.91461527501738
-29.268822200231284
-3.4327817198946002
98.08418535493587
61.87171415261646
42.19824494339756
-88.46750384709551
-414.6391248581401
76.47989977874579
50.54067619248634
48.7109686318839
-132.97747566723092
92.39762268689725
148.24608506155786
104.8149886665035
201.5736599081345
38.16947540356087
126.87860852544951
16.763645148244855
-20.953483349342786
-153.31759656655723
2.6961637336816446
-184.7193886680462
-20.891959637323883
343.80459602838505
282.54465676242035
56.669953936975816
48.99460126629224
-32.09380902843928
-82.97131571716872
-20.44771250505371
-25.93428939904974
66.65302234440252
172.68179090902453
-75.91590321227953
-113.69795377650603
-195.2027579104771
-102.33693814938029
-170.18257957145602
-69.90398353896752
-7.751047655201649
-127.56851813991034
43.59814185172454
30.028976791286482
-83.16693739219144
60.49696923859524
136.44963858364358
-22.03456970893513
-21.014258923727198
62.82799575274655
188.30372792191818
246.1658129298838
-94.79823009619933
-221.56247245486935
-57.42954493464366
117.94054620157982
125.39538367120053
-81.44622068055122
-92.2844537173002
-72.47628455743984
159.4481049264744
84.59426638477434
27.29750359051822
172.10259694391794
71.76410240323776
210.21531760049413
-84.92375263873807
-287.42850411595566
113.50813794927907
-154.92242839202538
13.943459233094012
2.0541223941987186
57.69995297924435
-69.23103900952358
-196.3594284627563
-183.18003706231755
-94.34512400279851
-7.331093306705698
85.61783423201179
-132.67160754427624
-64.11776737053556
11.108775205732728
-164.4374232956086
-5.200640276345998
188.21726341787073
63.786654244785296
95.04878415593645
-68.02380310828492
-91.00866237916009
160.30641901859155
2.435505557843368
-110.25937937830692
64.60578263995731
-34.60527491785467
59.63565422222492
28.166415703879856
-122.55964324155393
10.196015130998763
68.81701506130685
-141.2344581114018
140.20256476738749
26.751361832770854
89.62227445163788
-36.65587722389584
-29.381502310764795
-42.628079729677026
-99.62545814280416
52.37116136081051
-112.62838454906337
-130.923752945877
-142.12488720577196
-17.54308271686475
235.04108839503218
22.522977130953524
91.52417616593637
111.70720115003378
74.33655239653172
-51.438572102288546
99.28991317329785
-113.2950504526174
81.10050166886882
-15.032452755305496
50.921469264838734
13.422499910881895
-23.922337052471153
-192.4492537931191
69.68021546229772
-24.944517251515677
44.92735516381069
69.58593417077226
170.02447250113454
-17.97928453864553
28.495125290883287
-110.93690015681645
160.4029313348921
-12.882419510674001
93.35528839655436
-13.423541984482876
-1.9627381398785437
34.83308300046465
-122.29351676803503
-81.50001206206817
-118.44002309502966
-55.5395533769927
-55.5995726959043
-54.088153819358965
97.02021165598991
-186.34892175087572
0.6978388574853529
-43.36092544384935
-110.58089958660392
-145.2692315253599
120.02148139817201
93.86436066963931
242.34680391362815
-141.3592655953966
-22.892805968375185
-22.74167968561172
32.54438998394861
-29.71350493359662
101.0004030568452
-187.12046399697985
-23.487976027339247
142.19895058711418
-90.61841394057625
-41.2112775874724
-196.58135307285943
-82.715004574346
-21.0220970212931
23.714311622844022
-8.122658909373918
14.282205653540792
-155.1104452727717
190.75685031902245
133.20967145150092
-130.50197339534006
-93.38758633905928
-181.465811686112
-18.391580601719166
-93.82917642214471
45.51135921131216
31.707351060531476
-106.32077063796541
-70.73559682882819
176.20121493531786
19.27552738088424
-72.0203196033379
-66.27575791123377
87.29538978933266
-126.86051368850907
211.35417468097236
-33.894901053362155
-26.90287434096951
-64.38191140399796
-103.05242862462612
96.53433886959871
2.080858481194389
128.72244417334755
-78.30294144291103
134.04656023662318
176.15612665707448
80.7814914479563
99.10757083287545
-134.0541195655793
35.31122463021677
211.74106606857976
-127.87341855360887
279.3663873436729
9.698069690261562
-34.05153636212188
97.26668658591025
20.96143819065353
27.958795319987047
21.310085677889603
108.5326186284671
-66.03970032512765
78.87311320100372
-127.58749224384749
67.22327051419683
-15.001249506121681
-191.19412478807664
-192.21862309306184
10.730779632212109
-65.54125794243282
-77.73605732107576
87.58883915252001
-7.233475797544456
-95.7750985344791
125.44501792294454
-67.83203151084757
163.95585576268468
31.776122508174716
-1.9812563540547345
29.796660707220614
61.35986291142094
175.63538242378715
42.77254829253227
12.98176651817498
-38.31868089387804
81.86155780812494
-151.40617889161203
30.15635985447133
-121.77406973828614
-14.805568879891302
-66.40124729369381
109.55693589142948
-260.90613631095675
-149.18548931548384
42.7742717093825
169.6769003161644
12.048271823140025
-32.87519402273268
-58.2370539283136
55.12288456093573
-69.46327674947024
144.342232275361
-38.970939382931455
10.732312998554757
-64.7678979841395
110.81381877257768
78.303236653584
15.154033874100612
70.56915250493034
-24.932863504470948
-139.06547018019
-102.11182442911041
-108.67615261239838
-126.84428459183705
244.9789930483335
-75.84887588418124
8.858937676431271
-257.403954172879
-28.260895382031602
78.35496265084267
46.06829459692339
84.0486320773295
6.908461255327657
-142.38879624113207
-63.35686686882148
-234.69202343040246
128.4346177321542
-179.96168188243897
110.75255415423042
119.0293093649625
-68.56564087848085
-243.7293712286283
-10.138906633765318
89.85319878167338
27.362861971502976
-174.10754562816982
-3.9148856385035877
-55.03146792499129
185.88092246324388
4.583719099207064
160.9687356277776
-65.85625155693619
-53.86641829247867
2.2011703804457117
165.01205216781196
148.13571441497595
54.74524196481159
-145.81222290124228
14.245837848698962
63.035929465807676
120.39896013186593
195.0265517327869
-60.02278259848233
-9.254297246676883
72.08254840384868
-148.4711472158915
22.883610960082677
243.13762578989002
-89.53429043285591
-39.76575729980016
-88.93386493908636
-266.08776778988147
154.51655892825485
122.64188052290939
-141.21821220292435
-58.21977242553736
-65.25556557466642
23.10025561893017
-208.74642323293526
85.3148876486433
191.7731836055447
152.78136056230116
-56.33032515882592
15.91034962438334
-59.88807950402445
209.77421663163457
-122.76407925621588
58.91876250644358
-110.62016678578706
127.44802612020612
-65.72006380844849
-59.77132766727705
103.13268218142848
-16.349515617480794
-60.28166515615436
160.50179076578166
-20.063460899116905
29.355285914721993
202.12574693050524
127.77583711267498
13.44966873552716
-195.5727795597196
244.57033198249312
62.983419396562816
-112.97833913986734
151.2225128369008
-105.91094439102908
62.14386069736712
39.00482219920213
77.6615899144686
38.864622304445646
245.06901919389045
-11.615043289256834
96.47981871609437
-122.991419357515
-59.736154862282916
-31.752298959627343
31.128818882963454
-162.95832617285922
-52.017909623255385
-32.96901961388959
-93.4180823617781
-55.90523035472871
114.28103354034289
98.01330670202714
199.26379296843987
-2.478673737135963
-71.49788004894096
-103.25749700253311
-127.82849912623826
-146.88905270293628
-40.147709921164136
-84.21919989032202
41.36265928830396
-58.72744708175844
48.5583472272172
-39.55410955855437
-42.502683461141295
210.8544864662185
23.125036416495693
96.9563307574224
-9.696407653335338
20.769191285306892
-24.526563226645926
-50.19602904304719
105.16049991724512
112.62125186663488
107.2885339805639
12.669841288981422
-182.7685849269893
-152.00077213633193
117.6804073343902
-108.87496852568457
36.48566650785081
-121.37889724985337
-25.214838615545716
-68.11840319092536
74.64569846454901
-19.321918836351124
-88.27125137825274
-56.54678176145049
-108.45897886201034
-32.627470821017745
232.97214697050399
126.96474943800935
-150.71852159410045
106.48310198197395
50.002567223952816
201.05393113488466
251.3847708730381
100.46117911478675
23.2161263662746
305.35801489720035
-97.00723097308014
73.51725694413588
55.05279299226278
-135.73097954059676
-16.68101559151677
166.29445690369272
-120.64569856831159
-183.16873052110418
46.90825268604302
-72.88049829135338
97.6478182195187
53.93709211684093
-1.158004483420493
-113.53146982394895
-50.22927543715384
101.84623678074425
208.2674850479082
25.614887782986237
132.625772363895
-143.24872894476547
76.70575678619437
-142.68244280449508
84.39832674960783
142.16781043693013
-96.90024609674678
185.74195347519944
299.5757298221454
-101.84670014444984
74.28981355111458
-164.51342307782426
-7.620485888048424
-201.24909365663157
-87.53446283243656
-68.49421751401061
-112.11827396150838
-94.81174879719705
55.195555413381065
17.174081395348953
168.42262602538048
88.41046260355131
-175.40169848317603
2.4228499036986966
348.296971390052
-60.7398719189219
34.34004028099842
65.76874654560385
-16.364918051828045
58.9874024875669
-166.7730200321311
-114.26933631557237
-264.6923506145471
-19.879362884816008
-75.6783147294856
-31.169035316771254
-36.794889620714684
-111.3158270269745
151.58260967000092
155.4343241846868
-64.96868557565143
-39.72818799296172
-349.17626070394084
-66.84839330766175
-54.7406629560962
-106.05845723375923
31.559222936667215
7.699065836264218
-6.109867216219431
187.7421900448011
135.4459413272964
102.2253832396724
51.18007530307765
150.6661575842212
-214.3830225877147
-132.71662669766567
101.03880010474066
-186.78335632873146
65.2944878396159
90.61668357123331
-75.18854088761441
50.426516226907566
-12.977397160973133
-202.20603083068482
231.86902895842826
-18.497651659466822
37.529072015511495
-32.69516543211916
188.1815860816696
194.71427597566645
-76.10760697407555
81.4168394561377
-95.06067198953482
-94.83320306677015
-99.08588612670519
0.7124150111984769
11.756521280539333
217.0993547539444
68.60558724346456
263.5655090736309
144.8226406262272
31.54566938296957
-179.6809102829685
-287.2741471116435
162.14615294896637
9.355972980114311
-26.540886388252066
231.1316871109509
-99.4076148759343
-130.8739249941803
-92.8040471242731
-35.84935852123281
40.51388797151224
47.429251646353784
98.22256073392349
-41.63740374290349
41.67630900820455
-2.6476760967491604
-260.6561517025973
211.8261920777475
311.5495123518488
89.36819430273704
172.04309167122818
128.26005321414573
58.37462153199956
68.01386969521171
36.09643435656016
-20.91538154317507
35.86158157297687
-87.97675964397448
-126.6006160659569
-203.13230129897636
105.82190933433188
-20.55616376375237
-79.88493659685251
46.138600797311014
-161.22215874771283
-23.06939682166492
-85.77488288850489
129.16816048092187
2.705973144617304
-85.98824241215
45.80615150880361
57.56303954688426
-36.78203429892749
-58.21657620431203
-119.4507248358523
-96.88858819762635
-40.306823757268496
77.20313643395066
132.30682802366982
85.86222538036169
31.056603555596432
181.2719200235458
-14.008888005024188
155.58557095742506
-52.50159580203446
-146.3295830509837
42.885297363989764
94.24553011223749
186.13788952381304
-58.98667298380893
72.05918938262982
-103.5565280794148
3.214230652154805
-177.63961695888798
-9.276644895504774
148.55188749856134
109.52678781042096
-170.94704216056547
82.93122204890993
131.7502169702342
14.093321389084487
65.20780085343226
108.18914195197564
36.349588197109384
126.82239402454373
164.598642603793
-125.17652941586782
0.37978141112648667
-175.1786248288647
