119.92930536695928
112.9112283213787
33.080432846323596
108.85628078823763
-232.9762507447266
-61.44888694486058
5.300296943290132
174.82557295576242
-4.543912743506947
-29.91530383622818
-75.72368694208478
-145.96617480758903
80.75122144697852
-403.77259913013506
-156.84144873151763
-195.9728837397768
-25.772005273118992
-47.7384477177771
-227.31411758402444
-318.5600238386041
-76.81329628568984
165.87092198747675
-86.10391454077582
-98.40266426813557
-35.461322746266774
-3.9959612243822753
84.50903202838836
51.573808704665204
102.19524790800331
336.3157319240479
185.58745010822145
196.92924422561435
-86.93652030392538
-49.262059258930314
-31.5072263448197
-75.84168591762142
-124.76515204601327
282.95920545227966
-82.04820361375997
80.69558637856896
105.20727217924278
-61.190125505777786
-4.669762031077862
-153.95611831746453
-85.5243898113734
-48.0119050588046
-72.32316020135488
-184.73932835536613
-146.02924694708312
28.85366186411575
-348.38311368185845
-136.56048029058093
-110.5147038130046
-115.40554378971218
-234.18518345692632
-58.41400969934847
-151.22302176823482
-60.814669101807965
-138.43918360828266
33.16999623548343
33.51690066162139
1.7390580602785863
51.40109702907329
-133.10295210258286
-97.63867630607652
-294.07108171096735
86.10646362191473
-214.40322684165298
-152.08982334414335
6.508685629990041
63.33305148001449
-217.46097529182407
9.832409813319241
91.4235572119323
139.14958959160538
-27.543353826364594
113.6649143678396
58.838510877059925
-18.2062339167766
104.80916584613557
161.55461320678123
327.9016986616872
173.09497577418907
-83.43458215875287
100.3581163609041
106.81354820890802
-143.38196900883298
-151.58037963043049
-118.85038905486454
258.85396806160105
208.64452489692525
-5.826574960892881
-13.858902952513736
-292.2343582675194
21.054655711619674
-105.02808643143928
-28.527463378108123
98.9106080447619
5.01249961834427
-219.65916813822017
139.04907712663575
-42.40108063445331
-180.02173718087758
99.89652307181633
195.23345284367903
328.22682465995234
52.37912837336092
197.3624957653456
178.7336004312556
57.42845459597181
-101.68042761326046
-340.51260139122473
-107.46473135186439
-16.695455049380495
-19.09105028647779
-5.284364252617136
-51.34102198509865
-124.73583747939878
299.18614876007894
-217.66777896004302
27.504820577933472
-116.91229926769127
345.5086423608306
226.6817898238462
-108.93410132337682
-149.19271335296835
12.46055557649643
133.68099002093845
-192.99568452351613
-110.35924506489248
122.55669868082151
-78.18630930599322
143.7375753487307
-133.11846802608233
99.72618371877529
-68.14024381958174
-151.26750612420415
-368.57699750357506
-37.95217515408354
-45.654512506636216
90.06466739552327
-259.7087186363875
-115.17271643090345
24.27714766796383
17.025104558399104
17.97495791412981
-245.82248967151176
-289.7181164726035
-86.87629148860398
-343.1750790216992
-110.43214415209718
153.28132749886893
81.86983783157434
-87.36158073532117
125.20505182255592
98.94778835563875
262.8628800781539
5.5011766284491515
77.72223892464922
59.078767390067966
167.15602507691224
-127.71196074815613
243.11761683618715
-185.66097871661395
134.03899439261028
-256.07882981770126
-68.96895392459234
-33.92260402425182
-95.9926676961436
-12.200496612443404
32.55506097893989
-65.0995943387854
-34.63145840659086
283.87696388504577
-136.98983573075546
3.7234875124023654
46.81132345425312
-62.8076664683633
-373.2381040612281
-299.15893385177964
164.90860422047845
-461.0056602095539
33.263019817516316
83.313079549092
167.4841950934806
23.57193863913108
90.81090579227738
-41.891165494178814
98.12009017449367
-29.0576395011731
536.0225880942947
-114.82754391752965
-66.03587201815401
84.10939658749831
263.47200958566566
5.802750453190432
75.43056867131764
25.341861010360223
-292.84112042937664
243.62514339570646
-27.181995571283746
375.413446681083
-27.479541137059567
-78.48879516964234
30.830152684343684
205.10910374149617
-195.79856948496771
-42.06202393326216
21.17857620865145
130.51793676572254
-44.21910527264126
186.0669118901506
449.7652071675059
204.52202474671773
12.67926418459189
307.37074979387154
226.42891731357423
43.028140353029606
12.244434473101919
-111.7774840233721
139.46159007427113
122.67296033404843
-0.4873816072212954
-144.8103274454858
275.64569978488845
-83.33299602325997
51.1979423501593
-68.56324138462394
-92.5914770446883
5.2001697297495495
-171.646855853499
-158.3401603138431
144.2918472311054
-74.24037544558902
-175.2128806198391
7.918819407717491
-14.936072202630935
-15.194203723214367
-166.20546576614836
-315.1785518819237
-0.4954450633085524
-79.45196305600004
-46.879526526139735
-98.23246347612547
-22.517867836004633
224.56268953370653
-46.94499991734288
65.01673098000877
-316.51070968783256
-187.75247795923255
-301.1043355435374
229.87887665473772
-234.16112294604108
97.21159585732568
45.6402261126352
183.3855677102432
240.35299991658704
247.85814219389903
239.0211232651094
-56.20328147598819
12.021211975225214
-129.75956750076492
164.50440695127637
43.44709067336277
-41.04519580417038
-180.42014023846565
-319.042240480987
-58.06523404475284
-276.2284256028214
146.4251188082946
297.75389920081943
-190.0585726030258
157.81674578201577
-23.694885330531314
-241.70262429432248
213.07893134145883
156.9408431840461
24.644569544912134
62.93106374393774
-136.0023037327992
209.706689115532
-106.33980223095297
23.131789799637282
205.1695724866205
-121.04680356746863
146.11236367695466
41.06188240805837
138.85754630791826
310.0687216684665
69.83017044272248
-129.95925753632028
271.1999607843658
-38.80635657368247
117.54790373049318
-157.83269333968255
85.29442998373301
-302.85219402913407
193.68940473684532
146.31965221120151
-367.971851344732
185.2257953321095
2.956269462362398
-417.5037196089658
-158.83083923905372
209.09115276424473
-128.83658144375352
-35.48932138926973
-100.4441162267281
65.15967961977893
-51.229705774165595
92.04417553085729
-310.05020936733905
111.62478255068596
66.23721510929563
-61.84473605124069
-226.1107197632969
-130.12796568974156
-15.25918827831184
179.78026241879527
-54.52526034386154
88.38475299923098
-524.305865813285
-103.62480327641786
120.808359181289
312.33346797120765
229.1592060604776
3.276392189120875
-53.44098492183665
-325.60121410290196
-174.2875767537743
9.310844782259082
-157.94119312753256
-20.36447606966526
264.00670757710594
-95.12400256491934
92.83027024674625
22.488833313592504
405.57328576668345
-148.66555117130002
145.86536583042198
-75.53835486879098
150.6457660589677
94.22975395428129
-45.12004359951248
-107.45876301534447
153.77904125751178
-196.83513820665397
84.04700730842617
16.004724226356974
-123.15141457122257
-72.93157135139694
334.64565901965517
270.8869554257994
-4.710862951623225
417.6656230991902
-71.98371182384692
-284.7299642734855
331.0838304758843
167.79343423026432
-89.3854716184452
-183.7614444763829
-194.0211498308976
128.76310748645784
-166.05479396667948
-100.96783817094078
149.0018102919535
241.48934434981945
-239.92537981567858
204.14181569702677
273.07239791869193
24.515128009792537
-41.695951167852094
236.62555343313102
106.06547483745094
92.17509508942133
27.594218283636657
-124.28684724577502
-61.19755283338313
161.41369130591474
129.11748430475745
-85.28776076143333
-235.2391973983686
-141.9342857394335
367.8990433958121
282.866551361844
142.6453896618255
-147.5758146225729
-235.21656915289105
-109.11624860142551
85.19003669184681
207.65116369959296
2.5096500267381794
-98.44569255127018
120.05699942667121
213.67661488616434
-39.30303806363221
-159.01521023442965
428.61762980019233
-94.46443175308384
-105.86959627268728
34.28604439925357
117.31880117307247
23.0861788547943
136.55577281544348
81.17179962866543
10.169697116328457
18.732997302895495
-13.042217899697834
316.75942061622493
-83.46720896160866
23.4212630345734
192.93155802143048
217.57397225360478
-94.20210600350646
295.6453207257169
-49.63705672810132
52.85245378670131
25.472137545913817
129.19291700363038
-140.50344690861667
-82.84909496706555
150.4755825228722
67.3828113122134
-12.05675877154923
201.53936619826433
-71.48888514908008
187.28469731287262
-142.496619662914
41.67114606764379
-15.026211800375936
-126.30141368923275
-226.09372847333427
-183.29777165506692
-161.86063420093316
-89.51468447544448
280.38949468586395
200.87428833039627
-100.77115511703128
131.37983385563962
186.94105113302487
340.2313295443068
31.992144957154142
-132.74786345615078
-343.93317426239406
111.15576994471931
-138.26188976594338
-155.85048169657327
-23.85243700205056
-92.70516880954283
60.51256021367322
30.18184778214303
-21.61706441445058
-164.57346374075212
-190.40039796127198
84.97093672951051
-83.7701727715829
189.41255796859812
226.6006794912981
276.9930657266133
-55.31477331689774
51.44534945258726
-104.98217222780455
-79.91850861729579
-155.8486056752774
-232.14279077856986
-108.59252484643997
-97.70978050426899
-73.56904253700851
-130.5504687023393
98.29179999363788
-41.44444044665184
230.0964676766036
135.2752659671952
-179.50018652301
-143.3558204640862
-1.9827234900478616
105.55156649492636
52.08962119951944
-8.190437089562462
-18.75824848563863
-188.04404323983292
18.25670712933834
-596.5590160102416
56.19237293961146
-68.65812564211916
82.29288651003151
82.710991182697
-0.842493593167208
129.6574936994406
313.2161385327091
9.457567540838728
367.0007996646746
180.3485858652878
-78.76506589384553
49.252971339386605
263.5550047260747
-250.38854521749548
-110.11026470786678
-8.388750474868953
-256.03857132110915
-10.738176678879137
-98.57580605297716
79.03606013173001
-61.88122108409959
0.9416418139112408
-154.64154143579987
-245.1123650659945
69.7032273484383
-255.68936071172095
-76.71155469966827
-55.17161922229061
270.1204418948302
-11.346015283291345
-59.37804189170299
151.82462099669317
201.45757261458127
-75.42498074486471
-216.5006684627449
-92.35694352768652
-128.6988911851979
-79.19423502317397
20.96127688797492
-49.90695179446493
-5.8249148541390126
54.50125316317378
79.97366888285738
-147.29236559109881
187.83198135912127
381.1421457163091
48.42091320860605
132.73361941065596
0.753026550688487
0.49217346958668795
254.61112779696398
-123.4333299858932
41.933163675258626
103.1503126541107
463.17655315028406
223.2957289380208
147.41027419620642
-17.71310286054746
-50.253711223479094
184.26624540692717
-42.035609853762864
1.9873889399486573
-221.8573901467349
48.926911850655564
-138.76554370089656
323.6986717942635
73.4508329170418
-177.68123793518683
-35.668021979113675
108.15142565640232
66.20087427734813
36.25240782736435
-32.322306121010605
-205.6706966548304
-307.0459108175182
-99.33059271491436
-113.0702051587183
-189.63336815925214
-151.44862043057032
-207.83046280125953
12.427061039086805
-56.743296355805946
176.1579146128384
100.66231053237664
-68.95883898795542
-18.936009585098986
104.7960518114062
279.6681368106633
262.2382441067116
310.0751835996886
192.88093361530568
82.54718599257582
-65.68637345973764
-16.538234534976123
52.71002058162994
121.2154678341365
139.95924431945807
238.16558408229818
169.85994097405435
139.35296252074022
-74.48471746904582
118.31105050883373
-0.7413835258174497
-71.59516416234749
-296.49357252158546
67.82868862038312
-19.87636074270714
122.83231329966134
-201.98956143218297
110.94782371266112
228.66792260355052
16.5847543772459
-110.40047045433613
97.10113946910826
260.2795873573006
-93.05645752906227
-64.54775996075185
167.19024390463147
2.1735516153747922
-218.03193030177135
-80.93270475059872
253.65182872344198
4.649494617231112
31.994968268525632
-218.64010714511838
13.294950886071561
108.70269796362113
-169.24050572053343
-7.699635601836654
-14.079124369617745
-263.20190837252585
0.4277414538262523
240.77869034452232
354.7740267380885
120.85820942235728
226.9401398658114
0.5288065045209569
71.30913163216702
23.45641274421807
72.90333767116358
-4.312998925644619
-36.858045104395956
-131.45383113794014
48.0350447271756
-59.47430779145721
-55.929464259874315
-6.726985344442914
5.646556182438683
-140.02129815439727
325.84911082168077
281.2846017448798
17.81908911677243
135.15194724680683
-160.54492722871584
-63.26474978797631
362.5829567883006
263.32144761072357
170.1833263891628
169.66736503755908
-458.05068384376887
241.20505984142605
-145.4051579082006
-399.22861376632125
202.48115083479777
-351.22958442423385
226.36696450325164
340.35604294288083
64.00372900217117
-124.36842406511181
104.19411748599542
-102.88850562532257
-25.737993284774188
277.51455070076486
51.18725090407081
65.9376950160898
33.68636261293489
13.940275856746304
33.33959092887573
77.84740179444292
204.98057092255047
-2.5730766749857503
-180.11110578180285
37.601751901762704
54.244008846707004
-27.77915929865848
-20.567403693562078
-10.14829767721792
-318.367401038732
280.949652733059
-190.21518852881152
-57.01514375530854
37.550169988509865
-2.872747338308057
83.64325439293937
-278.98812797641654
-88.30130178550414
-64.58227900550193
-60.489515242207375
171.96547568219393
-61.85451324468085
143.86309916377473
-89.2792624434227
117.62764441306086
23.524142701299724
-24.647011193998697
6.791504564339464
-46.35279965105152
222.81358893827002
34.81651928211519
-3.187549513339964
84.87886179589066
6.169167156802321
227.50918168908228
-10.058623003644646
111.35615456780765
-22.61188639155474
160.0934811063845
339.91858829236077
142.39319275175072
60.214229302407155
363.2953483988879
208.89668799125
-30.318833693749564
-17.819970365175685
-81.62970084312985
24.8844103322229
176.76584341684082
155.04671544088708
210.9622866672514
-30.288366593489517
-67.45741494102006
-203.53273016616225
-173.69656551604854
127.30722004697455
64.29022953956202
-33.338907978377634
17.508913765598635
-258.3742266339036
107.34847700568997
207.20657201114986
-76.77269994862823
242.50239245759087
-196.96923435462182
-183.16637475204718
-107.60070002059179
17.192297131763393
-20.36258177552757
-293.1496139871898
-69.27839613776194
-261.2449890699129
285.03044499819896
-104.42426992224223
-4.164051953112454
3.9385117722329257
41.32152176975038
40.854741864065154
-103.95364801427638
13.224731726131196
-183.66576981241215
-59.55693538917217
118.82217487848612
80.08583783404205
242.3648461058919
-47.06621664140266
-235.22476252934325
-4.47826278247754
-3.330038074409562
-3.804386683392756
65.61721406960015
-69.62152721715061
-152.61777924058393
79.54471018730169
85.30920463996918
349.53933503069146
29.62879237871354
187.22313505354097
17.065976413326922
17.037286587815757
-113.75073603830718
-449.0705286744173
-29.88803166529661
-125.09709928370395
-255.03134439008272
225.77427103419865
88.83296328070824
-106.70722607646358
128.0057960070453
-142.21995772455006
58.45897911306936
-316.84875964523104
-87.20232932230623
207.94281994171922
-181.516870754051
-236.2867156680802
32.72196523589897
-126.76933209869543
213.06021245308193
32.722256355346495
253.13002793729999
-419.9085961504643
-105.71947410965392
264.32582796181185
-450.76171583456687
337.9478298071183
81.04861406669144
-208.15097689552405
142.8188269131905
-9.297722458098809
-28.906643199949684
-352.21223326963303
50.74789185293849
-122.73523080125013
-22.242005962579075
-47.64459041132981
-55.782230116587044
-15.179057018016257
-10.986701780027259
-190.4195313400664
113.3247028167109
-148.51424423813467
83.85382856474975
76.53456161878782
51.29796652488547
144.91762990663617
158.30490262845865
170.34827034670877
100.29062467784364
-12.860373607709915
99.86213751476973
-139.31895218162427
67.478571832743
42.88399704469363
-179.5706757088135
-66.75506156551727
-211.58373028746405
-253.09975508819224
-57.319937124944495
215.07142394099873
-185.23183768802957
-135.45113892379254
-185.50750770918674
58.659247807231914
371.6147683176671
-87.79285412891682
193.80946125648137
-107.55297403958348
63.20542004367375
157.5931590024671
250.30729874277813
-421.0059792754265
-18.835905301309758
64.19505424178132
-11.407233317920337
83.23246006315286
96.64826218184591
-130.87347563201573
109.15005154590654
179.25869406327368
128.19105757202578
133.2419204213412
-157.39896177611902
-158.05999244641805
-217.3876339404677
8.831227214428418
-47.97149877354616
155.51643506062115
-156.18099952829922
-124.37417383954023
88.47843501560345
-82.77187560897747
65.17522389359195
-134.19754391751084
111.37987892963328
-217.14370199074628
-56.30927942643259
105.75436181305689
-268.89905722124774
-180.14824655803488
-444.2842270809467
-72.34403553067852
126.23327564231296
-76.33231419708201
117.55258996587368
-158.3266550030639
-279.95110948043407
-243.31088333149626
-156.31451684255785
-219.20442229631854
-180.35918371482566
-128.37082309352675
-84.45080926617392
-94.82829351076653
44.73874492711983
-245.15928098104422
67.09555795989289
-161.21724965690697
-23.11176184449855
148.12436157565648
-28.279525923426135
5.024705184145006
-45.39544956291595
121.1495305379912
-63.70286656215007
59.47371588556816
-50.86267250586471
-201.89781873945208
13.812974428252058
-49.804636859284216
-257.9483548130372
-138.36290101029638
-30.747664935276013
36.92296789581674
-22.99394684738516
150.36985707460198
92.57136497970568
-137.74276580341143
44.40216693657689
-200.32469684150507
-325.2325958946956
-287.18899403258905
-58.97825041093443
-391.38157521398136
-227.60645284304897
-55.65881269527863
89.57052929261948
283.80397578146955
-344.2143028335558
452.54596610509014
54.00533109376724
-12.900294172393474
-157.18725089191284
-36.35686185472649
172.79069679131624
-101.27421716744215
-382.93982953746206
-236.74524540958268
-434.02903464593885
-387.540829105935
-33.373461133344165
-247.5310891963292
141.81687734865272
80.98267434386278
96.55151508502928
102.85016515765997
-268.9753616108137
0.6250955250238346
126.1838904562636
207.53319204964316
107.43616789352399
-118.07475466873231
-101.71898399627683
-7.662541469890393
-218.22156953122206
82.19837046324864
-56.07543701420007
-19.87659208008217
-38.30953162934701
-139.47505145046227
-14.387077466090467
-0.33019701294052517
6.120363672968795
-388.2463792197309
-52.5797710133488
110.7660863060048
367.64745390327516
111.14891513218063
155.8467707911809
80.24883939951111
12.991532583815864
274.49990492727534
192.9049873215147
18.359987199791455
310.3585722239885
-58.26203946643468
263.6727372250465
-192.7747438093326
36.35739775381751
-152.21203639141763
-45.86541963568105
168.81206008494252
-142.0961861841098
-97.75481566486054
-114.57637996588686
-284.8291301716293
159.67209667719595
3.348844319024753
56.924541987407466
-120.03834380294516
48.02298333726357
-15.395342663216875
-249.6574573158477
-60.72857177178603
51.685753823170415
52.76930575498842
253.99632026348885
4.70166980976976
131.486348264224
363.43227809439986
-104.15434945275246
-193.74518826323236
92.74099955428784
-357.59853050453484
-165.94459309925716
-73.15625730259659
153.28289827734017
123.99174570998275
-151.49633689892315
12.014068189124393
81.31052724500947
-195.29211215174783
208.8467590953683
51.556088223243435
140.90306233953928
100.0762317080192
228.22629017951766
-168.03925097433674
-155.3718051372602
