56.19881154719327
93.14327752366022
-120.75792695703856
56.884315971749814
6.035521347206284
246.20513689868238
2.7470776130983885
59.623867475454325
-110.42275389969505
-212.25443951093524
239.2414229108559
-61.55845519593796
64.13957870860007
-518.6710844695949
115.19871624371793
187.48230179386954
-34.592582795553234
88.45300517385213
72.71016114419282
197.91208901127408
-44.67149539669294
137.88686808435185
67.34139825660294
89.91233593786876
-83.5037574414977
5.107721072322465
-189.79817585236822
208.27323681949414
-42.239616989596755
141.28915840641704
-43.34240367964669
-154.75351167106547
89.23373838326128
191.65040929284686
197.57737321983177
-78.04896432073964
-1.7716815457399089
33.357663947325655
351.87416396432815
-8.310493152635324
-67.58437617630105
-125.1028690815165
-13.839052767439869
-284.45982244227383
-9.313363399303192
-151.73524265720567
211.04229139111519
237.59752522387114
69.30329700323313
96.88596510381625
126.15353150190032
-124.86706252377604
-115.47549489116541
-82.88474493916809
-29.349185653960614
-61.488040497740066
-129.49333148155017
-268.3930425913465
-60.17775886774341
-25.312759013564573
-364.6547000489293
87.6697405364001
157.1199819173291
-63.94551341604102
43.692212480310644
-296.1530729589006
-119.13334018961608
132.40958255281498
-18.91944857149838
-79.59388435465398
-58.57747830023407
19.865026354164716
-253.13092939461248
-183.91195033357593
-209.0491016810508
-282.8939420929234
-36.616553115427834
396.3026950377147
-55.26071129215463
397.8803235073549
44.05307641922749
-38.45957234017663
-56.73949527639239
-145.3399871723243
135.686321469035
-178.4695131590991
83.4851353732994
138.08516825576604
-121.26010979600707
-83.31059920443512
76.40969080445909
-0.9449390318627837
-27.465544031362278
145.4134188557459
64.16792434569756
-72.46659736285564
20.977888315762083
217.58616846611773
-110.50562648074568
-61.539467922678895
-88.18161337303972
-65.82368310305169
155.51017353470004
-283.4613030592404
47.15934275133714
197.9869751910364
270.268859428458
-62.32805953829201
276.75252004550583
32.214995375296375
-203.91731126896303
-327.36000068555154
-73.72979681406314
-75.51606452298753
512.7207353135253
6.77156670882851
-11.612795343351785
107.59927354301495
0.7155109927613372
127.43428918808523
-49.036658834740734
-195.20841520903525
105.1655289494602
202.89202892752448
197.39416016156454
-120.29243565268011
167.0013103252963
241.6797841982193
-7.8267426189823475
182.273303783458
200.4997346133621
-58.33568715394831
67.79310257404109
-173.0907291743652
192.0671147361731
-280.14512470501097
-72.34158443779233
139.4276546839569
20.471347532101234
365.51088030753505
335.38066885771457
-221.8831876981967
314.4581643442044
-33.744230838244924
162.50328689748517
-270.70424041924423
-152.8598848561044
160.51274233147936
-41.08690961544277
174.6526386217961
-251.1485825354838
80.11960002360134
-198.74253778172124
31.520643290081853
-162.23496214049695
262.5682376905531
-114.39104807443478
17.563174292334676
-13.456443034606247
-315.00122204226193
-177.3549352273981
138.06384758490378
33.919476781499256
58.67088792522379
-93.6362266016304
-154.6713410716882
105.45344830730133
-214.2768061227464
99.62900027546738
363.61775885885476
190.51575623546418
-297.91849309988464
128.93873009990838
-123.13615749152233
-103.10520787663194
95.4416262249363
-43.24376409403385
-99.81595755871977
133.09567764237448
91.31788940991197
42.772230767531006
-42.81855320343337
107.37554098233934
-112.61680636479112
-68.97960914641288
-34.93597450549853
-50.593144368208264
-227.37817110782692
-91.51250780851137
-141.5521469004862
68.88854201642029
94.33234510938189
138.8848671183127
-11.39115485589988
-134.75423980577727
117.90275204049185
-52.08446697987436
-152.97107485792628
16.77575601175277
-67.92325265526101
-229.49447486627764
131.91330613960474
263.69970965572674
-37.89571543577023
302.4820296479161
-151.55147837324054
-33.16680923707102
192.2213813887065
-14.735193798000449
16.961851814730473
68.97691906306316
139.369030987761
-142.85633578892842
-174.6391684265716
-24.589492805706495
158.26992841388542
151.68692903917338
53.31902233816418
-123.83906147317408
-72.7166532950254
-120.42149402789136
112.48115829735029
-156.91683894228785
106.93052372957447
391.35244931659946
53.39424356539596
-1.259456660201547
-13.57122503485215
202.45537411311216
421.17106550236707
325.8730642962398
74.58059093360228
83.56523740886985
33.84195873106176
523.8510226735212
-104.15517914266533
3.8180008383141057
66.1800636742647
47.11570009140315
-179.23574563198818
-191.1196012514195
-28.983917409654858
120.85501537474524
-141.88239434288093
15.916340875804396
-143.21210404729953
8.348709328469337
220.17592212364886
-59.61356405228224
118.87259894378003
44.05944967291536
374.45631377719496
-48.723351450146474
117.69558636418323
-79.35900625999675
-187.31784926755412
184.74730770297927
47.08055091292587
14.931360944519916
-335.33827437442073
-127.80745544878621
-4.288728294691072
-191.06750665460626
231.606334977407
95.81634867897003
111.70744117803228
203.9609843384085
262.1239150734624
-84.2892651753231
-140.36244642984718
-279.1041623937715
-220.89010198933227
-187.97806631136865
-52.7296043779041
-160.22662159470391
35.24383790409322
-35.21231849761521
-179.17887467449788
-201.53910509428937
89.60500656401717
-86.2864404155499
-179.0247439611386
-141.42112261090986
244.84023212895985
207.7362106667799
4.472480674976577
105.1076376267751
-125.566947949502
-321.96773349890873
10.28921609254805
13.528008016619031
-30.760139912165332
-123.8034307092275
-228.63736078138075
-93.20315340923254
-36.80309495546081
-144.12792254316545
-342.41105919137686
135.3465503617697
-97.1384929892912
-53.05923918967381
-100.11005878333354
106.26436050490008
-69.9165419515069
156.08460785933315
70.33146985770054
-388.8775959080921
-375.95485662815986
-367.5624237028913
-162.48720858161772
-77.60989004285852
-109.58572407748471
46.652998953994484
-324.1547819441661
171.16229489058574
-111.80293461281929
-486.9040190530637
190.26396911075207
14.5781919408794
69.16899465388035
-201.5123157642873
60.478693315328364
-289.67866643986895
-150.92533091510128
-129.0836857662129
-72.54620721450684
-280.7258234104042
-84.31032010625023
353.56677536358075
71.10064146382929
282.56328000352073
-108.17040405815563
106.95146436912634
82.29615458284434
115.01453224330479
-179.7905753792314
26.587607598631777
-31.59076769664508
-276.4010778496948
21.45883088025427
114.57190285526998
-275.5462723738758
-85.61727713708534
-137.02248177771384
365.30526764938327
154.36265520550015
-16.337622628311127
-188.27848362494947
38.625635624235805
17.92944952587136
87.97401717689816
100.1936065212557
33.87013007678174
75.1015915746929
188.96933464851318
-180.94758514022607
-198.358636263011
-32.23571253788917
-0.9742413273992523
189.89058537749878
74.71943567377393
79.54987146346066
-143.7283956515375
-98.1507367987137
149.0599734628101
87.09134781260563
5.414101804021188
-76.36172855580196
-96.52781006864682
-84.60877494424828
-155.0176182978937
-60.06693256848205
89.66379302880598
-118.29059282092003
152.81770887707216
-69.63064831827693
29.646373475250442
-162.51633806020286
-160.53577638677902
129.79395456574898
-186.61775839366288
113.00979095758193
-62.95998764569512
41.13138056100548
-27.07709693927514
-37.41176873205905
322.8095182807844
243.1980576803802
-5.259251593396942
200.42192265116026
-57.3274639831125
191.77614394951453
-41.07023433216081
-171.92798845317205
-215.04384866601993
-82.88291828581436
217.965365304993
57.30694670051903
-6.097748368022078
-170.03067065809884
473.19020201807456
-136.73321219141752
182.50217253952636
-7.330651101287806
-33.638825297634874
-70.31228082795658
111.07597487313629
-209.63242601557687
292.48734456462296
169.28090614046536
-45.8405801322574
110.68919084096383
-163.74059023416612
-66.4928465661289
-153.97347514521135
104.01214715287894
-187.78417980997605
33.142725535026024
53.94985884738712
108.56544290412693
103.77712614124572
-117.18925033693424
167.60957955586224
161.62909539937198
116.46730442308575
83.87062944460061
-67.83933732384962
195.90861572277268
110.73326467773076
71.74311520474751
69.9705439003057
-46.113654042634565
464.46021435624186
82.16081197525853
-190.0551929196426
-51.986308807605766
75.63247258025952
-346.77745397390476
93.75294419586528
238.2445431848329
-170.15449913253056
-65.12237517745265
-54.778875317927955
-68.62923955488431
-177.02469003569942
-161.67764657166848
121.55183297607346
-92.07761328020514
-243.70080198917228
-214.4897480376499
194.20022018974882
-70.3206530346303
-151.85707476274158
33.71090264727647
-96.45821128207328
43.507575789072646
21.216107715477857
-55.77054733005025
39.089297048746175
177.6356459588659
-44.568526602875465
-270.06272580571493
-258.5484218011024
-50.37244255066923
-159.2407726301597
-186.1796305842388
-109.44505584203749
8.592362197334388
-364.9034531006948
146.23049333763086
-18.027427404994686
191.2623016592382
200.20453258476294
136.19087448693398
240.63985133274326
-54.17556262689865
187.65368500215666
-53.044611847110374
-42.617654504558516
139.45063646166946
153.52758048190123
-107.27220474592146
212.43519231327252
316.05820406221653
9.348674746163514
-92.58432956021467
-97.16015272563116
-119.47403008771268
-51.35718046690503
-49.017378710671444
26.00132041199531
50.84065601562807
-0.07427353755320532
39.56884658918511
-45.65755234884019
-277.8509976157347
24.010022744987502
26.256683049015585
-361.46860089183633
242.08432073436265
326.72056412384023
203.18331110392091
95.45024521494372
112.37384744791339
243.64262522257877
261.9813007242926
66.21456466068929
10.111776235950762
-212.33341908689485
262.1261254758648
53.65708435236696
-58.51831595603784
-309.09837447933097
-343.1362285125093
125.57818897298179
143.0908537764649
-187.4438553521054
52.162076192350746
-82.04244701518165
63.28405846588273
-168.11546955510303
-304.9167599630129
-88.71890268142589
58.250258074788036
429.39600064213454
68.7821010729421
4.013308661355606
-62.73873939490565
120.04038564065668
-128.59802761244396
135.2222119122719
-61.286308232571315
-68.5298525600175
-45.21885094797414
-108.56795981422256
-110.21684337362437
116.81023825417012
23.620474658550012
-45.64619247077814
60.98626770281393
-65.57210414987397
-145.58388857225955
167.9666915160146
198.7892255554256
-25.259187449118055
-15.725161843471511
48.95514891369364
-330.8756271325679
101.62283086423126
99.60255343001762
75.8314206574417
23.478675197173235
0.49724610375149103
185.2899419942026
124.49544819420944
-57.812326527914166
-35.612714820686904
129.93762570651344
89.08294069615813
-38.79307091359698
94.92679867828514
-79.6595996109471
231.9865336423131
-84.41128796814588
-212.56993976165205
-408.3610492735894
-117.8936927453844
-381.6868793634482
239.32226567824884
81.72192638943497
-88.92259328671614
117.12393554219571
-309.3915246659868
168.89792762212818
7.655041029713189
-24.508677722599074
125.46033285056978
-329.93417600008434
24.841459658583393
-118.97828219310826
-6.358616192310909
-194.3906295047657
-101.12995485770705
-154.72466585410493
54.448441841917685
-10.630270453211597
1.6986732818156902
14.543515969934704
113.19608498268096
-104.80666878359922
58.44111944470615
-133.27140012536088
-1.6172015722022792
86.48965690464034
-135.39290764783783
298.69214185704186
-78.66067996777777
-46.176496423195786
-115.49471622172642
-131.75911083594974
-17.48535587115933
-42.378031727391004
-295.24434983268395
62.71840519854026
-298.34900358533486
-17.58933855294017
-111.40257092100332
-74.61733424234737
257.01027007138134
206.17593922582242
179.61604834639948
226.93895422265555
26.680769777967235
34.06511433526939
-0.6959106743365653
219.5370282804153
-233.43520922154664
100.0964822153705
67.33765906841579
52.799484212328935
77.13251323464547
77.94900659249349
29.591391038756637
-47.04498031209181
-126.96744402828382
-146.10329899698192
-214.65675489272823
282.13679783954996
-244.93133813571046
-35.852902607594636
26.090211695810236
154.13153616292792
141.26183217137557
-42.11196624691981
-238.54939663223405
-62.57110505962965
155.9025052649819
-38.71235970538363
-162.80396837854352
99.12677769607814
49.36068240931227
-177.97222038521193
-89.13312322657643
-64.51778404608233
-108.7653279673821
-173.10502213317017
-70.42514015812968
-1.1229991843983655
-129.20406848815514
50.382998671468755
-219.2382651813352
45.266761959320476
57.53105264050605
-73.1332916253396
182.0508962726235
395.0968083760789
-19.93566810109354
-125.29508592102555
-106.49136386159452
-64.92474831107394
29.471351009107302
-39.88916944188031
110.2682946073243
-4.458320281085135
-297.7082573025602
47.94048303167745
-203.86989720029578
236.30478803970954
108.56198014971288
241.8916358483919
-381.9026200166383
26.875953312109676
205.4182652867161
120.1610176222472
-221.55501681223362
-17.329291796320266
394.9882715102799
-78.32127348579124
228.1832602304175
-4.745299470614325
-142.02650662143105
14.906463046950353
84.91288937821356
103.72506600987413
-77.80512113033198
363.17395758076134
92.99371795292659
-142.7904444088814
-19.563688223133806
-67.23119513148846
366.2124583055519
57.798686149610376
80.03472343747511
117.5455792645758
-47.31995896476127
132.45818810477397
436.85351405257825
55.74679962609481
21.85538682089126
28.388379102778625
-280.5203794498583
58.88213509867344
-205.90802020837876
163.65914012742803
-104.63712318488275
74.02441245969939
-284.80513099111096
456.77571506443076
-45.760456635097334
148.48514700443005
18.957183592254143
-132.36079000571803
-122.97028649923944
79.30368726775619
-70.50586131056386
78.07711046533166
112.29952114001621
-265.28265761252146
-113.41761866525492
-17.90953060487094
-176.26353834253598
-20.070455615133632
-129.40589948096695
-278.372805338691
-122.62014180509259
-184.69794630810193
101.22762882556158
35.527027146296746
244.7675353985496
-14.927669284495606
313.62629786047086
-107.01535555798961
-131.39913756813579
4.34752688066116
-21.375642868739344
60.329143875493905
0.18314936118101088
9.230463261857288
-10.966245382324201
12.295991364651366
190.200172565994
162.57860937949926
253.47748424845597
107.5299002681659
110.57599178490099
186.950602067533
-43.200484881486375
301.3757839979138
62.9260634112948
-247.81659515514147
575.1592250114538
24.767953256611076
-240.35085949179103
-1.8456298909121238
18.903287632807725
34.98207011335384
257.5754861341182
-34.92531118341891
-13.954972379763987
-133.53405979983683
24.05074627387095
-397.58864344314367
43.58652193055811
157.91733740346532
23.77313856113461
-62.11757601650119
-138.76529419724224
-482.63313002432864
-111.86746535194354
-143.17334265088647
-65.51356689500822
-192.66057665220305
-294.2279837931771
-147.66610550864164
-63.91337479423793
105.95333977508943
-2.9234315181673334
23.180040517085196
325.7091954506149
-18.673375380151132
101.72753169149436
174.71824618235868
-113.99071124804675
60.65312874822563
263.6243990876818
88.8113205882766
147.08119574064133
21.296469734129378
-254.29731954103514
36.78827809160564
210.2239858246675
-135.71330217614675
-74.60044901343272
21.16416474061602
141.53685729628504
59.967615331764314
-46.2376599248539
154.5714385111439
36.80551928167312
388.5104043289244
281.35844248400866
30.323989878130483
83.95904802227511
-331.17498917975513
-2.8206719227914334
-4.251328242070433
-219.88313391978315
-197.38223951012046
127.09945947062737
-27.15187712877394
-108.13400103558972
-62.26668914132587
-20.735782217631016
36.41472351035466
156.41189919521366
51.4434022944438
-177.42101250634497
-28.128023357757613
160.19954125237487
-82.44018903757545
375.9663636946733
-49.97455527739123
-153.55882204752385
-339.95165319166716
152.59406275323718
-61.02620227920204
283.6704603740219
-207.57383727384365
245.26776710082493
-251.56732508722706
63.329280010985364
-19.83465030909614
-19.76472755908179
-50.44874628295215
-82.04534488010817
-30.654624058326487
63.864149731606
275.4976741105758
-277.86622126123876
243.52657919718766
-40.80426426330582
109.75863368503636
107.96844404016204
-4.927569521897375
-111.18012617010427
47.25895328188395
-37.405123492660046
33.15637160518278
-123.82993455161848
-356.4143031124708
-61.20018594616237
-177.6449021937913
117.57782881430731
22.008982969686173
91.41156428674196
148.25553145540627
114.70749757206356
-183.0329308855519
59.30388106479
-191.9609525659967
230.6651486469619
91.68649950535438
135.0756017390244
-46.99871691908653
-168.83083687805728
-199.08576735697758
125.11618847631061
83.00056331154892
101.48800724776541
-9.153749082465772
248.13928896686957
-99.15729803401649
107.45692092265686
233.02409174521446
222.52389171344973
99.0144502848703
27.93488526442711
220.61599895131246
-206.92967484333047
100.97136278684879
2.6880736888328887
103.65284575348849
253.85492294897435
-23.66513441114172
3.435659776092611
-181.41730450035422
-24.184235538381134
-6.34159869081417
157.83073252773022
-46.68290527946851
-104.08529900618451
124.37304876397496
301.0015185348656
-412.86458466504286
-198.12793430789566
59.34440939669428
-140.9048679236912
-66.03628419780351
-281.6270775125651
-267.75509446674664
-10.032670769173203
248.7327445642013
287.09391977817086
207.06633377003982
153.3036347255669
-53.55370914003609
70.75172810030776
-69.90915814854272
86.35830136950253
226.3858921070002
-50.55466486808373
121.40321748259325
32.764038227575334
-12.7064070854382
213.00057849583297
147.97277964283785
161.72206445955314
-165.40553156616747
-15.543947355843594
-51.70417865392604
-118.91236033589522
39.050253257498
-156.14693938856084
-562.8653368960541
320.90664851778064
-174.35117293321775
-119.76956748921184
-158.18476398934138
168.1194959079868
113.51636786646739
-178.40740163671217
-103.93179899935095
-363.0809630026465
200.76883111016144
298.4134452248709
-123.23162804787418
206.43992876011023
4.794780672592084
361.4310979762548
-172.1128942397576
-18.709777462480304
-321.51447362404144
-134.25036810030912
-19.0653561767502
205.23340081052945
63.13099794589594
-286.61922764725733
260.05170960093915
-180.53809708914778
25.882071088175614
125.29307872925325
126.86276849595303
-240.83532681974734
227.011727877372
213.21267554962196
-128.83919467058985
-134.65161541654612
-337.2897651934143
9.058371641038434
-47.38504478435374
61.47592022386828
238.5810976938012
143.7070415920819
75.28854952050526
68.0942230474134
307.95307664983955
433.176874912889
-257.79386221996907
-177.89534827659725
-46.31296425696814
-34.85986264731851
301.4171197492747
-386.82406850345853
137.5869140751803
-58.44019117569594
-180.80828580380117
169.52167159112008
33.363322261751144
46.43122599208254
257.6362012147888
86.46681421719033
23.868745492337894
192.00065133061312
-180.46187953588594
28.96416833406372
136.24507328029355
-146.35547698884346
-100.65047152978657
-250.4957887870594
-104.97772576755649
-250.46610648449158
-212.0548468251784
-20.700252294977066
-110.86763616424827
73.55098666639579
36.32623871816365
116.95669072912268
10.440679681138496
384.6280755494376
-27.180486271747828
