126.97720258290073
48.9216823565821
-39.68447378464515
-139.32524371459095
-215.21654547167185
17.854102826345507
187.19841629996796
135.7950828299225
15.503245217699627
154.70564399552288
-6.05084196279215
126.77171208467013
89.42002833819421
47.52997758699376
-280.5423383760957
158.39810713182865
-106.61803718894839
-229.80760100848934
120.87592303305894
334.5222381518341
128.49038642529018
-11.778775955908184
163.3815428689755
-32.27805099010137
-117.8376263921062
38.00934519608521
-93.83388608233638
258.10633674296565
-159.77819146188904
35.693780744002645
-327.0271852747829
-275.69781578921226
0.5810067658201366
215.10872721041943
-204.0526704099901
-240.92615973396678
68.81103634417607
-217.60083531519624
225.1319945900482
-111.29611580146923
334.2841342084423
289.7071780788643
-135.43840583035922
231.572800544224
-214.70612391804764
-215.06904797253796
-140.18561961344508
-166.1813471209987
-32.25816695557668
-363.7440912124558
125.40785110163333
101.74721089716698
265.3078115060386
-74.02369704091889
-185.09019979819607
8.653126881441086
132.50941882612577
-385.0495565949989
166.38866517371923
143.37012759714068
-62.510264627436214
-106.27425575689756
-239.4295914840996
-47.385394482349845
145.12120485790558
313.9221919373329
257.2337945943837
-40.99759680932701
142.0990909033353
305.51410675809797
-103.6249796822842
148.7042454630524
-5.013586146267455
-69.0790892447642
-46.32731930753075
111.68767840096086
-44.58551665367053
57.55827452582361
533.6639255369104
312.35753945708694
11.84513133189343
-83.66071894471256
262.90690439202
105.56131773588216
64.95273635564563
-14.12449699545668
-124.38121334460348
34.45818405439086
20.78282087586917
36.86559837710983
-132.4978300275848
-246.58162719833066
-62.418696537306865
284.42078406560876
-52.98214200427843
-29.893020428472678
-14.363239295640357
174.79910619328584
36.23235250129174
141.50600292907382
-10.736815273216994
362.10198707753955
-64.71098773898862
-30.863915379898604
5.105238067992524
282.48754423980563
236.37697403308454
326.51637694112856
46.56521668039718
-49.430722772824595
135.56283893740965
51.05515308722897
-159.68282029296844
-33.35541218750341
146.35063987206962
138.70847740217818
43.02301046804292
195.41501164853
-47.219644804035994
119.51652367466157
-100.36220105407017
122.84997534000998
12.871176906651163
149.9954160779652
132.60737810258334
-83.51194908166326
0.6610676709515108
147.26753955453998
-127.4717123159922
48.34632568363768
75.60101468544975
30.0021722248782
22.899192697346884
-42.49986105109866
-123.82026897165652
108.90344979741214
-76.10418110688724
-79.99916552179229
127.80315913563233
33.85318611980781
21.18243560663253
-1.4273936105560803
64.63961518417177
51.486193358802936
-70.3015052841701
82.08063711920519
-2.996878601489101
291.3134211273055
-129.86276511158192
-49.61012939392839
11.796011624897172
-139.42104224608394
93.54703082594747
-44.074429698614985
342.408627045065
42.29543793430188
76.87711975989895
235.46898559160738
310.3402579039907
-71.20354076727988
84.969236948359
-115.75618887200824
-45.989674793137596
-114.59492080288382
216.74953202313355
147.60684539682723
204.3771739630511
-102.77116114491602
92.18734430859038
-187.80413966585394
121.6867220704
0.23086952055080623
91.83648172876366
-159.20282859964018
68.08671039848586
-126.42639390192504
194.49981174469883
10.4792900260991
-163.59749517824474
-18.559111873875267
150.27916527356948
39.61666249007371
-166.6791115765851
-59.12607650569177
15.647528117251415
116.1655712244959
-235.0451670574208
-6.980548123636818
80.55682344487427
66.89866244315617
197.9170364875733
-78.88671968403519
-218.13887893710353
88.49484544335883
-59.5461540880264
-251.42207326139214
-5.261209630263093
-209.7353447872563
348.02478156639376
-88.96528603256073
43.324462056423684
-64.97307013348622
-266.9274952321171
-60.23602074556084
50.205467598145646
-241.74684957232736
268.1378308810907
-9.593329744896478
27.732064680104028
139.85723591983756
-120.27547748551967
34.97247101189642
161.3382495248319
15.423171242286257
334.9136367211748
-105.87075350441846
58.12829195424967
-92.03323484830263
133.34361113293596
-216.29499532097734
-40.51350556366754
162.93179370950452
-80.80879625013833
6.025980603177418
131.05276078560829
-48.96785699037897
-77.01976899338308
-102.02624457645233
5.6485153275600055
166.81744628678035
-42.509984331782604
-152.59081357276446
107.19461755756777
-303.02149226289043
248.16855017082221
23.06159953564574
-208.49645065540946
-43.00628113041105
-139.2047365975076
-15.54539459478278
-72.63920167069932
-107.77163494332646
34.929705416234995
15.116472863902782
28.726488160429437
234.9178633985964
117.86790691092585
-43.369357298064536
232.72597265596613
43.442755120188046
64.49226818892572
50.94413944938684
-144.8487351285494
211.43666295263648
-7.7216319849254536
72.40636069268206
113.83016724439885
1.8650252113238248
-33.168728801392064
-50.8843597361989
45.172142350610976
25.99256942930231
65.68047601563062
-91.32546632611556
106.80613895017568
-34.49501885582923
56.30954454642905
-66.63259679946185
-54.38169607848806
-110.28907087647991
93.09209557108102
199.38578917791767
-179.48677884623896
-76.20033553661024
39.112269448608515
165.1754058996357
38.14650694426047
-2.7231109373472577
-48.60722243201225
71.37793973843411
84.83869007465758
208.4079929265864
235.69103125331355
-92.50979465786764
-250.53130119015134
120.04647189345614
-111.50815519639198
78.35013386370072
120.85758851304777
99.6479954565167
-122.69466004232947
-130.4138910056178
8.461867604879314
-154.70627264937536
-188.34141872548378
12.610545041658956
199.89619495906044
136.02615788017283
169.11486200605793
2.3397296159186762
142.41792937959536
-15.656758897400207
54.04525455454799
-64.41025172499126
233.84461295063647
117.98682641485817
43.27682621134459
-13.794857491818856
-135.19704243388327
147.09892393456792
-248.0487880428649
288.0742329044954
-83.03131769416018
61.843058939231064
14.457363667565083
-55.65427080182793
-300.71713414640925
5.257387818746964
266.13527073301174
184.07144385799762
-53.668445991712886
-59.818066075642385
-91.68646745362494
-3.9770770499862653
-3.721184208103473
272.72926472110515
76.63776960598643
124.91799407464377
-133.44976488126144
242.09173800739188
-116.39739159858225
-164.27706649065587
32.20025805747457
24.962747041985637
-149.67505066957975
-72.42185952316883
-160.3169902306543
-122.96880199211638
141.5440955803229
-439.68521198830547
-32.453968010356675
93.44736894692826
-7.251610724988984
237.81305581241887
-172.08776470170199
141.1879634205306
-84.89545867434902
-39.97428936284296
-315.26555186854546
16.641209775911243
-161.4641598239697
165.5983225340425
260.37840167302437
194.7510845941203
184.29595100739664
93.81162473163798
148.9837152340641
131.27866890907353
286.9935566415264
324.61732953105115
-128.83063306331482
162.06846482602873
-121.73139494463766
189.59992458015483
-51.92824109413731
-38.80667046468008
181.06299963866033
-182.0161209214224
57.348155200636555
-125.3788719042355
-84.03274587740835
-295.8587351336586
-174.4301364652366
146.02071626238347
139.63917003636118
-45.56407936121465
-47.60855627176951
-253.01453718514864
-104.41483529610919
-5.312800280837039
-29.15561418966062
51.555442647181074
-53.52439321653181
42.045287179184996
230.0560794606793
-85.75511037319316
-13.378548024805353
64.49374536388544
75.51479586305196
-94.37128186711205
-0.4999800906547964
145.68365559109915
192.07131534381858
108.11764700861501
209.4113881617853
-69.16448365154254
-12.027118661118056
-36.021997956959865
-167.48609665654902
-256.1974197792345
-115.63816927423349
197.08379348157277
169.325931908715
-160.27279762131408
-35.25967942491863
28.990312522706876
56.618269234840774
233.54823520902343
-256.6550078496862
-44.21081500462965
-85.09819813781934
-19.854094446235926
-114.98894616579959
-252.2346983234689
12.716003092609062
-61.5511962336224
38.0897674175867
46.86747890090964
-17.546264499151878
-84.88502192814394
-125.69977770538235
-33.08097592169172
31.637583195010194
72.41060819524004
11.04714264108327
-240.34396841094517
-191.05675597927288
-160.18355340283765
-22.406876169081492
22.94981208006881
-273.96497945160195
120.95025718924057
-250.0740366323192
345.60519979946963
-175.74633027548109
-58.48102956921606
284.97922395458176
27.18967881603844
167.91525804448725
31.775879353681333
-153.51206417921694
-101.76735354352132
-206.99321577353243
-33.026680974890425
-24.74493520416713
159.59108618989274
392.89874355869443
204.56646408262557
287.95286621543
15.500626226103579
167.06438801905023
58.07453486258042
-34.56306808613471
196.9587082466365
-256.3068554034658
-269.30943786684776
287.8822367244933
22.893302613982236
4.185612942260322
-179.93912162671558
-23.07239650919935
174.32514613074602
-94.17555002425154
23.39578983373054
-160.0553711192764
5.128753219888818
84.50452754917224
72.15435349191276
-266.79609655373145
-125.81868148189493
7.33166130376866
185.44454149595956
28.16007903762634
57.257084046661625
83.2853321862699
336.06935452477876
68.23915671240873
19.509478844574467
-338.3592564542562
4.969226315310014
7.097284028906561
51.32148093274036
-277.72528178284534
-133.2284125451329
-96.55525586059527
-505.7766082349379
93.41174866020083
5.973914045033547
-103.95517132171277
186.90603431908758
137.37842820250503
380.0900569982123
0.7874759147002364
76.40602808644606
91.34369220271381
386.28109122335445
-20.502222314038917
59.829786092998184
68.2501015793148
301.70005530487805
156.92694896898223
203.11844316873206
-227.99530811250122
122.67525084469717
165.035351006735
213.99635516353743
265.5628998987918
195.61718476706966
-124.79212010441812
256.3692084986309
-37.38938092190335
-224.08171173671298
-25.692752219589398
63.05764600807737
289.02730861917513
239.5467027239907
-29.413411683252686
164.43908770570968
-174.632989820986
-197.42722184782372
-6.942476632724758
-36.77315972089715
221.1884420932107
-22.84483829839339
48.190503343207595
-118.80549781636321
-73.18476333852243
88.43723041750336
15.90068523304264
-195.0236669083225
15.598222084472003
16.36284199526533
156.45699146848474
212.8789800423645
-188.96758239510507
-1.9923729586734304
-77.20692339788764
-40.47935618062349
72.79934312986579
90.28877444944766
96.69425285925722
256.02576081905073
48.40882316656521
-107.09054603537936
20.041829190998875
-181.1021557730235
-211.87554600076658
43.492683273328026
212.66512790530942
-106.84980368519469
-92.33162216137856
-3.632550360195587
134.80967645668295
-110.76120153702688
91.73748906997044
55.37399259453253
-98.79167421173234
198.1358701979253
8.864981290982056
104.8645188358996
315.3416109833957
57.804901644048506
193.73867006036528
-30.314185912106367
-186.73000306846407
373.75980034822925
-89.15588479983528
172.62000083063725
-146.68362120525492
127.05722749277409
91.76709577776205
-294.9998139398621
62.56458475443079
101.22646453924428
118.85973102258497
56.04052169895306
73.29988532975969
182.36822334226255
188.37436074988963
112.32637013479074
6.566997515413814
155.08131679574782
-56.116600744235676
120.66574772936038
71.50830146542258
154.994861764355
230.63081122024758
-11.91330784685981
-100.86947744803193
-212.49151350351704
-118.52471341930256
121.36058550640251
33.79950768170165
-216.1070724837735
94.66335011605892
-95.62035939659276
318.55906833037676
162.41416582786454
-128.2955123055096
149.28816829703874
-29.63891884800826
-24.797363681351246
-2.5596682719253874
9.973701314108133
-3.6559514277022713
-120.70819995944719
-151.15265298401698
-43.20347953150388
-230.68871153818972
80.64262294662007
103.0168784578407
109.02842484855145
-181.89001839168677
11.553060405470163
187.66594307261056
226.3459948319717
261.3729339120705
13.172445136349266
-48.635191447078974
-117.61834366333687
-8.38639272743225
75.17684324373454
103.5804731762352
-121.09642215030658
-188.95102289119072
157.04251652130378
128.93779583163175
97.54570228782292
-60.90643246318683
173.02388099362653
-322.81109599750897
-158.4324201571776
-271.68720899483236
316.1801703340054
54.282233615845236
222.88569224491957
-183.40749762695214
-20.19730522073637
-39.40355429929873
-283.0271415627849
101.83162823243408
230.71119882014926
-41.905076076182866
-202.5522810086722
-324.33217415450065
207.86768996786054
135.62877388970122
-288.6717146704978
-64.28985346124513
398.99787763913554
-108.9949284516524
15.829117467982094
186.7183174501319
30.046372729340597
-59.42766937403751
46.43786604124014
-331.3606297591015
27.528125961424728
138.81273802847687
26.924903415256928
-15.277322075255816
-4.0723087697961695
-109.40070747093735
93.6237127198602
-107.92190713404403
-150.96730064743875
-151.5519368527801
200.7707697545408
-50.15124818983076
-28.05842537681989
-321.48078081062084
-21.253630300178003
-165.51663258338036
-60.26282918174813
-212.98226184345106
190.75700968679035
11.957516986817517
-171.65742341672356
218.77838035837445
114.29926878544703
-62.917969470182854
-14.092518865743312
5.65328750826343
-93.57653365335004
114.96849332756717
83.96847114352639
-260.92941760589605
75.28191529594766
-9.656450797924629
-78.59420269225735
56.07235487894749
47.049864114432744
-36.604254469723486
-180.8795447354931
144.7486710941332
47.61040913091811
11.674624732568095
-53.58903690582852
185.79285981883822
-38.220218873861825
74.93768260091369
22.077388861254047
-176.65510173226528
-229.80449899135147
213.61724103018994
29.07605694164699
-333.7634974975557
60.51035222333892
146.70469711739474
84.14889104096677
-89.11227312300001
-245.64187052179372
51.81705687212987
-44.88175817406884
-84.56335212065636
-11.846569381816513
278.3524391662342
-188.1633729674444
-192.51496885087562
-235.3626567676677
-144.10574462982015
-164.10470199968353
35.44405592514728
39.414114912398304
7.790134304436222
73.6642981523631
-205.44629311215724
-99.18126518763874
101.27130217998813
-44.83384996031369
-110.18741467588374
-238.19986038344163
-171.72630799865607
-208.599086156333
90.02490404332465
-132.5589529568462
-54.03422905783327
-140.93791443307015
10.226836846917971
-41.93168771940643
-17.724822552139933
-46.967439511905226
45.917192002059615
-60.37313253818516
108.7821503207461
-141.2690362819383
-150.21250645310897
-143.6773827570986
144.93347648550323
-254.00782770757365
-189.77084363417737
-157.25409482326594
-121.98991314595794
29.170193045245405
173.8104941425239
94.46689527834332
-284.08173968522163
158.22918055898882
220.25748933853507
347.45058964488703
-32.97855568954766
131.05729491762534
85.12524444982965
-37.756266215919496
-38.29517014597151
-123.73828491483579
-250.56262930164254
15.374094678968241
142.13982633938548
-171.58531794290707
194.80088218641444
-67.80422732929866
-67.26901801952647
115.928359072597
-50.43379339273801
91.5628174213665
230.10983619534085
-155.8226186041375
-67.75725665189856
210.66568371407172
-116.47656890530196
5.275042677611795
10.152018477242738
-66.69887565465754
-55.02751798581682
273.56615005223136
-126.99059469701122
-113.15165144590837
-27.00215335751185
336.8506177807116
65.82677393665752
145.86599758416665
29.88389465943608
-198.3817164827331
99.80004505501164
23.83558250363487
52.68682466432682
191.91626793527632
56.82970806927007
187.93441384877536
74.53256378927522
-109.64408658979414
-152.13211243803102
186.35659728688384
178.34578318152893
-187.6969570392551
-66.96858477894688
191.1052753150257
-205.27921852503988
135.00514976429182
-146.50428319692864
188.76943749508746
-81.64599955942418
-272.0776530802188
45.10201856492477
45.23122797761951
-85.7880836768144
-168.40619687318787
36.45283414825712
189.9367003609181
178.88293718931843
146.88869313222287
44.0290506050994
2.3061182095526447
-18.070617223455336
10.063813107759422
-213.7636340827537
-3.6117813718617615
0.6311529046532591
131.1037762402199
86.79592246089074
45.86836999763876
43.96924932600518
155.50702087630287
35.20609433209218
18.475378054370104
11.619033557594541
-181.8840010681233
234.15630787151576
122.61448958045148
-47.00020643635214
68.05728519442019
117.19396481537002
-148.89270883091484
-115.2069367474972
49.53921344926101
-211.62258994776195
-151.97728139548263
-90.84558839475919
59.36921698996426
43.786858849582245
173.87776105318972
-325.7104694681624
-68.5990607302746
-244.11196025877976
92.84803042182028
-206.31003317009296
109.48789188979329
-12.47361649305429
-18.310500812014695
-25.46616315783792
144.29052690738587
-219.37236209275673
230.39848059836893
-94.17570256742916
-79.51018763381995
108.57745832003471
29.412015928595846
67.29707795058829
-21.32531257766271
-54.154912395928875
233.6431664300637
-9.969666986808328
-140.60852306881637
-126.97564538211655
230.46428149692477
136.62958051220733
68.3413367471214
-335.519038137934
-77.22940630725482
145.33006157857065
-314.8939383692057
-215.9998199522664
-128.87561000770657
-98.45294555345002
-21.601230714725833
-178.13234790592128
-195.0405467063421
-68.82377211497139
-8.02524360249084
29.00433494720967
46.06070742181896
131.94425600631456
-88.80301648739022
68.38765818111
-29.085342083991385
203.7137658304227
22.351341537097927
4.45378398847272
222.0141872561179
100.28723365454738
70.3290374947974
1.9439688096467616
65.9025918701937
57.477848979253416
-46.64403880556615
255.942707530422
-27.651020701410552
-199.36024926046053
-124.5650341001426
-103.1188748517165
-26.067943231248638
-6.8431863778947335
45.62750157685648
-50.62280265310577
280.3515340128825
110.40570738516169
-157.60184124979833
-100.99824236784306
-13.572976107046234
-177.368149064961
200.89980034410806
-107.62458572039263
-15.504848480436149
-267.647318220107
-247.2835443105171
-188.93048746310868
-217.12450531526008
89.61358133862737
123.24004596265219
-32.9899763923261
-343.44780630960855
240.2743603459247
194.4769619570048
16.833276497013976
-17.061378501704613
83.5048754675811
-17.657503072249973
21.629289221543957
203.80207630563345
-29.448879226912045
86.08996909704733
-70.04504691542867
-167.1141102020975
98.22746181428965
-136.07509557386038
107.13056205672257
8.295653039581824
-308.974138297417
121.91525622723269
-84.44776630177576
-129.90987906243274
-49.69412399955569
103.51040483382299
-93.6261176035153
60.535130286701445
173.30012623821236
-63.69639018828659
-139.92374674837907
-119.00412297153288
143.88554963533326
-38.83155851047984
24.833000395560795
-150.95053658976173
137.091473126825
-38.1878749782339
-186.12000937329776
126.68799687011989
217.14810631231543
93.62290041230773
14.526992282929582
16.45341360927052
131.01568186098368
-233.62709419143846
157.59362643124012
-77.12499613724077
-142.8694204818665
299.64979345943135
-9.0511854484249
-101.57186205907291
-51.349314452104295
317.09660315788494
-54.24182108574328
165.60827619661185
164.24738445173426
-118.39126978561183
-225.38689956836134
134.71266618254054
104.3489620674061
165.19486560026903
-129.75500401680233
354.20348072118765
178.66791379533208
197.94624440292395
186.04506655183354
-192.16941618377805
115.21741290099071
-179.57524207128
34.68482996645308
-31.904092017626592
