-95.56423780561924
135.587040580329
-46.8318804941859
148.96883988467295
224.2077263454153
-210.65287144353513
-35.26433428752779
-143.19407734738363
-124.5877345483921
-124.87683654982682
94.25273391218664
33.99716121044187
-136.9276960097815
-40.78449715829234
-0.928527674920343
-147.0814772267033
81.02752236863995
-4.525080805622988
-24.196720363276498
-15.052747901269884
-7.809647775341272
288.1019482257453
219.67859533972393
-5.228964755164611
-56.52611541448581
202.07651599095118
-57.26144390707064
5.161427373109222
-84.87552021446461
13.283362584210625
-74.27556873521064
132.5675246921667
32.12346566135868
195.17624461744762
-112.46408843910648
-124.27720928477862
-28.32683375942401
228.66578777513044
62.404700260114076
-35.116746001299546
-40.49255074387608
207.3108646765945
51.54690945348149
1.3253899469124615
-21.55846943986283
41.61334705402904
-347.6906064951573
-67.01191954975279
240.81034644356512
-257.8195945615882
-106.88224733453796
-107.04507443138658
9.908463854309506
102.21804930151987
177.66448217114922
56.55650276995293
17.984766246153953
91.76916252579859
-5.914462965844078
51.19854607468414
-107.27946354766979
-52.07261537258871
30.68754677961364
232.02768725073201
-24.800150232418652
60.33813559449965
149.9182245884093
-3.6534299578127416
141.13184696897875
-114.07675185711575
210.88239614252657
221.75430399370353
8.627248293954398
14.342547979814647
-254.7385228364795
-165.06593740951018
-235.97388554526927
31.65555480305137
-53.223529424672016
-110.76420553144384
-122.15950219921632
268.5308914075255
-297.3995433120994
-52.676351504164536
59.48191203719596
-222.08267619306216
30.0749540991468
85.85266094191523
102.39249484081947
2.647961268708444
-27.39470884443651
22.547318204345977
-44.39140979356186
26.054195883203096
71.77585344593928
27.677269320528783
-140.55120813888476
179.8046678249943
-141.17020732908327
47.086732104011375
-143.24484867954226
-19.493623414064526
-1.7644325039080342
-89.08060958920068
160.40524444261888
2.6746752747885214
142.97708245573563
162.04709327244495
17.319709142708803
-100.43616545460804
51.07955262621802
101.57989117639148
124.27498776256198
60.49863042085692
230.1025570209648
-108.08986523231573
169.03093340390595
126.79652063475893
-313.7699702584475
179.31682236762657
280.10783959080544
8.757739510059048
39.69409991269222
-33.12640729496471
-250.29303133025718
155.49393460994523
-139.1574023574975
-75.6172566267393
130.47921242775922
-96.13328443248331
26.38045187387402
-226.6889183461749
148.89216406666236
15.568956900299654
216.95903714268607
305.2800092664281
-128.88315875746719
64.63673358424779
60.032040653814036
-45.60994546512309
-33.35935416090202
152.59156201846338
88.32327225475683
-29.973790263060106
3.6928946783828946
66.61478813516109
-23.06899797419316
-197.33859078013293
-184.502701555009
-59.19960820643805
-17.5505695059166
192.8726443896946
-343.15826837628487
-99.28903861364721
-87.02629085609655
-50.468987267590016
-43.92069400685691
64.72430637272655
199.5808672556212
-114.9216490215817
151.8008971280987
269.42481605506646
100.02936973795259
226.67819787465686
-47.869407772806056
-132.22917457756344
-39.26255199511524
168.3818688489275
-2.6555273748614905
-59.62560490192864
-75.68238550987745
36.91219409180864
16.181097406465987
-123.01847511765317
-99.96067843655162
174.39566000988867
-38.74679896990199
119.2304669075065
-50.881935314753534
-51.93567373300254
-64.63246997636908
-256.07039077194116
-197.82831415602476
16.764796880751497
188.51977118204744
-31.45198314019562
-27.295438412405645
-114.10771254837711
168.7839851547713
13.390030893174117
-43.78417895746094
66.71082508657658
20.940510773187533
-223.63391703226964
260.49438121636484
-92.36422718594348
227.22916180852081
-18.7409912870084
-175.40367330700604
-196.12042882937186
-108.39453320173658
-287.19056869245907
77.20501527731768
-60.996027003885196
-133.78745478080606
-164.901602969862
14.657296802265183
180.8172527065058
189.28214654961195
-1.8638288427829606
105.5614674285621
-40.51067544788018
166.03863885843455
163.67921712442515
-55.64161243982575
21.288900641823055
18.61871653437565
159.45619429681264
-68.74196760522236
-42.2907674877663
-215.74187645997245
-21.23222146672025
-26.100152073761045
-80.86879799944337
103.20076119427138
-101.58468135695296
-181.06102363788494
-103.69697219698027
73.66305208666653
-137.08014916918498
37.27940065403326
18.11534454985575
131.64844850439272
218.20514453109516
203.9405641691537
-47.348607815636356
-48.7381707295436
83.99378812108219
116.15612906479943
-39.04468074044546
200.76846467190583
-125.17009302717307
129.45791863283512
-105.27848901421851
177.97721889349197
35.86932781878797
-108.17662630599749
-127.62188053125914
217.91091209701813
-183.65448545250402
-2.6224358615183903
255.48821216782596
-10.066364491989326
246.8230490868844
32.17389584154649
55.34701304472148
-132.47576682217357
22.741682472403923
-336.83916173787225
43.66400353241283
112.60024266248635
163.30751847427604
96.11752089669812
10.776936172924206
217.2744776120235
120.86489381136957
84.40278114997945
53.33145236461655
-198.21627428481193
-203.02671427819664
-48.56959391642193
-115.66620991492435
170.0022047698413
48.38743738760791
-129.5375253263892
109.60407240752689
16.546268944251
-150.13534163039984
-63.192161931371366
-44.66508841641135
178.94675720264524
3.33889610386914
-170.2507463513437
193.52177505265422
-182.63336524037732
-119.70808752774995
-68.76141392033455
-62.30851539649369
-106.71641932179044
193.18558651652108
121.6435975291971
87.34213054365333
-83.20555322252528
-101.49213638399455
250.41596644234141
117.89388337453228
-21.03185027103348
98.56707204515976
104.07932214254542
-153.29041087607828
-145.81657596925137
10.854017615822439
-218.48273941057198
82.9526628979395
-225.33288250038464
-66.42358125153704
216.73763843664597
134.72578823916103
172.1148963932371
54.44803077085473
121.08624744957126
-78.21848468680777
-112.89870841220062
264.4081598026431
34.02567355101845
14.891360564231825
126.21769299359339
68.46858107462116
194.82585601741658
-66.3782942117193
166.27245738851508
-40.93873386499053
143.5328664426314
-66.23669194152717
36.83142238421185
-148.89402151051738
75.95178173301937
70.76876166615907
-319.9902924789138
-25.994398366938796
5.784526653413402
192.73340731784768
-24.04654508452576
127.1948283707041
52.653315447094776
113.38847629464573
-99.75821374285512
-224.81738477868902
8.726425757146034
-42.45658114138817
-74.04316886524889
90.29825210737742
119.77022862514812
-42.73023190654358
-136.5343304441293
162.2779675850475
104.60848328323486
135.65902939380547
-39.03205240249453
111.32089171212047
68.53890205972444
150.4332220175105
30.308454817436335
149.56188328643395
-75.66255621098732
-120.55948930359507
-169.13937148399162
-5.212179604645838
177.20300893517646
55.65240972765454
-182.99034941207924
-188.95457836222494
-52.07426069686493
10.779892996405252
258.85238840350104
-6.828188367005302
-0.7761845437612311
-63.91399768742126
-14.993114231227215
-15.421198049421976
90.01790873209433
-7.888466800201946
67.30158222211745
-63.66789679848594
219.99019203676178
-138.45892783504428
5.704572944446993
76.46405633535316
31.004365497229774
56.46325427240053
29.46247795287339
-54.54548820185692
-168.93834320412398
126.96483851648453
-36.81399840392828
171.4938057428461
-134.94431302237533
-76.63320807187515
-135.1969434138053
-5.1984517896480416
69.70530200048385
-218.79071290834503
-153.95073311835813
-165.05179720318753
-38.55041378872209
-70.27902575986245
93.65986365133878
-133.13865782978817
-166.72914127077053
8.324694395949308
-229.78930967195066
-18.440018337627276
-101.89754177108813
37.76977857378633
161.6063370442382
404.18406626006384
131.32543137442977
-64.7554731129831
14.206123859003487
190.38493248155683
116.12391802600065
239.3207180638157
150.818030692374
233.3911283304908
-17.644513454901325
209.6659010406474
-91.57806474427053
40.989538657207
-158.79366842834085
108.58528780067515
15.333618501490555
-284.3235827159163
-124.10950208993225
-110.3554389548953
-237.93042605685812
47.88772804073355
-34.371180966140706
14.030062527999398
-122.22365613848297
179.68696644391872
-134.94139382292508
-112.50520467322772
-157.18776387334884
-19.131492711060712
65.46261242045512
211.44355293901643
39.862822925012765
131.4331191463076
-91.63377651476381
-37.37830921909723
-42.751611896047336
-105.25833741610991
9.485563875149783
22.137488184966376
78.17373653090831
8.50159580326589
13.441893365327953
106.50886838500844
142.1564497218121
-36.03864118185233
-69.34584954285155
97.59139653972926
-116.11807863149147
-165.8793136432624
-186.55940787992705
-13.408832471444123
-25.84455907180923
43.916467901018535
-109.3048006418214
-53.675181900242286
124.11823525593209
9.012091322926093
-243.43791251806618
-19.93724878267703
106.92263771456501
225.71322936683245
48.279847856941444
200.5554011620753
-245.48375572473202
70.57208620188986
-31.36033229982492
-74.65717871326174
-31.344761268261312
-93.05687847184785
171.90814238317085
306.75244895231
-31.676553355286046
23.949038713967116
58.60995466971667
83.59749047953056
75.25694117060527
-39.639114139018965
228.0162594430351
307.88044976359737
57.13208539866723
-206.0018591047042
217.30237166120796
33.78560926177233
-45.76602893326312
-53.955101650438905
234.5365940594012
-32.135041681433066
-149.84411394485244
-36.885706469253755
-114.13785557150108
-93.96029164026747
101.11438016488977
261.69024948199336
218.13228395644478
155.04198948956014
-37.36702877285119
7.563762624087023
126.28999544741801
-49.57015960309419
215.19112551873317
77.16114097202198
-76.25119622033975
-0.9133616249900274
-145.64673428374516
-174.8846660018086
-407.39910761853776
-58.02822231314538
147.5909139737763
-291.3851961023368
-18.981617295809944
-0.7345204867857725
150.04744014013207
-38.356511585692154
158.80843715961825
97.0730568252196
-145.11410161376278
-8.136809945711121
-76.4441458164251
47.000646288603946
54.11716008958942
-42.74719463607051
76.02422166013446
-68.08187899355876
172.4319748543085
134.55151711330848
-225.30917019903163
120.43496094887897
23.40720399193691
-218.41862595895003
100.53342192257585
42.708325143853884
59.66131622822554
162.3263015705718
21.640004303828086
-177.10382517246666
189.4695612009079
-145.51311722612388
68.57127600095781
25.39938499099559
-186.24369267694308
167.75144977977126
70.99672962021768
56.62097574400106
179.96557189678958
71.79579488707702
-14.979490109750543
97.31671269412253
-130.95399867134174
15.514775651861749
-40.03295290509368
27.950365086430306
-284.15097838714433
-37.44745868053129
-106.011371099112
-122.31630315027897
-25.07452894414598
233.7668420646386
-43.77125474697927
-48.520936765257986
49.40033175512433
-44.27748275906701
-183.81584797794795
100.17308576482145
119.64233819616811
-147.72998196764556
-5.795839022957595
220.0723501304362
-162.5497660895657
176.10474983706766
-125.7639088814158
357.12361714300454
254.18196856957425
-168.15068007743258
163.75728645161092
91.20484817553871
-41.31382508023622
-382.6580418649046
-21.844104575134878
167.09960365423024
178.10739868149204
62.60812917523697
73.89547513677319
75.58878512440383
-36.95579911338044
158.52546567116084
-107.32889440237037
-133.1131409186405
-71.60318563958383
149.71766078866685
102.99914629398418
-23.412786308958694
-119.99114425613149
-90.20314893883908
66.00279766208558
-59.04271330553104
103.06076548628437
258.6523139810264
-59.28106117502565
311.8151359678557
-14.923612273407933
173.8634255712512
-30.47922027203376
104.16128570867184
119.35290692668926
136.00960646741012
-86.94459014243621
-168.57623716605912
101.85744258755935
128.93696071664053
-13.326968011076174
-300.8572074039511
-42.94694282379432
-203.72641257905514
-304.39585870451185
-121.13014697800858
-135.30018352276994
78.31554440657571
205.28470351477623
-126.71721154769546
48.58076786988584
-45.63451257257892
237.46851674515412
-272.3918365690605
-53.609738891870094
-55.100897490291565
0.6786255401465917
23.849706384039305
-101.93691224403644
213.39346423746446
-84.01797018540474
-90.0386101087193
136.46867530328092
-40.61123928880931
-274.6659672652028
-34.614393112509354
194.009308792758
120.24313830523083
295.6087433705329
11.686402755778769
-237.21187697214157
-123.5638362444781
52.96435926138293
125.46510206617455
307.4699472660121
-174.86319282538918
202.66829889402416
75.66081284538409
69.99296462010963
245.40001888105772
106.84613266119366
-149.73701998839525
-48.796413892893796
-130.1799576972837
-91.74422517289194
306.266743465691
-110.37162696715198
-2.7648730975174
-46.05885570791918
-103.80816202967803
264.41896473603623
226.20741683059072
20.80792246660371
-85.59814367214234
-36.8469363716071
-84.23435654851859
-58.55353913898105
36.58962742170005
205.3205971218775
11.002839603210477
-48.441970408796905
-120.03038444578729
94.978288258416
-176.5578539083486
-49.23575590466207
132.54142062726075
234.9358774672563
-36.04995896968353
215.6888879400258
-22.82099938708038
-49.25110824824974
-78.53975258387814
294.7819408281523
175.7188633612563
76.81226879863283
-11.102180767127708
-62.30510460214278
-236.93559876646626
119.32904993858634
112.21089508898798
150.67330123339192
-102.90317543032755
102.54942168764735
50.04306350897226
105.99129542736212
-6.338345331946928
39.75260740000054
-162.9573829972833
-238.78635228818655
9.965455998644783
-79.60098737800685
-50.27338418146354
93.31240302197001
-180.75875487421814
157.60285004966664
23.07318019686772
70.4601958263867
126.89035120211297
-193.55023069158804
261.70029230539285
11.610825970774412
-244.40141374085272
-113.28303169561467
25.098402597084043
158.49270927118565
12.043140034552751
-26.06435177943137
29.784878061758377
-91.50835434928382
157.30970244184968
203.31356330756535
-15.47401324748185
139.40274992524442
221.4470700960061
214.35860436625023
-261.30689418145886
-112.00658603452311
-87.56038317268795
241.21969505426395
-136.76068218456933
39.42169249938092
-8.98096942034831
67.89438416192823
218.8252017329315
-47.711710421767286
260.11793854706684
-94.06928137461743
-3.5319346177241946
-131.68327135587901
-59.337277889197146
192.29568777261426
-42.628695605684484
-180.08663465854286
-185.44399208531198
-21.196904223531842
-45.46385717097223
-7.920991813246859
-200.22456435075858
50.56210559605092
27.6104197952974
-139.89790868916327
29.72507119188316
154.49501054008482
159.2995936742247
103.15556318264238
70.61063863232596
82.53311013814405
-206.53989679299005
-47.43661270074265
-285.334001646802
87.47363780749399
114.51579565165584
-224.93768623651758
62.28303625003662
80.01456157677971
93.4648953702473
-192.9487754565482
-69.52324584261792
177.46986867221347
-34.974950815330736
109.22504463517193
-2.8338676811199877
-223.66030270031294
-161.63778172976197
-43.18468584005853
64.80964941673965
76.2937735494524
-64.1989259824048
135.52320353527745
265.4515466740242
-44.21575746616257
24.901026862974682
224.2454995011038
-265.5006475206388
60.692655844418326
-34.077534211746745
195.79933842005306
59.782153386678345
45.651127595137254
29.075914381349246
-81.00764018059662
7.393815687423564
183.15472470699012
-117.12211950471527
125.80118265326236
86.89231865736868
98.01749362190371
46.63667395182631
-2.9537414529525057
132.80882716060387
130.81471260488337
130.09952532408977
-10.369533989934252
-11.682894709867073
88.19165642196853
-33.63759907510725
-21.88784979168529
-351.23602368760936
68.36475355284881
62.480788392351336
-262.2203377705264
115.26533387744468
-129.5990892506693
133.058106111938
-119.31177662200993
-182.68951310397705
41.547694937319555
-155.58774826578843
-80.36669693221158
46.77271401105975
-157.9872053180463
-105.97798528420553
-294.1584501193021
70.59668128981443
-47.76555196502654
9.029125931136083
32.89470266648597
59.476095768889024
-131.1159999269457
-61.33136565202196
187.01392046816974
62.27287649325615
-48.21645455645929
105.37842578291306
194.85595865604836
-48.45178908099211
95.79605910898842
-36.451860770565204
26.44144036513192
-128.01661618174063
-215.79726897883543
-89.58194779796328
-18.80319458519996
-152.84991190230787
-40.14849882241996
-78.17416536820473
-52.75068606414164
17.945284352690155
-260.4511429767622
84.59355983786526
56.89335944816767
-91.65057633149756
-101.57025312229429
-4.584761355072196
28.161046338148534
33.37092563705016
90.07711955088917
-119.99679733728597
-210.87913951278648
-90.86404268009302
-111.90098045706438
36.463176452435526
98.34738385455086
89.2545187016032
-73.08141444874282
278.83075662415433
-134.6534506299476
65.7184445743652
-41.62203262463475
-91.54864633331312
-47.45652101034675
-81.0966891445801
19.83113742030129
214.27922378648907
82.47454625428024
-119.06381260479051
-183.66820538930133
-1.6034364207690004
-172.3209082384803
10.227649770371798
275.50385097914483
-2.81382241676705
-143.72621624569396
-37.24531236472061
130.86759252361597
161.06089660587986
-178.0082403351213
-109.24526887294125
12.335358592429474
-289.26401394938216
26.312983165946868
-88.65226119535687
238.65557303610456
241.34760344307492
256.3554866959174
312.2987951444767
66.92513960478709
141.73261697396086
76.90467595914176
9.331204171909372
-357.2390539553649
127.62003914389015
87.46311617992949
-63.888302882065204
180.7850087545117
196.0537453494544
-26.960238056978557
-54.084376794961614
-254.25630261033672
-13.462794620366953
-97.47614443676302
-170.0074543170308
241.91578405922027
-101.47577524004889
57.64620202344893
-31.124385099651125
39.77819663442411
-71.65237320013429
22.52311096448626
79.31732268094063
-51.64740448744945
21.149934876947327
-68.17492243504796
221.2869169892416
-163.14139642797346
-164.48210289084025
-133.5484902389199
-121.38038363305353
-26.222766837863414
-95.49746467882652
60.901544068112685
218.2021343176019
50.85350429347002
222.62648161415723
134.2468713794579
-108.8789750886584
81.45179599127628
-92.43110177452208
-21.365559620188225
54.901927974782666
-152.08647973337784
84.97575336479692
-84.51421652567797
204.70986369061933
1.6123324594989923
135.87127188667563
-190.99399994833507
46.531890682018954
218.1527519266625
325.9068027694444
-63.71253149944741
-101.04447635111337
44.11507383200205
-144.73474368381525
-151.7765596790735
-192.8541237327472
-179.26461552985293
29.605979763509293
-179.69424494636675
36.22318885852619
23.03918895077549
135.67362514187067
70.87952078068199
-75.23364064221632
94.50011350519138
-194.99627901686625
5.165544794217208
-192.87274982183973
33.69600139014743
146.70541592547224
-229.69407186909424
19.1090920489606
-41.87214527306765
7.6781787570168305
-85.60014023333324
-316.3574150184876
-22.306695947624
57.17921417734717
169.8145749593066
36.13412466358079
87.9440085784602
-180.49593245523246
99.55623776523888
-44.81515778566784
-96.4580014559176
8.082835041217391
196.11241643968958
-192.3171579449015
-45.13573219084168
242.2449311058943
-27.34456306149849
-404.47265897468355
206.30990425561126
216.53783820773242
-66.85457895312267
-9.565528104589209
