-237.55181700315032
67.08858783204032
229.76017842060406
100.01279894844716
-115.13522700460582
-134.4691764701351
-37.48189957847434
-32.644196106733865
-81.1291999648636
-25.274771372297096
146.49256413005085
-88.29981609057329
-25.795201178262456
-50.34230677208198
45.145079558443555
-132.98549486541003
102.92852427706431
65.75486267037101
141.63336611152118
125.0909844795026
22.138715790595015
-99.22749322157264
-73.3157207579761
-42.761944619130084
-140.75074075606372
-143.75754286458042
-51.20674047937157
-289.7994650417732
-62.08509687302537
-158.94811412710084
-58.83118673955022
-6.067808406894687
66.77008742631762
-62.715360958223094
175.2457852908359
35.335340399388244
-101.66400349425741
1.9852083659210438
-197.09096670717517
-158.82217008440912
253.3206339566826
33.26952268334734
133.567040050798
-177.44794041811116
98.76216703582298
49.98819892219077
61.71206341830734
117.83845882703919
-22.76651730291558
-10.231332126455992
33.57428740853785
-6.5284064498267265
-27.625561988124723
-4.054312549723653
15.169837051305814
-176.30576080716241
-150.66176882075956
-348.84535314034866
-77.48161554774387
109.49275771165499
-23.66071737027028
-146.41422965055978
12.863209125433121
-37.932406235415556
36.93878256683124
-22.517117097950845
122.27780961692764
139.79586497145525
116.59753356826629
-69.58559909265026
-100.20153099915962
-55.714067685527425
-56.80324208957036
95.56132991662946
183.83903825040426
-51.643715886692455
212.27436236572387
55.13361790307699
-19.932837249004947
12.115588175529204
-89.46487922024568
232.5533238227026
80.74305279521687
-140.41492057347597
-159.90150977101345
300.01002666828913
-23.460100258122278
86.00502415806874
-147.0614371821465
25.37178494397696
-109.89926747893497
-67.59112651237339
224.1062215840142
-58.68286589968551
29.451491509214616
-2.9442289657624916
97.14682703800668
140.33861238316837
-145.0606817368892
-17.22302994681237
-53.25524275670764
-72.35905312620085
-180.71039976420758
-97.12735408690537
-15.549372317901202
-74.72324676768001
175.75775072012286
236.66381711572726
-94.04349434120195
174.9410164094001
268.9256803382857
-9.785739074915968
-52.81840869775932
59.249297796590774
-203.54446016390617
89.80977208161126
48.55513875862626
31.510447235958573
-220.89024326378356
-211.85309374108593
-176.63348157975662
-88.55394027501846
-201.3965547368553
1.47565171181312
41.14954402102388
-242.56196664710995
46.96130801215811
157.807169198002
202.62337291159346
-61.57575444654332
167.48737039448665
140.192090131462
196.56167364163986
-67.5598339415471
-54.2037225233629
135.79107074572082
4.257348603764768
-224.92769878131247
50.02266217349752
-178.43079377000265
7.283338787623327
-343.52705594921673
-15.517292920992979
31.930398669958624
106.61916585847355
50.064484341959705
-17.91208543110055
-7.7150313863873095
26.871541988068085
-40.801771250853
122.86962087779082
89.53681771745259
-133.34693242524762
91.02339443748467
-106.47427035706804
70.87110885089223
-62.55762530781314
22.91335413943747
48.42987215729062
36.68078259788497
-94.82763834345701
254.64728258938322
86.6633594082882
-72.55378230168347
12.40218675673625
-74.32967179508044
-36.461493127728936
-250.16010735738502
-57.39654319444453
36.63181130789438
-115.48492720295538
-45.94140956948146
76.40945365881599
63.032488216022884
51.37001736085599
-5.056733073833151
2.999440076200261
-95.70543686939286
166.2073689547635
101.18942054915816
-62.932425338939524
-68.6139073705939
-112.95255907680898
6.212463693433021
-42.77084040788444
133.9512407052446
-133.8303276043587
41.305928225918045
-84.46873900679282
20.72048758024901
-13.859616342696263
-127.9075608460756
-253.02499328104474
-204.4068759629537
40.44572011757924
-84.84467941751636
148.48548832630632
40.555636965366666
-127.0970644008858
149.86382896316147
-195.25892366134562
-114.00776517130633
-105.7416669373339
-10.875567349637919
53.89817769541724
212.54160598317927
278.37407869410197
-112.39762976611276
-25.151205506895085
64.58618259382645
103.01160100588939
-92.85866478478478
-8.591295112675404
20.138550810414056
-32.01309837552062
62.17578631929645
51.47829098339558
171.44227638703265
-23.195203107526435
227.1270125877864
77.02036714881329
13.60597032029106
-89.73179692064886
104.38751456246774
-15.094973960768263
85.57463058769339
52.125624312949704
58.95198725978338
21.71035095567781
149.9643384014059
-27.39537820983456
-176.29971148142658
-129.84887130022602
161.6365963263134
-57.92792165990948
-22.500759427108648
134.59956994717638
-12.429484459804746
-10.64707095043472
-135.94450748980003
44.89923643609307
-0.8359808326375393
3.500249774967789
149.24145833790058
-52.177199643567455
46.89582589383844
-108.4658898681482
-153.71760702233234
-31.037647876338948
-28.7802511836028
45.06372934126932
58.861540508144614
5.583639574653001
139.43385127763202
-94.05903101880948
-81.2628035429747
106.75991583330267
44.06260782176535
-182.19861077633053
-133.18684460538634
19.07963571913647
265.1883246166428
87.46500463608363
12.017634383074265
-11.977777094729817
-190.17614685060366
-81.55636914873593
-176.22054040949953
191.18430460217706
-36.61872352076256
55.22743348660328
-340.9570117847656
39.158686335811254
177.5996343541162
50.40299329687659
70.50579773150342
-5.981933615939296
188.40730867699446
-127.1003472773143
44.516192873329544
11.582379127753143
323.82027429401126
-127.44660754271837
113.79430417982954
-191.1989197625326
-115.55614527926477
-109.87687427920135
-81.03418084351469
-117.21333836749517
-145.2898420318698
70.812440330574
-50.862075314173744
84.60896028958278
85.9294797730215
17.337984324813885
136.99467494321183
-104.46204933308745
55.49808591739225
-232.21758902764907
-179.41762447264654
-76.08251696372633
180.15940942996025
138.4858525277622
28.636905037873344
-178.8458885482515
-39.77343372550916
-8.04075926984422
209.1978439492871
-64.48588323873338
-57.05602157204407
104.84261608132036
-158.16902417283458
287.7204202035228
-181.0261118565671
-228.35264200285525
20.595456301401168
114.37915334782798
-247.7252935545905
-8.082632821115
-279.0171222844069
73.64342193870982
158.89792522703016
17.406190641160034
329.35281379968217
-6.169196072083748
144.17111195202398
11.411101032844801
123.89668126712691
-134.24109879279428
-90.48972841793929
16.422208061974917
75.022134983179
130.66975767170956
-0.9970740241032627
-206.93755515722916
90.88333082321755
73.94226673682834
-184.0278374051992
-253.80841716299807
-143.19880594271123
-99.87277289636489
-31.354754543296803
-55.64400338827486
-174.13337990715624
-5.079817016434364
-16.35863901691116
168.1851620884706
-25.881062191878293
-37.71250186001662
180.46086495094372
-25.00115382254187
-153.46781309430162
23.345852856955037
239.31072384514533
-1.1694446574176587
37.49442469780809
185.21117212166303
-61.811458811733
-251.73104038211372
131.0824590077838
87.36859109078601
-162.4855576543921
12.61810335417825
-106.76920956881368
43.89393320129394
65.02887132715128
64.46118432329513
-11.722701165091179
-87.61042223885596
139.6130523186916
26.306768826539063
119.30339082239516
-18.22892080071898
-73.8502233484963
33.21190082958054
-107.78309368306097
-52.4458895804599
72.24903554217025
77.6007313224149
83.65213829008567
146.17385070839353
-175.80706597688237
67.86150167208447
68.26707913245065
-109.63284993419089
102.52390820050985
-112.34809616934463
-137.56329985229164
134.90081660818728
115.54833951214991
-128.84280328759868
25.640568396438276
224.29826165292602
-141.32599276361378
203.1164675110864
53.76588156138863
21.727698289962877
-201.8117688933136
-158.16403179951877
41.864850369423706
-125.36645136104397
326.8185886658153
207.57534232994456
236.6510820649753
95.92503910469722
-79.86960911519655
254.57271691603984
88.82612779895081
-92.22508644250819
-51.641819450589516
-203.40263003724175
-14.991930508223625
37.929594154373255
-303.3619238887505
-98.09462170743494
95.7555030850362
-206.18097764477955
23.557201376111955
-137.32736833505052
59.59928932290056
-9.703996829595917
-86.00316734853014
165.39177551933614
37.842686793924706
-112.70737570381472
259.8877894644627
-26.725396643145256
-17.206866036231357
1.3894214863861702
92.87219030850518
135.19491049629076
78.37344527176786
-160.2855394593065
148.52715049191121
318.47192401109595
-221.2137354086061
-128.2895481507522
-17.179044667380712
-82.14728909903619
-114.31850671012904
-64.6534479986597
-107.3358561165723
0.6933142700030634
31.46517817577279
93.031203225412
-1.0217697393912069
225.66316619073783
-132.168902748887
152.7160427730066
-8.039920865403698
50.70239496559402
-67.0803484169356
40.12367581956403
-109.85103327714887
76.18106749213116
30.31204825169117
97.61006905426513
-144.58858861336614
-65.85258361394241
-46.79575317538158
78.53721369023374
287.0169038611592
140.73725740698507
-363.1653324307719
-311.73824837874963
59.907009484933155
-268.54225118606615
-291.5894315444096
-133.53529882182715
-208.31389390145975
-97.32438912736365
-197.36892970181046
216.27077345978773
-29.51323080738939
76.51963435485352
52.07530478668768
158.6497760671584
-130.53957067378465
28.878924204587555
-25.51416950892625
-55.31190238920862
21.553576425359115
211.7615499048118
29.16799931043434
203.837739840249
-23.257894794868726
-196.8349149985024
-62.598899513258914
-25.55012609882494
52.062188961062986
-166.51611948543038
-79.92443155403399
-109.86712450972219
103.539032640051
-117.42277648866805
-55.74852470340051
45.21452602556331
74.48154740720307
-216.2001621445337
-246.82434593309213
57.658593087769404
7.563143939536545
34.769961766145144
117.45293591176745
0.4001572499052761
-140.28775692820957
-32.77285832178908
-10.684816556563767
164.12205328701262
-220.14437017286588
376.9359055670755
-82.24536093651126
-70.64797064350331
137.81032389823366
4.8511744105141466
141.68580318797916
13.422752478038026
-68.50529547628797
73.7902836303392
13.117753856478704
74.4502225807618
117.85043470249582
53.82706253079233
-28.50421818918792
-69.53260035530765
-65.3945410813344
-246.35825597195253
187.57724420106356
142.09032093419793
24.631570386338087
43.288505640871335
35.68545898889147
154.77033095605546
-40.05978921847958
-56.41554925646264
-60.89463368914929
38.18723489090988
156.68179620310832
-44.051829436000304
-76.764716815965
3.0041477761200617
-96.50582408276424
268.19763553313885
294.17653897582966
-133.06048058430073
-178.37232291037537
262.31106369191036
149.57796511463445
-157.1160927782395
-150.99810485215897
131.15261490014453
66.64571788579542
-24.31574492208435
-103.82207885040862
-82.19100946313081
6.79672028414139
-33.04967085755512
-174.17473425104998
-39.42413821685115
36.482216146853204
-61.763392012682516
-25.008019781079323
-148.64048724221874
-0.8610048962432502
-84.98170205832677
102.55038422152457
-240.1359677633693
104.79141604394022
-84.91250881310248
-81.42548044911169
35.47378023649612
60.455510826852475
-133.7178648929502
182.33072310399317
-131.2966556537862
-91.97696045889307
373.0420391009677
91.51262546439618
-2.7650985453384904
-14.621276385100504
-93.32075764544857
-100.37771750900714
134.3254426345107
-243.47744200110915
-216.37380225005703
-100.48917845491329
107.64913211707719
151.18063334318083
-87.11409704868812
37.50726768940685
293.88013719289194
61.188120175745254
182.92534644775878
9.447907266591166
122.78398703119264
204.4100170559382
-143.67200328429746
194.77251493139474
-93.42282876505533
25.563330467599886
132.17898141430192
55.894608220919515
151.57309155090266
-10.930161293478958
-221.47253079583604
193.73508023671712
-68.93512178045856
-7.674601883132941
144.36618058617555
-82.57764567382597
-100.17563205351362
25.31747422199116
12.225561945606271
-257.7564283624655
-145.78478123758555
48.50567567519531
-158.19842567566664
262.75081052017697
-37.697211723885026
-86.85493490924623
-4.452162713375289
-140.3342059156784
-1.7286640973754697
90.52061775964643
97.04978002830342
-62.97470110079017
-238.18184458611216
-22.637227457212674
-161.3023692131787
-48.96314804086372
40.90788317776362
-37.049631895982074
122.88870692984544
55.17246831110668
-58.6356004292392
136.70556693350963
42.1191317728029
-171.00600507444992
-125.53596982231039
-172.39917019356318
141.39350674749056
-41.290495035817976
227.7413911301915
129.04414495334015
-7.017150648925076
-82.08862573355073
40.52557574883799
-112.31472055424874
83.91168729727494
52.350907392873054
58.20395532297094
148.4206944750563
142.19214286225238
-164.97198152142678
-2.8433570650096125
-64.48847744462329
55.14360457784194
-31.851066958661466
-23.95226827877934
130.39020087695673
-176.87378409543712
73.28308989480884
-105.83106611132459
101.30662876756247
264.9288975052474
138.50788301813142
22.445000134175668
-46.80160793105914
72.8977197501077
174.95732640042306
-118.20567603539499
-76.00827193276524
54.56738879850728
-119.06318538553373
-65.61376967324455
79.56579342370719
214.40260805356118
83.02221842857871
-279.52283428338205
110.31010764693438
-37.72565918094337
-250.61752269987636
-26.598384352696687
41.80200562755181
38.99271736993938
3.7697531425150195
-67.73577666794954
-78.4178606449176
145.94982383883234
24.783025568787096
-60.27201361453115
-321.1146380693748
-159.97292050027127
-260.1968702020355
-114.31034893618725
-106.60754631110534
32.13270415419101
-153.03259102009025
-97.21144484938772
309.377614854436
79.01062452411614
16.75017327607063
-35.324272755548044
-197.96599931573817
167.36232997572122
-291.5041381782784
-5.8606036107035235
75.7519471839229
51.462983733721565
94.5037562329283
317.1828680945065
115.86688596870029
-68.81724936423629
-26.60369833877128
-118.84342211898195
22.41799289352871
-60.210677039023366
-105.98113371483063
-78.11958922867605
100.54835286030162
-237.89045131473105
89.64974128988653
40.84996313932694
10.413025299892539
122.48645825844895
-48.13695044039924
-235.5764933049258
95.8895135653396
340.6811611891922
29.242610533501633
73.9810351473555
95.14537670979632
37.1371587844577
71.87286086459123
95.08112089118903
-52.62210262211656
36.86359935295274
-16.447295574212248
-193.19844640069135
52.134430693342026
435.3894460092302
10.48713266845837
-106.2023060058384
-52.62019493124287
-135.6220091552624
116.06046137177431
-70.95306908829951
-77.24582337128301
-122.33839162001365
172.06800131607184
113.48029274770278
-187.8514887341534
-172.40974341338347
-36.094772497044495
-289.7116437317103
18.20481871106862
22.563782031445832
-51.864214175545435
-17.783013746621094
-178.58867483923387
14.077344943294428
-167.37818320867936
-204.22392919661033
-50.795478529805195
40.395717405864666
-154.16436841588398
-177.70421480996876
66.93511916595297
-117.82584525826047
-87.01454754941687
5.680042064576442
-27.27820790719928
-118.96027346250314
31.341099515159442
-46.109183373182994
-171.6105663589601
136.76863143812676
-126.71006026026043
-1.3598580194376086
98.50063614298274
286.48259855999095
-132.12252494821945
-38.36488744080523
-116.29520499036572
163.57884287619865
-200.7872528247162
-176.4498466268761
250.90290521874877
-38.21725934547121
-98.80232290214276
131.13468097833837
19.520508739901643
32.73425744193195
-44.23023505565943
173.24630886138368
-22.411696901609567
-172.46351945450058
-312.400599782157
-218.19516269815526
-35.1283846907087
5.800770062575549
-142.58131900403478
-111.01633319693495
-149.89579452200667
176.1493411485461
-84.6234652738715
20.705596343316078
116.30727940317875
-8.681019201952193
71.45319260039457
21.23553358775146
25.685764494747
78.33271141995773
-109.39834410168643
-129.29419206632008
118.09804881038787
30.060766104334512
30.93832639990943
-65.42659893578397
212.24231329749068
27.69450676332903
-63.04044596239005
167.3650252234152
168.77199987758007
-149.95855456851314
-285.106416364756
62.901309473493946
316.768567835802
-80.38352391119821
-24.304876405332237
178.7675835894809
-128.580093257773
61.386082697158415
6.989570598118926
186.42492269748047
20.04565382325368
-172.58791738937944
-122.42463306641015
-68.61050742309185
8.51180027350993
155.54288771609916
144.96922889875236
-43.803362949341846
210.84952411198773
-23.157638890070075
-150.34840591674902
144.19433060868744
-46.58231346056625
156.83052117062337
-194.95832745869725
44.16172034909489
25.12193659689233
-114.26259622266514
48.83417427990171
75.57998254670966
-197.24000071934253
-120.1459796950815
174.56796194102205
-58.41311411774382
19.763488290735342
-135.66209432131998
109.31290540394906
69.82972134808061
139.50363379532052
73.08884832373555
24.92298822684448
-73.8454907684249
-53.80098952699443
18.515438444031883
-131.25261484561744
128.5945006139875
52.2662540121384
134.51034957102829
108.05021925985056
85.3389306585404
-154.46885922100395
121.02870262278739
-27.41682799724571
22.199077589245253
143.81927975041296
29.248358243240173
16.66986579822688
198.50359500499198
225.5546065093483
244.22365809937116
66.14151880435845
93.09607557949407
14.699167824318977
-73.56413487508298
-36.03736618346579
-104.8361476269204
282.8198119294802
-106.50996573782115
-109.79687355628441
124.32413907377986
-114.13771513051277
170.56139859779444
-422.0979041971095
327.62019005234714
150.44730735635102
-89.63680351529639
-227.57910954945754
5.286384393511817
77.73984562147623
13.742310497077435
-144.1620055692975
27.978019139705456
-7.738441423706432
-77.82552817768959
286.9571976560205
190.1682771790059
110.16717718219272
99.92389838852108
75.02802059837221
-168.34234930740772
34.52509721041319
-182.92196203646427
-4.379940207704078
-117.70667444241745
-47.421623382206285
-98.8985749876043
-168.21389065592336
-113.34591214049435
29.397609331235547
82.24043278195155
39.31951002835244
46.28919818199121
-48.09194725559893
179.58945384085334
-65.08410432385904
62.30988488557816
-99.79771638655599
5.575371269058245
-41.51621078615001
-74.98840210210346
106.5810662037703
-33.22718835114463
28.826216837688765
-141.59782768565015
97.19107023678687
90.47877928570111
76.92057811553731
38.17540652918572
-16.289362003099292
-116.49602496447606
65.43288105664091
39.03088839889051
101.82037400136755
-24.34488475968471
-105.26642649377054
-231.96722044425363
-202.86398667883563
-47.68843767131753
-249.53641891441006
-83.186942763605
-7.204454575528245
99.46387509005675
-167.4460116253489
-118.96755137460573
-28.914453680677305
-179.88974536688863
7.041468580075261
-70.15493989536418
121.17912926945448
240.1718755405274
-304.0953080371271
-208.59269618740288
47.63888598385536
-68.72799029849085
-160.32612326093485
1.275780318685058
-242.07026640813322
152.0535920924713
-0.9646749736027949
43.86286732876485
76.30633285590761
-74.16753072828405
48.77858490068151
169.7912594057764
-261.1815092297565
-230.02213057653023
-206.56425046995773
-20.351814374666827
12.062128082214233
116.5548645673476
52.4462738689816
-160.14633059658166
-65.2810498805096
-273.074880586264
98.0538509253007
168.8623805230189
118.17489373064717
143.82373929823308
-25.898882177457146
-61.92228709528209
164.82445640075184
-42.37263594961871
9.692869244746468
-49.326560968287055
-46.239114374680646
