188.31707791836658
-118.24619995281375
100.64110224868388
-78.00451547537894
-195.68881689628847
100.78240137898491
224.11621347114564
36.489834922706045
288.8564539500665
-192.7960934211704
-67.87598528816517
228.70165615013366
-244.38716443489758
0.3945169625060454
-133.25107584446405
-12.652986435094942
-80.18136971433523
108.25691143819658
25.722474634687433
182.23464936882348
-130.8035022372386
-82.88492233256403
163.30493949720616
99.13853023189066
-29.025961182718095
-318.92194433610183
-47.03396266889809
-140.3303532045761
-311.9173905362706
114.80501869870002
-78.5844308588314
-163.82889276522084
129.6821604150577
86.93431696521483
254.11273979202002
-34.12854631854259
23.314423586441773
-280.82656427806927
18.60230095022698
37.99581982556982
-148.81932830647824
-210.6228992346515
95.69840585726571
144.65747746144538
237.17096490223713
105.9084903885109
122.63438555742303
98.56080879395466
180.84785613100524
-66.34507050222292
95.8461585757692
121.36946976534874
-0.2133521741548403
36.706912574184265
-8.841581378300614
-43.999366607309206
119.82272853535646
119.57098083277567
-100.06179585737998
-112.14284555405114
34.26289174037035
-29.307712850788892
-20.96502308222308
-7.210008265876032
15.168562408405593
128.00303218868348
273.6743385270206
75.51336673350976
-23.39774872647037
-4.105456433075773
232.86071834029428
-100.46446130575251
12.410890877811207
-158.80955564183154
204.48176637107446
88.16022495356457
-146.92969377190954
-127.65933306243721
22.102740078977526
264.93674287738924
205.35270979447913
-40.024408284163556
161.37800031835948
101.71596885427097
-285.51311879942534
-174.8375839017479
-46.289147611922566
111.40541340317155
117.38020776522063
-19.309079456610313
-96.03208030515621
206.04328971829582
-21.81606008775974
44.66154221709689
438.553763859474
311.47854356306834
292.3515167219297
228.90653045196382
99.3220345464513
24.453525838906067
93.29205390986806
-47.685045793641876
-25.265490469219124
46.470796844100704
86.34987016759068
45.189630114996895
63.737790874763796
-382.29954997682495
43.54768178607413
-163.84189788373467
19.69248551145991
-61.96906259935523
-38.25613571262078
-63.91191183207852
64.86236188601409
162.72886911929598
160.5931275625445
-82.5454379095104
47.32022071871519
-208.67445367006815
-117.0538213347303
-89.39609221929702
-94.2113610522723
152.9779324320736
-215.54448867581496
-132.21269988940892
-76.50576193204336
-186.4048763035443
29.250862706509817
-133.4669432546497
1.629691283104601
205.12020207618642
-372.5324081955361
39.65990090053605
74.08605141821434
336.4700089234544
8.663368932125762
5.542504289892328
-16.686447498908922
21.241114431100712
-17.35178100487866
-53.70696679160751
148.2962676829061
-7.567359496123883
-32.019429020467555
-85.84371473503046
-126.50450583979088
-311.87860192209615
90.29662069958339
-139.8391760641199
122.82387063612504
-146.87084369217553
-1.2677794458016256
197.96213114777933
159.04317522311894
36.24849988448345
-262.2421623625375
-268.12360328032685
-134.32663357053457
-335.6096316297862
-2.3349325652693964
249.71501209283227
179.39244311486274
140.2861619555917
-73.12115564950625
-73.66753687752141
51.79834627345671
81.93410444058351
124.75426844895914
151.6228369428732
250.61221895689405
-142.40340025273628
-138.92853850014063
9.58624480705954
-78.39174146273692
85.83524533565094
106.81963759435226
-101.3332463629722
198.09452783864722
6.133691700711948
409.88776584879724
263.748711362426
-61.32658212393975
155.13338833923999
-24.36449191344643
-237.49514606564978
53.43215925803751
-180.9364281487066
-67.42064842138325
82.31037292158601
175.18542359030388
-103.88765866535529
-93.15152195852095
194.9336901232591
-70.98366852008903
36.632722421152394
24.366032440678797
30.6030601314021
-32.1791697890797
196.055879577668
28.73751333837669
15.689697141256955
-209.63349330886
-155.482560761827
-4.431240752660576
301.89288070319265
158.95054039557579
-48.588060333084876
125.90640104834188
-157.8206235272872
100.46250074896359
74.54507861058623
312.3009742469539
-386.2915321963405
262.56388532640216
-66.65940857866886
-159.48144664720596
-389.24099050043674
-100.8376556031585
-13.630927049852085
-314.79970076748094
-52.437286822286524
-122.47069791232947
-235.52709344557115
-371.9410784641322
-13.658569009653855
-94.49515555820518
133.71859394764252
-214.83434401236565
28.98750717647351
-98.10876535168632
40.79294313575931
-201.96972806375044
510.3765276896236
0.4088594609254619
-78.66093457300467
56.92203639188715
-162.02835614655538
85.66513580788664
11.576598735410135
-63.128590767209715
92.72091736569388
87.48358730999844
-113.36621640845297
183.66482014278373
-92.34884708750764
-30.45172082447545
187.9616287872162
-36.35179616984308
45.421752891092744
-279.8780955163052
-58.14365219545972
181.78038795647944
-132.09325501188746
-34.323358206102974
32.7109169953518
73.05022643884415
168.05012076184602
-35.38555950506673
-304.61093974990933
-27.68460601370323
186.7941198788362
17.603946046285536
-131.81751015435583
-39.46154979773492
-12.330977550395096
-410.24488567118146
216.4452439356456
-234.68295774526712
-37.93188678686803
282.2357660336029
-290.2214075738892
-71.54118130616446
63.807533487759805
-160.41438358333707
98.06176369512765
-42.93946489241058
-58.72504142070935
263.12321932742526
60.150624764824904
-287.13737204559874
-311.44289829094726
177.7920754933468
-101.1623873609386
94.58109865801804
52.41342644150795
30.404827407875526
119.9920918485836
146.4807058307203
-97.01010661159577
1.793504353443467
-366.20751174422736
72.4420715009607
38.17386383563251
16.217782406791493
-46.983876609575766
-174.30618771773013
-100.16523610709986
255.97652106792452
68.68947382229474
-364.31898563123843
78.30680926806878
182.3272404038849
290.50288592282016
104.20879651260586
162.52237366798894
-48.289532484307
-97.7099028822675
313.80980096140837
-8.484133901484984
-35.45048408938334
-150.1608735112349
60.88190730226709
-10.248457045684521
240.6959795593771
-29.394971307139873
139.23678730956055
163.3661245265189
189.11870313221922
-2.8243896593914433
119.20478775715813
276.9169597143435
-92.25897097427
-184.93949556401776
-88.2542576380294
7.709511918611026
108.3049463985969
27.26999382296469
-182.3585819581584
143.4133102942116
-73.13698782516728
-7.84319265347648
218.96508219702545
41.564156022987945
-164.38658596550374
-90.04940069746513
4.306488239686371
-213.54963120802392
-39.434368646690494
-44.96132084586023
-250.7424998484126
2.1193408204733664
-40.83777612463097
179.61914560947866
137.11198420400058
54.52928643487735
-25.922820118183232
-92.94371524511317
-9.389570599831991
-237.01335436107675
150.62655713319907
-172.46947716395817
8.876522446017102
168.72375431182738
-125.1361053038443
66.31408912321665
-12.089029187689821
-227.77644271868422
-13.805155382427895
223.74419322052447
-21.861999619263372
84.51899293483274
-143.19247740387726
160.70634631478777
-18.54500950053019
22.352446992124808
-8.162965994360349
-119.08814778975774
59.138522701267874
193.95027702325137
-212.01919348892113
3.49866380663994
177.50532541342685
-183.52971499531964
4.4270548738556
-276.7017729684986
115.21500145617563
-94.26760263930022
-83.58836661194415
267.5892902062917
69.41215446245677
144.42771558828625
-120.48762506860807
-254.68024701869223
428.7661766335449
200.62850310216194
137.79068254090063
-61.812014388045725
55.134239956090944
53.93646978537406
-248.7502313549163
-240.9905209195192
290.5745399529311
119.16793156635126
171.91569251708458
-115.00820966862973
-23.0021589158124
-23.079697542723434
163.4831879811696
69.87359489431952
158.04998076491628
54.03884756581331
208.0529931287073
-11.965290720255226
-323.80590470112065
-118.47041179678713
44.94963714057111
58.5669506441069
117.14439304361939
76.29565157387961
67.9967132702686
-152.12539975656176
147.82610915889447
-14.298847714187206
112.61300897573749
132.24468950631427
-98.53776161412584
-136.725708467197
325.5918755932241
13.093090287861862
62.42326338818961
9.896306182637304
-324.8907331743641
178.6772601242524
57.35730087058917
-221.63686389714516
19.80592440846425
-120.86120463654208
77.40068104588671
-68.90774364402506
-25.164914357032
-23.6121724577863
-224.8972001730182
265.31341313040406
30.96770049971652
-135.33488878216022
-296.3473556496284
-188.8781709259387
136.2565344175112
-88.33908216222045
31.291224998502212
60.989370078052126
-75.84701555335795
-154.43481729480618
44.652724068927725
245.74535926925938
-195.39300471319208
132.62117178103426
128.15996096254648
154.37486451558993
-86.66850770050688
-293.57484906582687
383.16129671690703
36.21015629969663
-107.04917872296791
52.34246190301367
276.5215838031796
-334.1437153328936
-218.78605134531077
-16.121959012252248
47.24805360263952
-142.49047321335752
-96.47764044360065
113.17389612410705
20.47522564657412
190.5953553983432
19.407216108156938
-95.26680849267123
60.07022031403963
-31.210514908843095
-80.18877022729436
3.188332915232196
98.50542287691222
115.9232259970573
-3.99647656609965
-211.62367550834958
2.47315422253815
8.025244448323509
124.2591494656335
198.1174768515758
-40.289379359725665
38.46202014855326
-246.04715572882893
-175.02485457277103
81.31057919800568
155.01266264660774
-20.173075626279783
-143.82302473560858
-47.32165996665239
-44.30729366080915
-176.46702945810628
-199.84878706591232
-50.861789458877865
112.21706877856963
325.5537388477239
-13.66989839824733
89.56697699164604
-12.797865477058838
-368.7505943579566
268.2129474944136
-65.55084258348936
-222.69844976102345
228.9847720689354
191.71358452068196
221.4489233678751
-111.8216457233045
39.2835451513738
-40.84113502787917
-3.9596399607212343
96.16409210525106
-144.19980127158118
-142.92299855732992
-192.7136608284598
-140.50595677392946
-42.70434231507377
-62.798228384962826
130.29777879444225
98.42773341268077
-66.059643068181
-67.27801567717086
-69.07798472264457
82.52732159491657
-0.011948263823557292
-101.70449368913503
-61.15586493171534
-15.671271149781068
-130.95679341825297
139.17699260714687
167.28344494494024
-30.76965505106061
-69.4326043898756
-135.13572157258204
43.75499509625775
2.6516522070505255
-207.2294288716189
-57.378757113884745
-25.477620728390917
51.22589486076028
-154.30283312959963
-132.90635211195556
-13.340245374077593
-224.63552042355758
-156.70882483814276
258.5219733662724
-66.54698970317932
168.72741233195345
0.7325068348070554
-205.36177999597797
-93.66692381848358
-180.0272768097873
111.74723518977738
-243.72449186297763
-157.23142821357837
101.94122840927525
58.1380185995663
248.37622608981312
-57.688018108343954
54.658168400552825
-70.15569656732161
4.435546109345175
175.67703290455992
39.910346028242
-13.876774849572572
29.0909738357539
116.84839025180065
-2.3523935394384186
-136.85409972982023
141.28653835028976
-71.75827145917566
47.5257304523434
-19.28871665246374
277.16903609793525
53.2989948802323
-174.92762116501723
-190.44824601925924
37.88300385718875
-200.77052642204677
-50.699032343076425
-7.496384345799187
498.0817140093629
-149.87874336998266
104.89090067811657
137.3271523343177
215.1506746095158
-38.110943540495676
-265.30017823488606
-59.39787702252194
-84.81610068718761
62.53781942726529
-182.59078466752445
-7.378874944203643
-117.94244547802816
13.625575738228719
100.76279911703475
-100.28201733766936
143.78395470994468
96.88203858950146
211.69613209268965
167.85198997605352
299.52539917070595
-56.85564013801624
-46.962031674151994
-186.88397986645404
-185.74711225455187
98.41691960630634
-181.35794046585798
-56.08418545886299
-10.403446589969516
280.55423545076434
-245.9377897329935
-217.2116833981347
-247.59243476290789
-109.80871939321833
84.64424062634956
325.56855215461076
344.43921761598034
-37.9342380129844
-230.1684945639259
111.80381332163329
53.685566923236564
329.21365447617484
-142.90912573277748
50.78933816833069
-107.55722676671033
27.292043248963513
196.4735041933164
-55.70929743729742
-109.51235115583977
-82.14113112186132
-23.222584588250324
172.39922316301372
-96.01025561980063
-40.20025921914185
52.79042068869868
-146.35006479964596
-153.43701666470236
107.69394982260607
-38.76302123936338
7.8696685187686715
-8.520563893076188
14.895186701038533
-137.19730115122303
339.60105872954665
307.1582313385963
-405.3457047813596
-23.685981619004778
-299.86423911716975
-98.05979317303901
-193.07860109306145
51.88319836819986
37.31372567821668
-52.532740831036065
305.5384781563063
407.88244907284695
14.913851660266996
65.04618117490797
-121.779713966023
7.7203559277828955
-244.2710344705595
44.72725747148989
-53.28137016123165
37.1722393916986
238.06891594750869
-99.82976907382714
40.8704409726088
-108.28040266438586
167.20531706328077
-325.66842823058926
257.08358106929063
46.3296417317082
-212.67650759416983
258.3644942226398
9.683471235166571
98.43584735645062
179.86282995963032
-330.47972616038703
-318.50493112169727
121.85035642933636
164.66377699854073
142.91658923183905
34.55836085576502
-22.969173897131157
-71.7017106972388
161.5531524823772
-120.88502280131101
49.82762708617016
-242.6654860241005
263.0879090510003
-111.6375369335723
25.447573013220318
125.20709770788704
63.20608732724767
-36.39468464690466
112.86363504498945
144.74773715032362
-19.05344917724252
291.77752053075506
-275.04034993318095
417.8401230948288
111.92355457501782
245.15980847299747
-12.357259207737254
43.26161960249659
25.380555149322145
67.53577515215795
4.404695293068288
8.87820856255522
213.61907333654855
-98.85637074553655
-219.24938302816085
-2.296038476940077
-111.06325060730605
-2.1919462161657446
-181.74902645453372
53.2620093057153
-109.3749674529131
35.45406269973921
-80.43904078929755
-23.456192634051355
-36.11112664942597
208.93030927094
73.33114599480609
-62.675931564759026
-18.90595504770876
171.035757600546
107.08320908156496
-67.73645576082205
51.19346093458946
82.86039195425894
-59.72666679387863
59.95588622335986
-45.257548210380975
-259.246008855926
120.89220490480066
-99.33009393514288
327.015587280963
-136.6097645231454
-69.05347711307871
116.1357675602138
72.345282396415
315.60161902557456
118.10189742927282
-70.92875251498842
-245.56257856629546
36.011136138499516
30.82660564962711
-202.03593765255997
-240.0932399066776
-7.503641430109419
123.93061835975624
-80.46469935472392
-38.21810432630193
67.24266859728557
41.847080109761194
221.57955694985873
132.53568375244942
121.4746191346611
28.09639791380626
194.61949679775017
-222.41157112820645
225.32394834431426
135.21769480334362
129.0319788999728
-131.48010175265065
-88.00182891407775
-67.13350975838759
12.524692560115135
-46.086990637178566
280.1479734660839
-113.758957563078
-315.30946392457315
-30.207808206246195
131.5265027474485
-226.62023734792223
167.7076451272343
187.1154293779975
195.26660079653695
98.93284501153535
-11.769393534292455
124.05312309566156
141.65441175821664
110.69937598074561
161.11346393389263
10.809096482840834
128.0227588208335
-278.0093455865341
81.21689818721137
-206.76150811719882
85.5981020298776
-141.38756166021577
210.7547894609411
47.11093310781627
-505.6410143074471
-191.55082627736948
85.2164628127717
59.59636505703522
-141.3620194103023
72.92148061472878
-90.63537302582284
70.91141290344287
-32.23910406322132
68.87776569111819
-13.785927139848875
110.71153074167728
90.93950951538338
-123.69701477501326
132.32641612728182
-162.434445649448
24.0950435203987
-35.594210719866126
26.99898256069688
31.944940768759633
-112.09588456617176
57.13442118851349
-231.54859210088713
-88.86014435000186
-15.100229842106282
30.977334109321045
-144.1248964980799
18.34690916956048
-25.989704512904826
102.09027513860593
14.526891040623626
177.5560167957201
-20.72857294468936
-111.69994165809909
-317.4801126152086
-104.58725156951871
398.80897929658516
59.97955933579844
-205.1115033913269
183.30673259408388
-314.75692720447904
272.3474068433283
-123.43086175959711
180.2901696675192
305.89375981148993
-140.71020562664356
444.4411710963691
-46.809877512777554
111.05148673235041
140.9413534961833
90.46537554052009
238.15854037832156
126.52215393170778
-53.20583717342572
-112.58844288457446
69.17265397254272
-139.0356493544076
16.81518859681891
88.483817859959
-152.60441005958216
293.0978029616165
86.84240580605754
-11.739160328364889
119.52079042168538
46.35371453633727
64.67197238257903
-63.23847057567029
-79.78302352496941
366.1985293565188
-32.674859661381305
-51.193622308709266
-249.59808779357218
98.72952258389512
-88.28567062947452
248.62277592366277
215.8811404465984
-39.203668720164686
-136.6188963769468
-31.34536880324771
-178.9370589727191
45.42548360139766
-273.91176734473277
-194.90405086159865
251.19117114569525
-29.831923932976682
163.43687350150353
20.417875838065992
40.61456302436563
-564.2729646554641
288.95852402815285
-7.93899598208921
107.08414676083008
-42.87634601762072
31.425265577511745
98.45405409818326
-18.503828770246354
-101.04646608043358
55.96996089319674
-120.42696613420307
-329.4080522425097
-29.018421647616805
96.1904840389766
158.3316377396248
-231.37695764124047
-98.51779630644117
-191.68288617115567
211.12085862092172
-33.56203078661455
15.975071173030083
123.25858740522972
34.90606124601039
246.8192279455853
-60.43341029918315
-85.67686170074519
149.08764704388733
9.344956334136812
237.1302316374504
136.43167739316542
276.9090162358665
-350.54115751436825
-383.9002989706594
-176.49699493666637
-225.48911261526106
-147.48656513056068
-4.0869580138287045
138.8987056024274
-126.02578488809077
14.939210997453443
-8.620301080180514
-121.29165946974759
-84.26471694295077
15.695492733793285
222.0630655043661
127.35853875965091
107.10346940211221
25.304987500974647
159.15615019307222
-8.345755724788702
-119.01785127351965
62.52609713910685
20.8330722264839
55.348072655929016
159.58453381178182
-47.65107869478916
-113.32306662001852
493.3979271224267
184.66276600410205
-1.4033380845571055
-168.5435078111258
-142.31250999547655
-89.68085385104678
78.96228923568695
-48.1513676161218
340.99869864329474
166.79237496686522
178.989038401916
-54.7340377297556
-228.7278133986081
-352.7177372186866
-178.9770425675401
69.3260024760621
-86.8301003173251
306.7071178598366
37.827721549599445
-271.76512086206594
-33.20686098423073
-0.2333842359435091
37.72287344199234
34.83855834861912
94.108221539187
165.68820818454782
58.62160860861815
-205.04027551524015
-79.91440476512739
-151.36659481983367
226.04990106226893
-467.5508187160589
140.5109776927052
18.028387794768424
-150.43082690397864
118.5870677607832
-82.44820776303864
-53.60984903114137
201.31558592206636
86.60473965191117
-0.4675816076683279
102.33747522264319
31.456460247891393
-14.011437317653755
60.19984837520327
-37.93126296523501
81.2375765929343
306.75191640742037
-314.8985139100945
-325.0653076282006
-64.71040380836509
-151.89127281108304
131.82585438083657
45.01050050623369
-0.7822987203675293
-166.3462914417764
54.360822001833604
229.30989270542642
130.0186442630456
50.44413080331221
-201.92341890919147
181.09739399458272
-88.37041555442875
