238.05619776776507
47.003272330389834
-43.9978352005345
-184.85659643157513
-235.82459283844494
100.61685574560137
176.83800308573066
32.977887718781325
87.94370065718378
157.2088218316707
-92.34422266092852
107.10832685060163
44.12689090369882
-99.09316176269132
-370.1209762604078
150.41854840847054
-45.347422936639184
-54.98726983881253
58.40971618273552
361.04624754282855
90.25592264794527
27.101865978351007
103.26306352898379
-9.933953655794536
-96.4565651051205
-9.584664219196906
-46.174481124290985
262.0411473180767
-39.60791412480961
80.66559916229849
-368.0319633350398
-242.51830325257095
38.32168627897117
169.76687821601283
-139.02468909902154
-359.87104746363605
44.690349584543895
-129.0251419556001
210.19611537604231
-109.79916002498669
380.7899965274209
216.2201833694753
-131.54244401466792
227.70787614005212
-197.8408146159805
-283.1962986178928
-168.28475419952866
-25.810664952804398
-36.82867611073031
-484.2436821864126
338.13499199882585
92.68327887144687
299.7268571976567
-310.4771233085627
-159.64744877866147
45.05802790124577
183.1925126779524
-540.227048162756
122.31041311299668
117.90353518926176
-43.9156004838743
-95.80028647471276
-268.78525090443594
-76.1156995097523
262.76604335150085
354.6747607446552
215.9218930231281
-14.466474416911863
116.00325739450574
278.96132201689966
-103.32770390581679
255.6750212353086
-12.028405245799403
-22.625505372068204
-129.75715486922658
126.58929332026393
-88.0136185805521
-75.34890423319261
456.4734489433436
462.0979556835115
-5.371701259940936
29.287211563443662
337.09988445939484
157.52998915196605
5.264286099142094
-33.14062565177596
-140.66009128597702
30.765184589055682
109.63735283221936
129.8954572382533
-177.1192659432488
-376.7981755440687
-119.99703463159857
129.08803604775812
-132.11520648478717
115.81777097146872
-56.299442500781566
255.87433650764677
29.533014512990395
175.10070546495908
127.61586384762423
390.4971593107046
-70.62920402701582
-114.0793739560732
129.19524821059235
231.34051888464344
252.317116401763
262.04019335205214
117.12162092359891
-144.3217302246462
181.47329125663668
40.558700636237745
-85.75918512512649
-212.32144997620657
-2.673242822470302
111.62133496802377
131.8513293579927
195.20985724105734
-58.76567438907476
99.06368122420709
-60.257977516015885
138.2726711462411
86.79544374168373
-8.514299940787597
235.67692973119185
-81.87611464353499
102.67974524024098
250.60745901197828
-174.35936301424124
26.290659605511028
179.90494998912985
-99.92383950300302
27.41929044042632
-72.16755054724739
-96.01927408391123
204.055338381223
-80.69884979629467
-53.07613048278373
50.15161772782028
25.532300586066516
23.985080051851536
-34.46520663631482
47.57438585083324
41.26396902018172
74.66670886905806
194.36395560831576
-26.48320574510719
343.02627379996284
-148.1625834826139
-92.6914308648816
19.041242184185325
-107.41012483453807
54.99910163839455
-138.0222453891423
247.26648338448322
97.24029809115281
230.34304708547702
280.96378035909805
487.78209029488306
-126.50554290345617
141.12947776961877
-71.72706763385857
-255.80789101804538
-191.48354928367067
302.5533114277626
102.45486339377454
183.54383992252684
-112.78827820884804
13.326048619153978
-201.8132080006307
62.338841055935234
-20.13335712437852
67.85792800221394
-100.77454549514935
-35.989427353510166
-243.4757206290625
300.2720924820081
-19.263706448010016
-193.78696138685373
-47.61476135334794
219.69660587781527
-35.943339788019
-268.2906304724595
-62.21687534920647
-56.305495457388545
7.666667643086813
-221.8469315783822
-19.64993826542677
211.42548119099828
110.49433126259208
241.70098649058335
-8.514656441874603
-262.2492182755412
19.20811827825853
-120.82855404045198
-327.7223316222917
-45.39649614610764
-97.24228357807502
466.68652854260034
-100.26336706220104
80.85455179436158
-145.7242464869075
-341.6888329422999
-113.2017205082565
217.2816682455207
-278.9157765912975
90.95798104414412
166.9048272661941
235.69439928188046
130.30277317729394
-259.2476747060534
-104.41737221629418
206.53897202077147
106.54123379745187
314.3805696523301
-113.58077692826326
-121.3964998910292
-176.73403917088143
32.61461559955052
-138.1068906044748
-50.32792933809707
70.16297745954697
-39.720264943721205
-121.8891306482562
146.07695122254574
-66.31125844235355
-102.91696394563397
-129.32242413747366
-9.557854939254899
77.82741636805457
45.918138275466944
-245.29384404074582
74.56992346997531
-372.06126491520246
203.02230058451212
57.41945365436806
-67.1466944881291
-151.81074844912527
-290.0153894712743
-8.502466335402707
-44.361675713975536
-171.34832471426364
114.60753208920998
-85.22267264619728
109.98147171835289
231.67444975226203
6.335782297630919
-30.419744227710694
298.08662976802395
107.97889291528045
28.10933109089699
127.06604476067824
-196.23515654538303
212.14155821014216
-43.92006598981552
116.7612026499979
83.90765455094716
-117.45601801241791
-66.28460444022312
-89.83638765679007
95.52572869237274
102.63938526452917
54.97912913694645
-37.52591593826913
120.67898027059745
-189.06104312680733
93.43710136410458
-37.04713328804608
0.314059540302438
-110.41050293935838
155.38381551566064
354.99096046137447
-369.3292727259176
-49.28385147334278
101.0483119147967
239.52245300673187
126.31506785353415
-73.39334901016117
-61.46612069473524
128.68603453914398
149.27588158909236
123.39541190237607
173.59317071257325
40.647945603807706
-268.0989633367464
92.92853143195671
-96.36533956590604
28.000674716312236
73.71459498245888
23.074419608852892
-96.60794976582133
-153.70034979720322
-85.12825883690815
-147.6052868880376
-198.48505108813396
58.7066745499388
166.4465709521725
37.46974482107278
138.95981832360658
134.72777557019955
129.63488780985514
47.43458267325019
220.1668158333324
-19.175747565018252
136.1166924404102
78.86213359271433
57.49640688153498
-99.98935107939955
-193.78795439696336
154.17056997508303
-290.1607255979931
275.8334603773824
-48.45253823090514
29.943765789344976
-118.5410569240037
-82.77200596760798
-366.2077134773347
-56.6096046532354
230.9753924918657
96.56191649935352
68.10668571996351
-20.688470606415475
97.4654499029612
46.59890277336445
-14.07991007058553
223.04985229825908
122.33495079399634
92.4526356340186
-267.994936084334
160.10105308554608
-15.566958936873448
-240.69581110195082
108.31557250132923
-153.46891296789732
-235.29177227586112
-33.592430295107526
-150.4916241487422
-107.26971953473071
18.424111711662157
-378.32188723001934
-46.87174925384817
-20.311415471074646
44.00658329151769
291.2384805517798
-35.63099647830219
247.7503723476552
-187.5832690585736
122.02096263398383
-241.3014920172159
-59.29208949571315
-15.064474461756408
178.34122860476054
301.52254615334897
330.8949046372689
228.57886175498703
27.58145900644759
60.06081853997822
266.5145889076755
387.6345053117599
101.18045471690013
-44.780615444251396
29.566512859390297
-110.4763088435493
182.1628535413112
17.77817539711281
71.94247370113192
164.77874619774332
-213.10610767602415
108.46665641744433
-206.3037115776547
-96.46814944142791
-392.0996610887731
-308.60491403270584
146.8216931237205
141.87792804337494
-172.52371807919258
91.72467572589396
-255.52522087108815
-59.822956279691944
-11.526315523513324
-117.53753944122123
246.41889713355428
-36.930158026827
12.782793604335797
167.60404439587074
10.509598126981343
123.9237113804533
39.95964066478498
7.220360557818617
-82.36362105977196
-81.80808535458708
158.75707010013895
208.50910544188466
92.10056083104347
299.36546176473036
-53.53608842766218
47.05408650032613
16.165047828201352
-186.01026557003885
-47.24665413482496
-195.54602723405273
216.39630772656008
131.98427985588006
-102.7709648738542
-46.16583183355335
54.27121317440613
235.14774302720107
218.80487987470815
-424.1655575455565
33.13298917015081
-99.82654711306337
-19.040086692383486
48.44892401290841
-311.50244186866314
60.155730341218806
-71.65764516291794
42.308598817008466
34.788789948914776
-106.75785666332413
-100.42418009927428
-47.001005445254364
-152.28944973449322
-55.731747893207064
105.58168259596493
41.35530153214896
-184.974983380357
-11.9958959901657
-32.71110220904278
-21.39623934625593
24.299951503521108
-310.4518720723904
198.27416748263906
-285.19462620553827
466.0346873631871
-226.3063292599025
-21.883664040316614
273.0746706315111
25.36983422605606
285.97734571771105
110.3394931646413
-145.97034778662206
-110.68078288014017
-111.94925829124561
-67.29355905150946
-55.968788753234875
187.77498002185823
423.33237695157595
178.21522676860835
202.1917510083178
0.5652827439620338
115.5027935523246
3.6877636390404764
-29.50313966725631
145.23390065686286
-279.2015171934326
-403.11692285797943
381.97434400521723
108.95939524615619
3.988564829167014
-153.07586922063223
-45.169641614094495
239.09922252641803
-115.19315853765465
-39.98391418145409
-221.22192843009856
-144.1665749868627
77.7087620113783
-3.800296158085373
-195.56022234827338
-187.45408385537556
54.55257615544292
190.96556024369846
71.0708512444327
-30.659359166758
54.78978090148127
432.7426659388799
-63.99081045007113
62.85759799899826
-327.99187029275583
142.66458609613727
125.52845762420446
102.3097883155817
-292.94639438156867
-39.05392444067571
-72.78327031100848
-499.42976794120983
264.9207172103002
17.369245764860302
31.15128553842385
94.9665105120851
49.016679919514836
527.4664685817685
-9.972033478745425
12.257133150247556
25.69220189628558
533.6879884571605
58.266845019463794
114.97494599128869
102.19126256165374
190.11247626937347
72.42884430378945
201.3321165946695
-270.83712181712605
100.25052963627114
264.8789178356082
202.72881070537596
286.7708607721484
80.61697437870376
-272.32688446971997
134.72934950148957
-209.83877699528318
-264.8286007427336
-84.67720823706462
55.84160378674225
234.2547221263502
188.80550065755838
-20.29745219525026
112.46210847301408
-178.34677194604328
-178.9807543981638
183.80455940818553
-28.025087334159984
246.9668477457692
-132.19146150555713
0.8805250826514464
-16.81578698626429
-154.07793458623055
213.13923840097345
16.89286543023173
-231.84628871751414
90.31638982368091
77.76507224279801
103.18310432031164
231.6357190534514
-206.29003774423424
11.66494145552025
-51.95071973187722
-5.4826854568194205
128.2927317186831
108.55444906038743
122.14033211267764
193.123292248214
136.8919086635339
-222.75828986720632
-7.122917593667404
-189.55613979176553
-121.36870216239679
91.31117262466341
52.89047440641144
-255.95370057505835
-30.45183908579368
183.17359600160682
202.2682976413244
-243.84426212732572
64.56688871215952
127.72075991625489
-148.8737145155389
234.18520011377333
126.43462247232584
219.49266283871407
259.02387121691146
44.69326496447661
193.30239512587778
-121.55451742277693
-254.1902150934516
387.64587524570044
-290.7177524904686
79.65572559155953
-133.18215863807498
62.05171138452169
131.6548442519094
-388.9062433488281
-10.751420364883112
9.021277737217659
98.2358791340193
19.372293591520975
82.85542141062434
7.820676370641137
165.142265210934
222.33789272093176
-172.65290059037847
128.8226851236831
-84.06991382447306
170.31168977379957
13.618784794798714
87.08492609100851
182.2374307017984
-75.85603414627052
-179.86774317567367
-116.80097774814483
-218.68140511796906
190.16372802309053
-18.694792901479296
-157.90637120634636
138.6938378330141
-85.88829840211869
391.9040448818315
272.27735717681065
47.811329331779206
205.89638207563334
74.23788367522847
77.0418312624639
142.3631532172304
13.083582511348645
50.551798682209004
-269.2265214102612
-100.07063416878506
-176.40298983408718
-265.45308113741856
-115.53391442838975
108.19405525988594
126.75372923052646
-126.432119668333
-76.37286032037403
298.5766427942873
310.4018599198373
358.4943443418262
-5.206646967770293
-98.9004657198706
-214.6504710726563
28.098976285262253
192.5397267678691
173.90794523024294
-159.9108445742237
-192.13858087191323
211.47210129095905
102.52648509142449
131.57428396633804
19.950363461211403
82.17175107777307
-368.25246930674183
-82.14404583727286
-285.4771220610667
142.96628897303543
10.920400996808173
216.55425881734192
47.49194201896864
56.04566513299608
-114.2988511316568
-308.0036012970222
96.66716171311772
364.9406849579904
49.69039060810175
-170.6372715016241
-272.51918045449014
342.029821881147
229.7763096648796
-196.32529934749465
-103.38846436085683
394.14542526538
-53.35196826797158
56.10421705041293
245.7991331491317
-53.549413777119184
-25.265027737093316
43.24948313608223
-326.967566776518
-82.10318326407577
212.40143411604922
-93.7178322722586
31.695970471027046
-29.490145140451737
-152.50399493079755
63.14104881993279
-234.201017645917
-94.22125699194487
-260.97092097762805
361.0050730120948
-61.00695247669252
3.008489099221042
-280.59359875362486
-70.69567321492353
-158.67426402005498
-76.65283940276035
-302.12601478202396
113.25185456449904
88.25966809453384
-112.09784684470154
126.37432508006368
123.18844872800167
-211.78454492942748
24.30080521500544
-54.10251611689736
-66.0393321975559
37.79243268320408
109.72092664654268
-242.91953907084252
102.80860167253176
-0.27253783300655765
62.431083156870315
60.341940524016465
-142.9446807307528
-10.151203150201312
-141.89841972530837
83.76662218683894
-46.36807331222015
-33.361886095943234
-120.0804781296479
233.061765265923
-67.84502649582659
-92.40634722215788
75.13471031728962
-91.98511250813505
-133.1234453547141
55.65096910635058
70.66674388225293
-211.400764466751
-42.82056057585472
139.64491712597933
63.59106432992961
-230.080329641795
-275.66409212374555
-12.044556510650589
22.703088447679903
-139.59456414399838
22.105781710879068
308.02680671363987
-208.99060437420138
-99.34486275591146
-318.9196920020996
-276.1938244481054
-175.28657067698717
135.7029422695784
60.61114083589528
-71.72409281120326
51.04827759608072
-155.5869920273254
-213.77255354211553
61.58130277237649
-129.26467472601448
-199.97421730576733
-174.47192065872085
-223.17863633549325
-177.61368418837236
60.356850514465684
-164.60288014462006
-125.78737169477266
-162.91109783118776
-37.736254314524494
-167.80104063817316
68.6358805304022
-5.301391430845805
86.84565653733056
43.13944357097134
306.33642771786776
-227.0076068969691
-67.38100706622147
-135.26970282674625
337.30736705379803
-389.8261918626195
-270.22437822926923
4.036822614846524
-283.80404128767753
198.45022267700605
162.0991404455471
244.1482762801579
-208.73059064115068
123.91904392553755
233.55212832624017
211.4696680598135
-31.684651954662073
217.83485843946983
291.7004868288783
-89.6343713551197
7.686658771330084
-62.917823772090564
-365.6935453649279
-72.99333559863653
142.2194857533079
-234.13293111267836
311.73700465993954
-51.22757479764455
-197.40907015567186
129.07723730547892
62.53594605098362
48.2175066536667
315.4005696802209
-204.68224407131459
-123.59457101077659
165.36969076979327
-115.7944862073422
-19.804577774970106
-103.19820155008448
24.536034576076496
-38.74742242299244
258.425315815328
-211.06324926166928
-191.77737187724267
-27.313790633540457
258.97056599046556
-13.02958150080382
189.60958070881466
200.61944816203385
-286.3147850776336
-6.8119058035990605
116.54422741828617
-4.305860907305506
199.5283916080647
206.44068590460367
86.98475908013837
226.85952413397834
71.3067352206666
-240.97129812993845
289.62863769250504
225.64965928415424
-312.51273064138786
-27.929551738972847
114.92201547903821
-138.81900616725144
-16.862316176634014
-104.02668769418062
211.13857873748069
-148.8005803001901
-166.1781731794659
-64.73780240585023
19.408867013559938
-213.47374652257812
-174.81696255512136
91.019526921175
109.64484526919163
110.87246217944003
54.964737624938486
8.518014768811309
-6.175938980791576
-127.19449463849327
68.70297883113338
-197.45131921062267
-4.63773351783219
83.33123172067674
47.27353676066132
61.370588115262514
115.30073553461516
44.549357183044094
115.63803759811806
149.3686132775159
-51.44508371774977
-70.50540191064972
-226.98246699196685
240.6188190546077
-75.68039556774895
-162.50441929136355
118.3354827881674
186.4243723931725
-170.61929740970555
-48.6261976920419
55.9948374567378
-264.34496422701744
-189.23961507559218
-84.32124880120226
18.4159944334331
61.821071148996076
109.54408048897317
-372.4839007196068
-44.309828467117036
-281.3052518173175
93.67946788860385
-186.21462009185416
-65.40817708277709
91.6800834892106
-133.37352772039128
18.686621725130365
219.65356673918978
-235.17581138991142
264.51451875257237
-135.25677394482014
-80.2439374095815
131.7715355208865
63.03322644621731
39.627498474783785
-3.2176821278605656
-21.461923877591893
147.07463043732463
36.931940497034816
-166.11093026141884
-52.721078029320026
219.56096896812642
154.31143620022155
23.765250315371475
-219.39022064056985
10.84015218313746
66.37951748856042
-260.8339151017323
-190.47438411862856
-106.51684910998192
-283.9259154614004
-77.31673329424487
-259.1392320529782
-122.76330786650001
-119.22509441857916
70.3045035663345
59.14259010044279
53.695039824998126
215.575007098809
-30.6173376380061
196.91281104186712
-148.40343533761703
284.1861770097961
-61.61515573881046
-50.494493088897
272.21645036214863
227.5539090698347
-43.43493794204096
7.421530699510529
9.498967187841691
159.48441390796438
-96.93265648531634
238.20308250975327
-65.48455557127888
-228.6016109059101
-101.57149358447707
-176.00748893689394
79.99970096111379
-57.85924200972492
4.426627567171646
-77.91346842712414
317.3905605604136
277.52953011304925
-210.86864327105135
-119.45436168163256
-115.02538965710876
-30.70619173053515
314.160313008908
-56.75575778771487
82.5895323577355
-258.4086804841914
-328.6093625098057
-190.06499766391534
-297.1821407416973
110.9957377618895
89.64486373618116
-19.23817752599354
-322.83765267132287
233.13655946536096
71.88206019687188
55.4145865864746
-89.31432833678323
123.67054204135685
1.4704116324285164
55.88328889694504
225.37145184617125
-84.17089331277758
79.57714341650674
-33.34009210230817
-264.16377758286814
168.57056706251126
-179.4575815829346
34.89501205244488
-12.984463520413819
-360.1319895974352
169.5945253292546
-186.04852634430753
-99.39027143793699
79.02491981507096
-111.85917313827538
-29.089623832225495
-11.747670455690603
194.3804980824348
-46.47350630580532
-216.7831270148695
-225.1472949706031
143.33642636996453
-19.33973837428734
39.19602686965314
-94.20168481294635
182.4364548148755
0.6935969227004399
-193.80563909239044
140.95914548686343
223.91647669785291
123.13180308748957
86.64503417760406
45.86433530302545
239.94316399514972
-232.0161640899628
141.28661856332715
-62.183851404077814
-106.99359445309807
219.61316147026568
179.33373171850775
-130.54860195203315
-202.22133229455255
442.58712695020847
72.46501881921084
148.02476573114436
164.16562026802413
-134.32440967966448
-164.47561103707758
124.72715846132496
138.01617125597738
88.73826345500753
-70.50330574550593
285.1114591586422
190.87218312429715
125.97422482017865
195.60349096493323
-137.5506581131904
156.4685586816041
-104.76535222309468
44.781920347729134
-194.06803154839997
