-147.28747966992734
148.60702498483812
232.58202855237627
-117.05915526016433
72.35657905873677
-271.9909014778635
58.71666963788356
-135.38817867426295
46.81692545731452
-73.56105768762183
102.94919169439207
132.94138538796983
-50.47864480681509
369.79154961947637
-95.78856408015703
28.096447295861484
59.011257450908865
-217.48243240006988
102.3678656373978
-17.322304951896463
67.94241135255525
-25.19789579305816
107.15711039303129
37.43159114093683
-25.29497700291061
-12.532414064085906
-84.56174176787479
43.65283200021328
70.99923495202512
96.42738805177623
-35.86377508672286
-8.127470802651667
-147.8087375718938
67.84299274924491
10.342517549818904
-28.79223595610293
146.60088648420023
46.41086132174083
17.027359704706917
-14.568710709271555
78.38631424479168
72.43754064805175
92.73238821403936
-8.231074274558834
-185.6936528081129
-41.400659627403144
5.4217168386329355
150.80225973158218
143.34474604120217
206.32056860676877
-98.51557482629049
63.44036178346194
-55.44828330944068
-182.87503121611138
93.60128646012429
76.52229165796345
91.26198986601867
76.27392111714437
80.28874378986741
267.5581719098227
29.14755106294527
-29.540614442409403
39.21525218198509
-9.514687874833776
0.9725001068931907
214.08672113119727
78.486516195319
111.61849204888362
4.3170622709419195
206.37513852450417
-11.882814520272412
-68.07290369862046
-99.10268342135178
115.13575367069403
27.72458174151937
66.41109273399542
190.55019906348278
-257.1181310219906
86.03177980236912
54.21293758211514
187.56898088438442
-22.79270942243995
260.55737574410534
-121.47571671267522
-171.5163975544336
150.57300746499445
-156.06697148227775
-94.50449615715772
-18.004878456266535
50.946249259732596
302.3975972066301
80.28073320112168
254.04151704573943
147.65042839880434
71.12726149669429
50.832029778917814
3.4222523886975766
-84.69375868602964
135.2011455350418
26.31430725929131
-173.87512174537517
65.7780545545732
-111.54318907162732
66.95459195139806
94.67091973447997
-7.190529506844895
200.27966668552563
90.58189468442566
59.87177531344163
206.74679342037717
-88.44382164399768
133.67035959195167
235.44486816033336
165.69670572008266
4.681547203221062
-102.09624150299966
2.6781130595920084
-53.266770501135234
-45.7747216623972
150.52388359425007
63.802151622250896
284.1831436062214
34.92557228744029
42.446671695183
-60.83678895922833
360.38669866585377
-177.62527816742616
104.34584202860664
59.67942101030146
74.69401324300229
-44.87934904852118
-120.15519990763194
-126.56320597162826
137.9762416634954
-29.098730257320355
-87.10276098692265
2.3644872227463076
14.678594168607923
262.8481376998643
163.98630114425015
62.41356321430641
199.21353209522312
100.63540100087334
261.2143078263353
-90.96349836729945
124.89738513571628
242.09367182953272
-1.8404270271158216
20.659609606235954
-125.17567116857788
-77.96000305477034
175.24706218181493
10.837079482230301
-32.748138105514776
193.80069667388744
-96.60053675023617
236.75275975660773
54.80299334795171
74.92732718205781
113.05077550550526
51.97325451560653
42.761414982471564
-294.08287724201875
-94.9353372201108
-103.36986742061724
-160.91868672237794
-166.38469537977912
112.08086475136396
43.273388138181886
85.72333646811248
90.08630293522654
158.89383891555283
175.89619502084741
246.8428797305478
83.49732549987714
-102.2594588801495
-82.07823764604741
-20.209238673280936
18.58211319952021
-22.471409408185075
-197.85684641878746
-81.9672000464796
-76.88684990933126
117.5119397120892
-206.71820886154617
-104.12825662799516
33.42162180160674
-36.62488980575472
-120.65259039878521
100.60763312162831
13.815882540816041
-42.32613357475127
-198.76132505276564
316.7013476604013
338.2333320856999
117.71972296502499
-42.33901843512204
50.725023626269966
99.923674819859
-167.97725631237932
92.6464314922882
159.1117809652606
82.94200751413824
45.710348883602514
228.72405899806188
-101.74046447666616
-324.4122463057475
-141.97652895394455
-3.6968879238189607
-145.08871688551952
-109.96687039477983
-5.246335381956582
360.4259060903251
123.17588375931452
-164.2774243863221
278.9765962453552
151.15217539739132
-175.3527273183867
63.5494147860297
114.00949800751401
173.73093943282802
-225.98902240633538
58.01159410042178
13.675149919337057
-136.55908107911375
11.20219873355448
91.2065646705163
56.98693065410655
-371.3472731120863
-28.95900932298828
27.12233256830665
-94.32949679674329
7.680658612874003
89.3302380837847
-6.181115676601174
91.91018261875423
107.84779380251537
-100.25757082891224
121.29260332662186
23.47548844637973
-20.073518501932114
-121.31052921886383
-138.31170153843686
102.87773337312818
70.47804312382338
-34.05128355382566
-28.77280518319437
-124.06485458166063
-79.19228146274759
-88.8356154777969
-69.90980628430187
97.67922184443191
-146.91800094464682
-83.8101287028538
-134.90479970013698
40.51907453782899
16.9368937922875
-159.6729109987071
140.629861443297
197.36825257486336
38.49771767377192
-26.926862499973705
-95.4046554390714
-217.10937429708537
-19.543997779122346
181.0121922034719
67.05385215771878
42.954159479246826
-27.68612473489725
48.54423944500917
330.3989384550605
-3.1267924723122036
-228.54827025356664
120.2975819453967
-133.2455570002581
130.54956560327537
-77.48170464304282
-118.17757599717814
-136.85579075250257
-48.45940204731114
-242.60368696643056
89.61231522127791
-24.24231050020408
-55.74606116759726
-87.42081889847142
-100.00316695897372
54.840770896735094
215.9607412599249
194.71635027893373
240.01131741863819
-55.65136435660746
308.73958735902
-18.18874528936569
-54.63094041161755
-46.90065496627842
-210.1842214262008
110.13691568534736
91.59885055376667
87.23113259689914
-221.0055262761683
-6.7947846023805205
19.343602520002307
-100.50155460610493
258.1481107734346
-130.50358605922287
-106.91606032606433
-26.92293420410129
9.094003518996708
196.93117934479895
-75.47523465547519
361.9386791213744
7.337060865450504
-16.88698394915603
-35.331603182994805
-144.0468949415676
-51.664898521001305
-146.55623174532292
-4.165856255917781
16.03349743547991
-77.89574043825439
145.0626933089926
245.02063522753446
-30.814211716508005
183.87678529925006
71.38008954513978
85.75288391408479
-127.74746411877078
-153.3246095558406
-84.2198518935611
67.3532003703392
85.6658289068122
141.4762814136904
-91.27447393008356
-45.80945949064118
282.6396460450202
-62.115272496123936
-87.34700094020413
94.65032194203188
11.221091107357491
328.7587003279209
18.064202251208616
-70.7588646360403
235.44098461954079
127.82855128723531
-31.920189754269444
-30.81178058759526
-238.8548188276981
-284.3193230195996
-141.4877881270943
21.56211522248121
-2.401346679635603
42.28359844720453
128.79380602271527
-210.34690817235088
30.848519619781314
12.159199663699242
-1.1555002317007295
97.45364191362277
-80.00461469605483
-235.64669085298178
-160.92634273172646
-202.2468409395769
9.684669561764766
-130.13647944743155
98.74441118248411
-3.3123180817030864
70.45990115839183
-121.40793599747917
3.3849751034645847
-54.87860159414903
8.145564986782967
269.134614802002
-13.59794209240483
60.241571927198265
14.473001132777181
-96.45059247663109
-115.38617798925111
-51.68519857900721
-157.4269649845811
-35.74641505766906
208.56205271207114
53.29409736409745
84.2554568431774
-27.454577440365004
117.32601963431307
41.0487421463599
64.30513264993492
-5.9474614999433735
106.65554770364241
131.4855301867772
-65.51299223813979
-7.296557210676908
-32.07592488924671
-35.6661230988734
229.4602442040334
124.1942765476811
-113.14934146269934
-150.69458482578955
72.11470058974517
-85.1549751924872
-143.71114671080332
170.5597353956911
-109.80493239699501
11.250952248405477
-78.17312429957535
-58.14286242336816
-171.86747196841637
329.65058302405737
-174.4137460756809
81.3455997910907
-64.95960788747502
89.39173225404541
-48.62002636826035
8.959486407104682
148.4647532394479
181.71965900825722
48.50927467338604
-66.17329533437879
90.10278908024611
89.38007487909736
206.21825293288265
125.78135041536918
18.8237785480616
-51.70837598700936
105.22685855893948
-50.18962232005846
-146.61964796764934
99.1923227673345
54.97973089654254
10.306905097541788
18.201443858294347
-145.46835956286859
48.56060520589655
-20.693791867780686
6.330633722631386
-256.9805728271371
347.34088273344855
-185.55561667693956
208.97167171821582
-100.315893423434
118.26121705353711
-191.61442927281547
60.52013493617879
16.902458674353145
-154.2908659254088
-151.62176568005387
169.7961267451894
-79.80326397617523
-78.19172379269018
-79.27022273001347
41.662833506533566
17.584119657578363
-140.33851767644828
-47.27565367718088
-123.45566305580105
-300.0882980603545
63.382511631655376
35.62373708488564
96.12012129925887
49.231565227365984
277.9879572599552
266.0332554940643
38.95027462281535
-56.761123175019065
-54.05029823379568
-54.875697883904536
101.58313442672643
-245.15898787722082
-47.90832985271593
277.8292737151253
115.5570279950917
-46.14893374647823
-134.51681073363991
-121.48947091633892
48.20210526258058
117.72110863372711
195.97631724721512
-42.716736701759494
-102.50020086946998
1.3904009074871366
221.29756030530527
144.13427078767288
-24.297354283668014
50.63606746919179
244.47961336157823
99.01906511642053
250.37418762866614
112.9563055471497
-101.00127144748562
225.38704871154533
-49.72039143960464
-105.707588178751
-81.53006595023854
-119.21782795757478
-93.81164580408904
-0.001546239864316401
-151.58426321745037
62.90174774539753
21.19110436818827
115.45241510051153
-141.7716710440768
23.169752538269282
78.01334743537039
90.578043213418
-15.71171154455541
197.02172820007567
-251.1134239877212
-183.66429956376248
54.86408534356989
88.48655401035293
5.192195135733617
-16.249417437324777
139.64733694150797
-143.2690486753653
53.48233469244844
76.7871587851834
173.66211337016787
-14.571633075993407
-14.083725571881615
267.83091837667126
33.32367848343662
-223.64022216424135
-4.88598402046037
-82.13543689338745
-27.78774763998878
268.336103110786
61.01398967400871
107.95038894253979
-80.95348358722632
-80.60499812219821
188.78329717647495
-113.03187748222422
79.08017979900346
-16.86319939616955
-329.21945074688074
149.93922731696625
15.86257010546643
-77.94842743677394
-163.16845238401936
-220.40528532431642
-93.8861189074484
-50.79591997751671
-182.24209482346774
103.3703506655382
48.404929023348096
206.70038886175448
-157.66827988834
-49.4438216443408
-338.0542301152264
-119.7969129938109
-222.45563317062266
-27.30290521937612
-63.890079456901496
-94.08811441192267
-147.47487581265128
156.38238683028663
225.2893292643375
339.60223609457944
-36.48446656019247
-9.691732386359833
-88.69074272725365
219.46978109936308
-40.01527039514994
49.23631582643208
246.21706874875787
-31.918436231662433
277.97568334455394
73.78249377433994
-32.921501637254266
-204.03018895745817
68.16325120112413
60.37566636597621
183.74426621299602
178.9476701529554
27.29898021041406
212.265268259555
142.57069187904864
-21.843752210373705
115.41575718619501
42.93073001745072
-0.9940463777951831
73.15386853499243
-104.1741783026709
-272.310034946326
-14.274406763135117
78.53303423777618
-121.97884147974442
-242.03403588292545
-2.285129261240138
61.170006905334276
-122.82773920234307
-9.26325354605627
267.50512347294455
-3.6420512744835984
143.11265306256826
91.69777323332089
79.35908310036666
121.0438650225187
226.21944456072364
-87.57997584176901
21.228823352314706
-217.50764098263056
23.39502246630407
-55.287425264352045
-57.31367693843373
364.62628705648757
-181.50599836340675
231.92318448052114
-89.70496325935326
-15.770846861946687
-159.86173634348475
-138.49222371133072
10.693467093736995
72.83003887521592
-117.93064520245414
145.90748248119743
-82.38873278266706
-161.97610395096527
209.48781345662312
256.5569248782987
-55.61767342409724
-155.50186233359966
-56.716920061533436
-39.20352745941507
-101.6999136177684
151.62929394800747
-134.9618862136197
97.41323733393479
-180.92877716963696
161.79937985697592
-132.42459436205343
-20.010355978309768
36.73356725845363
88.71387852872081
161.59967685271909
179.84669558599452
88.22853990443113
-0.5682269616945457
-48.655644528848214
-60.50630104802567
33.71078007937939
30.63037865704838
211.8373830864892
134.50493231605498
4.981803920843628
36.39336830084264
-7.52890554478022
-172.51562549317848
-79.25692673772926
-2.7972742510965785
72.77280661129419
-34.68269255330825
-168.27252931316357
-84.09387837182194
-134.56484423453873
-116.48556266156312
203.1688524801576
-96.14815549242138
-106.88243133629369
26.98875910895383
-73.31394135999629
77.31821224776488
-6.418663470526347
328.2915042937996
-168.20160553453815
173.7282734907799
73.20924396239182
33.680826665385275
95.46010729966581
71.0504284627216
3.149407442654909
-53.35557231062538
234.7294454448813
64.27538765128504
141.75045997110647
64.19434907233202
-61.182611949290106
54.78061892552631
-38.330110626304844
153.20203363361043
-240.845285343236
17.10885923096115
-222.09011077288636
73.7346168819793
-37.81888635150959
-20.89306269375793
113.01706676394403
162.22211785495614
-66.64873304033826
135.7342331001273
76.54948626366561
140.64527922208111
149.70342293537126
-139.94026401518695
113.49813502069273
-102.01325602586347
33.91424446377381
11.344363626181163
-313.8638329091526
-13.573495003156934
24.122377290286796
107.1310153065735
-2.105139085090354
114.45912178682957
-57.04418151611624
-111.43563525240442
-162.74176177313038
-18.63494613333357
170.07735451927633
-182.5127841538391
115.47185496600073
28.85097183707549
63.71071764124031
15.578712073009203
-11.86116297495849
-125.98520354910295
-89.32125968099663
-163.72435402338462
0.25120334201757233
17.720525788158387
-56.17992017604534
-57.43643990409441
238.20277693518577
38.73912710287164
-174.58588720692552
13.832470841991912
-157.09193445829587
-19.989604677197033
-152.72006057971416
-66.76893551051712
-79.54518608667081
-157.61193409759372
98.38095281190522
55.23697729118547
-234.1360756590311
-145.93278630735668
12.309074159478829
-277.3369909370154
-31.144622500494414
-108.9799211196139
-103.41833615714498
86.78307791010526
-150.4683823266458
-127.11893655278449
-39.314044909414385
12.772192733134393
-47.841275786180276
135.55613295975468
-129.27577281341183
221.75979289305215
-216.34930023266037
-209.85863930521617
-119.12835202233138
-56.49600205714214
-162.92635197957713
-50.72285789730881
-164.5521489728576
154.85837635423746
152.67971041709106
-91.37091714198465
238.01446731325663
-212.80616235581743
-81.14513522961819
86.86524407055818
98.224436975771
-70.84032792559404
-46.58096625975997
3.4021781416652424
141.00120617866006
-139.64732812517263
-5.44113362080875
45.109958387251154
-263.5235126041309
-68.98047359554195
99.54214607245106
53.970350104404694
99.58944818260257
207.47695385881468
213.8831351371182
-151.79156627717396
19.320445716978675
17.32831320632485
53.9074412237243
222.3400744693055
140.57151753265595
-80.3064144552193
-25.816255771273998
-27.080558807504975
300.76496317718477
61.53588652408157
22.356286235753355
90.99041842618989
-10.12447619223029
-85.48779736993009
-146.6171723754467
-287.24225818535086
168.17169744654203
247.64009463788972
36.3269830449237
34.400513076707036
-67.55913746069552
282.0533272843016
-12.879245591861698
-16.886391019223616
-104.02993581290698
105.32560554886977
-95.62859784107418
13.806925165730211
-254.12156339495206
20.84774317775558
9.062838233363848
-87.46070765083647
-74.39628717039805
164.34742503064587
26.437213828503
65.55073595525316
5.7216081605330436
17.869553935144232
73.88126738511069
-13.867135798967416
30.362064192705756
41.067362582509226
149.35828786275547
-204.29155505655442
22.600510708151752
-56.87588875847922
-112.22924504938575
-168.60956591673667
439.84909707016834
-5.756137692255211
191.24521065086847
129.11694821644846
224.87206216074435
-52.440986573351
254.76248447456697
-218.45652168602695
7.281885883391738
62.93677673235817
238.34040269168102
-158.1358514126833
78.23708177456614
-57.88366843022435
-140.1854301123859
156.65340535020056
131.6187967875343
124.80584788773706
52.65950156544068
252.13329332199083
-74.41987121840926
58.39057941646866
-26.48826413979696
125.57387133188412
-13.39116718122136
29.315684998356616
169.22570091738982
120.07673458017867
-343.7459334637388
-14.541168032281236
416.1587564283857
9.120240752184548
-196.18944115043115
37.57421397157595
189.48197503936674
44.86911815573804
-109.19449677375994
35.15847361564515
-45.13838405387242
21.864250697905096
-158.1095121005391
12.329620049921902
163.45474169257363
93.68958874883351
-215.64422953822202
-146.87091109854083
114.00476762415492
-77.18726812730196
400.3856210367465
-3.0923158337635073
-9.63086134025482
145.53892344627565
-185.4902549766376
103.38340309298648
13.580426320587968
-187.41123456838514
-23.194922624196497
99.52170582132655
-196.03979024628478
17.350455428508226
29.406043982969013
16.568375698719912
-45.100701857079265
10.171398435909627
-56.61872830063964
-1.007052234397685
-131.93891766878596
-82.00437495360028
25.68195255847209
-56.901980882046615
75.39642378112535
-72.03557212507295
103.10987357433277
-57.42331574143756
93.48458838057617
-89.48531417938948
87.96875378671275
424.98282523801225
67.49105486917318
16.935703620247402
-31.95170790444488
105.26988422994941
-119.02849848778968
-57.567976109163496
-377.6382762481097
61.30934654181424
92.0553817067733
142.9380835939497
10.640010924659043
88.19167189416983
-11.489555963445287
-65.78965783257478
-8.287240312728033
-17.063755413179273
-435.10222858516534
102.92582598758216
60.72644714535094
-66.74319740439972
70.86538044868102
-127.1310638515575
-156.65625922219857
-1.0512876898053038
35.07414483818645
147.7769723921048
-48.03312159412586
-46.47554069663915
-92.71310771355633
239.2588606380286
38.817479073510455
-86.92680291209881
-47.007912082203234
143.15460159989274
41.55093902173255
-196.84859799340862
-86.77535032238035
-16.131020345878525
-184.5763660604404
214.48144564634038
169.91722650206916
-122.45979594031976
-198.39682016198225
-53.91881898320148
-186.69412864060536
-9.089134917240658
-242.6649669880659
160.4796983327867
176.70743668059163
-293.77257529147835
-70.95732672068468
-51.61333670563667
243.79518350271445
-17.580690621521608
-124.86154114900933
141.20644634003452
21.969182581042162
-219.51201898311734
38.24460957215822
110.76894764485112
128.61655347022554
63.760581868104936
13.274001660703618
-93.65284720602757
188.8604951423613
120.91638207467626
109.62059933409091
73.57851715162691
-303.8081415035462
-169.17993823905425
-154.44591251494145
107.68794823060459
-17.932203169130382
-174.77116305850464
160.67057595075966
182.09415371111623
250.1594037775899
187.66972468096785
81.76411755140161
-123.15993230498252
-111.34080921614814
-10.774298776494996
-125.8436461586327
-1.3121103280996014
-117.89289983939304
-56.644706092990695
-93.03684875572901
2.244986915803117
38.95573979899696
-100.45862278451274
114.87674334349936
185.16934505390137
-62.965767145598676
237.8273808858927
