79.98459213454097
-93.19539744870796
178.02977125354127
96.71369234098407
-137.14003424981007
265.80358457747894
-217.7420265429825
-306.6160869926754
-37.501135206695295
-81.74630949567766
173.19513884474244
-198.14597406551803
14.721141955950662
-46.767345286935544
37.716313634169154
123.08420356832376
81.43675750980303
-129.07551294904965
-74.62202265307472
-5.566853746571641
-140.58045516228316
102.66268033417109
-72.79052103769811
95.01222803474991
-67.02746657510197
124.98687315942946
124.94387859625014
34.5230840546957
182.79056893600767
-200.17537727484822
235.0094083484706
1.4401471454966648
-27.648151308908812
-43.75533418056786
184.3426368893527
83.71689686769635
-185.81284311149255
35.85070463215207
137.7640980411949
-194.12449506160164
-158.24885498450047
52.62330913219904
-99.35134092024693
95.05725131006842
-17.40032543010322
103.9259073159693
-330.632386203383
-6.1811333538403765
-77.02158062627072
-140.38203710098057
-45.602909947395595
301.99203764860835
226.9432457014934
-94.34780270123966
-213.3912408159624
-94.65801233659144
-207.68790870228284
191.57662113186055
-73.12017137968806
28.773250529124144
206.4039473627862
-49.676943648621794
148.47277823813965
106.04197414246823
-360.36980508924245
-118.81773207434884
-94.90658955543367
-208.34225457655302
-17.214074793026903
-74.8648390853924
78.44961063968262
43.875469264655976
-372.37269276189414
9.095616978352853
95.0619142161265
-201.29502012004988
-70.8325290057146
-263.14044442220984
124.24467995853892
-432.1368707385063
40.867445819664596
58.460074456180735
-21.565777190725967
-58.54023788393903
-2.9212822991767493
-5.106099115330505
144.2243339177729
80.68740473606003
-162.28017826960772
13.54460314655331
-92.58528047340114
-67.45565215599757
-82.75274482151052
-120.33719150363491
6.879255018422597
-94.72637137993934
270.19910369870126
-50.58399650394785
101.46690400572201
223.5863463001497
-164.76717882848737
-182.5976228037968
107.05451186908866
-9.576663569118738
38.06383401720593
-74.60459129714732
-156.34140214310082
52.60034047773929
19.584979948644865
244.04414945962247
-128.132698016488
-83.57534144180316
328.788558793549
-328.04452592862356
62.864299743875975
-147.8592554759427
44.28204119324695
-183.4499079699775
-159.40757063411698
-198.55829678722884
158.99379160064257
68.55339857178348
100.28325370310591
313.3940887244164
396.0024213508581
119.04964116074832
168.60671820576445
-44.4038005498897
-137.73305631097315
93.52848496929202
221.7126470467761
209.1650252610387
139.6375666911918
85.17403550539758
79.3965082715351
-246.1942240835348
-70.08410643296702
233.82722616325415
23.87270223703006
14.094842987807814
-69.99319454972888
-179.11725931551018
80.20964910910025
-45.67391725322718
-163.24946442358322
293.72173447589415
-132.39399644807528
-151.70287710620573
-164.317136978896
356.9950531014217
-73.2132260714328
-72.50105540173165
-127.85659747234975
165.69680308514734
-28.19965694769042
-115.87576608133406
177.43426689282504
-189.79480176367508
52.86197905086283
-177.88143567169303
-221.7787181517364
-66.96581762289217
-106.89205307381042
96.57080815316795
74.63467571042356
-377.58234155687757
66.15100611412964
-261.0525803122443
-147.84622480010137
86.23976292011284
-84.7129764024066
-26.499757224930107
79.33853585005906
-142.14695318733135
154.09115006778796
242.5033577369138
-157.53465091218726
137.06380001226998
-109.97851779620741
-115.11349178214942
-33.390881974380996
49.54106418633555
113.73156219255978
-17.1304132397011
-252.64167732080904
65.03503339212794
-39.96987300232484
-96.66080882362783
-196.8478230133574
-273.82600649105126
105.01721750860506
338.32143863706574
166.45108317720536
280.58372102333703
-136.6932341622927
365.282195267322
-60.45168821152502
-48.615749077418634
-198.45480663461652
409.1092715429681
-143.9279015435058
-149.6484919603289
89.81464881040068
29.43063968530273
55.522914549199804
-106.24721681859836
246.39595285321118
-92.9415017710995
5.69880750946135
336.50985010016177
38.59463359883498
239.7343677525888
-227.48658399058397
195.3160056080482
86.50449153096929
215.66063556363602
-109.20106300998609
184.9170843638494
-14.533715080923875
12.162790017865673
89.25193590027668
13.201270721998153
165.30039972472014
-16.69661172927836
108.90446471725159
-221.41425490709946
395.0901090417415
113.28685541178568
202.73308994247722
-44.39271201249455
-132.1081387228014
28.040465997821588
-4.021914694744971
59.63421157013012
-73.71740712563285
-51.35241527289901
-204.62481836773563
95.82245211291153
34.0037082702743
101.01843799895066
-30.115520120404963
-100.55442124655669
-316.0277758047853
-189.50882382890978
219.94778696357577
-74.11655301059825
39.195262219389335
24.04933284770859
-108.82518326651856
292.3102481514574
77.13065442950543
-28.869452984054274
61.98371577238901
252.509291118226
6.712129508955262
322.2983335538396
120.28259235874499
347.39497138342307
429.9122914941341
137.06644090555514
217.89314017668195
24.64994610561738
222.5363846464442
143.8136692260822
-164.43320003424648
149.71868212947322
40.58001969217918
-49.62276111917229
-113.0925131644271
391.34094255506346
72.96447808393525
-331.853916082844
-30.667089089373633
-179.52652398493464
-242.26944575166556
184.24966023206386
-358.5266826162761
107.6868883746104
237.35331014697942
-50.43086683546142
-143.02747172911398
45.3277349347033
-298.4913286352539
-249.4295255345161
-4.464164570582498
14.787792575063467
-67.54808285107801
156.65508205519495
-60.531336570384596
-110.0277686069327
-29.93432432756988
20.830776240454814
145.70495192299185
-233.46741862528538
-316.0547410333161
-102.23416843490828
73.07364131579207
-457.5625395249363
-5.379102274619562
-178.15375689715367
52.849395390939534
65.43155580437043
46.533883527188
-51.98509829270967
-121.6100325981039
100.13355894920423
-25.798120887828976
211.78396190329266
22.6466271482212
76.74638007381095
320.4708475266512
-82.27993593259072
-162.38507372811696
-55.17397873379109
-337.4963695622926
127.45979052716322
63.94752094226774
21.188086618898925
127.74209728951149
-0.1126580249061011
-44.598827627846404
16.636354142726688
-8.558950590938583
-53.40450860308839
271.91609138626075
27.77942221989355
51.1073245258309
102.3390326913546
-41.336376666768864
-65.13611204831861
15.161794756588383
294.1950295816671
33.385281328202176
380.1420428974427
-10.07873585303852
-91.9562335902484
55.45493558300586
-35.73972234091194
193.09301528893855
72.6537872868364
223.99481981133496
151.47199582545608
126.21326904893391
-156.35855268833558
326.88735976399545
-47.58127634618181
0.4667978492978704
-62.68474640066774
105.52045541291541
166.00211525360845
-33.409665832182625
33.39751532656303
151.4752281667804
-278.85508497121054
-76.33249242650783
-12.856447620392599
97.96588988229942
-230.5486430604403
54.302335540393095
-51.79760251040329
74.75397057798428
-375.43956432678493
-79.37400574081806
96.7057473628492
-134.32353438326723
109.69362344719912
311.5608508764827
-77.89610560722039
123.94963122164883
24.85448292326768
130.3633445725096
-63.68796919382041
89.26535185357243
-163.43917486310062
178.2965075569278
117.83607489207598
-129.555413879846
374.62559178278934
22.94406662457434
-63.562595525011815
7.532518176417064
107.31683840952815
290.7658205511365
326.9833695478854
395.0557490692563
131.91179721215877
181.8344556673421
50.934364454207454
51.06725007942083
-86.66159860691768
-194.75534100727694
88.00547380934515
-68.90224278226171
-58.179728538684124
-84.6238023052192
246.84630657724279
-39.077162365398415
86.58333787732887
403.02541493923593
53.24751849299521
-196.14701274201562
-235.350136416623
-33.77563860328145
128.47451091413137
4.196023505973502
66.66944320009964
65.74794282019737
101.77682017176723
-97.70326904104323
-13.698460814226053
264.94545032672875
-179.2339094648508
82.69330178972791
191.60262699398234
-9.100550137375153
301.7893417752293
-5.646778780693693
134.66985781295955
-74.81825084971803
195.29288109820828
-159.5436074769917
-146.64130679068188
-47.300096656075944
-170.52823748581434
-33.84040225147434
-94.92212401658134
283.5206255944586
151.36982651439558
31.100353953275885
329.6796752310144
98.3043042323506
239.8615902740926
-198.9020493795339
108.41048451448317
-167.43361477379645
201.32305539895103
-43.71977945648153
356.89624272856497
-197.14671997175301
-57.0277472909466
-9.266417623180262
-96.02322408930051
-59.50215119393791
129.00318199192256
149.71085610672318
148.21190161462684
-322.6797251787528
162.83937890640965
122.84938444703099
-176.2028813555512
-63.71962522094346
254.16070530776747
-281.50351028605337
1.3705461651735096
-219.32940099137826
43.78439271803177
15.945083971657478
89.8408724550873
-55.1834026831014
-96.6483453927652
90.95788688603723
-7.246472101713484
28.91685173821726
-76.25520575874438
-69.57296706613872
-111.75041924522706
-300.1559044037606
56.36771729697186
24.663505242421653
30.631515358471656
-260.7711086611803
298.69823247098395
273.9683391378974
-391.752660641319
333.37415477941715
84.73634827437844
-74.50621562942692
-119.39344821009257
57.005670312811894
-279.4827707382902
100.31486472613886
-194.37784228418528
100.39961641098245
67.0339712095853
142.66751799811811
98.74015855706315
-63.8036873201712
-89.51816994659764
125.75141412994627
138.76883836980633
91.15518703937695
40.833448850650086
-90.28263049371223
193.26752148690784
-457.98417323331483
57.55099161902661
-59.618128170704665
-309.6480215657895
342.7238816750277
-75.27225241913723
9.131547563495502
47.90012989513819
-229.25366032855183
134.53276602788247
-127.11760713967217
69.98224322719369
84.18233364510226
-342.1484672044227
-58.7367877977926
-351.41061319599527
182.07445044421135
83.63972539613323
215.6210602846614
189.0630443381347
97.58725913381375
-87.64915645920559
-57.01155354067413
-71.98778775635411
213.42520526472575
6.722276568998749
-126.06881089733385
76.04782077600606
-184.5803566269557
78.23698799271945
403.32518457920685
-238.6893953532076
-510.0626721715929
42.49443805233015
-272.29124442231034
224.05777549171614
90.96212110413576
356.2583961207656
243.80635769487287
328.5329331462286
-69.01025513532446
56.44958839714012
-237.66611708103082
-154.83165738182547
166.54703475278083
-185.79875613604824
77.51423305099347
25.892675296201467
144.82364184493088
-56.974889257738965
-58.84731019971617
324.2600602915546
-60.280025862931275
-203.00856256568818
148.72828808172855
46.496179458805955
60.41546759081975
-196.17759339845762
115.25084452276427
-133.18121209850074
329.91134228090414
43.14477535105964
-174.3177709337106
-68.32514208247203
148.23627915510735
90.13290223836788
-248.46662090425485
-82.55768809202598
293.48847937994987
79.55860124833654
57.13352425240045
-131.8582732302297
-61.490175211211444
98.10841602987966
-9.797829927759762
33.66568609049478
96.57631966053715
-119.0892943620002
-9.221254605148921
-305.6956303353363
-216.9091031295061
58.49862700434132
150.92299489807579
-6.881691537516547
-132.40340549822469
67.54236812261463
-184.44557341795144
440.25138157672103
228.4030871933811
14.327206249960868
108.2119922272505
45.9646393202305
214.79365506075393
-36.01418337145677
-211.00062653850844
231.12582653948115
-52.11442475863762
-58.32093437339618
155.35333745493747
-16.213762565289027
-188.51152501536964
-34.81423095070532
-322.6629848015029
119.66836557483185
-17.351131174775713
140.16174169261933
-232.96554753500007
302.35026489650954
38.81700141881592
146.94534734784673
-249.6068241429663
-98.68278754417241
-303.81157442738544
-2.9859022138600992
-15.119370595985385
-17.653549738564838
-201.14551424136408
-219.12560292968337
4.5184771383683
119.42710535177136
207.54947614033978
18.383226121697508
-216.90116352015548
375.0285611960062
78.59976028118248
222.24304809965355
-339.5923655566355
37.060126967940214
81.27892055097138
-99.41812180799936
74.54888237328959
287.95554380538084
55.1885944771453
-170.38004312052672
317.79802314570486
-193.29865697570736
-250.26136239476412
-240.20202509231768
34.999557601314066
-141.6062990467538
-21.002658663852756
189.9878530892957
-31.077268096076004
147.01346090416416
-8.36671575153894
466.41536533227804
-87.5486941893238
195.28011298285753
-113.68267739763297
42.562266821027535
-26.157794926891615
-134.3746983997455
-419.63258782051645
333.7785638747091
96.97176201116193
-139.1416113963165
-145.72844631458807
-53.13053783021089
62.78921262759779
31.667065015987
244.0472749741149
-127.94875185809614
-6.634652038247678
59.84295301610949
158.0425960380403
-116.9625280292024
-46.04897063965957
90.39093415467848
168.96314502679718
-102.38697800601649
-240.58656249264982
363.53864436183363
90.28638261409405
-216.8328843974632
-1.5042951979451067
338.2478394526244
98.69324624121157
-370.4843819869593
32.596255371122126
-7.63281797484432
80.90741878893027
62.86618420790114
213.59400662040386
-127.0065167871406
43.44241713915772
-156.91492741360676
-65.33034148308023
41.42888935093801
-68.15770323062239
-15.296772192527559
-311.3446329310946
71.13170471576184
239.59724963219637
307.6557910925798
23.6134883689837
264.06266015645684
-147.54998929938864
79.09443031253883
-129.37220181319606
-210.3439827151129
91.40046485379939
-6.485788753308719
90.3208149346103
57.071634368836996
-11.889943480367155
83.28728500648201
-6.14066081012184
-238.09074421610092
67.85870750031647
-131.49449023700407
8.565448394236508
-34.96127504246004
30.583523592928795
333.98897832325645
-144.1548661436171
191.03867354587945
12.617968530911291
93.72024122959529
26.88281341050721
-140.59127117419885
-275.9564831449374
-66.92623192641308
-123.98241472311291
-64.7845460471257
33.77246665029862
272.93996579117436
-84.1086934273397
105.29844060565888
32.13504942087687
334.85049437171205
20.47197866729906
-90.85263515642356
47.20462631130621
-94.48767748252934
173.09083908454858
-117.05648135259086
263.7053307550958
-8.427336016509464
378.72504017718273
99.72280932846287
-49.0418524673501
318.8618463712842
49.25146178717737
-17.749781819959356
29.407444308623816
-19.636318340696562
93.73418072653975
6.124555443664401
-44.713611411560365
175.76940725636055
-221.63296407414512
-66.09232328915141
153.8785246125373
106.97747980254017
-226.11046316713706
-11.167313433758872
115.6332746268499
83.5446885017695
9.802528887190974
-172.2031895550947
-129.31044919963594
137.29015629122776
-0.22888850904748903
-68.30094884552467
231.67849464204664
31.949370178003996
-211.44324842069204
-87.92998776428274
-16.758513305007334
-196.69376263153873
-101.04100629992251
160.7628139425027
-54.82383288718204
-166.34306365355795
440.81959210516584
-106.0675334542118
-74.1466633782362
45.29278050685017
-138.76549237198634
326.6698876755385
-508.32993223006093
-169.26745960495998
-345.06005437803276
-269.57765365799617
87.60358315990885
-32.02463209904874
-212.93702122531772
-51.4529856728233
418.3616206896399
204.14235324569833
185.23442524601052
-72.06950047772119
8.690456698838188
21.07475550888406
-119.57455056459553
174.76026020777704
-425.2538849844145
-61.135840472971566
220.55206829674268
-20.947717645398228
-300.1493792601577
-60.132689383860146
-204.00925865539773
-51.41554972762508
-120.69333805158722
122.61085379325033
148.7336673789044
28.600709714524264
51.96812189631469
-113.80733784764122
-170.10416615209016
-114.23222034533732
38.69530092654538
-343.33988801681386
-299.56701718287104
428.29690103620374
-215.09545811868284
-178.03659553909114
217.51591360623783
-52.847374911983394
98.1634787150128
-47.62457966463553
-277.56749466495086
-94.21370336650797
68.11266862771296
93.17519193150319
-57.51165444714794
-69.40655296686273
-97.36936499800063
250.41988827458567
-65.30911138527819
405.58220941994824
-131.32833374805062
131.1267558670817
205.81198016350984
85.48311050625475
-11.618322826558323
-50.60933686456185
-39.071163836113136
-69.39395300112503
-71.55438621159394
-32.41604601104003
9.58945131302528
185.34411890803025
-15.89692063544913
220.2036596692692
26.760211791622126
82.69034211897699
-310.1339589290489
104.62872111083584
394.3113450206379
-182.96707695454006
291.3698652745119
-24.288902131288946
78.4215413623005
62.4090693985614
-143.22802457883088
34.074982462776994
44.98303474414303
173.21475755193276
210.1341318182262
166.05338690734132
-181.31963347415
-48.594269936302524
-36.50752917200766
38.393798795131815
-43.71866064394312
54.3054447890513
8.883089853444039
-157.4353666262536
83.18764107206711
-272.1976417735771
20.789602376716143
248.39622302131067
58.273544776914235
152.14713491113542
81.07571977415066
173.798813943969
-112.20579485632217
-110.99963937615021
26.436274025309604
217.30524086898734
-131.1857787969226
446.6975474547496
-183.8657813814178
241.10566174374404
45.43427564608597
24.186068375911713
147.14707975506738
224.22561889788003
137.074213690775
-258.97155706329835
-214.03804192936647
-306.0165832749799
-56.15619769782555
-239.496132062174
330.1663111802873
86.57884469485606
-174.77306353766053
78.38407484870574
27.397258775532052
381.7452066701094
-49.29322088641202
147.5617707924893
166.01543016245637
-41.04838579085046
143.48946834607665
-113.23115227817328
-74.17835565211166
-107.96617851849503
90.66327962255414
210.1427413790446
238.89155394138996
232.24845238847527
141.07174571961414
-361.1418639505109
-143.9690556387639
-181.0946803312266
-129.91078517212597
264.4119909489759
89.1567983954517
-43.18315994500387
-18.339031023279404
-335.24716290509434
331.1831908535189
10.204364630540825
-230.2666451356238
-73.16402537788154
13.4189905253304
40.01769776467249
-191.72434395384326
-357.51383649515475
495.1645361490861
127.41139226776106
-225.66811701914193
62.96900244954855
-64.66254403452245
118.01191509563067
-50.40610570958245
5.4937990477586975
11.800698468076321
-157.19356851707602
130.94402356054513
74.3166998868835
380.11899521000146
-241.8935629957978
-35.13446477079559
-47.17178261095561
-28.430386222367332
-92.25294537106674
35.6534081246038
-132.3036178664664
-143.5367277112563
-68.21485799550138
-97.28686641194648
95.94485473599316
353.96004005341877
-305.45264904303457
135.48389564470654
-158.59666332258374
15.20080063421274
-410.4737502725227
73.78643347160246
-132.35321857457257
16.41269486558287
336.1138768294976
-55.36970905113992
195.05640406824483
137.3088705089565
-147.74983048158276
-151.8196348764368
-121.04154089736969
-100.16884907454111
-149.99638779429216
-61.86233463056003
-60.30961368274035
136.0517873160634
40.398738817195266
241.1855671698863
96.98957577110825
146.42954158095452
-265.88166211422117
-29.223217557536046
178.75439880648904
4.104132330226471
-19.371429837831997
356.0211737642095
-213.34758535716435
-9.88171468521171
81.79077647793433
98.30649637931657
22.11189773528591
-40.7532372689295
253.97298056022186
-162.0346675141024
318.72658809654916
14.907341348195231
-142.6092065020342
40.50676204864141
-3.728890448181753
294.6916384783511
171.7811453178597
20.09915596716005
-117.3681208516977
55.444583798440796
-344.3937411533442
