230.49517184232704
3.2395362737306557
97.54702594136918
6.995134827548494
-74.12536336099302
-119.26201666248124
-96.69885502703944
-123.84737911923303
158.07875952856907
-24.206313077794945
174.968106631519
29.138477792463274
54.72139866889534
-65.67852409291767
16.859892117803476
109.369998396957
41.505413440418444
-116.86563822517064
217.40315919273533
91.97206310720178
99.32883690344904
71.30113075648836
-43.31783402591235
190.87997043289417
-28.076361131564763
221.0355284711519
-30.250973640521863
195.67383724548907
301.6157720451398
129.71565932994213
93.21141521351609
-183.96456181926243
-33.67383827465076
-100.99175801474229
107.42686089704009
-204.8039506866432
-94.13331333972344
327.05707057254176
88.66171193725933
203.88017750687203
-371.99060575130875
20.61818408598344
-40.31808391065165
47.31834205363166
78.95685935729689
73.72141218312638
173.7421379750941
-213.7055779140427
87.2784024499937
154.75299175918417
11.432925090500591
248.82035247786337
39.63177980349315
-72.196015176671
-256.6841483344073
-79.91729426916847
-123.45016188071263
-15.254236124649008
-17.135912034459274
147.14641266858143
-81.09364039781585
72.5273213048105
143.35046912490455
143.23370924374137
183.31839948022508
28.065839027524554
145.6895615634947
126.90129439236227
-250.7552228426687
74.18543944933442
40.69037554517715
-270.7995005941804
-112.19303261672931
131.00508651211004
-164.6260569733705
-202.60295848656224
368.42315908603916
22.44469340602597
-292.0669857208008
111.0667542005242
-212.39480227728683
51.16963071658756
-29.018866400199105
-167.4568235792529
156.64332723844615
18.19832250595025
78.6355471355576
11.140925799398438
188.67701467588205
-225.01300177436835
-343.20201428039593
-250.99688097518236
144.7517653173398
-123.86958852465725
-23.789951315812335
121.62861180027801
124.80812385291794
193.19179180970474
119.6632041016639
64.3306061234211
13.904180674600466
211.2401504692562
-3.42454944409084
362.60972941214635
105.5323558215197
75.49333861049975
-262.40210553594324
-187.42563808480654
-112.55394076514614
117.42895630873792
275.1350789605755
105.96960834800716
319.7174710576752
-61.72597671188574
-53.02204326904444
17.207691727175277
-182.9790734393218
-47.607081407192325
8.019400978736265
73.59477393981975
198.3082461094749
175.12709809065336
-75.34832368159435
-77.52518411865323
40.88056342732223
129.61737996082292
-511.3717502614451
304.8896523920365
65.44356835826534
-39.62223151109871
68.16212376712573
194.11279842493184
224.80851661287727
102.08953912340542
28.993098187740326
-110.21938323223709
-59.80008842255489
-224.53124003554007
37.19899675039052
-240.113700066792
-36.650119789044915
122.47949162449846
42.12398705772866
514.7731560432493
195.45317833441604
-313.49166580598114
-231.05067754528824
-19.15355824295738
146.43835067997986
-149.10802615016692
117.20174214027959
-97.54596020778382
-24.22448005669033
-264.63701000218106
-131.63596650524397
115.82832388284547
42.12709070018041
203.08155686692103
125.7543393079989
6.341682408294949
-275.9499082549107
-60.973983839621596
-32.13171352133511
-14.352364286557998
17.784141381911656
-86.16320900269608
-275.26209997890385
-79.91136094393242
-31.924994738039068
-204.1471194888422
-175.44986614423473
290.57444863293074
468.75515514753187
71.70524363183634
-45.57734780612445
21.181881647473368
136.56576854414092
95.5362962719005
151.39343740799475
147.32475718312895
-73.29915487105086
-8.993338035570677
4.844029654829954
78.72427237980457
-110.04603237304073
-59.726404079667226
2.755988465224497
-153.90909503491295
0.959795425125123
-217.51998284073852
163.16669984539809
-120.21799248269855
-30.94778358010961
-173.34656669186907
352.12907387761766
104.37276362510094
22.24349047420683
-60.33214416154668
96.21702007193093
21.14239232339223
636.5607570762393
-106.84067312546179
39.86803165596157
-91.01114506879108
-175.61742869897296
78.0223864697109
-91.58379596554414
210.3175194882916
50.48399761647436
-32.1008305874963
100.21843389077422
-25.997944632536218
326.37093251351126
-11.646968175431452
-182.20143864987907
249.52951983912686
-43.61804733614445
-244.56056568123014
-251.89501255982412
-257.6058680075784
261.8349934740033
-122.46310546858065
-79.70028145520337
-42.66592329882034
183.18813492075574
247.17624288288
231.55344222665394
-98.53955196048537
52.78286723465648
-32.08168917903069
138.3928100556434
164.14464297301896
25.061862851142333
83.26666802719573
-27.31093658014086
166.71403225326063
147.06851694481463
123.48526133389373
-77.8956683590338
-2.137719910049297
188.5729105915394
20.40501430297077
20.892592546619486
33.16404339478949
129.31525664772187
-20.332251912250964
-362.4018742229632
377.1408572362309
209.51869380277802
-73.73943214661072
108.12728091939803
-206.41735581220206
265.9520937779235
-0.5357718416551291
46.2095482800046
339.6186287213933
-211.83349294328204
-111.78408656932041
280.7776775942888
199.81509295219328
-61.71379390578658
-81.5323599232009
182.50340987439583
-190.66168992966539
-146.35812545093506
-119.59021038634818
-331.13051147692113
70.78585855977329
-213.73913208864118
-334.2968367470587
117.78481306293573
129.2986807440164
-63.58396781812318
113.40298903849317
-124.82349721042264
70.11864347644484
159.14644417783347
289.0548425060004
-122.92591671976753
-52.25864583514542
90.22625786551119
89.7015670617852
-154.49066774897614
-102.58744190726995
-91.18875492545688
-208.35493543898954
313.26561814005925
310.23257231795225
200.1312111917625
104.15454837843521
-1.8667661182611206
12.62387435248487
-297.1315130278051
60.46098229574182
-35.95080021246483
119.4131053873986
-404.13146364360307
310.0297904926689
-242.80303599784457
193.17653925028353
-319.8332627074451
142.8003203793929
-64.11178241232543
79.34933467503933
-50.64101880795762
-54.46004677212984
-14.835499589374725
-213.67091878574675
97.06659406760366
-318.8999654206949
-352.58178343214456
-153.39826681304353
56.92488888945437
-122.42740941382183
98.59740643139419
86.39950191038326
179.5548259603804
31.142262528388567
121.75882299002976
-3.4345295808891483
58.97963860173223
59.085232271314744
-101.46669978600666
14.09617864729707
-0.7297829172099553
-49.92666623046053
-127.52374296079299
-63.83095327393278
89.15271968538211
89.5777716649602
-65.89719916931303
62.656135605093475
31.827693999416514
-44.38243085864727
-270.3337659079272
143.02845177176061
-98.66872110371563
-29.35891783648424
98.25082463222512
-167.860053347018
75.2513872811696
29.944433444667773
10.69940351180571
42.42963215817322
-18.53373340890856
120.08833449744562
-297.1290627526593
-115.60458201880184
80.12110284365345
449.6413758293975
72.3097480068674
8.618162432550873
-80.92104974336654
-252.1213056682564
-120.10570334498907
154.5770090352567
42.61044497117935
108.39523149944074
36.73975638124777
184.056160382291
20.129152877997505
147.18778734463368
203.08472235557312
102.73069404311873
-241.3900747017523
-143.9783911745732
-161.37228484893197
-23.31938482388209
-92.01135589386021
-14.117143334363675
115.99896032244195
216.5474080971918
-273.15812673271944
-100.18377666141626
286.8215013829799
71.99488839568403
3.822945378763649
93.55055876062899
25.444295382100737
53.208205454047544
6.637999745837167
6.8188354834115135
312.3351757131699
-87.30926394133898
-88.41279243120844
-63.82713232613786
171.98192200571722
-3.9547181367597948
-253.456955602812
464.1169725546421
-11.092007579421374
-12.006179616119155
-49.54850898567565
-44.31862589014216
-192.90685113400494
0.3082134811000965
-52.045200812970336
83.3596666528024
-61.107018553423266
98.68817043487888
13.413690600985838
-168.2449734012896
-128.57502397037288
241.56605880721708
16.355651418563504
-118.64570042725565
250.70292133379064
-160.41041498895467
49.924699934590365
39.47362749243967
146.11778888677355
228.97545013726824
32.44626372098203
-126.93188101988822
-33.18391988800465
-605.9360382188858
-452.6639344921357
3.780754534678091
139.75052238422822
152.91139063952141
172.35178605488423
200.11085076792693
260.58193328440433
-93.42868222159198
-36.06207335473068
180.21668276872924
45.478113562886485
-116.4189596597957
133.17876409168602
-157.54272871058276
-470.3556208198782
141.53659611596365
126.58696947701576
-59.251901730586596
-7.809784373742822
-60.47345179593719
-261.1730592259246
-120.87910374234094
-371.1144277077085
440.14214917532047
327.39683199800976
207.2987046961691
61.261002466305655
-105.95022869739209
-69.60235933628142
-168.78888776075573
-180.6649927291043
-41.17661196770962
65.98218087743226
-80.47116025504354
-24.392012416316053
-98.73183393054514
-174.22854494374178
-250.95152847435992
206.78059654354132
80.00503742196726
263.04079770584644
93.66234829826179
217.67592451136912
10.415641849421174
-242.11915761097822
-129.22924986579943
-232.2019856373321
-48.76283007321012
-127.64904948394684
-80.13441972447612
-131.43668291396364
-185.7172405546025
123.12402520344673
2.5772806202884926
235.32959911343423
0.22322224742528785
172.57632336308282
-139.36012134345208
-296.8712805924179
251.91437022818718
-217.55837646524793
131.83582443449146
381.1157625450861
-71.20648521930431
77.9198579173009
-54.87373083931359
148.97978476824647
-245.65731797692362
83.76610820773338
-288.701688607373
-135.35062462975455
203.76592467433792
-191.5345538331838
-205.25074177773428
185.20302295444333
-55.21981408936399
96.98997513391785
-72.35228438304713
54.35668256003545
-29.848308023958413
-212.82171360873753
-91.20653555067116
-130.75160186456534
113.69897898542727
44.911607170313744
138.74412765127596
15.486422066684355
112.66542368387564
99.95358205329083
322.7079369655432
284.35769273295176
71.28357191714092
-280.3735471472099
378.8321249536431
504.17278268840045
-344.27893346107146
101.25570717609924
-120.76121110294747
238.02241039612113
60.85258562305416
355.2280323194404
225.89511979409696
346.8770548866975
-384.4685349318769
-208.44696762757903
33.15636447066778
-107.2655476997554
-228.59203104825687
-304.1433225381294
9.599909292733592
-295.19219867065897
39.09002501510996
-157.49724938949817
362.4002155335802
-5.8502197189654535
-99.2727141614888
94.42131893053642
57.44787170817575
-55.9156144342236
308.6436572751747
-177.09042534537144
-39.30280037934638
-19.286791108684643
-318.055660379442
-237.75201793155077
152.38923646225476
-48.22363301676132
292.6380086468372
-156.00176321681494
161.81839671455225
-128.16696786851847
-187.9522811628341
-124.50004361543006
-51.71959876673385
-35.42756136268767
141.61336101249054
-234.76559211348754
-36.70597768012738
-155.95250952133537
26.43555836219824
-113.46635113796702
-19.34215097199452
-182.67805278241156
63.524377632689465
-218.75939612818988
-235.83111191765937
-191.61449740779634
5.1329130150460385
-95.39401113698796
74.67549478456353
-262.9423162502392
357.73528585073194
-99.18820329086712
143.62443183805127
354.4103963363141
-137.04043947424125
145.9702066642331
-209.93719576127543
173.76650918897698
88.67841405476682
-84.77819190627524
56.141719412833325
-292.2251049052804
65.6084816350293
155.79753622564104
-74.13303858327873
58.03919967334827
30.544634094907614
252.22353448757178
36.95081742841502
344.22475710222074
-206.15554971644335
331.1222779185392
-51.804233720245506
-134.39099929864065
-12.867726798044128
282.9503157984643
68.85787855865023
261.7657730370029
28.95994164755742
-261.7280743511185
-5.2064456584770635
307.06614795494
171.35258686359754
7.688091395986013
82.74921443802701
33.235889062963416
182.1979831787374
217.86770864144697
282.36482571123287
-181.75613866482496
-135.20507242752268
71.13954132815876
-34.271880988044536
-9.061965655293502
278.93638885071005
-229.0063343954772
71.60432620984159
-10.875098307032982
-148.00768746430484
-304.2083429963547
-177.07054236423923
154.3195946948292
-177.99906125503415
-80.70136493266101
-359.22693313027474
-30.363981926669823
56.13625741401236
-61.68536904596965
-79.71451057620568
-219.10094712668223
-213.4104964040382
0.8755512161805287
176.08015744233663
82.75173559095128
-167.73863308317652
85.47411674677582
15.291160621141154
-179.85128573556685
33.1130463652887
46.36657618493495
-127.77179609079884
173.89875972466024
233.88617266756367
54.3164416423661
225.73858211520525
-145.57821650604146
-98.3800783557915
-111.1986838151918
-394.1923897891334
-304.7195680034782
169.80448082989588
58.74912990388033
-85.24219174151887
-34.4154194278693
-192.22507253798582
-191.1583400763414
-85.46117211566285
-224.1576596505202
171.49281534412634
-207.23827498133926
93.43971754860834
-11.331395292378138
287.67411328823334
88.25854851578015
107.57042780587363
265.45498953542267
167.39748634513697
-29.696622057717466
56.23804438501941
37.05739206265387
52.712290181262674
-47.76139059428511
135.42869899660735
69.56407237798324
-256.9720907519948
-31.761873035360054
-163.69862320473024
191.25632441657947
38.476070356557884
104.25766347632391
-252.5704882397372
136.78790519680933
-126.82340457092705
265.0453076131194
-8.527132776775739
-308.6812545476906
-20.276437301919824
21.988770417712537
-76.07115417315231
-193.18994119219
200.39418186979236
-20.76398417973975
-366.983282138798
-196.89210482003773
-332.64357680157553
-55.474392122331054
-254.75757474458402
-42.80391517280462
-246.9704140178956
312.22477516669767
-113.52959083037088
217.72088809426688
-110.59940536162007
197.89480112331248
-2.352574322971086
-84.65102864315618
-216.34164831634178
135.28623657379447
1.7074939493339325
-306.92659811777463
216.72002909749185
344.22520173344907
-240.57952786742186
155.25713539378378
2.379539735430886
-171.78710300182155
-51.86283132616789
295.84389676726505
198.3531589007336
161.74716140173484
-187.00589276875678
-56.21817451988575
47.02342278553121
218.43648016928915
-147.79039922573165
-96.48579742063676
-102.9691646726358
-123.2426803263471
72.34072500988026
-20.832462730979525
66.9408975902563
83.97803094267508
-50.191396583517005
-343.5405030148703
79.64722773949664
-151.06281587316718
-96.62591066565676
132.44060705372974
10.585681483037106
-39.69907360282741
141.2791019975281
-81.91246050325466
-22.418598012660816
-381.9876312477177
-73.50447831689064
-58.264570601705366
112.1124447230411
-316.7055196593388
-134.56744400724114
97.6179985434057
-184.5046020992268
145.3981461612359
38.86772874536528
-151.76079039794115
87.0555868974773
217.7442436576495
-178.56094777586227
-65.98091149630662
14.968541092653805
117.1440903293315
476.480384987736
-63.74414231437263
-241.56306868780504
-55.05964470576547
-178.69199299628107
-203.3542063235905
165.5749584094049
201.61114683201407
-201.18449605868625
-7.092005422654568
-188.33165833639472
169.28870872740944
47.884754903061946
-64.87676109203855
54.532743184439965
-151.87743392366616
-39.70284730583649
339.1751806137239
57.364540321115626
-136.2248743713191
-124.80839450714132
-38.33744605738225
-260.77753690651804
26.54720842741584
145.6937195240918
-37.94059393192561
106.6062283132129
167.8092211233391
-82.48635662410757
-187.87181418142882
26.14884606982595
21.087494678158954
-131.42228289969043
19.091159158960245
-139.59913503288666
170.15047658236074
-29.71532562136983
84.81780756936911
144.37744264027563
208.80664270123268
-6.78854136090129
125.7216081211218
52.90246512694631
51.70102785055604
45.543545018234035
-49.37113496742777
-243.12160531659217
-42.61389743126799
63.82185256012057
-49.1202056519241
137.575689806845
-36.7204039667516
-330.61164694071124
152.56663330205484
-100.71533132161944
-222.02327196400233
41.51668447237082
21.664138518596065
-21.801564316961915
251.99657907269318
-69.27408093476046
373.08341447168357
4.452736949219612
30.051435178911653
9.733794374989696
-9.5130991010352
21.134008845474682
146.251650153023
54.14413583082466
143.67423322744634
-28.482803159174686
119.22623182547022
10.275743836513392
311.2571959553638
55.155090682296034
189.73572292793733
241.63759042530987
133.486434014447
141.64273085289832
63.09082154049366
-199.94763260274414
93.60099753282333
-103.94389635842028
359.63340241704714
150.16663657733906
17.352202053474244
-389.38527475356574
186.7130456840598
-507.2782670765664
228.65714031618168
43.193820683933836
193.99638664914696
40.59285614760769
148.13401212925365
-53.071123003499075
352.03264951886325
158.4656747910838
94.16308892659079
53.61709140837087
-20.470711707554383
-0.9345978461057971
-72.07013054962454
185.32143271292375
151.60948027833734
-10.153179055211304
27.8739717929824
148.85229739871994
-230.7440835374138
90.57180074362356
15.193789309051247
71.01188534019474
84.8369105649829
-119.43117595779972
-155.98063559540955
-209.67596739055597
-45.80005561154636
90.54163286006391
22.091749645219778
-374.73236185316955
-181.23656429699096
-34.190838771433135
-30.980359976921385
233.34549626925048
-282.8240679543706
-19.952209765145973
19.005729623107086
33.939010467961346
44.27288067927056
-166.83069167707828
-145.04782298837833
-232.28884115557705
-130.05689358268378
83.0495967598765
-49.65352612914306
-92.01976953731311
-138.03236350519202
-88.247493291565
-212.0494842530021
-94.05403832246967
-36.219764428302355
197.6219789118044
329.20821994565955
29.097601899100017
47.83909656404344
28.714748904142773
-428.12867747956653
-62.17751058610197
64.18630440361736
3.520350048704799
75.03889034412413
-215.26071116935114
-16.21905024713667
105.79828415578172
-79.91257511639849
141.68095514220184
-14.43648752627444
7.971322846873011
-238.47267196118656
57.3907585658557
182.92179613043572
115.3461317651514
202.33283108736012
-79.7236550363851
-14.049550068413517
-146.51552643141318
20.517067531964184
-140.1946787775907
105.48801894721915
-83.18076723216281
180.7981254909524
-156.94189115520678
-51.49382551833707
-199.60051346026364
-216.61285683915773
-12.490814894875959
-198.40204806351542
-6.35692567267925
-234.90069222203653
-127.38762453452016
8.693167553470111
-50.91749891754141
53.92480168885074
-36.021458567596795
206.91464638487003
85.952160453342
-59.65999763729529
-200.83172049030017
-420.1540314160504
193.56410519604356
142.21334336038618
-206.18738037309436
34.69661199014558
203.81796127716413
-67.63789149087532
-22.43433581146517
87.77714664939874
-143.78220210451795
-80.58240247093535
80.32420423303547
-126.82851384466963
5.815930682878513
86.34177274781563
-57.95406492025353
-217.22015603988714
194.61065521623715
108.31435870413408
-105.86842243296842
38.04155131552277
306.4466906896261
-157.75016688783077
-110.37581728025451
60.51974123386785
41.40425222954333
-225.4941765291825
-131.54262865737283
143.6202574655469
-83.07678074632632
179.78318428722534
304.84173308933003
-55.14460883358122
68.7369169235626
375.59738565184534
6.848749514521423
-313.06818045441315
-227.39203737735596
216.17259270272046
-140.4363957364595
-14.427759911827229
42.561007354032256
-93.99099380036265
-3.9941388512864027
-3.8244277963151188
-28.586993958769213
54.09758982408686
4.079514920288612
-137.88097178465148
-71.76926145036256
89.76456821982704
-124.46742842348232
55.90926796899439
182.59771490932445
-48.42345209660302
302.32885989144916
