47.64290520040027
5.878245102456857
47.44046745166986
68.44198092442006
-321.9343295540561
44.64463647162054
129.2043328624878
129.54358371152122
186.02128258305035
105.35677861680749
192.8934288833511
179.47263647070983
109.97886002146717
112.26791919001376
-244.72994491384495
257.4197354088694
-96.5337339285249
-166.68120986043058
107.35628701817473
235.3370635089291
-33.14407476147327
62.481852565101214
107.3216525016869
-44.52963571756728
-93.68254596762807
-22.559746760369
-141.74347487880166
222.4703618790855
-103.54098418573125
-67.6554524909556
-308.81459873711844
-172.34138871616642
-24.274692179679736
163.71291082683268
-181.30388908091913
-52.75710697669812
84.27342290289452
-177.92773379776168
214.68568107896303
-156.26963712175163
201.06779975950255
236.48602428587816
-54.59430622921843
207.46570498158445
-175.78785008431012
-62.519506737435194
-17.11702356290231
-155.6892399346531
82.26283498108629
-295.4413587423983
71.43199244772848
171.02718481121653
204.7191232365284
-67.36259863846195
-105.33758947505738
100.15345611583214
24.227146382070114
-276.4941034182859
139.79690590617426
75.30817121616549
-27.640352968204386
-111.17180799618144
-51.09778900986072
-99.92996615449107
101.95597612715635
186.8126230672843
143.8469323002078
-16.390575513869738
103.55843372724527
222.28547614035625
-119.51394461751548
28.525394322620834
-22.739267097226485
-64.66177005179019
-64.94980080526463
130.74395132617065
87.14725808712869
36.830064073139575
394.07221384574905
236.15617471725776
-91.96667031099999
-64.7413850433601
163.2754327259193
43.77903189272567
54.88836937331654
-23.636449377388995
-123.81459793370792
-33.94582883407634
52.064669849655715
23.691457436272128
-123.97078184636528
-262.8428236079042
-21.945917164780177
161.44340383475998
-53.08002177472252
90.79185201101355
35.28372697009232
27.935965752616994
-35.001898511289426
96.95600828581594
-14.815325217069407
287.19124371996696
-14.79632362535933
-106.13919235008277
63.67519779542559
141.03654365828248
241.33067473471684
86.10150286338826
-48.315446172157394
-5.039914617769851
244.31779254668356
-17.50065016647115
-71.25902809694452
-75.35308102721991
82.48987482104639
43.438769334556525
44.02146718151736
153.17568141052766
-28.340589625672422
92.209392920964
-126.47404160316827
17.363709417448373
-45.36547110710391
66.20619171768183
51.52903000245473
-80.00607287596895
109.23680608771208
121.88630889323376
-63.48645467212009
39.05267181915454
-46.41097700260177
-153.9438112966307
-12.939581631163467
-95.75701292688719
-155.10819725861654
-50.96598140094492
-28.02184446443994
-73.41142391805113
91.08164239423253
91.46277551491933
192.92150087601104
-37.98948453526352
21.126649931267032
64.67838692061927
72.98446652685382
-60.021880316923465
0.6897199399010354
109.73123587839947
-159.1140387065938
-5.438630594778154
114.16265205162291
-174.56967795591603
166.47780460347562
-169.34700791861962
214.80823038796498
83.90142167690348
15.137681713355366
50.06409571857166
176.66460890063908
-152.88664648724145
7.721815430847026
-162.97852290751194
53.97613197533617
-102.81473377452905
190.7293900818229
27.521915947277936
241.85005016752072
-72.00581705213924
62.31356225555938
-106.50383966289141
63.58672542361069
-4.647115661576139
48.05316492297384
-161.5836016112565
106.92261258169111
-100.77111195068994
149.08806599504206
83.31903662229385
-166.9170945495737
27.187445843268257
-15.089673560389896
55.14256795286644
-147.51069291799075
-102.89648226284152
74.65852433425793
137.53746425909856
-201.00790422577018
27.293865666710076
145.42792061278737
51.56123236197222
131.32991006368405
-142.26562751475137
-21.430009874147217
-25.8226214491575
19.17084672572964
-149.00432603050461
-94.36201908161141
-212.28490328497753
301.902347426745
-114.16796225746198
130.89334304766635
-71.34291616606959
-283.56553379821713
69.11193833141746
41.985690245398224
-195.4593622769746
183.5524787326257
-89.06779684122601
-18.72201418579235
210.54692349577076
-53.505575418195676
86.05425293949172
147.37535165625636
7.8931740415627525
147.55209955170272
-34.782238165210046
46.50317879665788
-141.82341219998318
81.64753259890367
-192.7432640023075
-0.9623970483120883
75.83864305711218
-80.25678286717392
-3.896666141890924
-11.760619224726252
-55.86269197925989
-38.9199775603445
-36.48004252708204
-120.98961717651784
40.71331945612469
18.174940435473502
-60.71226806096826
40.73692585938224
-202.2345790514285
212.77304863413124
68.11755806979436
-21.851923200814372
21.119849483731027
-53.39142208286621
-71.02948518465591
-120.42481798734177
-12.696380446663701
76.4072275609288
63.205551385336975
116.47783190979398
143.545111039842
31.69416860276758
33.30170974618099
222.73567373412882
-35.42183379915865
118.27987550534924
136.87892960227413
-213.6593897893412
56.76566499725929
-67.55189525401806
5.462542076450119
145.61068699361024
-6.248860383495333
-99.19850481940328
-80.74093846480326
12.622224387358347
20.41796468890363
35.23928043185051
-168.50407939115698
16.85568846243703
-172.70890117254018
-27.47692086045699
-6.592002127365134
-100.24954481122923
-30.139283011444007
179.55260695880256
172.91038086964363
-82.22302276057285
0.4199560626259744
115.96213141760877
149.4407031382836
-16.74364605530319
72.00573680504493
-167.28413051248455
108.56152052722946
106.97624658202271
52.147740872379636
20.886016682530443
-62.10214710130595
-149.5266235047866
124.25025430920203
-151.15531560195694
93.902543028281
75.91671972544646
62.404370106462075
-77.93272163266228
-102.32690088090166
-93.84439237749945
-153.72120218841422
-195.95347063119783
79.83889810802448
198.54370468176344
38.519425253119785
178.05297282004966
-73.19512907432663
189.89697093776005
-75.33920785789184
91.09025393137854
-88.5928538357465
169.35524545871272
161.32840548205775
22.802380265548994
-17.98868988049542
-86.57127851873867
20.68945332778421
-154.60958760459783
170.4647396985389
-100.90654582195862
-96.00902741905675
-55.42600216654882
-106.29023620546741
-227.0931451710736
15.963255290230647
216.44212984088838
229.45998920514845
23.017988070326567
-139.8406344772032
-123.6770867645017
-37.927195531395824
-126.7777331248261
129.8986149552764
126.78815717299567
89.630584747082
-43.188943011897024
-3.187993357595938
-57.30937772682885
-175.41482779209102
61.16675160091779
53.20533823423234
-154.5897923466022
38.316792157813005
-176.88825461678482
-120.19795481349209
60.547176801085776
-371.01511021379434
29.220086519642916
16.801598725160808
4.783324215528674
186.46147215769437
-7.931238609365468
197.61801961820262
-254.6984167496699
-55.573567055115696
-205.95040256171956
90.95585917750233
-157.2639757919662
52.933454528097066
222.07082306142865
103.21293497968497
51.45526261352307
54.70606648404799
89.96701871612999
47.85811402231332
212.9233378011206
283.40038032472575
-81.72721372487167
122.76101174035453
26.481559524103158
97.31898099392843
-26.589259029994338
24.937459079589757
232.37599413351822
-182.0048498862846
15.379482973540378
-83.02521817719001
-21.325070574489647
-257.99950218235836
-209.04678012586643
5.185348620484287
79.05583341942375
-146.108565906966
-134.089729892511
-213.7872980269665
-201.9788641804284
70.89321503186922
72.43243890259039
27.106460753498194
-66.85617768186215
229.1905160543008
206.85957447560713
-31.894458657027204
-63.116416436655946
74.51029852869024
11.574366526216185
-86.06781239099068
-35.25298538233161
123.1262105860142
286.4846291959612
161.38156547276185
250.86683401336185
61.40264368531558
-45.51067793824103
-150.11830055139603
-221.04256979495534
-297.2011054828943
-184.23582933558905
188.090211872232
292.2775183000843
-201.63007357135487
-94.94043749344685
-36.51978267473104
122.75911706187642
187.4708292154806
-131.4057102703346
-126.6780161357095
-21.761692606182464
69.94351655330436
-71.37300051438183
-228.58625947443542
20.235098526664633
-36.50270641989532
-167.84080362839234
-7.216670737537891
33.558095114730236
-132.4065561839499
-157.5184224891262
-62.93911772702551
-119.00923382040499
142.10188022126505
-28.93376229746207
-263.71370315994943
-200.54518761887678
-124.66422257114642
18.33685144793653
93.97866944936548
-159.21000104193052
90.58058778413684
-233.54421945834798
306.7587702781502
-93.97635859281958
-99.94618946011202
259.6702333242936
-50.54773699076467
130.40273846135617
33.9822112398466
-92.50088911634698
-110.68490100096108
-155.09020323593083
-141.65843981182846
-15.111387207553722
91.01578279089641
424.62637650404156
199.99531063442404
247.60072173241775
10.90657388830497
130.46342545346877
129.08656239279634
-42.04627428281705
53.455352773422895
-135.542828474772
-231.80331753512846
108.26852810289016
-100.70518546685499
27.211841466464307
-67.5959634397403
-53.005050428416766
172.9362044261044
-67.1563957326947
120.42364421616153
1.153899251004854
109.00392151001758
66.31564420428471
149.94794421167202
-229.22352443850383
-90.25575222017254
-35.96281129673733
152.1948307597617
-23.064083371711796
134.90670450072537
132.07600225342017
281.1606479778485
64.87257715215299
53.15793543966065
-364.41007163909353
-49.426951002850615
54.297457305539844
35.96366366569707
-280.935472457476
-127.38935379192141
-178.59823872526582
-288.842567540381
46.370284094145696
172.85843141767418
-120.01829402515439
67.16541357727878
198.86009209079367
222.5554695664944
29.342408293219563
132.774564374093
52.26588630360963
209.98577362930132
-62.65965718300697
-23.203830080601882
78.66938576879262
240.10778446676917
46.8624948775728
218.52938424375347
-246.73835795410366
100.27653059304204
279.90509728862355
233.41256044545432
97.90945987765227
-2.326052286419992
4.144241752650514
242.77162657312815
-23.93979025349634
-223.17929145249596
53.42343944457715
82.41136516104051
229.3499313155116
204.4586053152717
-42.57906021746548
150.95266405325881
-63.41014648018451
-215.48683230947307
-108.04298547892303
-39.03887274415088
129.7496336493282
34.94694059690318
3.592196360310864
-34.07516097669467
-129.24964460080233
-39.29725680412473
10.422607687984298
-217.6809234537982
20.559746888116063
-23.198500441379718
106.65712041361151
196.7424941791705
-140.83926015661564
58.38066167225492
-20.852063647115454
89.62100413263497
-1.3526068235725428
176.68700421641938
-12.12170934137108
158.4562255050988
177.2551801381149
-63.18190723694538
44.09130706006892
-40.516948380010305
-189.62239818764832
-65.95365613225049
235.92469214918393
-132.56962822930575
-59.416038853613514
-3.788443398397619
58.22609975177305
-159.2284640639093
97.7603948115972
4.078776494921851
42.30593300363966
76.09428556665793
-56.060473865480915
129.97728134734695
204.77430857333837
10.81980450741742
160.0594037282403
-66.31374873291371
-224.80110478059223
325.5176671154066
-12.490623901757097
96.6895058524692
-153.0660388922105
100.53146791665988
102.24130167852887
-237.36089006608535
38.23732593000572
-57.75748774536769
112.69448553044646
-14.015813631277434
121.80124072416679
84.28012306008313
173.48249314484468
34.20507526709081
7.975434957129851
59.39461594650016
-60.821424322552026
132.604740274127
-2.1682846594256335
111.39806731381779
149.3788649632737
-78.32411043225996
-18.50680855674017
-175.2857049114525
-54.346609644338976
148.03574961425187
20.406237864333324
-223.57502429990612
48.67318062329041
43.011644883194876
282.2509949328255
98.7823135979452
-113.52445964581862
64.33782551071498
-72.45183546364694
120.58203384270139
41.76436041284078
11.887457678480128
-12.491702986189122
-69.76526488752864
-110.04721947990014
-12.168880761487811
-213.72584986093617
-60.28206298778872
91.63411623104912
32.368612617432966
-176.55651521722567
14.064566733643137
132.3361686952193
178.2975057450736
98.9204210971406
-95.2618806568532
-51.05967903912349
-145.225909891314
4.307867145411777
91.57290520591717
108.3461127779792
-124.68270073814091
-177.955585684689
169.40554859100797
191.60770356628979
79.58354610765826
-37.74027243404388
95.01034810688805
-225.63497015953513
-171.62499203085332
-163.5735923059633
248.63616515525771
22.188814937679457
121.18562962818659
-53.49793928416037
3.050584868972872
-99.88018590520309
-206.10804061176174
104.14206789805499
123.62389264208394
-108.12164723003252
-169.76127528911087
-241.31072118539356
209.54721833684206
105.17183220451847
-175.33374203949137
-17.848238158604207
285.3991043738252
-57.72614227559955
113.26777769632493
81.19436897252491
17.177888968366677
-271.6903511821112
53.978873150529274
-432.5618081677679
113.80934678872539
58.16879936832518
18.545882449900045
-52.72597918378121
-74.3469664272739
-124.20828764013058
154.43670653535884
-80.69882571151038
-35.32797026524101
-179.27838926681866
116.564727659145
7.485461854666724
-70.78474584053109
-177.99551961197557
-69.34440477858301
-101.30118208116066
-43.61785255744758
-155.0891916361716
118.59246479483356
47.25149608398492
-162.81606221958307
121.16692426713269
65.30600719970786
-73.43093176619034
150.14498421388913
74.19202843160662
-9.2029539486534
40.2538689012569
87.27103189400407
-94.79643236738892
112.8211053218999
88.36015281267808
-101.01689206911675
2.223486386855476
94.28455736019708
-13.283883827977874
-86.0933456942612
45.70557881054427
186.73274991956987
71.53819162388992
-36.246509554230386
117.16952559498124
-75.17882804733087
51.774196781956995
103.31153118705187
-70.12736303891145
-152.33297504651568
187.74437230422214
-16.778648300699967
-248.94603253233606
26.73321012512632
32.02701397703725
172.13368980334633
15.469139796819126
-76.75285589923125
112.33584148113032
-20.186429427761844
-94.81008469089304
117.29454298587851
228.42460411456224
-274.5920966175059
-144.01058968574395
-147.93692246315146
-121.56886471747977
-1.1160412136321045
166.61722317492323
85.9217926211716
-0.9398506720209324
123.65863401200606
-49.87223941770708
-170.9141612784741
72.87685872679585
-42.93370085235489
-39.98784210568327
-208.04443003974515
-97.69554656190462
-171.46788524215714
44.1171647730342
11.05951322634627
-38.97075498880369
-63.853917945456445
11.015472448132293
71.88699001559375
-53.420342041592825
-60.60077792356962
-6.545398861454364
-37.73086925288564
119.23557722073154
-47.23839103565155
-88.7120330364104
-20.090346060592488
100.3986692228955
-228.26608051946587
-183.18360535738046
-145.34619622961176
-39.006800950597814
86.65090159931434
57.008691802001806
33.38193185373474
-138.04737969011552
62.028924575915674
146.11532910913454
267.31374988273615
-130.12783524688007
61.19297696503005
77.09973881036083
1.5391708947918514
-2.1794040360778233
-61.09494087497589
-270.42236988348225
38.06472645883123
31.917313678427288
-93.46850697454575
188.21686381563583
2.072372468087775
-57.0931569640176
-16.437588325683148
-3.967794695761459
91.79697872791907
203.5070627480504
-229.0315055822866
-81.7186394222324
132.4496498830622
-77.7928773577278
53.89172063009709
109.93265312365625
-38.08577176066376
-73.47827697960679
221.4378577569575
-208.65929851052186
-106.00822993963381
-7.801398402474298
290.0940080638499
80.44165673710819
36.08142442447957
-150.14439235445514
-136.29311679202124
118.16717803702525
99.014028798691
160.41319829467196
78.55790266238004
63.73394203605032
173.24241942870057
91.75914143059256
-43.185385031431416
-40.10185736845811
-18.657978977297876
-81.02435857361301
-69.1468646168826
-94.9420630219813
207.0003080227995
-12.99726634782587
135.4731501237925
-3.190851701891608
96.24883864156529
66.84360664415605
-151.9717375121777
-0.5030462553607846
137.27456825719375
-51.243295297895536
-135.08142405253062
-36.82220648408788
147.53062341695775
277.23930675305627
127.67962587882018
82.04172723947516
-99.86799710967456
134.68775188838538
-58.62284339781207
-149.03616643683515
-53.12030932826501
-9.507612283396154
190.2941506105646
103.93701332391088
41.41529976422678
7.71448220435502
184.60756913474054
20.31960777954185
-24.714685728628663
39.418425760274346
-31.947840555989156
257.49941179937014
53.76573541489499
-147.48452558244747
-0.937110224490163
118.43052554302706
-144.8987886815978
-194.13521708345826
-40.6006158573055
-185.5424646114047
-53.9765686121942
-99.98067830451427
37.27538196777938
6.063355658813243
98.72513524777996
-109.98315483754476
-37.37611901917032
-62.968965754371645
122.73905469031277
-111.66433710262763
38.47712553647007
-69.14191870802665
-74.87320446808486
-139.34265565676878
180.7088660783873
-213.22715672501363
120.68295750696761
-31.950054562651726
-63.956578929202195
181.9755749939469
-41.25194280723033
34.5323200968155
40.31684864253103
82.25802030508575
169.47287365475975
44.60870851880171
-124.2191300714634
13.704167654012313
321.7580338291616
117.71049026461942
-20.763884679469648
-192.43256063866426
-98.71245090176419
220.56686930108756
-262.3649400722505
-149.38476390480298
-175.61986171920074
-78.23558034346487
139.53114843299412
-224.71459877642405
-48.2919949187505
-45.908303853245414
-8.028805845492379
201.36497008645387
31.983446313120744
71.49635426687763
-97.3902064580168
-9.747661275876965
-2.5854793734191617
163.86364206209367
-47.36862277864898
112.21761314953972
44.08501601603651
4.526560850446808
-40.155729245083705
39.17064994376265
175.97815057365358
12.341123398837173
-76.75628533378945
221.75718037652052
-65.02073649035562
-223.2453377609653
-147.7615854079805
-60.19014248544414
20.67316615203241
-90.68241511509041
76.83921631370688
-80.23582564736049
169.90890880225567
94.96157174278618
-224.6775273491383
-150.67673407739184
-69.53932438507327
-244.166182867953
157.16123821887956
-17.083762775358288
-10.809088233905277
-257.63258313595395
-251.10669906291596
-105.90749178632609
-213.99951204436599
137.6050419288702
126.05755313145754
-11.151369608468551
-264.4852164302332
182.24219109988934
83.5341095654284
-28.85471359554519
-49.67021447653612
69.49438787520745
32.50337318080242
11.511013154384335
180.9504305757626
30.27460478116281
-61.29652109186019
-87.66054391827302
-166.15217855002066
67.55479965072163
-51.42451010698225
95.88796937884985
117.27367243959088
-367.6166330106896
153.00078097975836
-88.65451709542307
-159.00758569096655
-76.40691524919944
131.20039634689158
-13.089573601887343
102.46181823577328
100.90886453992145
48.87952542045746
-117.30329781858784
-88.13077003883724
80.5817622413496
-27.434003363600247
208.65615479312464
-41.35327839182862
33.81970016537085
-103.27847175434496
-123.56129057366863
3.4798446807938337
189.494549460066
52.42514842843492
95.27813437937408
47.27616240856743
21.563252983199025
-174.8769473665134
110.2424504307084
-58.57993499235795
-122.57382429531468
223.7133382844369
76.78219430894633
-23.96163876463792
-113.48759390255489
213.55974102950756
20.06932853149798
32.312434423751164
26.799328424589593
-66.33573468672297
-130.55900726095433
101.53599102814354
39.84923518958922
53.76858721693176
-61.753124578600584
384.68958596815736
33.98944754634953
130.98789320211222
180.55255809903784
-73.27446405463722
136.0367818145194
-30.150053167257543
109.39588862336322
16.2285215736962
