106.38183481110701
99.14101150656086
50.09187052129683
-174.88711186241144
-332.2486196153136
-93.89550370443125
158.0813028707841
200.03533035090038
-75.57187582410144
31.721880002128778
175.52451118277241
49.010934486232195
90.14003340555314
-61.272301976462806
-161.94702136837344
18.679479327386666
-6.887286803441498
-10.826048775332946
-26.633859878920294
96.59010090690424
-153.69427674708055
-70.99978894603012
94.1993454066611
-77.31752078080463
255.6590075331364
-8.620759844524574
95.87632194881965
-36.64990555579492
116.91230739106153
40.21781287462582
216.34802553123563
85.46495741167674
34.98073733924945
120.91869788403571
-42.74736254795095
7.667245709270125
89.62011823692524
19.884053797912873
37.95635104038873
122.7863813994818
-85.20869327824825
44.83683087659723
79.29139498169718
-180.63137049828822
127.53794386040518
-143.4296541673737
95.31022806588317
-87.80501228203951
-313.8818257275102
44.89707734219337
-119.6858617416159
196.9442999631619
228.33666704746736
-72.55532600844288
-67.82454200087973
-79.44284062845048
95.67590231150827
-246.90370972442184
215.4080700564817
14.551699305089723
79.10751760173036
138.4011049343531
-60.96488535872536
-165.87114685347933
-25.654566247565192
-145.10814463849326
69.39528080791187
-3.554934417207275
-9.479254103466122
42.64459272816569
-30.833439358494953
-32.5146323435544
-114.64250359881613
131.5666010071128
-76.9156126712389
91.9534768968358
92.42355275430602
55.7329598830763
87.58222613683158
-238.93393337435924
17.813780483265
-21.944062086868698
-203.15306580741307
47.78806984206561
187.02131445817085
31.13723138715043
-231.2718079219519
-55.97315156041316
-218.67164647006626
304.4827780005365
-102.17207409908812
2.3237284581660385
34.77120195073554
11.526475689618719
-143.3738253845079
-84.09697397095681
-8.7767531626614
-59.534350830821865
-165.84237739422252
95.27213825972535
-143.71008056553828
-155.52244141586445
-105.87741551274101
-56.910116378489796
-119.31451742243425
75.35656831355297
-200.39971520540715
-146.17248762253556
-8.673234661544123
-57.9020929938171
-45.76764441644469
-28.427664850988357
-116.32373026191343
-104.97157505526701
-327.10808256503515
-125.78420559223574
-60.4507175250742
-263.57056875695224
-87.33362392084256
272.47715965262034
140.39218331174402
-16.561591991724008
15.588503718982158
330.35237834434173
-90.50761137608333
-209.4255367368131
34.832233770318
100.54960594053233
-100.84795512372978
-17.74037677953286
-244.83338492811487
-34.48891974214928
39.05176861130556
-161.4565955572305
-151.6940378210275
11.494783849966897
-125.14558578373843
58.488433703154215
6.027414446105417
-50.68378322883105
-75.00723679665604
100.82370184724101
-105.4735389224957
-203.94524574809233
-122.67067076872884
-18.709030118292866
-31.110005504938588
-3.1647531869376033
-47.386123133089654
-53.82086283383951
-42.445727386176756
23.958887972426712
-140.24861168817765
-11.641553248740204
124.7338528988711
-84.59804822426142
211.69305447822518
85.42597858647684
-83.08276035560706
-277.69815661521494
177.41751383091585
-50.050726951085274
195.0687792464122
120.66908307473602
367.496329700358
184.9628266855741
152.27368408055688
-168.0309142008812
-17.782584838303496
-259.69211480342716
32.08112104836518
8.76520800265288
-228.5674544712116
24.11531716400617
-6.3134448270244485
123.83674299223792
327.11530399844133
-0.9326949285247037
6.060927098894309
-45.83321922534767
-123.55545926155642
-17.019671251512296
43.68045436227518
-27.874749560769466
-142.63917084490956
-223.937262730217
4.453324824938546
-45.7783899318769
-138.933533672749
34.712907428896294
-128.4703688891706
109.44551199990201
15.817006506249333
-36.61971767987472
-154.69987011560988
-48.18585878844325
46.209961914478676
-154.28268953674132
-143.0227132883027
-106.3773523758516
-193.69607212292206
-149.1028418031716
51.566242954094456
-293.61554505724826
-84.93952652832711
-154.82689120414403
49.57759594549895
-194.7387865287624
2.7197912125819492
163.8898924557634
-185.01627447485282
192.33994705344404
-2.7279368494496317
87.22901141976561
-96.0285422077364
36.45998313603118
-181.50086699490487
-55.78953411978309
151.35642087529664
4.758679039345468
135.40536283689772
83.1820201050686
-106.66647930402868
23.99515062378044
-136.8538437721112
-79.36200157702164
20.533308135250294
-111.09858905465086
45.06114286740106
-85.79653686237639
-285.9250380230461
66.39934443345992
186.52407485914634
-115.52174144454631
143.68215383097123
-78.12235039230181
3.0143462624564545
328.10937074523537
5.555389475907237
137.92719319240481
-157.79537085668716
-100.5359521600912
-37.74233839713465
43.19677272633544
56.727267849093565
-53.06355285520536
-104.69092953752293
108.68998740838559
-85.42721451818834
-160.30330759869975
-48.2949446573694
96.69169841241339
-155.80173563369706
41.886767963349435
-3.6034606223281873
291.93313521984896
-3.2697279107565107
45.18339316784434
-116.08214605626267
122.31115975234675
19.320363481661037
-69.92306916626497
228.4681484739839
385.14666501073884
-80.54047067657149
-2.0327376781942
28.282413357251833
-161.7731973734473
140.0950559415902
-180.19167709315323
-56.67292354049782
-57.25454002059838
156.55101671667092
-208.2211274918911
70.19703158185722
-51.618952042339316
74.36777127586673
313.7499580713176
62.750688071178054
7.325682298570824
16.20394147504001
160.8367727046482
-286.21694721018736
-95.07393941686118
-150.51502823809014
-0.5811798179268626
87.22514810699937
69.38638235259397
-127.47813789768581
30.55939932372049
-152.2646128785562
-58.91150360299902
-270.0366137299805
206.2874119532411
-103.50749865038387
129.84617725114603
-253.22382112774932
369.03885037630954
-176.6008262461996
143.59257459698608
70.12583833283612
115.36561535129393
-141.44720993405122
-236.2473641698409
216.03441616485082
3.503322093530865
6.236680288833323
502.1456438668925
-84.26241350849334
13.879336997924888
-194.49790104365093
-182.25073262078945
-207.3136653994898
-65.20717500443753
212.2216012052722
-32.41610601651039
185.2801343216994
59.94537284319962
-191.98757877997167
70.39284331620642
46.20928816997274
8.791301601766156
1.2314775423337097
-16.714341297552707
272.6601645248955
14.163089243708132
-127.83660485919745
-95.38513262339674
-148.24018162448473
-216.98343380295447
-23.58469064599061
192.54567013621124
52.879545702957856
-122.28386422188362
-53.05875405870091
44.24947472091311
25.408985324434816
378.33833041918865
-218.72731532657443
-16.669514915020812
158.9507521717124
170.6820786584885
297.3319975159624
-64.94041384445632
-266.7144734104302
254.14374344139455
-188.81854955681703
-46.315508143455844
97.96918267591283
-46.56330740086438
-137.5231280775917
-26.678023994705576
27.39346981155366
82.72526380633525
316.62497860259754
119.31418375818276
-111.29263307317393
26.14368444782569
5.379594367838919
-151.93748244938766
107.67591021011103
87.83686107630793
-53.867591963335315
220.99407007742423
-27.893625157522322
-7.269249816031515
129.54579922335296
-33.661840150091194
-165.12421639211317
165.65495808972022
59.495881559359525
-191.0915135426064
-106.32080936686901
15.578620318838816
-288.78718503751475
-206.6931552767292
124.08043815889673
221.9372632616173
-107.52718668544199
74.23211462174534
122.85036474098658
-154.7681615108214
-129.23181613044744
-49.006384882236404
-122.9393472140305
-76.94632088975712
-153.26159867765733
71.49918379114932
-135.75279018740602
95.93438879270005
235.1519412992354
-10.90481726154706
14.683254431567212
-90.58574082648452
-8.488560407477037
-177.95997798050578
-47.17190498714547
-4.390753978382117
-30.88085731627916
19.574649596019636
-70.11543509697665
-239.9364143099826
-57.34250259187505
-123.55768250475973
247.9533114015048
-169.7704318895855
-26.187993823857944
-12.317054448705063
50.24562329710249
51.606335657468875
-76.15581293680145
36.94170541781359
-101.2558982389494
-69.9434463754466
-57.16796322122492
-138.94273890470072
-92.54241983243627
-215.36810650202943
150.62817706238508
23.870946541405544
-245.88951257065662
-78.52402966234426
65.46082142946537
88.38267439222622
-156.94444154000115
108.86281280121041
151.07379833103045
-237.66948141124428
-20.08155918241178
135.3832949626941
-118.42836783287392
-97.44584427032711
333.3937649359574
-32.27579030881794
95.5113068562195
-55.69399550012504
-83.62323196344644
-171.15519649865203
-156.74409928728932
-151.48393815263762
228.64466694155442
-125.22426256984917
20.00432339230128
252.48032289714473
-11.745435694884218
7.155589058625312
215.00230470788125
33.32592985136993
-123.12074090007197
-68.26432309342074
-85.81808451678808
218.55690717068015
165.30503226186298
163.79610060569078
118.57505733079971
76.61647786452886
-91.32642025023898
59.772326386127524
230.39779262100961
53.84218291622348
47.77382957604392
205.46803864903143
136.56111672887747
198.5189517487457
18.929972464862452
-270.67590206098816
-110.40386641063454
-68.2055365182044
-1.0559134256613163
-97.45092186738016
-147.2138501063381
75.32077028342721
123.81616878812738
58.835831480719285
-4.361865606146222
-58.79216284725647
-91.22033222230075
171.82326789458384
-192.7955530369496
140.41780410996802
18.421029779092404
-252.02569235209214
315.08481894604876
-196.31141933366902
-15.566722831127752
4.421822676104278
47.53487992481793
-13.295268665526503
-73.40767556667727
-171.57605269424238
-210.93493183160777
107.77431726952236
-5.401300384807624
-68.06292132330375
102.20050322633524
-54.04405488594598
-192.05743807626612
80.35547577387894
-2.1677267245176566
121.33656425317967
-78.93220853413877
-116.86312758750724
77.68454042374506
109.50465118747368
-44.763068888442824
-112.46029966990122
120.24497707698214
-203.2116358417516
-56.315998086491675
-99.11545656823904
201.18820485540698
-80.70628530213536
-77.70269101363317
33.2797406718166
-205.13929447489926
-167.60322566459004
-47.1682384925529
-116.77304214420617
202.58720212556827
63.96381428223166
-198.35444226704055
58.72318539497009
33.3989098553658
-31.450460497398826
124.3883580678481
43.227747600230614
-120.1022849238761
3.8603274477991554
48.465392586670866
99.23401705675818
-104.83556856688566
-99.33485309523562
-32.40069023157491
276.7613767617636
70.89031183824238
-69.59862888930431
63.505289935879055
-160.61147512877466
-118.90662804430744
195.31505086228796
140.52515258902702
8.771747454723227
-116.32626134867351
-30.542214815009004
-171.97451634647956
27.162895667759102
-407.34425720051865
54.18415558207067
-5.255927663551868
-16.896972659808952
-402.06285841095234
-13.620008497554032
249.95002158662567
166.53777262464348
-172.89785876857258
107.72948614111499
-249.33382547715107
187.73974623749424
30.410769000176742
103.81143901013944
-32.3453799727484
-120.52616045713901
131.07476933369244
-57.24615436041242
-10.294197280716231
-211.01502275020997
137.2368803212317
18.973453391704865
37.46288488449695
-151.89211974291592
23.67822436551438
86.15296854769811
46.06931186396157
15.842719866515003
-13.985849518849184
-245.16365769350784
-33.23811862966548
-80.43817386146483
-70.11961710128847
-257.5925046348578
-56.7799894079238
-45.790076599421354
-102.32686652050484
174.32774972437622
37.56741058645099
34.010839381584624
288.6911629394191
-126.5372099635102
-38.89879112064453
-74.74836990288772
-85.922054637262
56.73506936535394
38.75819854029649
154.99452232545542
158.35631683484021
113.96121476752867
-182.15636894336532
-179.04602307359312
-392.59693883660736
-78.47880460897252
56.09051337096009
66.68983509595066
-34.14266003871839
-15.52331169857574
24.52234129225599
110.33338544068965
168.6558053055386
99.64615930781264
161.4168559403198
147.9239159378079
28.4124779635098
-9.336535364151917
-215.3317827779569
154.5747037892407
83.88111931241413
-178.99944718477553
-186.77116627410354
319.6159019469436
-44.20598334745869
85.5978622762794
108.91743994406364
-58.609871368716284
104.70547092791074
25.301925527311926
-170.90929720080908
-41.27297666491192
103.54355978003731
109.08289472682281
-11.382888432742007
127.18394932107297
26.64582271239314
38.23568180181536
-86.44661178619248
-139.89502680813763
59.04573823269633
-66.57953549810337
-16.74509917532125
-30.87279771869845
-55.01379592594818
-84.37654662174695
164.71055463257784
-1.1063660599717589
86.21739317647913
-61.44228485206267
-61.71806779524308
-233.08451200821386
87.34440035215005
-69.7367254593783
-24.788751525167434
-4.001187005076839
-189.19597108786868
156.38140540300088
69.18161232773882
74.20393493586033
62.12197914481495
-165.3143275994904
-5.549841704636112
183.17823684508573
-137.62146549877977
211.71788505991822
-225.13253003065384
-30.9814594535038
-83.29333359718812
44.77532001641759
114.87283796066235
-2.9479477049088914
394.5324503274331
-82.67795757811261
150.5532515118571
-295.8402335245906
-156.2804973933431
-73.56501326882267
21.77814233543295
245.62484860129075
-7.399598933719617
143.0013797751125
95.44212516452578
122.4316367344605
297.602000704123
-43.26017633364511
253.03745250595216
160.70601801506476
-62.16942662446571
-98.35485801100249
228.1028280647548
-91.04212056144209
-121.64918453764093
291.4386358155798
-79.62874160204375
45.98877520055395
-100.91463986393076
12.834410600902116
207.60087103600222
119.29706925026194
1.0760285768559101
-98.81946120865457
-93.51984548089278
-39.37575140913356
-120.0156068841459
-40.76738450662159
-85.78369058972864
160.38893467551378
-176.59373209861812
53.909002846716284
15.191593052057035
97.34908132606768
226.10187298296498
106.07304036101353
-2.3948466178691175
46.71056404906576
217.14155193018613
-101.31821584383755
161.90599672042254
-14.869141308595712
-2.9578296339698165
-34.83357386126238
118.19566920257246
-99.53448579918165
-106.64689948578042
-285.5351493933445
-47.03838142812971
-90.75505061809685
11.033179427438405
-169.9091875700631
189.20750000254182
-111.43730162830484
108.56668146319988
-5.644633412266764
102.5993314485263
-63.064260584092054
121.63171264468014
152.6914019990678
-160.4870421894582
84.32583730468272
-156.04491003691123
-81.21097176362795
50.78730519559029
60.02418398298882
234.83546474850414
-43.3828076492664
-198.76557649583572
110.57174404000517
-149.04325257113408
-111.32562755445282
32.8109710875457
-225.84071503188426
56.92208461083989
-11.543413290749367
124.47066709834617
-21.348928225452273
102.23864447213803
57.76811954935176
100.38499642754688
108.44402547428575
-137.3409128092643
-187.68876828598167
90.3157660421926
207.03679346445355
190.62955022171164
14.474792735171354
-30.56693672474776
-62.82822617086291
-19.774776758372276
137.99360874343907
-314.2253117460564
70.35112195324209
-265.4571908237773
-158.83849166315187
59.656364706729576
-161.74241329090472
-151.15095705554072
46.35271568714171
-255.7486380866785
6.626291453637007
-144.24642306390191
51.983076992564996
50.57426500666702
-112.50542529924911
28.02205314386588
5.294790539935798
56.07892721454574
-70.42115495922187
52.63605162454224
215.48569660994826
191.9489904894582
196.89040463640922
-127.42832376199604
103.08941407649485
6.128694786687592
103.72671006918283
14.625899834132078
-117.68728735676319
183.29212110995988
53.790452780428666
-3.2685541847613173
-21.797799353371055
23.14951328899212
17.856698498287322
-220.29173311325175
-129.05484709828866
-117.07197509253481
129.2248671396863
120.47740956727284
147.38684395831888
40.41476503218386
125.11941384095925
91.3280379640545
-53.75619971307473
51.340723180136386
21.153160098893057
178.37376005161804
-45.1580728535567
8.083124895995523
14.31286903890927
-29.62679210803263
-52.184123527520185
193.86268748263527
-152.32015161521866
-197.52422776245533
123.26113321396085
-26.573259401816706
55.85604652509775
74.70911499789
-59.941681633180664
197.78337648319456
39.48497211690131
-35.867277648603455
-177.82902591989253
152.2061543311642
260.0210345302695
388.56492693843825
104.50289717791834
-213.84221680362668
39.54017362127634
-255.92846230596106
-103.73010023053676
-190.18195665380455
-36.21322639914669
13.53825234974234
33.244938623087755
24.488839433384737
-30.41697328741117
-10.997644518857982
165.62932052638877
73.01015043162839
-17.28529414892969
25.027394018679836
-81.02741201698394
-346.6103304990488
143.55174114581664
-10.63218030516575
50.375864642645865
144.43980004318712
-214.4887277581346
-144.70714008051172
183.94033581799022
-22.364346337311108
-98.78465744166847
74.04211433351426
171.68619049829042
43.39046258386747
38.13602667084555
64.13424953712722
121.3638620518029
-79.55677293695346
8.700392997558204
20.808911962567688
-235.57856999666913
-168.45677996425403
-85.54861320694789
1.3322384999983776
-90.6939341679883
170.87993924590094
146.6135286717449
-98.67627298029328
-56.069508973526546
-112.53514227186204
165.23559071686367
191.57202779279874
48.38376447385081
30.62797820384672
-200.47835590326682
86.7852035843924
-21.258113962811834
156.91904386551116
-100.93744559962323
86.27525032751383
-216.16442948568755
-5.218711116777859
147.69548775138412
-87.49928727173152
88.54482589897708
-35.20568462113524
59.722499659589545
6.097803180232376
-147.9775232965704
-81.65320558305734
-98.76287505352039
-10.155452595403137
-113.48422203278211
-118.44537906869566
87.02263049087382
94.72967598427682
-199.49923603892918
-244.03689492143567
-123.01008453402807
75.76874921446284
-1.244224869744175
80.63488398764335
174.31787822936892
-353.476963250245
-62.230489199808765
114.6444744223518
120.72111519021843
-67.63971191624252
-5.098352125361612
-135.00692185942083
178.1446050208255
-252.6448276864337
-154.132737927888
-153.2866591877696
35.06171654525527
-1.8589884327995891
23.856148987912633
155.89341903668543
84.92411246873628
-98.0147703631732
216.54902962631297
-202.85629363777255
-19.223142845254124
279.3730506063397
-96.04780437729535
-189.38793830020003
-47.85512983283459
58.47994555335173
-163.49763669359118
-29.915641416345522
-92.87742263489713
-119.85756254489607
108.46762607756241
-136.73869524105058
21.187160379881888
39.677743868037844
-9.821338639516663
-7.669229693970408
35.78391986060936
2.817254402939769
-8.02597608155208
32.487869689731546
54.56343324836534
141.27763943685827
305.31474272427505
-207.6011312295349
82.16119825311704
-13.76117963852333
-108.68638444009687
155.04176913086516
-446.54466905711485
-29.581701749590724
69.00575278342247
-0.07379488421209146
-529.9034751926766
-66.15687188249161
-35.40600001225023
-35.31681514955653
304.5415011016073
8.394803970492447
122.6479884332366
33.52490066425781
189.18079118178838
192.97308654446226
-12.79049021344696
80.98455289658158
133.3222883177082
-17.225396216142418
109.17684741707313
9.15143459689161
-102.53015795430005
56.466151271527686
-194.22764768928144
-170.3761926890307
-87.16137466791204
44.93723566023357
286.5717316413724
36.697182616063074
-32.54141849726071
-19.78064477601425
166.90568832970737
-115.60431919151735
-86.42073789235086
-285.7084843452606
-153.56346055871245
-162.80354185069874
-11.27787718150574
-22.450075039906196
-103.02630398373468
85.3665002227059
179.81567082910396
-12.224681199483268
180.85670615217478
