285.3762456575386
-42.52643688369124
50.64018830061892
-79.90481520171372
71.86973880637582
-132.34939333598956
-116.47891198901519
-134.63577509452762
143.0968774854131
42.748250904733624
175.81971244785314
-3.153394845349286
117.54304552491706
-53.05146016614584
110.6289261176866
134.77133227110386
145.5824149080629
-73.98398697346579
194.58037692573123
-8.687420707291544
133.98561637351864
104.16821103654787
-67.7993507285316
32.27198662015908
44.35026324984607
174.11288955327083
41.22370430465542
203.1702361917342
308.71103859220574
189.45318023248637
-76.29140110612492
-206.46856904626807
-87.36518447306923
-24.24044469319715
66.0181049526398
-209.3752762846465
-24.537021068995706
61.104395242376505
176.21790398386463
237.74946851872846
-285.5774039426802
54.20423257236991
-66.87380785019825
-19.769113819486588
76.73615870916377
174.29812685281624
161.20024830983115
-134.77594139103095
8.76609622135501
197.16608954135845
-43.629743011574924
277.1573449098304
-6.705149687611463
23.927756824936875
-135.7383441234933
-93.00557295234552
-105.08626701266594
-79.67459017250893
-5.115126782417063
164.1411318661507
-3.773745898851819
-10.626897961664296
95.75810910144172
27.899495022328534
218.03826735199976
-50.10043926921124
44.36776978735174
82.74598526807723
-223.84876777410628
79.69701171500184
117.23434151809987
-193.51224163106238
-280.9564710635644
139.68253019834592
-66.95229284117852
-154.22365351714285
314.8877593122617
-54.7122664369345
-263.1260947925435
33.58578312324585
-174.7057823674975
-69.28032458992811
-66.99440506654413
-220.81824844891497
37.855675339492215
103.49898157494475
-17.684692317840984
20.380754195116474
216.14984816882784
-98.13398686387697
-238.81886486356296
-175.92569648485483
66.05636800954032
-106.269472326104
61.660409096207566
-50.611631547788335
73.17451668822827
236.00086626470454
113.3099037295443
-111.85914469720986
1.324451079534704
204.36919275737665
105.9358220802353
247.1884815953998
77.70894620935921
-36.09830115671083
-236.6914420625041
-313.0628858533872
-222.9488115607478
72.12646920542964
253.06564154273147
77.64647098111821
95.15347878590134
112.52220949858028
62.09533636733759
-46.56754813081946
-151.33105907380326
-88.38591393800709
-50.75591733080533
7.252856427178179
63.22549516863619
112.2952450373468
-63.95172384497653
99.09959174131865
11.98774919054582
88.8535423615423
-335.33794425747317
255.63216444955248
125.49186425392439
-40.442944992566225
69.085687394066
157.86188317379978
151.65409624168885
76.66815584154435
-53.89157124735453
-86.27748869966783
78.04380495129506
-146.0755072379058
22.943224814335135
-202.36270442810417
-3.5008242167855124
199.4362942896103
12.0577810187874
395.3472981807724
193.6937671283393
-231.6333551368696
-156.06839640434563
-150.99830705328225
175.53512091184143
-62.5924394100972
104.71910451412991
-109.80571418231976
-49.81816858641697
-144.94448863489396
-29.589181716879292
87.50693701556982
57.54444824793779
159.1186010008552
45.64873442494141
-66.06454537429167
-122.32947449216768
-169.95577073016656
-1.7840599004876714
-79.28657093941004
171.65656602570436
16.25890163775462
-239.40108719147034
-44.15604843223859
48.48941627542669
-180.3139222340393
-233.28244927664807
298.22344565782976
384.0164702872184
66.48741473746091
71.3814468236646
40.715708523233815
114.71044406410175
116.00788859271216
49.23118918304207
-58.24710388114403
-94.79966810108806
-58.862761071402474
-73.8556108637769
133.26470991434644
-167.88460705079265
-28.741254545226305
22.456234029282694
-262.0249034456971
-24.7870231759602
-199.19541146165332
32.04305935538152
-58.71341037514655
46.893617474730426
-65.05382335449526
250.44062864797598
13.723495117773114
25.58757810503711
-103.0164729451149
152.22425258970048
138.5860856526588
471.404744122395
-76.21933959311578
26.76178043601557
27.374447284651644
-192.42635272607276
54.628469925702014
-73.52599995922506
88.96975784219556
76.4329841627043
-56.13952047535478
-2.3377522458224673
-41.89241014469269
274.77348347802786
13.102448321184859
-86.10425505021912
272.0891303336354
-86.63156898653244
-288.2137901908739
-209.66115987247056
-134.31004882605427
232.15092551986547
-117.47520241805336
18.741906506716585
-40.016811433731355
233.88563748210362
230.07177533840047
341.4737786764446
-112.73221555886784
48.77811467892594
30.034373948031927
61.47971295278463
123.93399217769891
-19.14423820342439
25.437901707597348
68.36899256235266
94.54785325886789
124.1450550180733
55.99988418927408
34.4461494957155
37.95665668757323
112.34059469559145
146.5372543161579
67.5969739809209
100.44383258725627
171.58367160315657
83.42814936425648
-273.5638333457024
363.4801166614544
229.54759312646385
-79.92769596308224
197.37095955783371
-106.76310574976165
131.85774729411332
43.60626203033118
82.28812834311753
323.6289086967511
-187.34352717718807
-87.62468766193776
38.891758092324686
159.2680177254174
-51.013540651921595
-0.0703218680243749
117.40740942386935
-151.65771870341194
-132.75986440975123
-70.01899517918316
-276.96340717828383
-9.848657170362491
-182.01233664685455
-275.235357207661
46.593669819776935
81.6331385008815
-96.55804241952288
25.057904739543172
-194.36638379238718
94.19526483197279
67.23930303249018
264.29137658963236
-140.71613433021946
-41.11555134301624
168.75883025511405
-8.326404963636238
-207.58828925426275
-28.437901027246646
-136.93867851372914
-174.05746497281697
243.1403343704733
230.965361331251
276.01652813472936
79.14795025925855
-4.377238736571202
-20.68837882085293
-217.55462661600527
18.543581623386757
4.014494475214893
7.307374883113183
-405.46918851436425
168.0767978186125
-259.93085418970486
110.7700981718711
-209.99923285345795
130.30226331009743
-93.4756859084251
22.003162029803487
-137.403129040463
-36.33898161394711
-49.99226471671659
-129.7075815475598
150.63463152767812
-182.71648153844058
-331.68031503856
-179.32338129527957
80.17824894231775
-105.7345498592656
-55.700506075686945
16.12956549829828
255.58900512381803
-88.47513424918971
179.41947729908537
97.13349696144003
52.8301084309867
1.3122688011643715
-108.06657817322547
77.33711427495446
-18.591783674879775
-181.65761323924727
-103.34768440132812
-48.19873480708604
8.494948086972546
39.524550502662635
-36.77762265921896
-14.18380220001017
-69.82486711992559
-26.922096948099334
-254.10175938017778
140.55520885946686
-162.1530628176302
34.60563510444723
140.49312642891502
-48.35313119846071
146.85786563645064
54.478629212326105
-18.932839520757177
26.550081341442176
-5.644173783322728
26.895561259590547
-331.8548514953452
-153.30924776903086
74.35456927867601
296.1285894299146
80.49243684449239
-50.047072641205936
-154.9174547150586
-161.91831447366738
-103.99013859101643
-0.9394781956146172
52.04962214789827
116.3627843567679
11.544160464208487
162.7959280821821
6.310337796926765
81.75880839834498
126.91013860670301
1.43789574790966
-143.71940345044754
-188.42549680185448
-99.42839008108201
95.70074437400217
73.82687907589445
1.5848751365033107
24.906237633676945
192.15538978926537
-141.41962941397858
-63.59651457961915
205.01158859052893
143.82807239249976
-87.58933773169136
-6.038395145519988
-40.269352702477846
74.3321020434584
73.9824156790391
-28.074555192413918
186.99034040095975
-11.055345712694287
-158.46808696677846
33.381613701656256
69.20671958362603
-13.612512146292804
-236.28838515942928
389.3844511719161
62.325865689897284
-27.06933530173655
-25.004340224434923
-175.17915443332572
-184.54826991957364
34.45977228338813
-17.46296361048272
89.0206307033672
76.80288446526053
-26.995721507372878
79.58616462107888
-2.5994902421337756
-56.557990932034755
176.02348956784454
4.522509945459351
-90.04289772323142
310.6160925411374
-237.43230734103736
-4.8815808468195705
24.322533077664605
107.80584607504231
286.7581210719879
74.70736684164
-125.11417517321993
-52.33095922497066
-450.50782569894574
-342.0466010354473
-53.788768221754275
148.54088744074903
113.15295405844223
93.70092390433055
91.53193522321031
173.89458757534692
-36.22208131684957
-117.94753841090528
160.26650300625943
-47.27556117589792
-34.32159025808977
155.6593518056029
-93.46786641957645
-385.7275658071325
69.3360817854272
153.69194026484104
121.87767722288913
-6.0280604602290175
-148.1954084301486
-159.89939749938998
-197.89028102797954
-287.0425227885887
322.9541333566303
294.215916198108
85.42829157770774
163.10449819851715
-130.07471506299962
-59.03538542756085
-109.00314151525261
-187.7181339883227
-47.04570477299781
128.53334970144473
-126.18249518673191
11.800364750310777
30.139182044576508
-77.1760892614263
-195.68774979035385
179.20972150912556
125.08832634153701
98.18280966192383
-44.29784859003579
197.2027893197212
19.88674890290096
-112.80933888871152
-47.992754656088465
-201.71628396847797
-27.39432206066096
-102.946344245092
-55.23770480528142
-60.17484358982246
-165.5006629274182
70.62942560310925
68.31731851452426
-12.745083430699053
-79.11646195967047
125.65693376178343
-200.7547784262668
-205.01696825546497
126.96023416716099
-121.72946172560758
24.677741611214195
361.9636647730986
-43.12526866854576
94.3972970355477
61.8956000458756
147.5609966051681
-197.69647397228624
45.824763399950726
-250.31806399292427
-89.10094639106428
52.03313258996646
-142.18921202804705
-285.564018841271
110.25412884669538
-234.1576143048785
-35.27010378241837
-121.91792245114122
143.2159311615373
-21.983088782808437
-215.77769956347106
31.011691919706774
-146.18130171483614
53.745616425723654
-67.7853743427
14.742586216852205
27.80044813117682
142.5911029792577
46.315330960897064
172.62428622070482
279.22114904533106
23.255772561689962
-331.56449051240617
229.3096742799587
359.2869643739562
-250.9673235396233
-17.37057615309204
6.7478775948936365
159.62218754816936
76.23209462615469
377.427517411139
120.55924690712524
304.91708097247425
-424.3391242870412
-154.4512741053532
-41.7427435247381
-16.044915268092677
-190.3327595007134
-290.89820224358704
121.12237151973258
-175.0041665590069
-6.013489501632025
-206.65398213152253
308.05298886058944
-59.95208913285299
-45.25086551343986
69.42866087901643
7.4617007435275
-12.750415795576938
213.27306547889307
-203.99776105961146
-16.062842141007152
31.107775039954657
-254.8577416906839
-269.2447705121679
3.9747036135977747
-36.18928892045288
124.13627912103907
-121.17231387811536
124.13609118026251
-177.72787601376112
-184.15778664572036
-178.92044797888448
-24.442418430692026
-91.36550344870784
113.38624712837607
-91.38560921971059
-34.230784112916695
-99.93615145282581
78.39936370724716
-265.4799066884547
51.53971225552591
-30.15144514999713
169.0424149924172
-215.53499877756943
-149.8406619263687
-199.6355543958686
49.24962380951647
-51.29924921881353
100.06245918618846
-84.85111687344084
360.949252813382
-149.22174584444596
142.84006765554204
331.4535960300008
-225.8399858755511
179.51465971218164
-150.64311808684386
96.068450018617
-61.283652948583885
8.98046022009321
1.3693731689495565
-123.01912157985421
154.92153887201573
47.30698847036042
5.431212041400437
-47.849259619638495
-111.37712918750998
117.08853619282586
78.40585636125097
286.6614183727902
-139.74777742770047
219.07208089043803
-13.226758049491362
-159.21129441214194
0.3113589605729312
180.02202942451808
-12.871488198898103
321.44563487949404
-63.748795185716865
-93.26207392584149
-125.36550398892234
223.74628466860096
42.69374862558404
9.359542673351454
-47.144153160747095
65.21696255688353
212.38580746141236
197.23858190863825
188.4630022297541
-144.8618698956004
-94.94147679606007
82.47778764946115
64.00558869928624
-38.886822748660045
237.65495301321846
-236.72842636808767
113.64830035756907
-46.152991465979404
-26.72464985997324
-266.0959636786508
-154.15506467476297
51.02658480873032
-74.26314963818793
-91.7850016371841
-346.71845731823845
-92.3981139020846
91.70391981966613
-159.18267470228247
37.56266108456405
-165.16547786714548
-245.62567993067665
33.010713683083196
211.13736652666674
160.61271508658706
-207.6326331317994
-47.691641843127925
20.837260476108572
-239.96875223021203
11.588570729845188
52.873090092465404
-84.43037846133343
68.73565844819528
331.3608803732169
57.1895367981553
228.893010484087
-173.10860495271095
-79.62138973679737
-151.4710152167212
-207.79654572311546
-229.72221058292385
150.80188107925363
118.9641913275426
-56.22900599234983
-39.70788764748153
-120.64763922706798
-213.42814474188606
-49.24998345084888
-127.1037296892106
110.63374889162804
-213.9312145132704
225.046408462813
-1.4203598008286544
281.3137967240307
158.46455448277638
271.7526164946561
168.7179730834592
158.70121421225625
14.90091302702357
38.651147854770215
134.30175537405455
-34.72748410676992
-104.35549325214255
96.53783660733944
98.7753378074394
-146.38897102277858
-61.98594711731632
-190.22236388003853
198.47028253995342
5.216224874022532
122.28995571920167
-220.73396266417322
-12.787674216874603
-133.41211250555818
124.49416262307587
-70.35869488981548
-294.8355542823046
-96.41125215884402
106.61573471215999
-117.90781827553106
-244.85742666319
259.1553578455948
51.7162023955034
-213.46068117788232
-324.61979322344655
-216.4131601403662
-35.31061432341856
-69.41119112252257
-154.29250971159857
-236.11831412685567
361.5665784011179
-174.70057402609274
246.17236717422693
-63.79707746673517
180.85813869673362
-12.902419952306623
-100.15402370493766
-66.22177843642619
8.84859434885305
-74.15563061862167
-170.56062635181664
98.7053854577738
167.60366861774594
-223.62164973419144
118.98781216220891
-174.48955925565255
-1.2850149269035769
5.674551250529201
298.2084709739325
136.09472912169883
108.42408342364565
-151.91673147293216
-89.01203149837167
92.3978554490518
111.32460812094601
-150.03436152514396
-117.40357886410114
-155.8367469089525
-166.4731168821765
136.14804542860008
102.48486993772138
39.24958245317063
99.17408077285542
-0.07314600146736061
-226.87863345297532
61.30372515281437
-96.38540773704538
12.98132205716063
162.64762036136347
87.19990807896815
-25.564429703531882
-6.387450228520779
-52.07229805945182
-139.9740359314449
-223.6230714218659
-161.78030544459213
-166.7892008069497
48.010015173279136
-330.0353595870085
76.26968490792449
143.19251423458735
-163.22583173718004
135.08689438412748
-143.84480174824395
-137.0687920105239
51.954122365806434
130.6361886976129
-87.12535221652452
-14.95459003778813
44.938576575777084
220.16295849782324
495.26701240698145
-109.34486929282103
-47.42428555221091
-5.290554169774049
-126.9492188677382
-239.60799852426416
60.70608183424729
68.61072399396176
-156.9828246229735
-116.77157136328339
-100.777687609616
144.34243016269397
-1.6018657812774788
35.44969227679393
-25.526818814732618
-30.810248061304687
25.983182956977704
225.08784723601062
67.77996388023942
-70.58900527583734
-83.11523620906682
-42.92222620503384
-261.3049521840577
19.875711063544948
117.22294214500161
-74.30544887886384
-15.834721509405387
112.19057142273057
-79.2764995528989
-271.9496750201498
73.09282623844318
7.202354445762562
7.150137382679209
-11.216163112841148
-133.80363316089802
262.73784124097295
-1.7078235210311346
-25.817291421612225
193.90089272591683
192.46108813635115
9.04087391868516
97.34254165064192
-54.226856742088
117.57823165078776
191.1040901351908
-106.03979626972875
-175.23369325733464
2.325283442599649
90.56746128853378
-29.17448826897569
123.09022656661845
31.07058467196984
-360.1577341199387
176.930842673108
-110.86819631034248
-109.87663987736977
-32.716084017511534
89.67653025226261
26.991309701249488
204.96803124205178
-88.27261122725045
326.2351293626417
-23.563425473987763
-11.322576089167999
-50.72731881690598
-56.321077974138
91.73138624082102
60.481962427206355
-38.28240770143129
86.87146833769322
56.45544978876394
145.34877270340618
138.20005020543786
131.6535861657437
108.52512548522041
127.90157180284768
267.24982609665204
303.5413501384688
73.24821701318814
-118.79163176026195
-184.44883914098853
10.069672931472365
-43.71629096337343
378.4069303237126
-19.363332557707423
82.55770542417609
-372.7123929841062
254.71554876593837
-315.5257981461093
335.35823742848265
25.528288947064727
114.81716031347256
96.90792230574004
157.8472199039228
-208.75281155893057
300.89838721321325
36.87047771164512
49.222351371175826
154.7595903247273
-7.748249924946139
23.259294235217293
-83.7513605249547
119.04200333838678
31.07362319932922
0.3634828313585752
86.31752259893032
250.77177963034023
-63.97132569676481
156.6328854457529
-107.01066714310042
-53.578016827105344
107.58393758827303
-175.76186562848008
-72.29640397369865
-222.34531810638654
-120.94579192557683
83.73656460713576
-33.36685910511186
-340.1184399038622
-147.97475935159065
-82.7530672188986
-121.60613743277835
129.38444355045254
-216.40205685882245
-33.8340619347042
-2.2400248714909794
-58.38745947245468
134.76819952599288
-83.93318112707794
-80.38274650520027
-204.2970505527617
-220.92672416470248
26.84946666461307
-51.08062019732736
-88.7951315645551
-217.57438944788117
-60.9862277197092
-300.60839222561026
-79.65709217202917
26.133889177722992
65.73306724485437
336.1549751371559
-9.111532244906765
173.73779400441578
27.148589879737475
-357.2259072651609
-29.10520811827567
183.18148626695933
18.93389668516603
53.5311680599972
-229.65382052388605
-113.74508144655465
-7.0907792049235265
-34.39107164602628
65.76172980968782
3.403653247456834
66.358320032594
-221.31311330398253
63.07640354316225
140.82420986505286
47.96810569491662
230.468448415771
-109.17719656028399
123.74379684663201
-154.41295095938258
141.0842416992965
-79.23836434350832
21.714492851748332
-196.9148006195492
143.83170607820088
-81.10243992254478
0.14597719282797916
-30.81472275298982
-83.43268419919974
-89.8066692584591
-173.47030491700028
120.08374087484515
-123.89512866860336
-53.55804874955123
-23.453744443655737
-33.187612431112115
111.12507042856079
-84.73460959039045
121.51999303599378
127.32939278193928
-68.20145605511513
-54.33359641311083
-423.9344083368281
96.75501856032609
231.36694614635437
-242.30775853732487
61.6602382144671
176.0992802833498
-88.8783764320123
-24.550103861331714
164.00100398385536
-88.282581078082
-54.34546341684915
39.492476218278625
-62.91543230817718
-31.844280830485555
3.0343434089760324
-17.684851290752242
-156.62528686444614
93.7080426357481
169.3185123027505
29.09588593118874
-31.218717064130214
250.99026110058068
-76.76917217496126
-161.73068931437604
64.57593318662931
67.7343518690636
-228.97448641731657
-123.63183713468851
162.3170466301351
73.86474912012262
195.86151812196616
253.31762001674798
35.40055453752986
-45.35092586295497
312.0647081796249
52.44011017546924
-269.6052079859784
-141.8898471746971
71.96698889540927
37.688469281235044
-104.99341857331805
25.493424556016834
-217.72520558510402
33.942348957558174
-32.738709223281305
12.774026595585887
-15.446622601059675
91.85868549915034
-254.15339485458614
-88.87950853999918
24.203351671237606
-118.24539133538346
58.79730163828084
157.97169858512325
-55.10501205711134
175.79508332486824
