5.693131562253325
5.825940826283569
14.606158732850961
8.424211699763656
8.201067895912646
1.9368446240228474
14.403813418457478
1.4435589631636478
1.3555222123727486
-4.497764528497044
7.513978479256521
-11.10889773613555
-10.234013781211187
-28.74237306429532
-16.189550489511895
-9.653622675931462
-27.995550104223213
-8.659985666744966
-27.25929916014119
-14.379510701384538
-14.349252319011025
-20.61689928193728
-9.116389262061906
-8.732723044568756
-2.3090332717777233
-16.254429922691777
-15.89741435776611
-2.8694297304688265
-2.677325774163131
-9.544034143733843
-8.9720689434015
-1.5777225974827007
-14.585519618513317
-8.50395345793575
-8.16636570434692
-8.92348245824453
-8.152455717297205
-8.77945159028072
-15.831185109127935
-9.572093817528568
-3.1212818309934467
-2.8342227868290624
-2.7946878395638293
-2.4642260437279933
-2.9534907968972206
-2.4435210645121828
16.823310068923373
-1.8757372403069652
-1.5001178215138884
-1.2438884653101305
11.542281523557422
11.906724041733856
-1.2974316314890866
-2.3846900022450495
-8.698131341753106
-2.3544253067791163
-15.118902776830916
10.134818233674073
3.599894108252891
-2.866382472372087
-9.28919607116478
3.827221809425907
-2.963085377636804
-2.773524634255434
-9.016954913665955
-8.537938957049725
-8.987523223058444
-2.934918500204637
2.4769474205905126
2.597632386169012
9.374876010578367
-3.660919512788454
-4.258895270648573
-4.0680779738485136
2.2739539560428277
-10.122606632516481
8.910416384738074
15.692558730040261
15.106025679314314
15.905587784780927
22.379575808562674
16.0618421354197
8.835020133752627
14.80212062430367
7.905594982739296
14.264283899211124
20.973388710129942
1.5372719317905799
1.844145048486249
14.464908712620991
7.4176020359021235
7.612579929831475
1.4293581986345352
1.5857442526016938
-4.40836270324386
-10.569018700957313
-4.2774393718680335
-4.862193036571672
1.5087960115354893
-4.943437440277641
7.833711426904621
-4.5938274919445305
2.309922563478399
-10.1057725432959
-10.026294192577586
-3.8227860153072095
-4.545317343724204
-4.430496532913174
-17.30183896619491
-5.248929339185085
0.7480968066128281
0.8526007203237066
1.4948953917945382
-4.449636979195063
-5.21862552943021
1.183474199583833
-4.751445435281844
9.296860409512886
-2.8988595429871884
-2.8886960796905967
15.805320089198597
9.396747878382865
-8.967323607406463
-2.208823583469759
-2.5435465857133366
2.963859086567418
-3.579885874329157
-9.880641717341495
-10.45118179931024
-22.677996919816344
-23.194521254376983
-11.027326020048804
-4.967210953387215
-11.483182266292474
-12.557422104526168
-18.38820767937626
1.5074430388582116
-4.701990894992979
2.1942864199182344
-3.9580935073585044
8.436482007578995
1.5584749789182373
-4.933250844001282
-18.014543700122612
-24.2015417525567
-17.895462613745206
-18.940165537160365
-12.405006753631387
-18.851031334037387
-12.647899724583771
7.184468207328359
-11.54412572881848
0.9327706846418148
1.487295356928316
13.987447900363751
20.308741811724637
2.0549145884019895
2.22524537047708
-16.22294356867175
-9.772284892086258
-3.504449277968065
-3.8437590295807977
-9.171244605675962
-9.32206084441576
-9.807722836077156
-2.5574145187335007
-14.825465172304677
-9.018044994560482
-2.5173453610823056
-8.703604138523309
-8.118465304405388
-7.680443690504252
-20.54369954372912
-13.2323845179697
-7.369253166694568
5.3306549085133375
5.500817563837151
11.321669942815598
4.928985295316728
-1.476883759234751
11.1298458753269
11.62554837704312
11.404048904017902
17.80637504371351
10.819247319582255
29.48428255538341
22.938318632520865
-1.5587810647009261
17.844859407545634
17.621581893508726
17.787257315259502
11.87164055290009
11.583497136990918
11.357336495377785
11.05181960541488
11.122131575265264
4.067371153855751
4.4976645858327124
4.033064984744148
-8.48570661065473
-2.4306865134596025
-2.138130402945453
-2.8699114474702863
-8.957609134088617
-15.599744636689227
15.481741840648475
27.231760665935607
20.86474345215551
26.779902894899422
26.799180864984493
14.745326190856117
13.792509261647842
26.574810479525986
1.001761694281284
7.410175119449608
7.322642334323676
26.546656441902325
20.832422405327986
20.1308499941548
20.60312856217279
14.760334035750867
8.360850099851351
8.471337044194804
8.680880240267388
15.334197089221668
9.145009181053355
3.080683068154764
-4.254507646606809
-10.176422844789295
-16.59929067701168
-3.8457500735528503
2.2004771774246232
1.6364007899944082
1.107808205885582
1.2733800537288016
6.959771310028144
-11.95372319059649
-5.750710125233306
7.557494592777581
13.715415810019365
13.367999751250562
0.265218319507909
-5.868699336162702
-13.29567041556821
-13.09740344792651
-6.417087843849984
-0.04081154681296853
-17.654644618129993
1.4891222282990721
14.613947998354039
7.489231310628281
20.09188052760156
20.50976630879851
21.29795388047127
1.9462924908033652
2.299231131603586
-4.757879863810323
7.8519349190882775
20.3905946544684
19.638485169587714
19.50242132560533
19.13662594613441
18.314913132479223
17.7979309606726
31.292183587968548
18.598843449022908
31.466389753028853
24.89201352694404
30.976441303829283
31.519283966381643
50.464428406319406
31.681473030792244
25.28042100977221
25.50065636435527
19.204951513307062
19.0690503102144
31.629419467216156
13.067384500784028
13.075484135197996
25.822651726888168
18.903225199505844
19.54972011099544
19.96763331881552
20.259134685235423
7.378800195125008
19.619514118910416
13.148473016120162
13.180564128211827
6.52002681402969
0.2814730435936693
6.958465632148293
25.402923902465755
6.517141961905981
11.448291478324617
17.741686186216587
11.417747671587364
11.85962038567801
18.35674917015519
11.874053826829199
18.44736458635892
18.352545095974065
24.01247554452378
17.71576167054233
18.53173934700783
17.699292927866107
11.290728091680172
5.507458233105847
5.895267881755041
18.716356123506657
25.054601546323124
6.387654122282522
-6.221007415331625
-6.189626707188062
0.26225988043685794
-12.570369018248243
-6.024119400242559
-11.793841330512953
-5.652412115642289
-6.0513522952622845
0.03730813386561477
-7.043132917479952
11.455510400919591
11.859981030784612
18.569713698900696
18.62903655236241
11.665481470880414
11.756210676198211
12.502628595041555
17.939206278350902
23.763224701652074
11.724640644419468
11.745855040377684
10.891606758546976
10.925786526161415
3.9766678438847762
15.751468229985287
21.7033549680586
16.022231261073067
21.833840611014537
28.20269425391047
22.734838043147818
22.17130775306687
34.191961407875304
22.013596572453643
27.493778573311303
27.405864934030312
33.7995439341202
34.37714876352613
21.638549209705797
28.843437324194145
28.88201994894364
28.91737380211776
28.85399077083997
34.94403751273694
34.098150835242144
15.058670219134617
8.53425485575229
14.545261756358183
2.8735994450392632
2.603004939221601
2.037991191211679
-4.283390279209976
1.58220234844052
-4.897510776084479
-4.779999956833175
2.3331699993449533
1.8742795650379411
1.9562776126220354
2.095144889084381
2.2001658205565686
8.10050475014729
7.922833499920977
7.49679826380599
7.55035725836437
1.184703966119829
1.2674153080125807
1.0379632417701878
-0.05434851710033528
0.5950005290590525
-11.66389068448719
19.62331127963778
13.76859259107015
-4.926940926516356
20.548308726829898
37.985495555196536
44.307146481321546
31.823358160037372
37.69299564065735
38.117725511857515
25.632904190678946
31.73387709565946
38.152579719658846
38.270947276532006
32.00552316631414
18.796848089023403
25.11620004035018
31.414744114341136
38.49045847291636
25.68817254813975
38.8164962807599
32.92264563586887
39.044482645529456
32.7872350103577
39.55350030770597
39.38655962680537
39.97183385641591
33.54606887355994
34.708205223948596
28.012067809012606
33.365870798814974
39.92921897196726
39.69965442910001
39.955838656766566
46.61504121269372
21.333388231753666
28.45436619623627
28.881553093705225
16.390280648557933
22.39162426532306
14.78031479171718
8.31670031879794
-10.179991599496018
-4.724387945051357
-4.196611615116372
-4.889605522963175
1.3852212542782585
7.858779112061626
1.6022638736915205
1.2112481841547873
1.5586359780976844
7.89539020538704
1.808075455864991
14.19189227176268
1.5389970923678082
1.5041174239004944
1.4561904985007643
8.466157644726112
8.306593081009181
14.898565525353028
14.90712966251264
14.437906843695938
14.402272086027725
8.31222698259287
14.71987758926932
8.562458383141905
8.311021086051444
9.155517023563046
3.153101920645116
9.581238579149584
3.4160248751703737
9.217679535762699
-10.189760468935352
8.27504329034668
8.225096139866654
8.409512580570443
20.887433192091834
8.615064103359451
14.570249091718097
13.736831861375538
14.10207625543344
13.459876362460697
13.257911833995689
13.687540033215296
13.132274481445661
0.7618141962024729
0.4519296021849839
-5.237978889887241
1.5193800176512007
-4.2123683029587715
-5.11572953973451
-5.307974408387524
-4.97365728986492
1.5475575417733758
-4.6484229519828935
-11.146349481080271
-10.803903856787974
-11.457723081913862
-4.945703621347791
-5.035038075988904
-11.582548191541795
-11.898155460991234
-5.597280939824387
-12.109017295416852
-6.050451928414991
-5.222402000886785
-5.191283688120384
0.5245226441267481
6.781997182801661
6.483351037705549
6.168589886313946
6.2870758162959
6.171644614660954
-0.08250564610497169
-6.072601051102923
0.8597211489439952
-5.055198503365064
20.93634275605387
14.406771724488014
13.72064568583309
7.064723691680799
19.193422868112712
13.609158451725733
0.29635983020129697
0.9452627068566806
13.920570512330725
1.4888095546333566
1.1925901783834258
1.7321852442502363
-4.053166201484093
8.057352139667465
8.503116599189138
1.9400937665261246
2.6531202494865527
-3.727380205435361
2.689299683955946
-16.661473618971918
1.7486171782898945
1.3860722262079979
-4.126264875247005
14.919872318172379
8.915573261670017
9.206732445382547
21.86303092035555
15.531112997797573
-3.1966843897692456
33.87796637127622
8.854326331526995
9.330241777663224
-2.63652301946391
-3.146375792734633
15.781242300755794
15.621323562126843
21.58452495824048
-3.082872734392778
9.077044699254351
8.934539283581694
3.038458580363624
2.59256181533619
15.252605146448076
9.255858886499022
8.649627048367002
15.39227506102022
10.020724991096802
8.732781643745161
8.7822825869812
8.770512718398795
20.773662886187736
2.238191588279028
8.342842858156107
-4.533761739133764
8.388793247012687
1.5296659650037145
1.3288751012588067
-5.586353347704171
0.6506675012093254
0.9679239454248701
-5.0035605395834315
14.030778047619144
13.889395153896452
-4.730949031849244
-4.275801674111125
-4.332194115348907
-3.06536321917363
-9.635920088913931
-16.682948770955043
-16.55561740204621
-10.828561353375864
-23.06735355174927
-10.032541010566138
-16.305809446782565
-23.287675042896794
-17.47286005412508
-11.083191984772656
-10.569577592889434
-3.376751334893696
-3.4228785247742732
-3.023351530330379
-3.144324561406044
-3.0488718374169443
-2.643322157506271
-3.045418086934844
-8.563276725313418
10.944647399968806
4.776353730415601
4.971643726093738
11.664280689944144
4.818879916870936
4.733740766112269
4.7965820046083385
4.299000313648133
3.7517252216181936
10.676906870862028
11.198921758538477
11.207829621140554
-1.0340558171433019
5.846695501607666
6.113014057475144
12.098494245756033
11.91210307744787
11.602787535565984
-0.9584598424151138
5.221598928814841
5.998722471751149
6.017007547602335
5.772713028959419
5.487127802942739
5.670212020720509
5.007404053752498
17.168846365596053
-1.8984234185505433
4.918678072490647
11.20202372541714
11.407881682062046
17.446963116631828
10.571771069941292
-1.7502496883594152
23.21049285300983
16.89249176344211
16.880021046110883
15.380700802885784
16.263402341828982
15.977897260434641
22.683339768492612
23.06225460186182
22.981054682408338
22.472434377392112
21.675782250296386
15.789173201064422
16.001094314466904
16.03856954053661
3.68375097919872
3.9722069102653808
3.6586164511030943
16.222576656888492
3.94060549917083
3.6350637454506667
9.682000499026616
-3.50778266632571
2.3782713582471926
8.094960693281655
7.797393755592633
8.050201380529227
7.861229507982854
8.384568382293503
8.240088239335567
-4.138986374811101
-3.268140955351718
-2.870625674531657
10.48849926941629
4.156188253537938
16.63308636737577
10.00048467297934
9.919304540996295
16.019331063324447
10.061276682934327
9.931205476050543
10.013966776176979
9.792945164665825
9.91962694591351
-9.1967225947486
-8.941030392309768
-15.66127034140898
-4.075310730622563
-4.3104842591176435
1.6016129884560573
2.5224917653165053
-4.127320667841222
-10.373025930909337
-16.790692194090813
-5.308656596464647
-5.777032441299653
0.4139238287798097
-0.14120246694656396
-1.0885649215958293
-0.7814118161686914
6.018221230447649
-0.6222569273094447
-7.078531034397891
-0.8748779096120476
5.060254914160067
5.302367972822871
4.8678093526379405
-7.207220967968064
4.457338836944906
-14.149835423300296
-20.859134730816827
-8.188079806209434
-2.0448678347904212
10.778687003211417
10.6907578523069
17.516065892468532
-7.635849890696394
-1.6637330171810736
-1.9275138306894941
-13.804109239238223
-13.558464321458166
-13.083775803700338
-6.673914468514628
-13.373482282331041
-1.3332073994716909
-13.021175124766463
-1.1955722145131535
10.996812044444752
4.807213268944741
-0.9211090208933738
11.661022291555865
18.058848949958204
12.556304676792339
19.112732523214383
6.6637590764932915
13.040064921854185
13.421234968420524
7.611046405339596
7.795608011175723
2.2762306356955633
-4.590047669651641
-4.0293626908109195
8.938117166778712
8.885390223482789
2.8479821124202984
9.128140829281621
2.783813677052984
-3.8113117132685526
7.869986415021569
-4.709332387307039
-4.191322119729338
-4.120541534285847
-10.776107643552205
-10.53957477853869
-23.617086991435407
-17.758710616352637
-5.413546045890641
-12.118960962489792
-6.044999972257149
-18.882629525403456
-12.877362609098412
-18.97088502314313
-19.111946859060165
-18.933576242659615
-18.615094718581037
-18.193045380734365
1.5625629411929889
-10.761760752971453
-5.621450250620461
0.9841206074311033
1.095037644363217
0.7446391414012373
-11.531115868597258
-5.4387832057967245
-5.926229809098555
-6.714370600741439
0.12934606742883997
7.0176647479001675
1.3044073114331796
14.889020649212704
2.6703241895445013
2.242050788274944
2.2677947165925927
8.67108417218436
21.914111432975893
8.855880383606953
9.38184404125818
22.600413301475417
9.568050829860736
8.809512228972844
2.162828015700896
-3.4007613039971254
-2.792921507087126
9.907360905569398
15.420249823479555
-3.342039321101688
-3.3515863183117633
8.861673168845686
-3.005950939647957
-8.802216685164021
-2.315735061265686
-8.790629571155293
-21.8363965520548
-15.959909910717494
-22.399856585667706
-16.152881020400713
-28.900280845996875
-22.176567493442594
-9.307828053779033
-15.931257726947099
-16.475545316093235
-10.24608147099671
-10.569218607503053
-4.059843706845196
15.361581829650877
3.260663974398895
10.003807440757814
-2.8630318400209456
-2.3498731357331413
-8.019111132329552
-7.538089792935197
-7.415855544294424
-7.112976641295959
-7.309221692026832
-13.314066155427128
-0.925438055866709
-1.2827262506155361
-8.015180027362698
-8.082069357934587
-8.030898355296063
-8.439610803503792
-8.61942032778141
-15.127727321815414
-9.266022039422854
-16.42004634335227
-10.599945288291583
-10.597931366191682
-16.273797672716405
-28.41485957648506
-9.672599857255252
-15.959225795332165
-15.192199968912822
-15.608311149869976
-9.313347173722995
-9.740400477965126
-10.43128674010751
2.620319079979829
-3.898458975179552
-3.8552685510721147
9.026873509034766
2.257181685552113
2.4569100521318856
1.7035752895856784
-11.03899590011843
-4.779129784557125
0.7129365119960991
-6.048621694295447
0.15096357398318183
0.2754000150339326
0.5752647340099523
-5.1962802654689
-4.834380350791682
1.7249935709673772
-5.001707140499973
1.8413083541552702
8.45421650341521
8.365723749844836
2.245762110366715
8.781360961290442
9.133764715511932
3.2927260359334283
3.554591045548735
-2.090663468455731
-2.4908642821890834
3.926105861170951
-2.1439740912593424
4.684055682326202
10.299038693385905
-8.849101823592752
4.550336018198896
4.451519495735134
10.299147919529188
-1.1116581163673458
-7.335319530630533
-13.31820587389003
-0.4251509717276031
6.703613798393325
-0.0097137092056504
0.3983362625915994
-12.567534031580296
-0.7484620686847508
11.901555393268515
12.150394825993663
5.953944655829473
-0.0315362584528302
5.740887947179598
-7.066960933962118
-0.6449981020472264
-7.581006599605854
-7.697430412129812
-7.606848212071706
-13.893841083710898
-13.955560119761506
5.386246504975252
-7.201603848980433
-7.502695340321965
5.497815723484724
5.245462857114823
-13.740312789388751
5.809887600273967
5.311650084342636
5.299308020754271
-1.1423364271370207
-0.8493021146964503
6.492213240942339
13.693915780511876
14.43650198635811
20.994536981376978
20.90351939876671
20.6114058899685
14.074701866985068
8.001511340292412
8.619593889569508
27.41746703000314
22.033395858311582
3.1819118825341284
15.802792286994578
22.321616665506408
16.42488350963825
22.23069745674984
22.765218071848423
35.46036721014259
22.896667397866977
10.805371169610105
4.3475392781298865
3.925331055081052
16.21863364459524
16.199862116614106
16.568031333576364
10.712026779290817
17.731995589486395
4.910067121044366
10.906940638601204
17.036125728693875
10.26614729380312
4.106419092782543
4.784857525341475
4.90664551299534
-7.659460566478671
-1.9430565058981357
4.816493861795891
4.120791778104342
4.300026663624602
-20.76706578855176
-7.3403915966365485
-0.46062869659617245
-6.30249549956356
-5.764967374160443
-12.37589173999317
6.573528422037463
0.3646397882286692
-6.320393680670772
0.16555331401899498
-0.0061144088531611684
6.877341751606213
0.8246128238811561
7.537042661120836
0.6998972668823771
13.670257730483058
1.8909132340277437
1.9393344605229332
-3.7166483922993487
14.972183568663173
2.077953906700522
-10.624432342958935
-4.556775502555897
-4.92543900732396
-11.421506619386395
-5.09000158818828
1.2642740526499905
-6.117774636605241
-6.681887273711411
-0.691445253859855
0.5004172140399177
-6.315449265152235
-19.011604289265033
-12.904974920852986
-6.53577947576946
-13.049521938325558
-6.72191430005076
-13.146412044765661
-0.3031134702530297
-12.832508840274816
-0.014739593064772114
-0.7260765081865057
-0.20990493296558832
5.226336413982004
4.85841833290372
-1.7092410093763741
-8.719320255120179
-1.8335203256776869
-2.4450357931634885
-8.66919234684342
-14.523570524766134
-8.305960079082093
-2.6536710471514207
-2.675054742746667
10.188309533383974
9.87651919720537
16.51408908081471
22.250412576664598
21.941159426592733
22.33692668111825
16.447490492402583
10.518727638391644
16.481958240005213
16.70039308402109
9.24812584089054
3.0555872024323585
3.824725597029407
4.353547085886291
4.084383001152009
4.096577505461125
-1.6601998811749057
4.439847211144747
