-203.39379515656992
72.70473100199027
264.53102638833514
-19.486364479737052
-52.96365529429182
-116.55224728053639
-45.81970363771671
-12.866814924878142
-51.100723173033614
-95.52191529261451
211.4173023260285
-163.83926837887353
-175.39039313261327
-65.49159561946942
-20.64462147671457
-111.80173894852204
126.84603342220636
4.09853505252258
105.91099190917755
19.716395856137304
-66.547867307085
-169.31127634796096
-50.26537228173037
-129.5282756367238
-93.2282649881976
-46.96416559068197
-44.851310787444255
-230.63990270104821
-179.9487549795858
-147.7303262835485
69.33385408061683
-28.410535980713615
-23.95178479898704
-82.79668549893799
256.855412606619
-0.46628312609574774
-63.8677902678205
-101.88744490268785
-190.17856459561105
-140.91190092815106
186.64649786688835
133.9433906666998
116.20439877807996
-264.5944855563413
149.29312160636974
71.17339092603683
-10.337017511363522
159.6712301189694
41.322935093270864
23.03929716697776
53.96645032471304
16.438412425227984
-69.32629735625694
-115.71468929415107
92.53740358066679
-170.09212907927343
-161.0627187906409
-269.2105502311769
-86.53365319861221
40.966735589126486
-118.79877981803133
-288.06664722868913
126.45089727448104
-56.68374794339307
-7.568643971771365
35.97493451676728
74.3539878824144
208.12910766932868
218.39316370413468
-62.99278994813699
-177.82430456405646
-18.275972623147705
0.7996915885284827
276.8300832297567
211.7146406411289
-61.29354221596405
245.32625885898614
54.34742934703135
-66.27099533737281
76.92899577518088
-118.7167509566943
223.26756561346315
51.935788087614654
-192.54235021513819
-179.55076102287623
417.92464556365314
11.659160399285813
-60.839622094956574
-12.784029349497114
10.923642421685601
-53.35410724666558
4.642018937098964
309.3592063075223
-141.95386045209278
17.256891050592554
13.238121264629918
-9.022879928634334
184.62782133677032
-160.17996333164683
-92.05181016667831
45.603108037974444
-72.97215837363426
-283.4035341539166
-164.78536156905548
29.245146517200226
-5.301148720405124
86.54967932015519
142.88832447948425
-42.48728373832386
217.16595353886038
204.59888291777432
-23.653142404049074
-85.87836036194068
127.79643044092866
-176.0173900457361
57.531272290884154
159.70871246936946
33.70601465041974
-186.50885038210816
-177.5924652204525
-267.017592809688
-41.73175673557259
-186.80569195798665
-54.45226114417919
-47.288304490647306
-337.50905588182735
32.874869531580465
166.6358875915299
103.57390876383637
-9.20561793966284
183.47704015127823
189.23161456161046
241.18407544098545
25.751013725942173
-24.066599487499555
186.19094212457833
-15.103462470363532
-224.88468617900264
142.98149099117094
-235.6642588539547
27.085376256435357
-305.4600596267277
108.53501597929002
-29.76254410769718
223.2330838443658
65.87943715175955
53.52174153683906
-84.87989588178804
-92.26323995909885
-47.989228849892726
97.81018295699853
179.71657728747294
-53.04212888038666
112.28215192709928
-120.65417787558529
-88.72156524194486
-102.10783895422935
-34.633414456309026
76.13029122369541
74.85310810357582
-246.84913646155
433.7379617320973
182.578713102176
2.476816130091326
14.540879277339183
-75.15570068059198
-27.2054135915167
-183.81998768115784
54.159103288024006
69.77971214294456
-72.24622945997288
-60.34949696519575
128.08367382946423
61.267250286343355
92.31316376948496
36.28017709837003
-55.0006574132695
-84.64884589736418
131.0609756241425
73.32864823736016
-144.1705886256136
-34.90214769749227
-159.06799824296533
-43.363042015448286
-3.4098899593727126
50.815772534145694
-65.772981532232
116.84882896752181
-119.95664809294209
149.82030478722388
112.32213915919709
-1.35962145815106
-274.62909844703785
-324.209741639774
104.2774522753443
-145.35663041751957
194.96565696426956
36.793436307688054
-128.9543052911766
125.90214977216405
-162.2636191230115
-222.1021138975305
-85.56408642035339
179.59770419697014
48.87451523689814
137.5026259460236
294.5171931277785
-105.41467509458595
-8.348194814300935
72.89796974974828
60.161321674631715
-161.62682673312312
-109.37176299147687
2.4444424731267858
138.86815465535335
35.03252496566654
-58.10190236936421
242.1747272129707
6.552079579721371
140.01634554246752
70.88454677634031
13.556566063997757
-21.36614178669862
138.1052838658845
-243.28734215159727
30.855623553333448
123.6548621275457
-19.891989983574106
100.48753024771372
115.74194294381648
-52.84860853981856
-139.69394043022587
-205.8748593427622
217.00817613862353
-134.86480072792034
-25.63230933539915
37.15929599550705
88.59461392132114
75.39340662268101
-204.199532582055
88.71628351063556
-50.891318671952604
23.015115629662645
86.8135767808255
23.32749621850106
213.02727054563846
-55.92174062306297
-165.4357925770191
8.777725542117558
-185.9602861374449
130.37795947092243
44.44959785007848
-114.63076498652111
123.89614195596353
-73.2276112102292
-178.0581805157242
115.2985659871323
-35.40740816619946
-144.12308726625562
-235.3291786178587
60.392703079682796
293.581135254455
51.76690601856936
-0.49983788322279077
40.83754367467696
-161.60722364885714
-206.5229769520623
-149.62306592438645
201.48509516382953
60.52447138424502
79.17734429381817
-294.45389845663607
119.63218501772067
236.02204945404358
-40.1942473452331
33.7892724627753
79.85596712353924
323.93261302746623
-62.541698690115986
102.83788610324162
-91.23734303114956
296.63065291503597
-189.57059297339976
90.18651992330834
-193.0661754506438
-137.59694666605577
-166.87192754235653
-11.05882703194818
-242.08178124635535
-96.39712241834879
81.81376576461864
-29.34653488462695
98.14314985171063
84.14548788211223
74.35869244173938
180.2028523432765
-167.36165680477768
113.0086256613483
-232.21436096302125
-175.81043802386307
-86.5002811879513
84.40167294896004
235.33064356786304
75.46212212571984
-178.60105936453007
-16.923671372935566
2.2270369686863787
208.4249883724092
6.954182618926762
-39.406900101227016
95.76195384137179
-229.71579600973462
492.2128141235792
-132.04903276274632
-257.76799031861987
-28.011035643080927
142.9645285758223
-154.51598935377945
71.31335186770968
-333.41298902570463
45.73928868752713
239.6565714576642
-13.433403354747183
289.1366500576925
-46.75877899233233
149.28709814400486
-14.766229593968315
92.25087112020216
-32.45967407386479
-122.12804333180024
144.1752640842577
18.03235079317055
141.46447339343467
17.53942136678871
-223.29961688080238
99.47492462570345
12.771459177493085
-118.3857536087414
-200.65282094942833
-219.66072651199326
-45.137677912977225
26.575088658830328
-74.94311747307412
-200.56300115595468
65.53501937767166
-41.111860109234215
218.68978282394087
-168.30157539685968
-162.20168038914147
148.3109459028447
15.990783899205104
-57.01639918016068
39.15157687093207
270.67146645859515
-95.92353866022529
-94.23327869327119
181.7274852984965
-19.35103664913762
-208.20029827065852
166.97131690094136
155.5538213866331
-173.0526405185733
10.343095283872
-59.17944266871379
172.4764442768703
-12.86487579235028
100.46440931059134
-11.718237872929722
-114.5319397226328
142.7081604054711
118.11602068603766
48.18755728972341
73.3607536611352
-89.21086440660473
38.46648098843947
-16.531471605260037
-20.129201378019395
91.04236595383409
35.67267038222131
-58.64335636924783
47.322259046616715
-174.06218107019615
-2.1213796555860425
161.03766701638438
-158.4599713695972
64.1173923776199
-97.45455640790642
-108.07903347094333
331.41122094952124
209.07881267237292
-197.99815270670425
84.42657611273286
299.67150180982
-209.86495311057288
198.25002647746962
66.33411127543138
-81.09755362544928
-226.01619737909206
-239.48975204570093
64.66466974022438
-86.71797480009803
325.755398688558
175.95313449512608
221.1001644436771
136.71463289179866
-53.79748661207433
195.0649929903516
191.70211574465108
-216.26533358544302
-82.96656578840253
-162.63663825357003
14.04497617522819
-45.05839882420194
-290.8101228876445
-172.3243319262414
233.9328723497976
-89.20975106394856
-55.43392724079518
-84.24727114247547
42.94521735852266
-68.31083953790294
-133.04610692318218
145.19699280543722
72.95238050203544
-183.06826039975576
298.80677242201006
111.05016089010334
137.4979844853064
11.69579200301413
24.48279710693902
218.68348356649233
2.3019939837966645
-231.81856324665583
155.66583610733582
251.82029817134162
-263.8387062922861
-309.07633009175237
42.72936883150088
8.02257794398499
-166.5927770158062
23.961965695103057
-196.68627084387575
-151.41042220566206
-115.20829933613975
68.81296998843389
20.892235740442302
276.38099149348295
59.235321849084514
124.17096865916244
-70.23211212517111
61.472967523587414
-158.67512501681765
79.68641019377404
-88.85548062457484
86.62174911873795
123.8175764541713
130.9964818604519
-186.37041145234724
-4.473712037832891
21.81464328969309
-24.232684422207456
348.2527390018399
159.54047286118285
-379.77636775786726
-369.8342950163206
49.83163312101106
-195.26374160778408
-344.8346690261052
-18.881674386131415
-219.3022735582532
-88.6845868578102
-150.66021918540898
180.23311744120684
10.067350702853794
112.14010377246582
-50.14726692687567
151.32314299666783
-200.49942940748315
-46.4193726301119
53.27754525148153
-77.65439958355071
-14.982147977347465
141.83341658040808
106.40670462747227
-5.7092475999562895
-64.71086521220028
-374.1546990187963
-33.01421018901912
4.588289502826171
-68.41300262424812
-230.0119503260314
-187.755544461758
-89.88295617979978
54.5693128359593
-107.38554556998875
-57.42054358404794
117.65258793141493
58.94562468196579
-296.41934684055803
-330.7279248151154
-7.519642734666391
-143.57647613326395
-22.908497983300002
124.67905420867534
63.44737234558853
-164.64466089448624
-78.73936281729891
9.958517716990865
97.18025532500714
-246.42380584669303
263.3725449467731
-100.8777984882415
-163.40821908594953
173.17304819322248
48.83483681425013
164.25708456944182
-68.3572123226526
-44.9054860625332
168.35698304674506
88.80260678960425
72.75131455932517
31.261013871622577
43.519133222460866
-30.45634929961585
-82.65649690226367
-62.64600983331265
-132.17183388525825
151.3977043761256
141.96668290052816
70.07033444859198
149.81706895107598
29.524616848119752
201.3866739692733
-51.709676090126116
-150.05519001079162
46.74695117026623
-10.697432083639546
127.56620143666103
50.386026083370396
8.917356550445374
-27.627533835122858
67.90215663230714
274.75549289147244
262.8044933211291
-162.69372521087286
-192.52971649175817
431.38434119028733
159.1642774587983
-210.88460669892424
-244.83944810130168
136.0912626208024
63.08844649979014
49.53795987694752
-66.51359966613134
57.71559544743956
7.112743066914154
-107.48964035576789
-245.4155190174728
-129.21676797561898
13.831217590532102
-64.76268189119233
-51.86686994736527
-225.4745770227513
-37.51537143735964
-120.71232178636083
180.97805089645482
-168.99148618707477
143.70632933313283
-73.66271526246554
-124.27403794627934
4.166915674244095
130.10376009050145
-83.19840607051597
126.59534097636393
-222.31052958905266
-67.92517953271827
387.93739930318884
99.87431541190736
-63.672655114713194
-25.003487561522643
-128.3941974719753
-102.15606840764852
161.02667406950022
-237.7705333060114
-262.95538293250377
-74.28461129237236
103.89188723308594
163.74970590409734
-113.88142011466833
36.93707021332696
253.18413832236962
-4.831836390030356
172.01951550322036
9.407265172030217
116.95935378328724
262.2117537327531
-93.38425798927841
125.90294846908623
-136.56411057455875
138.08027482944308
176.89259450889108
65.64536974154476
189.9333163584695
-3.3408256261146976
-163.2641347743448
213.3740325491186
-94.02497097133985
30.837613395365526
145.0806961478306
-106.24346678206173
-8.5452977528874
112.54167596094508
51.41102726692244
-188.54445444365166
-133.31780529589668
66.12089127663937
-115.65334380539281
299.0309856783548
35.4626795916422
-62.05795955144483
66.54337486291897
-178.52130532835434
133.3042403413942
134.4552794646228
-10.919219117782074
-132.26940377318346
-338.47189422656777
-39.8771022409868
-8.463355367642073
-79.45301938205233
107.63752051757254
-62.240174219301224
71.08088500311
57.53179625257446
-92.81400510819242
175.55422357690784
67.01470135154376
-74.80440231001126
-161.24970210790377
-102.98529653412407
121.89881759518848
2.6702022197418636
198.03507830356727
216.50048998004615
-19.219824044024513
-110.23114676383439
-43.70131076295187
-180.6629149542773
110.49421246224448
73.87309158480741
164.22413238958225
186.23162189509117
134.33548120282592
-99.41497541729301
43.362794116908155
-164.68285424344893
205.3153995661839
-63.93377695175946
83.23068607484367
63.19327246489473
-87.33236860244101
28.575513131690887
-171.71329326561943
191.5107748039492
236.04126575810128
109.17946945459563
-92.74283610779679
-35.92719167638875
52.57665897847577
235.1387786400185
-80.11410824348042
-54.51922976806881
14.827021691726477
-218.8246489699028
-92.35569573859097
84.73843238713225
242.78138171772733
16.483821921594608
-266.87716065368363
-13.228827227789587
-85.57713919096389
-117.88025091139622
-102.98501446356931
-3.7867136984833603
13.518505756207347
66.52984474128498
-100.78983695535122
-83.81055364261887
136.69972317040342
-49.500319424609756
-34.39254648505886
-349.4584587407879
-319.28131982564435
-112.48483436163288
-80.71660052923714
-136.41300975202378
62.54527890954091
-176.0588831077531
47.10936388272646
385.85207879305415
85.42444676698126
29.29473694067527
-40.55688582125258
-195.25167163870228
225.7948713190266
-427.80419144997484
-68.37944928825411
34.34964010343742
113.85665791624966
-14.952581478619507
359.3689532492959
61.268634819677324
-153.37886934357692
-30.357183585488183
-57.05262354854136
129.17655264780086
49.37871925015947
-116.34436258769446
-102.95311629928037
142.9651635859161
-251.57818427069117
119.58727250107228
18.992643427211128
13.172804453949361
215.9936132062112
32.656494745498975
-232.40047525608443
82.5364532178261
356.09463131570635
69.9715712250807
-50.136373866216026
40.85511660001981
-57.03852420258755
-5.590534789825143
18.90487378533602
-111.96758492170348
124.01537613228211
-90.19543676670962
-172.78228490011267
53.757972219090775
468.31084834690137
-69.89047527901846
-59.24248344601605
-75.04314078158528
-103.71247308309421
117.2250484656464
32.718149675433274
-124.71829453277519
-114.74594154171552
154.69899849439878
102.8509311142849
-263.58198894329314
-83.57829170257725
-1.7771184558266744
-324.1887371420938
142.64852980930755
187.0005782239755
-75.76357140073681
14.852208267460906
-216.65664805435148
-143.06803116960336
-171.04563767748903
-118.79148686614049
-42.53275242979957
26.407602169549502
-199.7667701482414
-176.51791010001065
65.59984337098793
-52.52784726953551
-61.042241346914935
-78.26387743499558
15.394840751233838
-195.68239962682387
99.5656773251035
13.28613785535351
-175.55901348608378
42.76072354622808
-146.01188388963953
-40.728772713876936
57.278503352137534
222.5366313582638
-153.3633954348508
-167.0647251787552
-74.43920376013726
196.7209812198274
-122.10693039721669
-264.50080085781144
302.4859023062655
-91.19237289769687
-82.33403275304504
178.95827758193528
-37.570955852493704
-99.65782037997405
-9.834701111811833
232.31245430342406
-65.71634195650155
-238.8536887238258
-408.01543056994086
-284.5176789895458
-103.29785066212392
-22.467504164959564
-204.4600229860633
-120.00826235801712
-156.24260681673508
191.04487117791894
159.02555580548386
26.32961813516014
139.66811389284518
143.0833114993256
35.982281450861606
23.909012683376837
27.648183186692368
121.88923739008082
-120.39839394060994
-168.33163602040926
218.82456487090073
-19.54041905375394
18.443841785930005
-221.72872693842157
260.2873650792455
43.02963456147132
11.592354347787449
130.25630505765253
115.32086564925807
-144.22676221279835
-392.0597466159542
139.74071335231747
312.0851056579846
-140.25500512116002
-64.03617054018115
105.39147147946983
-155.62455350493636
78.65674009031464
-41.82456587636165
119.16918117498753
-29.86688600573128
-158.5837009863668
-132.54298650863979
-232.6554161951665
59.259183351562484
188.82985713101263
192.72638501052054
-153.5162401046024
254.46526931667245
-61.068446997528504
-185.51874357496138
227.9017107079091
78.10731941923417
139.72014085714622
-167.7635657632782
70.90543156835658
25.927478242408718
-106.59600041869163
169.44563056200857
121.45017690135347
-218.05185083306313
-163.53149708985532
85.05431545766781
25.904153742109518
-77.98582445917704
-164.83522415608323
15.392473278141393
122.47030684790738
227.4281115910494
60.98001050377262
44.69319305448431
-183.2904461600339
-74.1515467759659
29.963078494693107
-205.67370704508735
58.942396366735736
98.88056067524043
299.5280746467086
218.76869503704359
116.66694274594883
-95.92444172389897
170.20008362553384
-15.934842307241041
-119.94845853299574
256.70995797044816
55.31407398505038
-2.8686602730323503
24.21381960505505
292.01051591323187
86.29708299956916
68.6682462867825
194.1424708741505
-11.009543100164377
51.58522434515841
-94.74216807995298
-54.717634549393715
388.00266357041835
-135.4664410784653
-73.10715773950487
97.68787293107714
-68.04755860267703
120.57238134007889
-543.9307864291175
246.1631634961151
188.12740939980756
-17.20557059024541
-257.7250522958211
-45.11842371413612
238.79035162025932
0.3381619242312639
-175.389054468856
90.08363001243829
-58.54662696806033
-108.58893793701328
341.39833549689814
184.940064440205
116.78491572943938
193.7571727860824
29.565000064736722
-181.2307902214713
-15.62739017484017
-70.06467696839393
-16.133896888743184
-178.2051990303556
-88.11769057834032
-109.67066761815457
-113.05190448436186
-136.457356951388
-10.395098106861248
-18.870580141014102
143.12537551660918
100.87665291104787
-145.4604860872517
290.63327928448996
-56.483078445609614
31.37019756712497
-36.609756221452024
7.301109358682169
-168.55094395879843
-54.359788550456
149.19987028635708
-39.18796041667806
5.106758523653285
-229.59381378806793
78.07240915974982
27.2044750288509
88.81060195293139
43.018096684858264
-70.56399347692651
-13.506603917966755
69.46856847069382
-24.474396105216982
127.83266587842371
18.67828370115803
-127.61076562811968
-129.90242085345855
-232.5782049984303
26.45784170780601
-169.40797795487487
-31.95458836258353
80.70289062528222
186.38757999110558
-176.5988990880676
-80.32275390123608
-21.14908201625888
-228.01048027932538
81.38830635378852
11.136794531198003
142.98372355724416
176.67970734471461
-347.12794529489247
-150.03842063315903
12.969984970548616
-21.87220524605164
-84.69030714854489
4.763945153089158
-222.74459982477308
-53.259828078485924
-6.6317013334264265
118.63472972043998
152.3235433697699
-174.77838555140173
-113.91051306411065
37.164069094660725
-339.7733673929621
-340.9004879989506
-195.52442024735862
18.140901985197385
-18.790190412687668
156.00480754631124
39.078051979944355
-91.44996409794194
-134.85097865229986
-299.50453890930345
248.74796112334133
75.42267536393919
64.22729899292
184.44925012515358
-11.275183933335944
-62.135871564541645
177.68363537447863
-138.52132630933642
-103.36719221776637
-46.18460854264672
1.8518878268254615
