38.53199449910166
-119.01752206710722
144.4927408035814
94.50289999052718
-120.42526949607678
281.12368111636874
-302.413523795543
-222.85416038047632
-29.960089669604773
-142.56635633795284
239.34632638702413
-192.7704129482471
-30.086499017033525
-54.03845916512875
-36.00445997440274
162.850612200537
129.9014883378344
-169.95414804565704
-31.474118438859715
-35.92754682420157
-131.36067393503004
5.323802155534572
-7.3602089075148465
75.71354679091921
-93.98531410061246
115.00944260997424
76.82369868843946
-17.87358119241929
166.28722151659485
-199.09335406441366
196.62986924353643
-66.83732850435447
-70.63936677666057
-108.27612408644386
225.51870052898295
-66.61140448075558
-245.63562809746824
146.63970260126314
77.24807256671892
-108.91605762854662
-215.48015220280135
82.59155276817322
-126.46634372597887
136.91536109856662
143.67317402270623
155.0128154758789
-299.0195609195274
14.823619862487863
-139.6112372483259
-107.43346271716258
-40.774283545463646
288.4252721193138
122.88501264014404
-64.85081039912804
-89.89018430008919
-51.68268608664716
-284.95073276448164
224.8400820495686
-76.91352841078827
-37.0170655608698
170.7904845889499
-93.56956280874437
155.45913952211612
112.39683101784115
-265.1067400686655
-85.96624135762353
-45.14372024804534
-115.74403146136723
-45.60186595925792
-174.79875696575797
60.78470985284362
14.034399011137518
-433.12024160175633
-26.313151317319814
74.6498152320875
-190.42385288740408
-95.15459446186583
-229.6412767704555
161.98370938014938
-348.35216102417064
65.18615747983827
70.65117325470518
-70.23953160059482
-43.680013900845005
-30.870028856916104
-57.30896266580424
95.14651472582045
120.78273816173753
-174.87532906139327
76.70717305238944
-60.7359284257392
-149.8471456557483
-147.19217509072314
-93.97007604197097
-57.17020176305832
-33.22053568398109
231.65369445367944
-75.5879857186718
78.03459370429944
202.65198028153077
-153.24579688887334
-146.20165447934733
146.42296820664328
12.240577725576028
-24.446744997274678
-132.3118468560513
-46.45980740931441
129.63828459968587
-14.470079981663726
229.80494650459025
-160.85291887679006
-29.915866490214874
336.99807734755973
-411.19616690105136
85.66972945211747
-198.4110527575341
54.13614673741439
-136.29024732536158
-116.41488566463129
-118.07034233339624
113.33925965017107
119.27461824658347
64.12530946782253
312.63145554734376
330.6685160487342
131.86677762311663
187.35662328785048
-71.25852057912115
-43.96542138479494
83.89246993252017
265.4631080441043
189.81345422715395
204.45513951414281
92.9011759790497
93.81071458402711
-169.2094503454856
-124.92007880545181
297.69357934112975
67.89532034328396
63.82297474310216
-35.79015460053985
-193.47769295440358
77.17982360413252
-117.00564230099715
-142.37279859122762
253.60199085306908
-41.15861811968505
-185.28812963064405
-92.06871365267637
340.87888400716486
-38.48723127712061
-99.2813005840048
-192.3672346563782
171.24169796671316
21.168670070482943
-64.6920066196368
192.76336666526717
-175.19705539599934
51.924997344042886
-164.7973658715505
-187.31745474474656
-104.44955119834859
-8.407341089840028
83.60802686885492
72.29545877180854
-351.941132265028
78.1423974591224
-245.60262111618738
-131.83222009728416
51.02284623898122
-43.91731002344526
30.670468205084976
93.33187661396803
-112.80554996907954
156.7793256315155
171.81057234361165
-268.8531785863595
201.54222540359126
-94.11510627485997
-95.26480418351215
23.381757633961495
-14.321571647210861
17.233200693592455
12.95227763021238
-202.85391255922926
104.31340989319825
-51.01814603440094
4.315123297745826
-92.23554103278408
-234.36172874021227
115.2264347410766
215.39199226876033
122.20805059737751
111.75859828425418
-58.66445054282877
343.8776684231865
-76.09234786715379
-66.09588628559096
-127.16273673402542
342.83053385300235
-83.28797815576822
-139.64765287873684
82.68592792670071
-73.99709500128462
7.729591320021687
-27.478160134613496
255.84910204252313
-110.08570840774547
5.72342879736963
333.0388083924047
79.38841566704575
299.4147609942872
-238.74389944396566
187.70368490004134
37.62392093527453
162.98027644280242
-171.39079994514753
45.956585941007646
-23.257154268790856
-45.423372552942006
116.39436917264011
-6.839163273386907
170.16042171565192
-47.20886216175942
17.67110825600674
-188.62357641891154
401.7633648716808
168.8847972756971
95.6203935270058
-39.71151466022252
-120.41516101827436
-10.00686187605746
-36.842534792333566
90.5121899254318
-63.5869765838518
-69.53179951346937
-162.88423448513618
158.99325751352598
16.781680386275088
85.22603172385485
-63.226841083706084
-122.46202491165657
-242.5291584187268
-73.81956089019786
215.72990214619503
-103.48118863542193
-16.705638570855967
-74.1349561982347
-27.977745745472344
299.49157559643544
68.23774186568387
-111.8914222641251
32.491732876830525
164.27123412275643
-1.805024714422236
297.601138929513
143.39654241445712
288.6409537073414
339.76299752629063
31.76282601202634
72.93327973026895
52.37177595514197
201.679051680709
136.03526081913344
-115.16929146669563
241.43502063123242
-4.406861133895467
-35.31888929820411
-133.91638848386185
397.0995201358995
52.410718603730494
-284.93246075722817
16.144431554959084
-246.99809991005216
-302.18004048029434
293.1575170530481
-376.68701508127117
72.31331900873595
165.84354952119878
-60.70632272627778
-92.6564659991405
43.65061958349798
-274.78063914831694
-185.40687106480246
-36.5591649702367
-41.37030609103763
-112.77546197818954
149.9949392492404
-38.87202217698772
-130.15805893964728
-67.2363723291275
-30.40259893034611
112.30996126658437
-105.19150450243761
-247.25273081535747
-34.528662119555584
31.451326550246943
-424.1307928707738
2.9577528209375044
-132.9217723563985
-29.066405151072995
28.594769375501336
139.9823446441087
-78.83604650473009
-73.99624619577449
159.4949559041582
3.1836651219100736
122.05583593832252
1.2631104621364506
20.618275775368822
221.44730123604938
9.862082104333522
-149.15120670041622
-43.187087053229256
-352.2697933600553
64.74342683486071
138.41063746055897
-18.07488597478318
94.40186806048726
40.171260827017925
-40.148085253049864
54.04471833985291
-45.52282201899928
-122.42148671881333
98.08107354351736
108.31291179283596
-25.687920485233413
94.75260035350085
-82.83425474165531
-16.93013353926957
-31.674519393866994
298.78152389145134
-26.818885143723424
354.4381561614315
-27.78686888343391
-33.506071498433975
105.0898231781057
-96.19837998548232
187.89858647927878
136.7786390447337
160.3605798791591
198.70030937062202
114.62055726586519
-169.28200103004264
220.8568521333815
7.613836003038285
-45.598387978354424
-32.30775037458777
76.80949838126037
65.36421392787896
16.275668434596042
38.169448883672544
133.05174614865004
-172.55121579715905
-118.09648009251353
44.518205731044375
40.61218223046201
-140.76096219341224
113.19894833555766
37.941931556360515
105.28843418760471
-308.8270770769165
-102.90540214544633
35.5633929284121
-73.359569738863
84.31249706876754
265.9251771272577
-40.66931241528219
134.70933666663487
-41.01557578404283
163.41822562236396
-47.64515736948482
71.2725421197618
-227.17366675444518
162.88125379711823
104.26060887878259
-57.82437940175836
267.7246020786356
27.567350730965906
-81.79852011298192
0.6871626764203964
107.27858035234628
283.1549620213134
385.9268100939661
333.1556754639531
207.2656216462577
94.71539674326812
56.66371898655006
101.49486086934816
-65.51422916012447
-119.99414561612915
69.44452939230632
-58.233424240898806
-71.71377553006484
-74.16185997936478
327.66270994367676
-25.691388572226685
24.479865774419775
316.0045545523259
143.64549246884746
-244.17866507636643
-237.1527800979549
55.5162808443524
182.17078379708744
-132.88680821719348
15.124788175115073
-0.9296952273453496
66.10001332323503
-87.7139233615881
-3.9241129559133316
205.40526870976646
-197.13409868997215
160.5236395937376
273.87097131262016
-43.1470440138123
247.63874405527332
35.581630660725125
98.0993378208189
-86.03407164643853
209.9819199540652
-135.3840225801119
-206.25173581806942
-27.20738698280924
-191.77883483080242
-102.61079130329551
-77.7705287807279
184.55987975136895
191.71112310601097
109.23159919062721
360.69645446094955
78.22668470449022
343.7352597195105
-119.31709053932987
121.70765789668962
-198.90596505536593
207.10554646262563
-25.96321922919116
400.77966984198923
-189.868943323861
-76.75943611778625
-3.492354125929107
-46.08167875410213
-79.88364358427444
61.995285302171794
130.53160409146122
103.40504455098768
-309.66301557430177
151.45705768215166
209.4341780383583
-169.17049111636746
-37.18509874748524
273.6522687687187
-287.5115303987551
-137.06129851306918
-346.71266299086255
62.455708786701955
-51.29005857960505
-30.846532188399816
21.110384913584575
-5.660211976607529
173.05142581548517
-29.904588349344245
58.282950029929516
-57.7946991703031
-37.35194450584865
-193.14893111974817
-245.9419056668641
81.63875935775067
-2.7434928409436528
153.7551388284115
-220.17014272359617
239.20211949662868
240.06885169734105
-388.56907187321565
227.33050684547385
127.76100037479266
-123.22175468511603
-86.86578022321768
6.083678200349873
-312.95081389820854
127.19254035232028
-130.88755152257175
117.24029271476422
18.180330398693044
110.0036560258194
95.28555557985548
-14.366280367376817
-29.655026413753262
174.85882427990126
130.57106388744387
152.0651610167271
76.31598216328861
-70.89373671640315
171.10945814246722
-457.8772832057674
36.10496239192276
18.51982059711901
-322.5898647984547
282.153686441034
-98.51708862460437
-5.662570765274134
15.143258489923458
-153.32078579676744
103.9227401351375
-84.61574467436552
59.608774924643924
151.37443574261098
-342.1629852943332
-11.171002365161172
-445.1845936763992
130.70418521833355
91.2142699309258
153.07696452172783
128.2398618540994
94.46163879669618
-85.62723497130176
-144.13010763127835
-125.23853513292202
231.41979471148585
34.00361705140551
-134.25025595032525
105.09542423915056
-170.74726651560576
-14.326738115415449
375.2806686274359
-261.6097061362351
-441.550938467797
66.26225605636039
-312.05020291601465
308.40113853495683
135.64683680396632
257.2682300710522
247.77052161500092
206.17054907890977
-86.06207097058196
5.781974027416506
-156.9143232874679
-158.89312756620114
6.037272756742009
-152.16772307010388
176.54624840364062
61.08373102382552
188.42812713780165
-35.81557442713083
-95.92332536046572
294.89958063050096
-8.290300618898131
-182.1356865686302
151.18937746127742
-31.144929019977248
43.3399193147191
-175.28283896404466
92.11614245600461
-139.370704594659
279.9562081409094
-26.13658647645219
-162.53163252853886
-117.16954460459755
106.33037491064172
74.62571747048645
-187.6412379902659
-22.93485429203157
328.53599031727344
92.99082551246508
155.7652950247872
-85.8080040102345
-23.92805279323267
111.35720705859572
-21.112267179737323
135.7680924941975
43.6362134746922
-55.93969112668582
-45.78010401709711
-315.8054144627452
-195.65868867438778
37.13184386627767
108.07987148154704
-23.62881561211952
-47.174934865686936
72.22237486467222
-134.71146394991376
445.7266592945446
214.33178721607146
7.6058538287133715
70.72357052195055
58.09003079218915
187.41174479232444
-15.11927354304018
-236.33403865830894
222.75099417836944
-11.064584666483457
91.85785249871493
315.9989574193644
-95.27571994624546
-75.49067368841439
-18.44626204131135
-297.31427529487996
91.51130367425954
53.827222898133385
179.58478138874253
-190.6399215793245
190.8777157399964
-22.129541446227176
133.97245931331034
-199.85485873871133
-107.34418998705365
-188.0097172127343
30.075080156281096
-80.76281972644111
88.58999602123203
-149.27296604950607
-197.4015348905087
85.01769334067694
97.02752045178632
148.92562832462644
43.76288840642864
-270.4624324035115
338.28932634179733
92.8622190022806
298.55855414118537
-248.01203843520906
-2.100699444036799
56.7157599359989
-92.95228358494548
205.41752631453824
249.332385395556
81.19142268101092
-194.7616654547638
300.3809377729357
-110.34619535421987
-216.75017653363102
-203.68844912861255
35.68888955520907
-171.64859829623336
-17.98152227705812
188.56927396933372
-82.23011667967093
157.540194868281
-86.12422818613643
430.77047972896895
-164.84425820682372
224.0571695333233
-113.93032069595934
-15.489422412290516
38.62331621572448
-164.70143702016694
-455.84456710053325
298.69861202191146
97.69214355880814
-67.18791164964281
-168.43851678459924
-146.95429505911903
91.07226224657839
32.656319546188115
274.77825781501974
-163.5771218890764
-86.76982617337532
116.87972731066085
92.83682402622283
-203.62234979123897
-114.73640579276906
87.3825370181058
116.50918744980238
-172.169073114874
-227.159039860894
362.0816771709079
160.64552432028952
-215.9532086907674
120.26345851798278
139.3799163433157
100.60010582221311
-332.9313989309948
-19.508490945860473
76.89394973223769
81.17518578483902
120.58808270789717
225.6423168578724
-144.4416364446502
170.8848039625727
-111.93464426401107
-47.11613550739178
20.954152253985207
-104.64908957363969
-108.1636907927791
-265.9208808829395
111.11710191637515
217.11160577535128
197.27160218332907
66.05664634698077
299.02553686574197
-130.1133809283629
88.6155950575398
-110.6206154385975
-153.32948370258083
44.75167917774498
-44.81952462487551
5.019003837693604
-4.924779381853129
-79.73874685506995
96.19027877512397
-11.291562666565472
-180.18231957731592
115.0696632816304
-140.10713018009997
93.50673016934016
-40.5450615281943
-56.77792242592697
305.34202855172316
-146.39968263775984
142.42185516067747
-82.00218956800605
165.43798782469216
58.144608285620265
-129.46400055443326
-273.1012213282687
-135.1700564442253
-180.29678541945827
-36.77284777211064
62.968358136242834
190.0423807460202
-142.77547547350656
99.86481155290618
56.018286722435974
294.7357957197405
-26.160539861428532
-87.47551549838317
3.0711570733394837
-22.221627701456928
194.40115474099846
-75.35216720851169
332.1596835222061
55.00101675411008
323.33754776923394
71.64196848004912
78.09272448074275
224.84136137351163
51.76884768080572
-49.4705567231511
-43.613152446255015
2.6434501299585333
122.0475852355859
-99.20343981571963
-129.61270744524734
71.6860007987475
-310.59955419026255
-53.43318739669085
91.03445584487234
75.91854823781668
-205.69529163484557
-15.582874157703651
113.79671571647813
42.32390529560769
73.60876745239788
-213.8493608361985
-132.33295279728912
138.57914029554206
-17.35880932882973
-35.581725322122104
118.89764800865896
36.12110105938128
-121.17801744710168
-91.94375982589564
85.11957114605094
-177.653634164256
-165.62693398761562
153.854269337291
-22.630978503964336
-106.22424485337663
467.2771736963808
-52.560031345362134
-49.767432581810624
102.58906178455662
-173.58612053545957
317.7334036673754
-391.0032315526074
-139.18479361970773
-362.6053428657275
-181.78525184547124
187.47537103803748
-44.075267390656435
-221.00579232623923
73.13044133293324
449.42147517516923
173.3221664868014
199.58338846744695
-110.34376920869371
-53.906909822707576
17.43243851150971
-75.64944204927424
214.09100768772137
-375.61536904451856
-144.9854530738707
181.6874079312152
-17.165404177597207
-308.71191571336726
-102.27484616174401
-280.8662198536705
1.357566682260975
-67.24229999684395
94.48702183381344
163.61089757764748
24.523351013677832
46.52848454612799
-85.81315519844155
-100.70197250280351
-209.8816096015314
19.524868269214497
-236.46679469179105
-231.51747522842606
333.502658933673
-186.35483727578477
-147.97882148807008
170.94542631762928
-9.734136953504795
133.63373211105034
-153.59517413294992
-195.05751272665032
-49.792520601264435
31.581891335686667
144.8583528838246
16.252473364406494
-57.13825817221537
-166.38842438513558
241.24777169626944
-104.46530020233261
399.3950779159696
-66.24529970782916
146.0472013458382
115.33049274885362
97.18846240824995
-57.334390466218814
-121.65679325710224
-15.909961280654674
-74.31871735939299
-21.10908530003004
-143.4131551131403
57.51659726114261
121.34038821436519
-73.38670358432265
161.3123075521054
16.31570681524185
117.59880023228067
-345.5046125410578
82.16460234678753
450.21074997106723
-215.0099305388823
316.998892467759
32.871157981306844
15.970290055354372
35.60960005756279
-88.58029362182918
73.87503551774562
-54.1832093177263
203.1278666020786
195.18966011714556
120.77307330489424
-123.41191960853045
-20.546654671580995
-38.49687692371267
130.08860852594884
-92.30070193567732
-16.63283842769149
43.606534732629264
-166.12745528318322
107.92464683456176
-182.38499514830252
35.95727074159962
178.96606167673343
31.949802465070654
197.79605066856686
71.77841030157802
140.008755093467
-179.82054975352492
-9.123089431010174
42.19826905451613
205.62624971448855
-114.0044651912653
367.25026265282906
-129.5336450717858
159.84861022164532
78.18370689592656
-86.699103640647
144.34974746187606
204.70581552746864
174.26589932708205
-202.80213964861923
-81.17079780964453
-279.8705733728163
-84.90192843647017
-180.12989172644154
380.5464396849061
21.837685868169654
-81.127878761399
65.12622723496168
2.7501127042466047
370.9497844856764
-18.773142107893726
117.98555976459502
188.7055434641347
-126.88675238654315
123.71358909101643
-34.54658334850841
-118.76152297190661
-148.56943871989978
162.47875285588108
195.29732261553832
244.6183750219647
242.75370892808505
85.23414362115435
-307.2704779486863
-167.73295659537905
-179.29544809197003
-96.7087098565488
295.38748052588596
118.20193041554877
-25.772868684752172
-0.17459747449993146
-280.72546480015285
293.44509028209785
85.79353981427616
-250.71342887424933
-49.45126177131155
-49.53334688961814
3.8248063697889507
-105.08995694201312
-309.81828344640843
432.8321944765509
55.6988929148349
-243.74647179210532
2.2488294150101793
-45.602674718450324
98.44275285550495
-27.611553007746643
-21.728921912971288
6.291173459254369
-139.41613806028195
187.73139848966255
101.86654132784358
345.47909460013705
-198.55652775484225
12.985180362741273
-7.415707131837344
28.874305690161002
-121.2691627029789
44.592440975946204
-158.36114623325489
-266.2233943785092
-92.11092100973855
-97.92319154931621
-32.31233477899574
274.3591849365115
-314.4174090657152
256.910574840186
-157.24413338645707
0.9022107773294978
-279.9874986122772
60.10182230739857
-103.38564647374388
61.3794095150438
317.3767111932111
-59.81057115305822
156.99828576749894
164.97995056346224
-166.59188268549477
-148.57736133258618
-173.3887711690219
0.46449456844073067
-167.30218494039013
-142.56897226492038
-76.83118767370613
118.02270338725843
4.578020593111711
261.6749783835814
-4.406372459025293
114.15461242326185
-260.82279154100337
-98.21709753182166
139.80672604328302
95.16982714728572
-88.67578481111953
327.4994481722953
-119.21153295962193
11.156974309429259
31.792305893126777
223.8132283565671
60.953892834469805
-47.20346151244953
308.9567963217013
-55.023727594133206
243.80913808541916
97.27815110574622
-168.13772836728384
-10.240196298773776
-104.61683389234858
319.45310299574214
83.93602136569201
21.515636060134216
-212.5340434495323
50.73032089687064
-225.23241262243434
