57.07052978395346
-130.9273400592188
151.30893114327827
61.973768618302714
-13.853322079717742
-16.115497039118537
-249.82597571156106
95.67650870744201
0.6504701270175143
-55.505232317027314
-117.42033407114923
145.31078731602318
-67.94378619692857
28.019340027015673
-205.18833418175177
-86.30096724586159
63.66230091924551
-123.65642664376087
-123.98217275156688
46.33396741514096
-143.12360792079136
184.1248745860977
39.52952445600282
-192.41280713243546
33.91928341647537
165.56278255851635
-16.01593411570075
48.33020543891881
-88.85457210009366
129.5544942299785
-9.726508568254873
-40.43850088832347
-14.51547323385292
-109.06664435355756
141.76545758814885
7.905625449401871
-95.09633753232126
-52.87680404044063
198.02498778593625
95.99288705473363
179.0840427713425
-71.43949400164655
-53.54412236863341
-79.51947436191752
15.045713292267777
-111.59672960241791
-362.85215667814754
-55.481118878009774
-185.7255329682152
-229.62665866657488
-122.48319024271325
-4.6957537477818
-143.17297412632288
-16.275610703505738
97.0762504199726
173.39483801496178
-26.536539567692227
31.244183214737458
63.379477999438556
163.95413735611277
75.7971776737013
-114.10088662013125
-17.918622793107573
31.951055855610615
-26.00035659098523
-347.961284446103
34.93045564269682
-20.325984747486906
-109.18301856528855
135.93085301692784
-134.01495470480484
67.10176304513101
59.15465576420322
-141.50626702985986
103.34270924672104
39.515917668746795
-130.75764334218843
-86.97885632261526
-62.30311612256301
-14.487592119426054
-152.04643758819532
-177.05991918494695
5.101853296073563
56.44253507789039
55.7249391691231
-81.90411214651498
-44.2181661590816
112.33728836223094
105.64917205540542
149.05948012529328
143.53100995629947
124.69598133530374
3.8207275829969616
-32.69953688944626
212.18888785613865
-32.60553227539663
-7.075219479056457
-46.11240986768405
199.28717386785937
-159.57809267831033
-25.273809926824438
213.51746225928633
-276.33548346129453
-5.425095442336334
95.27951066375097
96.96625303821982
147.3878660650709
52.5280704296316
-105.40879838844056
46.96920032341563
-9.820574229537822
15.910079311850652
-83.99617262335362
68.76043676380029
80.69190368773133
-71.61170518300204
-65.22594038009382
43.25362345164699
-126.58846768017806
25.312544257229526
30.070382810192267
-96.48491053873929
-6.535149337120762
-24.82764537251628
-126.94068689978376
-78.24171820151577
66.07229181120361
2.0900148851192126
33.309077000811186
-67.22222419037212
-182.89920639147425
168.2383441978348
123.86019813793897
80.10988739766798
-62.14282904518874
12.60835207329479
-106.31934325299648
15.480224870355439
-65.99026446485358
0.796910024743271
74.80243841316575
86.34830391442414
8.018382114918282
138.16516812900633
12.517473527447063
-5.267600556913208
-10.92341761592313
133.05188782817896
-82.20033123897026
163.0118671819562
16.71777817293308
29.92882939570044
-166.90142507086352
64.71525015625856
-33.58258429919447
109.54542081160727
22.803603043178466
116.62642076672329
22.854289222659794
55.36772872921318
-114.54577356459994
-140.58460274606333
30.69119384329394
19.859527894066805
157.8479032136189
-126.08940099068262
121.38467793442342
31.64385448844906
50.300169647482285
-138.11353862079233
-139.23206439817108
-0.9138045635560883
67.4617954779573
161.05176867788643
-22.25223680427709
41.80108272893216
48.311763055649465
247.22199651274974
-122.73585563124554
-144.0038157248509
-110.1052427379678
-155.37205231113214
-235.59615055899107
-85.17925539563797
70.09340689424894
171.67992614532324
-54.39166155897468
-54.83160659115092
126.38484264473855
56.73282172232368
32.045091170394244
-182.3749174508556
-138.35262777419834
-73.33219804585578
159.85381957772023
52.130099715325485
-111.4739087867486
-149.79859832868985
-36.109096286805205
65.28375573139606
-22.812086226235305
202.06112884835704
12.955402742703743
123.2293895737811
178.4773606285911
-179.93533938024592
-74.83268269076937
-18.76212005284036
32.71437007861271
-88.30821956171512
68.2011389739371
61.501396602607386
-259.71341497827063
157.1531464359708
24.80025320151754
-96.53675898670471
41.41759146001079
-115.86731120212802
28.264397844740287
53.94969492476261
-83.6532516126754
-97.38285063207611
136.24508591377895
-48.05341273599968
-128.69854236512234
210.29560740083608
-273.1369089708867
-134.24399513581585
-27.10174739365622
-26.821471850005018
161.00974728820958
191.43803283902366
53.353473814216684
34.67809827595339
204.7619793766693
297.44864199801737
152.10924699476578
65.99073909444446
-50.32799812450148
-222.5311571619711
51.738831934987616
100.30149965186108
137.83818755442064
20.38752947852165
177.70278278493828
-42.52043677357473
26.359967326250512
-201.56727708793485
18.560816375941325
-107.682668261048
-44.230872850838345
75.55456701347514
24.94080844516127
-95.25417735139251
-139.95480714019038
80.16880686045363
-7.701101468305014
-78.12048606723437
299.9694322350513
47.138224230110005
16.141878780185927
-90.84715792895622
152.560760418911
-51.94973133007964
-52.4905481218555
11.844914498291386
120.14101788099299
83.40997539989527
-60.1377973376645
-124.32690061128146
57.53961936961595
237.55911174258148
-133.07361352239195
10.291954662051463
60.84549297397868
-49.017436841643885
147.00796289331078
160.35584880534503
-51.10717440089873
-62.371057236568696
-63.3637884671375
129.90432085205353
46.28983423052721
154.73564873744945
80.06760218786506
56.12019019157086
-22.957159890721915
161.29955886091506
88.39444658584425
-130.26558553910942
-324.0936760725875
-73.03087312042736
81.51921964203889
-56.357102467329014
-233.8651977987067
94.24054883318627
-13.561184912550544
233.17440945852064
-36.47610549007445
7.295119283423007
-31.665037022507512
-181.94568402711462
-244.0378470774495
-17.797685725957894
-4.666067127240472
46.0864451258224
3.1554197278756817
-1.8823398563328504
1.408056233725394
135.12263613665317
173.25868829225675
-116.94132340545306
69.75586218058214
-35.86187212588751
-84.71072354264263
192.7303232834664
83.24245909750404
2.080143539629624
-194.09527845857406
16.351891785184723
-171.84292348597748
16.38317195720009
-83.71056051823014
-291.5140917114102
-33.46788155336305
46.673397218498664
-126.41715301489295
68.37790789646314
-62.59242384271858
39.42612353171347
-91.75841179637787
134.95882340117018
-79.58691870484674
-181.7132740826896
69.88152673164538
-75.60318146240711
-62.68141093370456
-2.8168567241623714
-46.94872662639655
-85.57940884467531
15.727387724303146
33.58310239229379
102.31512119061549
-141.90189141148315
-223.8800741844087
26.124634511687248
-67.000310189594
159.01922238114335
133.34176013263132
-17.614479862968118
214.12297644693066
24.319747091478007
-72.69384370933517
109.12030599281553
87.71307623215957
-95.03157458756255
-132.8035750526546
-20.59600827419432
-202.66049510340528
-94.52441750915858
-207.37482920279794
-37.14005463301456
138.19483159636383
-24.822530526385098
228.25877292771847
60.14904017668702
48.02337175914329
-53.08448729125611
-22.511361885443023
-47.154992021354936
-71.7000580471393
122.27053781724537
15.553175899557878
-104.00848714309372
-46.01447438308591
-2.2367882921248743
34.851121530709804
-153.11541725968635
-183.9295410262552
-7.313107204080332
-14.314222362819375
-70.89117374328012
-89.74591202196319
93.25374982343104
-78.7378390753192
-100.75593792545213
8.96869698997207
346.1207890478216
6.76662763789292
194.6382151150405
-30.231021168961043
159.21796636119495
-109.83291828702319
-120.38873908014033
18.319130226536817
-156.8460783396246
-10.794742900677669
-123.55768044276066
-105.82049879712794
182.58561322753533
-63.27971518150548
-110.16701606935429
96.1365112737014
-70.6975439553455
61.191647027296256
-83.16569448189667
18.467895852295367
3.3451547447212713
-93.01965783847422
-7.671772719134399
-88.95833257139523
-17.23743884894719
-4.019034347647533
73.84102177317666
205.16834368506994
77.96940659071596
78.75944882854283
-110.33854944757019
109.90291747430756
46.58591756998165
2.775536468247419
108.71006090980944
46.18710796987557
171.99023040743253
46.68105180691747
57.71863380478791
57.35926757853546
169.96269692707193
-36.279250995117884
78.15210296734087
-9.111427747252048
148.1952570772185
23.762461834139295
-28.979091107420512
-105.01242174877046
119.60993633609655
138.4682852959755
-60.768618334530686
-111.21478487394718
-166.68004785804456
-255.46621270922628
-8.041106608877516
104.65527973040527
3.21476560917881
40.85576396346469
-128.43998343343517
-21.669456132561894
4.5052642935342355
-126.36927370101408
182.9354415134456
-173.02735790322063
-191.76952897975536
5.689233656457395
49.373764008003064
-20.042367114073016
104.34076905216567
-0.13654603929063058
-75.09031231841021
144.80294067387416
65.68179680750507
8.787299982780713
-97.90407202378888
-23.828493107855902
87.07811811391038
-0.7628847040828253
62.04513306579181
-20.116963117742525
-171.40309994150186
22.999622475097024
149.15808260187865
-90.50692975402778
-185.25774476651262
33.771451119731104
-161.49762736911705
-92.8568070374201
1.1420470936193179
82.27387310387456
169.33520731669313
-57.483552637715185
-95.6170357143244
48.94008927998738
31.92064020849707
-177.00767508257417
68.91486576911404
5.570328427027994
271.44306077095507
-41.50276871685485
216.66851674891836
109.24338321862723
-47.175739424835214
220.10507903911991
233.86019236913992
-181.39714957568427
-93.5997970901096
38.54195549454839
133.45576126193302
77.05767776001342
246.91060401079403
24.386341918819237
62.703564797562755
168.7475113105222
24.69143935705743
-247.7030706329253
-78.29141339855906
42.70460050123769
-67.77551696334811
173.54446861109912
3.9678545001760543
155.49443127426417
-8.883381113048362
-2.005499760743508
28.558066115312894
-40.353031023457135
-28.69717730762683
-78.82780502720003
-152.8716722686626
-76.77456411618921
-185.6926787007438
-47.70323234718824
102.92796247046356
-191.44290987151965
148.70358098128696
-19.88034079097185
62.849511003416424
-70.20988722108606
-199.5928780689015
58.36357927816311
-35.743173334717895
-53.20383956719853
197.308984044621
41.33076153898316
-204.59209375688116
160.78515557926562
-83.30233455800409
86.31277177775112
123.3719866330635
9.99285987960243
-65.77589621367474
166.45000653436247
29.39361474178158
79.46088862869256
136.51411156186634
-58.887305445015876
141.8498489882774
50.84292686617279
270.10570550560277
-36.36733780464076
99.50341666775957
-2.515042728173473
88.70536809711977
59.447435397906716
172.21402476977866
21.403286146848693
112.08693682481014
-132.1024230592196
25.061722544195366
226.35478702171943
74.07224439619274
141.38407787272723
20.079187983508465
308.4951296757586
-32.27816935504257
77.2381704361334
14.34997564808283
246.511318556691
14.650536973108258
184.89876414041805
-147.79566110098054
-9.450629407061449
-88.09238277149178
-137.86269606746092
69.68939596681159
46.253919857962316
-92.32392183155106
51.69721621757036
-407.1390880814215
-110.3534110804341
21.933573203216177
54.062251499061226
-9.118722167270331
128.1176225184755
27.81217565047446
-110.48589324909429
241.98185479045165
113.19722958267472
127.30022421665757
132.58741610754825
-93.33414200759324
149.82853630245893
-208.16839583194616
-26.392436305395726
-44.88304125690014
227.43308712715458
126.27684586466464
38.66686664938511
-24.677755741601658
-36.30663439827666
-167.3509588052505
-1.4141263224189458
-69.77043147506987
-125.9646617133583
152.0247085048513
-82.5179027890777
-134.29328596827557
-8.88276767481204
-59.98354046450919
96.82216884487758
222.2873600139696
83.35368212423117
108.82716122725301
127.79213103858532
69.92205002200382
136.87047529894016
-77.66089731843915
73.0023114075126
48.98977681482907
-19.24854208885569
89.10818774532407
-74.4343153340298
-24.929502181709662
50.3604701690675
71.64634676941473
-42.72886987598846
61.84279379488639
91.759698632824
-34.56386879055546
79.3699003168044
-32.85681618503514
-221.05600348151762
-77.06890596962377
137.2596633131472
-19.76181877760024
150.56878460159797
-143.99406514504633
-149.55753402868635
19.81780013077841
-24.163981178275552
117.87069823132558
-8.045731155806198
-119.8565900462794
94.4206515802109
90.60284944369717
-205.7833721529316
45.023447173393606
19.2581718282486
62.98968742652929
-119.67744690288052
-50.53135659252983
-31.713138635396998
44.633251115718835
272.2385840130171
215.56212901366155
20.156998617356017
-288.19028804170387
18.81569190919644
-1.4952121977049018
-3.6665305129843753
33.1180542840365
151.12076736131104
-6.135026077446583
-237.51350255394524
-230.410491591956
-118.69076769187163
42.873674248445916
302.3607897161108
215.104910140992
95.52073040732482
115.38250320307486
95.87761102129859
334.1731522207734
131.9845282353276
-31.25384855311633
81.01372401793634
-112.61584444424156
-188.25486498040064
15.109430648789111
-29.25604328844792
176.10762083867436
-156.69475920656285
-50.3648814510752
113.17673538476332
-78.81699968419291
-338.8948738014289
-127.02185352967469
-159.3892169524127
192.45143572116564
15.893025703619669
14.64104512324382
-60.719682991004696
-129.41333190737603
-124.26453684027823
-200.13974737487
35.43311339342847
48.59268879610641
-279.239678058377
-51.7205849524458
-208.97558345073656
-6.056525225769198
-91.7701693749683
-141.5306972192428
-69.29008992576134
-0.7595734180839133
-81.39265936039915
-119.26120217542046
39.09773621198841
-142.51140473291616
77.43140250500949
-98.79450028425913
-28.886130631011707
107.67210767980298
-262.7791625397349
-67.94098001647667
-123.43367585354865
-349.81667322857584
154.35720286740647
-109.04140152822438
-8.071748956600052
-237.04338853672755
28.09288240104031
-56.15252889927153
276.9170571369679
54.49016974507738
-165.8857048859339
-17.111505607469134
145.08494774019707
-74.5105592644886
333.55488221381074
-24.52398541174728
51.56423176179684
-226.28070745767843
-149.94407321007216
38.928740799325325
-85.99237889128317
15.311240798833278
-85.53659478683834
-80.58596956305112
19.817279498815328
-92.58030244119604
-4.629546116651104
147.30751840098347
-83.07512155664486
104.9671966484093
179.57774561541748
-115.66276281965241
123.91104849205253
-20.095470936079266
-110.85932286864404
-65.52533140694821
129.1315181706615
29.43157740534207
10.921310586047083
71.89514418927145
-66.6537010678087
-61.05612982492582
-79.2695811023006
160.55591748127486
79.0383060861576
117.06871114047186
99.02902044708696
55.22810345456283
-8.88853471242549
-130.17990815129292
14.780594987285863
-134.1379222680789
-126.40087482859023
43.166583464970174
161.44599152043764
42.647227645780724
-19.883446636410252
218.26426337938452
48.26753395428208
-131.47508529277113
5.697587329493495
144.16598714574172
-121.98543004549894
-120.994040188063
148.23121805797552
-145.06328346445449
-24.69195226540451
106.10519284607217
18.729299923597463
-44.253324970595365
205.08402736753354
-222.3138054992288
60.617978932490644
-164.0362050601135
42.796391184356146
155.8456748119437
104.43791236853983
-84.4339509308482
9.964115693768033
-59.75958047329051
34.762803349832154
4.079972677898908
38.04421979611448
-62.61254373550866
107.6869788616541
-29.405848689423035
42.040612566201666
-194.83773400756945
-2.1457783294055117
199.18201323863582
23.76287466276453
-63.54362452186062
-234.14037868325408
-78.3811471595232
-78.92497918873948
-114.90817207499389
-77.5853910893675
-171.83648134464175
99.2066567231009
-58.622554814926765
26.72916499661458
15.508175321478852
-130.36054731143403
-74.77234722077968
-73.24895868508372
11.69611375601987
16.394509035454426
-147.71792014140195
141.16433141969415
-203.57725011631968
-83.03678609413163
5.0429391759866125
-101.03695713234947
244.49405940091847
6.271009442796279
194.35939773719687
-156.1802200671268
21.183965363249584
20.99890914884625
-88.8056458813583
-45.07707735485516
-57.25056151174907
-93.21677931568276
2.5374065270739847
-2.9940567683946604
67.79464057457157
-164.64742080815682
-51.98094784127076
34.065243289669944
22.148510257424117
3.1441802743231047
104.33711576187052
92.88801100619591
-25.711534824034597
43.937894700123806
73.54807206646697
-146.61454114774762
-184.3944846992159
82.92652983279763
135.49165797988044
122.13950959457719
-184.14117440753836
-3.063505919767743
-15.999956792851101
28.12925984801075
96.80185978152944
8.112423546582672
-130.78028594294955
109.80777190462634
40.54327390386068
-148.48050266079582
-49.06633917648882
-11.089690855574696
-193.20873567652328
-110.22295980037394
-35.30682503903054
3.977003110191319
-54.21444709899273
7.251279412186281
-69.6903535032004
-107.84877509709868
168.73624769292454
-84.79465368702115
-65.30596469842605
-185.51818603095774
-14.624023203438473
-38.5071964066761
92.80626977253301
96.41206490113291
-17.985424759763823
-100.41826663946271
-33.52040856704667
-132.6606559330234
61.205430098274164
-0.19442761320706653
-57.455220334602
232.17102909915192
-62.508757059844505
-78.24399677535544
135.21357072347396
169.3992759566368
125.18776096298825
7.7146430478670025
71.91229054072727
-84.6759460677657
22.380194910978993
72.11240897149882
-96.16011323531029
187.74918046890534
-140.1714717487219
-77.67428439878354
22.038144198420323
-57.985874288972816
-50.8033603473997
98.1136922700039
3.0370517284329535
-161.6814515755985
71.38875071963515
116.6163520502453
133.3542319228314
100.92418776022986
32.43170553198133
-62.61177303618599
-1.1501816057177106
31.695962276077438
13.485036967815988
162.97224738331317
137.05256180615496
257.5487995741747
200.96668764620844
-282.7378366805478
-87.83638564985213
1.0652151787069029
-92.33515624842013
78.22184309314338
-54.458490310129044
52.70867328145358
-156.22903452845634
-28.36025177392047
-122.2411205971713
32.900711240628546
-211.4799120588868
215.43305776381328
36.750086452691065
42.75795553549886
99.71942080897212
-143.63614675654742
44.64817592862334
-5.396436412222531
-17.38997517531459
-42.25979448786196
66.04164756702157
-116.36991591290742
-22.770966065110883
72.02038112579558
40.84053677201258
-97.54938991139986
-2.652196639970114
-1.151228693407634
-45.0114097617809
170.09085341281005
-42.69477351839224
1.2722773176695776
71.26334947457184
-127.45339551684742
-13.36356029914078
63.44277043329146
-95.38777601067926
-25.61060662196398
24.308781893143287
-123.9089959229209
-119.63277109126496
-138.75957192952018
-75.05371756020203
-56.62721967010998
50.990708969943654
-69.3819733532985
-201.68373855892767
-131.18987524187884
-190.84865511119565
10.592461543641722
-72.94400599196176
112.86424645643598
-43.30410708235253
-112.55343568359011
-113.49236549313156
19.445242972343316
156.96584594839607
-101.6253991949629
123.93033548249494
222.84198231599927
-78.93364629760369
-77.87639060435761
-129.5029045847143
159.3663364702684
-41.337599987427474
23.07992911391505
22.358035151370935
-9.615540566340409
-86.39203311303001
-66.10421875185618
111.36051001271225
211.6333471806907
-115.8640956899907
33.39752736981299
71.61545405401642
21.572301945632756
33.11852476521253
