196.75493506467194
-194.50066378709383
112.65205464728578
250.93081784921296
172.31158600189505
326.82956662402006
-17.178313462433177
-218.7055076299328
-54.081344513735836
-159.06871536208627
133.20127145124633
384.57753803617766
51.74336597813337
-10.87795928353833
250.42611388726988
134.92387963980084
-13.151547304080347
64.09386672145634
55.10691967757102
-15.522814361503311
-98.17792915382066
-24.195470132478082
26.254281762692415
146.87738059416594
-66.44524757452375
-97.09786666372523
-95.99247861351117
-140.14211025205356
-126.27657167115757
205.856994225127
-83.7606585027361
-34.04574123040646
243.51586834500958
-38.56577556601961
-373.38778729045475
-40.14104955536863
131.0682165622346
-171.7833641268066
-13.209738531543248
-42.65712449448257
-97.9027230070488
7.204002565016611
90.43145415965401
-29.21675455682911
-15.493321375003989
-234.41468247181743
-22.90981070676708
-42.098702022809675
-47.40973630386047
-177.56274464869486
-96.5606322461147
-129.8522729468585
-62.69226864839767
81.14853537871585
-30.805026412726367
-69.07730328268609
56.101465539163314
109.1849837102081
86.49209381226545
-112.97521560510435
228.85921641754285
155.91562641296332
7.819763386468113
95.60320311313137
-116.08779134632165
293.8825713531135
33.25750930774928
-195.10473027788112
-174.95926791317737
201.63845576119726
8.522569837413057
-73.56089402885326
120.25091225469994
87.47718548461977
-82.15723651605386
94.05046286188909
238.64344099223158
-74.45049440124389
-357.64364077225804
183.47442438287905
13.50332927240629
74.2661742994705
-254.71384636570377
-243.09859021590253
11.154753405547185
-45.307705434841026
-22.370392637026832
27.971438580450616
-124.00901278752428
-135.84379166728695
-110.60805507413923
-253.90155920824955
308.59682826685287
-53.499861557685804
-215.41624946164262
42.83782828805027
-174.8653660614767
124.96009599459502
-37.60634680220806
-146.7310358663619
246.27323613244013
31.40074910832342
-17.00117346537307
-232.60794026574962
-84.96614964951769
334.90505568618374
13.920760177707093
116.0117292959572
-134.9456746210723
188.56213595096133
156.70646143634477
-167.5645887454852
276.772822573851
-139.00335051964657
218.529701360322
-76.99315784618493
67.32046263183565
116.71105222741218
87.54996582836067
85.7837640787824
-133.54415354751674
-90.4816410399309
-17.179788479573414
-54.76460679237137
87.20640896031557
8.7495397768542
-119.3068563865521
-108.4317751964698
108.41389781132493
-50.18033862334986
56.06646949899864
-93.35032206642302
133.62652678544893
3.0753960460067575
-54.99693169504356
-105.26104173374178
-35.01703468253045
91.65197422105376
-96.51884990274775
-85.23462339390801
96.76297298125724
-129.06414824646393
126.0702899914909
-187.07109148551774
-258.02296918875993
134.25836612806978
-38.029626542865714
-14.266370664118098
210.76172108129074
-8.9302355818966
-97.33498186158712
-40.37243240949
-134.49919677668737
-299.0586857088337
-84.16687935032962
197.67833429844023
-19.880471620017957
16.284142721379244
213.3299431510355
-74.59441003522126
-42.63875949826074
-6.463839724165281
118.26533253715186
-227.12933214177284
108.15954738649666
-49.45533788748334
-150.5565338544633
-107.21490290872222
-68.02609239302221
50.63936365092381
-94.76916923221384
-209.00343027212335
-20.178793553006624
327.48619847070347
228.50894683512004
161.23895073621733
16.57065742006991
-158.3689359447055
-78.17015219244536
91.9512487935103
79.58774205669214
-251.73490914545275
79.97356520242212
180.00320610536596
-70.25831986811433
222.6803561979394
8.680732889754767
-35.19716058603494
-283.8178811953031
-135.16829453635546
-121.46579963988565
23.09789723538037
-259.7151660701281
-124.10062109176434
-4.985873419939355
138.57048236688416
130.57890443245438
-255.25149049669852
-175.2253217921887
93.39668521361186
-67.72131174842652
120.16189387821521
142.58917177173433
-133.50877278466456
-13.128343081616649
-41.384536075511186
106.62013974667997
63.83572096649282
100.11401772101942
146.0745822311929
190.827182424889
101.66098049344649
-124.74855431608444
-14.961915266116417
-135.62210946831715
-174.65479037760792
16.413974762976576
-3.3029260779509175
224.36819209466697
150.2674694645745
163.5917257250109
64.16904658425625
57.257054839672016
-144.8594776730174
70.7019235602908
58.81527751561519
-16.27656482683833
277.7378543686487
-33.37274108147923
149.3596120635585
197.53467125097282
120.00935642575227
301.21543958987627
-29.21565411512164
135.8204482743847
-140.94507405602414
111.04156748949354
-5.826247853640957
243.51111624947075
-177.2010613058631
-68.35889594135217
67.85500352641154
50.83220778068616
-92.46923720608909
152.10097131801604
216.41486835456567
31.426749215060816
1.3441596052434266
7.180323598306653
-4.3919370388612355
184.99997268043748
-198.26804189824955
-105.45209115476882
24.449321504108962
-171.2713157424698
54.070075083472744
-84.75372238389446
163.56815785195874
77.65460913407854
-191.0399981682848
34.97996460475438
-53.62035000807546
121.82515393340294
106.64295652987929
-28.077300297253892
-319.3111365917116
51.73425767767869
147.28732689636718
172.594740434891
74.2177736831042
-189.77469018189439
194.22778529176085
-2.92315119109346
-24.03578365406119
-186.4921300940225
45.53809693882441
100.14268575273442
352.4841666101353
-352.49410896736555
-21.471400397341927
208.89159854517422
113.6320812451087
189.65209692251378
-59.076570580191195
-123.62014732747667
96.12455673775496
-98.70456407902857
240.89019748137608
-193.7634111469609
175.2524545992522
-39.991702649600754
-14.734230327464171
-30.091903374491835
-0.5011928327754864
74.57383931645414
78.73510641559635
-242.3222829438887
46.1123544003662
-51.51177482012305
52.388442285760455
-102.38414433918273
-108.25152294415369
-259.31514543101605
-101.34920446172343
-18.206864389350365
-244.8183383164064
-175.82904662320186
-67.89340507517979
171.17834136183114
82.31566593555682
-105.79290338895368
30.35069881175477
10.68124578715628
-196.3868349020973
-183.93419621759466
-122.63818513336618
-117.10667687339472
112.32907135110042
-46.50640538266598
27.995515081969447
-160.195893194406
27.81229221703694
-40.14179441059896
123.40596179370392
161.58393984699154
-182.27629103235944
234.32208154182004
79.35037577548235
4.290710293718716
-22.37038307746213
128.25821767211582
-17.52950502758508
-92.18309782220346
65.65459505296722
412.0970601581975
-29.476038004118877
112.11916386561799
74.20619143941843
77.05629443606941
-292.31152354641625
26.513625163764456
83.52726025294278
65.37949776742111
282.17319789149155
-107.16387810218866
-54.76980109027056
-12.711528580097223
-191.27085136425526
-114.54894860152042
109.15509361445318
-43.50233489985532
81.72354976072246
-18.8328204093797
161.6960613443611
-64.67009171296996
-118.78504974748219
-67.32091687671202
-66.4508389857653
-97.38522789783283
274.65601658543636
91.94155571580738
-171.05880804685557
-63.401848399096465
-109.90853043574558
201.2604365075713
-319.2558331675561
-14.848455550468774
-373.8349411985701
-110.77070760377951
-87.55241411077776
-159.26270695878796
-146.3512452953449
246.27467636740718
-0.3892190238951534
20.848366093810792
-150.76970832920054
-17.42599059388489
-37.954281715666504
-121.92477394157804
-272.27003773249237
-22.276065137317275
-112.64379994693903
58.291856133034756
-91.53741773912193
-149.15740918473992
147.98121537087152
-103.29982526308888
124.61517548889573
-13.00061747770184
112.36079815894524
187.2203551193103
177.45743207095043
41.138463834009855
53.28803157958079
253.8600303911522
-14.438936990512518
80.84735649436631
-124.10920238055078
77.24761921701052
-24.6539473661753
1.4056257398126473
-190.87003265686832
55.99770308841642
-130.6477771026685
-48.906229189602286
114.71953481057517
11.093922446383761
376.59172491501965
32.97357848408875
-262.4382146421291
100.82564990784701
-43.38288745241613
-24.102326949259776
54.53113670654495
67.52775825782292
-176.93274535545206
226.38282564517505
-142.32988702397333
172.37763522926008
-103.68687168824553
212.61734758708047
158.6479231577774
-246.1313870103468
-160.09333896243993
-73.34682977443583
-163.0657118365039
-7.828697729160464
-82.15892756802386
233.3584275303349
-48.114533065476785
-58.532526231982324
-112.5515370172121
162.1269533472546
-143.16068892951623
48.72743853415723
25.211752103752694
-197.97773529939917
-161.47252753518873
72.59655820963732
52.283028960089
152.96961962630058
5.026585932209609
-0.07360206508263123
103.587865020407
262.59802617786374
-102.57437757789545
-50.23518964439
345.83106963586147
20.724914195812552
57.26924554367999
158.9966386357159
-218.950561219181
266.13960205863157
285.37056552859264
-185.12588496274407
-149.55607256078412
182.6898204223566
126.3592058242505
-242.07563808619273
141.12100910561193
175.08062027344837
100.30207211979308
-25.164487255379868
29.428883871529457
81.66475022553163
292.9435242480246
143.0616934376386
12.823023987031593
153.11528934555665
-23.910917142774263
-6.778536673661892
64.5201183579932
157.10073809939226
148.14820442234318
113.2724761966748
-3.685462179273891
-38.869525479514465
12.528336136504139
101.94071290547332
21.96185497871645
-170.3733947433426
66.8131436067983
171.88978904055577
-199.45402701597934
-161.71594005521538
-67.8789728214129
156.4618108642921
-46.73068569119441
-144.5361319206466
0.9482174617291237
298.53994664662974
135.89883449172896
444.994120628184
209.3161319859289
41.32126275057677
65.71833320575749
87.45579631077767
82.40715986526523
112.46730399314671
160.44659298810978
21.4118218338172
167.79600694640163
80.96308950966564
102.82935748052022
167.21152077130554
-171.8255318226419
-51.5563525759017
192.75951361057332
-90.6445163987653
-79.936424311304
12.545949553425798
-68.7165630038754
-32.82724099245593
336.78966745618237
-102.66290317187843
120.1687427783773
-15.962290429845632
-195.16395954540613
170.6532667474282
202.79935733027088
93.22584905724497
53.423288766744456
-45.388711424174375
-58.38129955560768
-200.4506275117217
13.766222143831273
-9.89664352915854
-186.2364474230699
-26.789904568306913
0.6053153980776598
-6.305875949183473
-192.40683002475825
16.81784494667076
-39.73300973285356
80.13690766843483
-54.06000051907145
-45.74485018420235
55.33504945297427
157.8368531545546
-94.21183059951441
45.7538777960051
-166.86303416480962
-262.5788288641255
-76.60055997300373
-66.60671019150847
102.63313841128891
-142.10477364559978
-240.8754417746507
36.243476380202466
-37.66238283058051
244.1794809008605
-198.85044074536802
58.36105241208419
0.47954354199479376
-9.67472195330134
77.27084137010526
92.26113972348296
-164.93243949394113
-120.13880915390791
-184.65766500697993
9.93515668336994
39.454421705049846
137.12435912968502
-31.887283179877173
-96.1217214831222
270.2014927697983
312.08005015407605
45.51377364624025
-13.339045365724653
142.23790125200108
230.56077692501037
118.75809252482892
-256.83537752928976
1.5743101256372767
-67.80616175931488
215.02720102728026
-294.60523363863274
-217.51827017551577
-272.4828256949848
-6.626135851778287
19.48311336539334
323.481023283725
-5.273986685686857
-45.63154980912528
231.01627166901417
57.77418378331615
-138.81814844672934
-53.37347204089231
-8.87180402818346
139.22315939863816
154.2298451855056
98.32869315995691
-167.29730275406735
72.43723699888702
-118.37233869323941
-88.16545641689265
-12.966555287008333
41.63596416869945
-43.41466662383468
138.0853791809116
-110.22631241894739
-116.21537581292027
42.415509259188866
-105.26349001187705
-35.56886130886539
18.93222504063281
-103.43435316434208
167.1840603096996
-26.8714428524988
-96.65874461946235
-40.38308524280827
38.838938860283086
-22.63956805048703
205.53483939996525
-38.661184199899715
-201.42192264159337
-7.0002629955597575
80.145042451084
28.512788815756373
114.30571104540458
81.40537342045407
71.90146341464893
-32.218755100732594
-1.182055961597144
-53.69828640040832
-224.7162476617921
134.07729709989812
37.0803734254007
-126.56885396728701
90.24167096570731
-49.312166757745075
216.03669131187738
222.73883451105326
-69.09525966897134
193.79354719187495
-47.69589466634739
-71.29133634260444
-151.1317304521577
-171.72401526194957
-230.65751383469956
44.38314335716632
122.808763963374
62.64782297044251
-169.6582494697597
-43.28882065018802
207.66524189407377
-133.7076476260094
-106.22454508903952
161.54501624663953
111.69682077636847
-14.89508912292505
-107.53557600354597
342.74024280816775
260.62723163316775
99.47315886029438
385.41126403790355
-187.20838420217328
-86.76550411567354
83.8022264297218
12.31555283660262
24.21027328917533
-74.04714556162439
85.59644001990142
133.8046808026418
-144.44716900104865
-25.727028564660877
-95.4878482888012
134.21682286789783
2.903767060104477
206.8469952547075
-80.84602893616783
-115.49015551335503
153.00616102553272
-16.428186266771526
39.38798064527256
263.35022977687726
338.40812702159263
-38.035341767452586
131.12973762371254
18.952967049939687
115.3742921036018
390.43224497119303
83.96112812071665
-15.287597156039357
-49.31304450729995
54.58685809913076
-210.82629434117206
185.6896334533066
-81.60672809002041
-78.54335807532381
-130.0384825213531
-97.30637931842944
-117.11667066849907
203.75170895762815
84.89929021776871
-61.17099261300766
27.742786459677063
132.33872611714776
-194.2006488252676
89.79749020826361
88.87927282800987
158.87099917777374
-117.86468282068034
-181.84420000494723
62.02299058476323
-375.2073264435897
-16.407323409547747
-193.08490253729127
168.71999362615165
-71.46651932776247
100.42694298238266
-289.7632687675665
201.6403350063236
-194.5323979913494
145.65287548344457
154.7236337792056
224.38789991223376
-127.53647640744067
94.0642792707089
124.19141662381884
244.99750678219206
14.928707562313509
193.19395558931646
-148.736108858681
5.344660229291433
-126.38225850886367
-13.067921590097686
-95.95366678853217
-291.64658058765497
5.379053357266857
87.66883695177867
-6.490860348367221
19.280468119039288
39.70552927135605
-85.78238695706827
-211.3400379646467
197.7359926099939
105.03436772428398
98.57533114000647
20.614554782292036
50.84472467682234
91.8922984156548
191.84814110612538
-6.6424487016745974
14.809755797408695
206.00336557924095
282.8990593676157
118.78316502927454
-113.38834266856114
-91.43437677030973
313.8635858748552
273.6149362922457
-22.1759514528865
-35.72408984172796
83.76260449229794
-16.43441299028475
-197.71633892848786
389.14324551578585
-290.78748365706434
39.247070908142135
16.14520116777504
-200.89796033028517
157.63410184672097
-23.810782775370235
-225.24815067496172
140.74157415809094
66.28964089388941
72.8370751217859
319.20939323603403
34.6933602111256
68.43597941013606
-6.30049733082114
-242.0800842052138
-4.096894881755191
284.85639315452784
116.21053086193928
-118.74555043032616
74.34083645557646
56.23955485386883
-93.94164207086936
-50.216691741406606
-218.8688174092185
-103.60226450827389
-197.9670841450827
20.201780033719547
240.5887196794846
175.51687035093968
-62.0123955092261
-108.68210986767002
172.6779750110216
-21.04606859023909
128.53503184254896
362.79984578545606
237.8492798044868
-20.658120254904023
-73.38843539473352
-365.8989362839302
179.9637346363163
36.06539975423115
-52.88351417205833
127.51966174237577
63.198853013855356
207.37943382128128
-143.84314062674846
-17.345100269028805
-312.99328015616277
-87.26948210691137
196.71565888938642
184.0438709923056
-219.11777528458754
-233.141429125196
-134.123222884169
45.181353470471606
-190.6331166186646
43.52327941381781
188.1694652951019
-81.97273680111128
267.1299179473308
247.3865535156703
68.98285532049115
86.96541063104962
92.36137734614012
-278.2774222165665
265.6475111705894
-94.46379808163321
-12.188593652686858
170.40033414653664
23.076219662822727
-237.77914965787377
-137.90126791758604
100.58351838663741
-169.15770177003864
39.05128243876325
48.15842360162707
139.87399571932608
65.23772145871773
14.804380517933955
-194.27143186963858
82.10152609882779
88.18778198955714
32.39198942053078
71.2598016270554
-87.36576255294739
124.04045250625747
72.9540034398882
85.35120118287368
-225.93362026188217
-43.67892098339074
23.758353078475228
-141.1534630769247
113.85780033911949
-7.4583549054704115
222.12724053668256
87.98648065578939
104.58566530660711
279.67122789206616
-97.28422333904795
296.93210163839535
-165.21457131701484
33.26768378461489
187.15097854226738
3.142038285907322
-64.93741086465675
61.2014840117876
-34.30712251468835
-293.50601518336106
90.38896199683144
74.70916899549312
209.36869043620862
-53.6466840471911
159.26132869320003
255.41755934892757
-98.70240292549775
137.85562285161336
218.4375200672997
100.92886860807943
117.6516331831836
166.8809868529102
-7.178015647420638
-234.46478711998628
42.745335153084554
81.49557166742284
150.64455152293547
129.86786071046123
61.54446411870942
173.1728504939188
-213.35638723531804
133.62794552466923
160.2362955405709
112.3292314936669
38.29703601735359
107.10271058778548
-41.994379058008434
25.871103595478782
-175.93045398529634
70.52589941908987
-111.01727562510459
109.93689529469695
-209.37061558007068
233.3844992251994
-63.20829039722546
-24.987678464573253
52.311431261189746
-99.99379651497281
-267.70735962901347
-91.18577018614657
164.83432648531414
7.149451658189882
-200.7503400286649
-2.5898456520787585
-93.5658432224903
68.31149657332432
-161.65938074452453
-143.67748360974693
32.83408199145989
97.59903660409566
54.88247543794243
75.61554977443913
168.31911558608923
158.72209482647014
19.616524084756477
-87.48250100994788
254.45757409857063
42.54005883305167
-39.67670904286672
-102.14597079942423
-210.15706783837953
3.0797320581131244
88.25292818254691
-149.56920378952785
212.46343533880852
92.49885516585478
31.093188560681895
108.6849978513736
-261.2999064081262
-231.10640765002873
201.67768051448905
-83.53922775030244
155.13076195867563
14.552235853500315
6.486157948976893
-20.93461611653506
174.61606827296626
74.17258420139076
-164.0711094879004
-148.80236892589545
-30.49221970598887
-142.16498452675063
128.94994072868874
-237.7881288609883
-25.995283985029523
57.565055273445054
-129.26331786371122
245.9016108727583
243.4954159302957
77.13520127894094
-0.08675677253960101
-138.50445528235213
9.171048319437103
-128.41441580905098
116.88211414786802
-129.6962885873391
-91.03147659983621
35.93383796130336
136.61820455481165
273.0045584687134
-253.81113436249018
-46.34047521733878
-108.33153990609091
111.39835870844959
-78.31650672511515
-210.0859228020775
-27.42803146063137
109.31389885013567
82.71302855906792
143.68489968505372
-74.49829603658476
61.84904624799793
-281.9628171024859
-19.28116920203884
4.897164760114545
75.30568497708653
-82.23158565842726
46.84217104388688
-55.421322069232275
305.0025543418062
37.690377007701436
-35.86145221611231
16.704407126638557
96.99222374006008
191.66154941215527
223.96768097403427
186.57103355374764
33.12493706674257
-176.0550104355775
13.256460639010532
-129.92705866601375
-276.9564947080128
6.51131909874078
-121.07180568159883
