4.841548121622427
5.131225241497138
10.802961962452114
4.921912550440009
-1.255350915220913
-0.9502602311881172
5.988838689824737
-0.030700974191033126
7.063736749095365
1.0822736347851825
7.520567575131097
1.5224254295646091
0.42578706521169263
-11.963681517927117
-5.115930871710181
-5.323742670468501
-12.230219681704428
-0.5032685105167245
-24.706029389218376
-5.169058199520958
-10.903359835904311
-4.683213543528788
-4.311040523746236
-4.8150864312402115
1.542565938267232
-11.458086165270792
-11.454699367494847
-4.8883338333939435
0.9300250763861586
-5.240568135182516
-5.210651570314434
0.6005408661420353
-11.974579119004314
-5.1818704848747705
-4.795225854732416
-3.4760568240903362
-3.5211572675897473
-4.848896928411375
-5.5221599202446985
0.985833993632387
0.6886335231969234
0.8387345891670411
0.7602644553787941
1.367556357780227
0.664777861088669
0.8669085791089629
7.30615103503742
1.4456892369309076
1.8239060149600872
1.7184693046044663
8.519267104362504
8.74489214248773
2.7497232780499723
3.072366428981481
-3.8729678022062384
2.5670519303101935
-9.126831757790661
16.419286252569556
9.865268313402558
4.941409500184305
4.298038584754386
10.270969485843759
4.084701037306455
-3.625947363777421
-3.438887502488978
-2.9259894800117645
-2.757349262882637
3.434383792624783
3.2559373308184725
3.26494738714769
3.425113571449102
-2.529844937105264
-9.038332357817712
-8.932641675344044
-2.3941179316649994
-8.623266360455672
3.5766005057356525
10.611458874948351
11.025634473761812
17.9998066171383
18.45576972756115
13.059193478250016
6.57152585587602
12.568209065004288
6.371939543251032
6.3814606245630685
18.381528460920762
5.332009808044638
4.805062130372079
16.32366492188423
10.068228842983448
10.183988711793459
4.386310448852512
3.776585969069332
-2.0958870145070128
-9.133091999900486
-2.6794226412984328
-9.034353774538422
-8.971464164220768
-8.353376254956707
-1.8418458436772953
-7.3063283843108255
6.033037092016369
-6.311412206367592
-6.91002287905188
-0.5043215607486595
-6.36756981156961
-6.720860351124057
-13.071475782739816
-7.089821323965096
-0.514864793176803
-0.34725605434059403
-0.03707292556756997
-0.35657153737657254
-0.20917464128587904
5.968301166784379
0.06724163549666984
12.67902905134587
-0.33602421652070746
-0.5414925980911229
11.766144725142635
5.897281563003646
-6.169025160478391
-5.641049991747935
-5.951907125101655
0.02470927185001559
-5.98161754847674
-6.913656913769633
-7.316971927557855
-20.08021776131698
-20.54133562604142
-8.24668644208356
-9.134709794451409
-2.6055694094913373
-9.286900328489313
-9.218110745520018
2.41133022078891
-3.1287176051873704
2.2889720149628756
-3.876980322090377
9.104459811387867
2.411604469027095
-4.094314065891907
-17.392630542132817
-17.621743103553392
-11.06186979288583
-10.024980865227572
-3.939098653053598
-4.7523493098535114
-5.715575284702133
7.042592044190945
-5.2823291390929645
-12.330310225466835
-12.990822198419796
-12.500436430476336
0.7268227476223255
-6.024082503407546
-6.907867293971325
-6.943356222814967
-6.761153849814104
-12.927994855555799
-6.282758218704425
-12.679551813663613
-6.964857564860184
-6.426681521315054
0.13624745822092071
-12.720162633783113
-6.870509624122489
-0.5507966261476471
-7.0976987909275255
-6.452420659560417
-5.576802721407794
-11.756652673864837
-11.327912661810696
-5.095801014647133
0.6553901142315064
-0.3012500511206996
-0.6888676877514323
-7.441917808053418
-7.306051181941501
4.5841076029305885
4.868477127620074
5.571953795400747
11.706797517978714
11.561711360323278
17.82791969559589
12.05050860835902
-13.360709520005111
6.046400872180223
6.532518041376774
6.455882053374138
6.495000698664502
0.3635110022444746
0.6540701032646061
1.2964269577437388
1.1598013277598174
0.8607727526794446
7.377223814136595
7.678679606655125
1.9655285596557441
2.1604097754495246
1.775125430264367
7.088523676203507
0.11990459110072393
-6.273481922018202
12.26636626863565
18.551850983495807
18.2728817666076
18.666851955748175
18.52441107429205
11.751400200082877
12.135969481376213
12.77139733949974
6.478904637403719
13.40959178132725
7.389541984765561
26.175203478997158
26.78567387361509
21.156520901251938
20.935803219632547
21.183038177362178
15.17233337359195
15.207626402076258
14.825732310010912
21.263579536124787
15.512804191251334
8.885307366303822
2.1996564170412243
-3.722813454521834
-3.900149958475388
2.5149095987258865
8.756872805572812
8.632871308676394
8.658077331985789
8.870341068394088
14.967836860523136
8.47916046140672
1.5812818915349807
14.459065265797292
21.842752641711296
22.564236360046856
15.456565613567813
3.8390056111994024
-2.2982009501933733
-2.1679153495494465
3.8373026458760418
10.447227503712146
-8.775974768485925
3.2819266915586653
15.792986534349032
9.315031648888478
21.6717304837959
21.67272827274335
21.298668010980577
2.6448084426326384
2.4389653046806465
-2.350183922672845
16.30477026983899
23.232320420922797
22.783751762846048
21.98539272297381
21.954736742828917
21.64306444978717
21.41006168361329
34.5692839584258
21.479178287544606
27.610854081522103
21.31573105027532
21.6289969318631
14.814080502774758
21.50120545842823
14.589782213840458
14.400437119946352
8.19546985108293
9.222433531905793
10.394033645541684
23.509771629536115
5.2607619289156355
5.407656235937221
11.129870641646793
11.479812425363736
12.588980437375694
12.33578014962458
11.914003819221254
-0.2696755666580165
18.288145102674747
6.0398866715359665
5.842407354349895
5.844879110573864
5.870819730919372
6.480298985651328
12.860919713719758
6.730822907907545
6.1611812811475835
6.475685639369129
12.222211464396723
13.148510845236503
19.30620970109215
19.223276941129868
19.144940501656546
17.865688531235108
23.58247364479733
16.875209467543826
16.963015573563663
17.001154171046917
11.561300504293005
4.622951165557812
10.528422303603001
17.29465585062374
23.234567513875238
3.9995534361211718
4.2569786703090156
3.5863512035301492
3.4699219351981947
-3.314708530108826
-3.8353847989736978
-3.829327419878452
1.9969481103919393
8.801567413860155
8.668297012327809
8.676125978599302
20.064191451847357
19.627897755277942
20.316274285255297
20.018494356136767
13.52933037431823
13.101663598169775
12.983826348496702
12.864583504071271
19.880173888429322
6.925831721338786
6.613005027140779
7.045091084540085
0.7353903598188632
-4.675656720511745
8.44727428272393
14.075801411439885
9.106237721727657
8.994813297802544
9.433055999899256
15.86872117782588
15.81589949263244
21.91862194232172
15.461356404880764
21.46553540962191
21.163321715427546
27.130618330204094
28.02503272240524
15.699748052839988
28.455894986001134
22.572960329667833
27.338686411204325
27.618968201302913
27.626449135675095
26.85035402778282
20.668502456652178
14.721866166864075
21.136283891827617
9.008703044887358
8.75419608990493
3.0481577290013675
2.4592047416924463
1.8027849522139323
1.8579670168048061
2.4877754685060545
3.0690945850298736
3.95741727388962
3.3236902812032474
9.805460961786252
3.4367913882607795
9.219513067540582
9.297318215464164
8.820985208037257
8.637245142378033
2.1883490101074767
1.6651304269533689
1.0965593752255147
0.23302587121017987
0.4074292385081582
-6.083012836258572
18.994676885056307
5.938717209719151
-7.087596703878929
12.088823409668237
25.651882220737747
25.833109062307788
26.100457020276643
32.10716380939579
31.997913407546125
19.249507396380043
25.11318403278763
31.26248407954448
31.18130622763557
24.837919544161984
18.35752261144744
17.448179711452468
23.80898391273726
30.17480589833448
17.855623233673235
30.688010674460088
24.20557413150351
30.72177466010783
24.101180379743337
30.115742465587243
30.25698041271096
30.346810565203278
29.900223366281576
29.58520162757735
29.71132818604928
29.513110580718042
35.57979983911088
36.21342101435842
36.461436734478994
42.512268523399314
23.150845203192816
22.44920824628376
15.895695703159747
15.764102963730227
15.941523410495241
9.564265215342832
2.6675595573321162
-15.883734739077267
-10.32475129021545
-10.009976345630301
-9.813864589133493
-3.490953550950382
2.9826670466377387
-3.7858134567590707
-3.7136895855371423
-3.879246159405203
2.0284389796824533
1.9923616266242656
8.834047555895806
-4.192851361968961
-3.777588705189315
-3.0855212752982224
3.0616731654466625
3.207238289106986
16.657602361697577
10.387325087446037
10.803797343885277
10.92409327715215
10.967758539492475
11.924865651929244
5.4812924873340565
5.626758467757281
5.235998087876451
5.545891940400304
12.00717441607458
12.2494312757863
12.073594244389025
-0.314720632427645
5.147091695050328
4.6516332416872705
4.989738093836339
11.86023134721664
-1.8346284305653442
4.378965949343721
4.766218761715251
4.415726400698766
4.065411917972075
3.7436948013229796
4.571737514477986
11.002561743805366
11.435450602870509
5.588227109467578
-0.5978156643811245
-0.9877938242543667
-7.119065166562798
-6.324049353227655
-6.003512163049764
-5.325163166635266
1.3735003594377355
-5.098886553678343
-10.27701480070041
-10.569610586851443
-10.771288124203515
-5.24598923325644
-5.545679522236278
-11.397218943061358
-11.261355844234616
-11.157235468258047
-12.17375693173595
-5.495106939464157
-5.766970037488231
-5.610700553233665
1.034826336523127
1.6754703643857658
7.56760080919238
8.51484559055909
8.385599078596371
8.909114699446985
9.268034914877417
2.9953720714862166
3.1504910767666496
-3.1502017971733514
15.325471976714706
9.774067216580804
2.8272708046633244
-3.844384004601255
8.641209828035993
1.9854339390340798
2.1052842904081315
2.168085128683271
8.686375248976491
2.806834518280568
3.2614470088024867
3.1204301618468
2.3229295938079613
2.156461153266794
2.663489282484677
2.864059217758176
9.095961209050936
4.501103754333839
10.515964493401453
-8.60823209714828
10.43005786950771
10.733004497257248
5.476371989348738
24.55188509135492
18.569128808813844
19.04948527403777
25.396776383781862
18.927133252209714
0.07887369059762328
38.74796441539219
19.606234343166598
19.280558723634297
6.494276896405205
6.738211310726532
25.819088073296275
26.11226804182034
19.99536226672025
-5.1297026045376235
7.401268302694122
6.708241620249189
0.40929299797964275
5.383716843831022
11.917108349347018
6.439402399235269
5.795759461554358
11.650856186296961
5.933905535073855
-0.3430599627189761
5.988112584727564
6.559938178362796
20.231713159575285
1.1309770502668086
7.452897891121665
-5.216252729235639
7.957719858163651
1.8966521103161775
1.5994765748188913
2.485135945976328
2.279780988758053
3.01443336899618
-9.944700743136503
8.997307833527264
9.055547546892843
-3.869887573041777
-3.7196425473186543
-4.097459423063569
-4.582482782392601
-11.252389819586512
-11.792496411161736
-10.980009865630352
-11.323398819945773
-17.920594972104468
-4.971652596987235
-10.813185503833436
-17.205622252897502
-11.023019011553176
-4.813574858962798
-11.143075747112244
-4.666609018716463
-5.161448101234563
-5.390078484774717
-5.014914397014193
-4.7516571053276015
-4.884280212121046
-5.747541405975947
-5.726291564704968
0.9075688170708478
1.1431201478022137
1.578633707300344
8.204970667683561
1.7822455228559948
1.7714622658663943
0.43044383096527683
-0.1007504777209335
0.047329170435621154
0.6587629428657523
6.487531281768867
7.053518704172153
-5.664216107961227
0.5279708412704284
0.8901401938061365
6.84642713330328
7.768683194087126
7.360389694424018
-4.991039916155853
-4.9287261307390855
-5.306114501161354
-5.440359263600428
0.5657418596405821
0.5695762447853224
0.4375804472879403
0.7758440215320721
12.820570785693327
7.06360126744263
13.480243852269346
13.511434814558523
13.614380537462454
20.111500582913237
13.940247782514957
8.477075564338756
15.015476737265843
8.700868716047667
8.007758775617352
7.557046189341642
7.8421042398643115
8.042954187145497
8.732452322351909
8.955347331162
9.221734103628393
9.651792352320838
10.265436205903757
10.086625210335718
10.148138984825554
9.077533518734832
8.672885212445905
8.932214165779689
9.258597829346025
9.153670760781086
2.7892545294986784
2.471172592738404
9.179874890056354
-3.121837115653854
3.6030462060406188
10.053860405333761
10.314899935236971
9.92627230675034
9.978712791327562
10.138810212547028
10.402896366247196
-2.736057909005663
-2.8017826646680866
-2.875318893360948
9.449687637658236
3.0614114234000023
15.013512828779733
8.56046954193227
7.96620988839298
14.303570321926198
7.701417961035876
1.5618655861313742
7.86507027556049
7.9455702596947
1.3418030738395097
-10.459434780319818
-10.02984527536939
-10.470032457864422
-3.978631096472064
-10.807195373248815
1.8511890486448794
1.3080851804475742
-4.562860737484923
-11.034844235186082
-11.081836355509633
-5.20901809032792
1.6295255808968023
1.2275577888812337
1.8951988491527672
1.6536114527147134
1.177341165345915
-5.018226721631178
0.993542611095939
-5.553699820045104
0.6511771529951025
6.991936303058641
1.3669094095029748
7.560051493528622
-4.687347569887412
-4.889307558680955
-11.877061679962582
-17.882342646068402
-5.198251343369029
0.9993116550110015
7.723834205600024
8.66910849526738
15.373804994614668
-9.426598638639396
-3.2167301699616635
-3.465255865649951
-9.558604093549702
-16.0480510254786
-16.227957917519326
-9.379707860871983
-15.769601270388817
3.5331851591434957
-15.369573786960432
-2.5629532212023545
10.277691434263746
3.23607571101783
-2.3304623305362036
10.294087966518365
16.725178331896373
4.435671878833013
10.377086030788188
4.4307083242539935
10.390863090017262
10.341022042937135
4.317628997872522
4.460899167269749
3.3831544221073195
3.7698052096822225
3.6445917542093085
9.942852782943433
10.261374709402324
4.466073179238908
10.539163472752398
4.4350366229150096
-1.766522507861912
3.8126152369034676
-1.8578479091810693
-1.7619450279854059
-1.7210519061350222
-8.605555963841566
-9.384568344916028
-16.001601412591025
-15.71425483280648
-2.919972971943718
-9.409789416352622
-3.5576753544034165
-15.973145919353211
-9.721344042095682
-16.000526443674072
-16.049247087802268
-15.846829360356903
-15.933399120146069
-15.936180935005854
-3.8082767820760153
-9.469115967972291
-3.190659559348221
-4.033934488547545
-10.801475268861708
-4.51998412425362
-16.9707333815633
-11.16174852423026
-10.379621102265055
-10.225815420301792
1.9961180032021664
2.4785137675820472
-3.224549054975794
9.528583939416272
-1.4298216770245022
-1.3647431991608765
-1.8592783501185561
4.157531525414911
16.73938495998239
4.478886307153743
5.2339427345999106
17.693604380970392
4.644674798145307
10.643368135352468
4.584477634490807
-1.9363341128177165
-2.225031688841682
10.332570867664995
17.53374164993124
4.48654580836952
4.46387979027355
17.456915131247502
4.992003279577544
-1.0558240698153125
5.224464217238795
-1.477145567596927
-14.693688371806248
-8.774951096073995
-8.253481020552023
-1.7419476555946485
-8.253379705783265
-8.63135698851547
-2.472979129392316
-8.413028677558172
-9.229991533136328
-8.733364830026318
-8.525722283692513
-2.083456143694786
11.257697524276182
5.207457163897218
5.482262175519056
5.656753185847022
-6.871790553174247
-6.777864672987746
-6.990659369830002
-7.240226555178755
-6.946383372619743
-7.771304204824412
-7.40875571600381
-7.404582847445513
-0.5162977505811093
-6.723015036948265
-7.150614641246955
-7.396205277333011
-7.598708178649454
-7.583924375894719
-13.588292647903774
-7.428815858826891
-14.195010246031746
-8.181572404902612
-8.211964683996426
-14.48103524059136
-27.19993627743597
-8.137335694461033
-7.414564806894842
-7.49548568023545
-7.354055336773809
-1.3891625877184623
-1.3304102965732267
-0.9523739249508867
3.912383363301309
3.7114891158890373
3.5227938339222167
10.25357055549096
9.749118924848169
9.071071479774234
8.550887040115155
1.338026121255198
1.892296747967408
8.307825747815823
2.349137977751764
8.638480148031027
8.602163646191128
8.826113342389483
2.1914463941135978
1.7353317576999034
8.229187568554849
1.7978275610414711
1.5896658257317824
8.63771437971402
3.287420194741043
2.7910054847256136
9.454061917729197
9.569284991902826
3.776110829374299
-2.970856975179345
-9.666914592435262
-3.3925483327536314
-3.2834743840085743
-10.141785115278145
-3.7797165221898217
-3.6286716519317075
-10.328988040405202
-4.156862894400939
-3.3419672743491287
3.071802012700835
-9.206962449400075
-15.769024521829293
-16.11221904593496
-9.530847585953888
-9.166009439837886
-9.268825823162711
-8.399651550064707
-14.865114619350027
-8.277041404485882
5.160748798410276
5.394937960998575
5.038224975334536
-1.278265122952797
-6.855998996137848
-7.180161717883936
-6.365307889156453
-11.894137487839425
-11.930627021937942
-6.0758414685241995
-18.996224019162725
-6.129396054657388
13.616589965298541
1.1864897713109306
1.2524415139513323
0.6399956514837298
1.1149555185446647
-5.110743819417563
7.785882639227572
7.2649972770942055
6.9244919229190325
7.0534631779028425
5.764863990449737
5.282099198329396
5.512229019749775
4.942539799166481
11.530203356209565
11.964960654360649
11.695419945953466
11.726858809111231
5.039726702303536
5.356735520396496
17.6823129179899
11.167251661715053
-0.995028203880852
10.396522157376385
16.14489835489272
9.97519605168242
16.17078183821144
9.326469913606468
21.668367761878088
8.707332118896948
9.428259637603858
8.94571473445801
8.971700705244835
14.934075219723342
15.810874638330134
16.651633554713413
9.979010912698593
15.849004824269647
3.3836358518631164
9.79116119919217
9.508007329313866
9.48587664917564
9.53874643151963
2.5962209900409836
2.1931884920078537
-10.43432113441215
-4.429502733442264
1.6544137725632693
-4.197950490889487
8.153240641181052
-10.422779523390854
-3.260754633081588
-3.1846535075187803
-9.035768077264
-15.073967894502143
-14.685722267628384
4.293724117280064
-2.0963775258959894
-8.548055206197354
-2.3832991658043023
-1.9114012808352616
3.5824999970003164
-3.2232929157087393
2.4777183975568016
-4.025576226825074
7.742492585720531
1.5084262543671296
-5.137452715043995
-11.489753823234844
1.7879798647119627
-5.0902025763475
-17.401303394539216
-11.099585726005968
-10.726179453305997
-17.389220477038034
-10.415015636954026
-4.220087581470136
-10.010917526560917
-10.525926985841645
-3.97052584437112
-4.050903735034366
-9.966465890706809
-9.99058458792114
-3.8536971627388628
2.057314089916423
-4.0566060517021425
2.376142220269357
-9.97445793894893
2.7311092367792464
-3.295313462945885
2.581745487612949
2.377322334627247
-3.6107881848139627
3.1880397621162997
3.9947373621329416
4.25925382949919
-2.594721851972336
3.3815058759406886
3.179883382972752
3.7138840262740764
-8.441401506583267
-2.608778083517926
3.832562725935799
3.9855316814711026
11.266530147207632
11.023730038378968
11.07454135195394
17.194815869748183
18.35201927931483
18.323230653051606
18.040811137115504
12.183767330709163
17.849670672548903
11.382846867813402
11.566014623600033
4.997534923858507
4.968426211338886
4.877408213192242
5.111753619502248
5.106196511617611
-1.1122141380108446
5.129379541195264
