-159.00160714796402
-188.5947584818827
141.16410749276548
-111.66333955198095
-10.640979759462796
21.591355774923745
-62.20924653574405
-175.38543763860986
-240.93804002722194
-53.061444491329844
46.6989878113283
-205.3504247027818
-17.58667026831128
-76.36155771958923
87.18816747681797
47.171637113021994
-4.141056277036
-408.2253430539601
-123.65119187885185
-124.09304755399681
-54.75009776745169
-172.24196501113474
-57.14395712652863
-168.42239835243174
-148.1525294956873
97.12997216921627
-181.20607220721587
14.322466849036722
-4.471181718248217
-49.094672191647824
-1.709895435509973
35.82556432555586
39.884063112463664
-176.0940078042826
56.58044785056396
264.4605489328884
-17.61833895097545
-26.030033708838648
-104.53223796684387
-338.36770366801125
27.599810749536744
102.9445626790407
66.58100741848092
-147.86358931848412
-1.6712321893821922
57.90463945311055
71.80942850098569
-18.152285620553545
-148.33561309368065
-1.0991940856090732
100.13852267905497
-124.92600804895115
64.25856966749369
39.57630268443872
-19.565251233830264
-58.42619895104724
3.7212870111458547
224.4227718184924
168.62283824667063
-45.37637106918298
41.59966413950443
217.25542044414917
95.67737962840081
-135.18064255543834
-131.96671494571902
150.14135039446964
19.917657589317518
-85.69989968766
33.77133502909043
83.30337825749724
28.971252108600723
-143.83324006877362
52.11887874955843
110.8245618258602
-2.97717211699635
-49.16885883684435
-44.88610273076121
28.293369484852583
-235.11119743233914
15.07597300702697
81.1334507978203
42.877292435028394
-358.4738219764813
-80.25282409905377
72.87906878194208
130.50460929522427
-127.48941337559964
12.503544714645654
116.45053416241184
405.8617306635432
250.0165086874059
-127.22881793982162
47.733638854539045
-17.43159949809985
21.003737683678953
2.6040917396502685
-140.3431307203888
199.58076070462783
33.84217276402706
101.31875280553214
146.62161223171773
-58.32422120362537
-148.94674021461688
-235.1569599234732
-154.0025297213124
-143.7147648416279
-146.60324000016254
-116.66818782565707
152.01566227844592
21.906115570620052
-66.61760535475862
130.2783888044072
-253.70941288904262
130.08545180709288
130.85754380829565
-35.27486143309995
-212.10785228560673
-173.53654152296323
11.48573101765751
-164.19164603952115
69.34606469640116
-33.414337147452116
268.6405919308898
236.9814671944496
104.85347413616701
215.12374743527775
-201.09001035210417
8.57205739852258
111.19260253809776
-84.01818254217835
378.9279917748538
-253.97276994988428
-329.25577557481193
50.73773671047906
-218.36122251968234
-201.96952506564062
-90.78053418627863
24.093419958249314
77.06786728970101
-312.7410164837789
2.6819824366509484
2.470283543820056
98.00476697849385
-46.824982994908545
73.14643819790481
126.93848251831488
-248.50655037111449
49.07806773547503
206.8454986517296
-69.31893902712262
-242.48527507478025
153.1499381531262
81.36900326808096
-172.9791433803573
16.070790921923045
16.82661485560062
8.212561190735105
246.5631499143637
-64.55768517020535
42.799314292652404
11.00614488572041
67.05977740131831
22.578901937305844
-71.28279238009225
-99.56150841985
-76.21778263107831
99.35102496649127
97.7824738199093
150.0986489801613
37.28052785789396
64.91176260449909
-10.495132932915634
-154.61154290024928
70.76544899623353
71.24758081690986
63.724553823167675
163.7768376209434
-12.811035341197446
25.107767370725387
-190.80238403580526
-160.42926707030264
78.28013114797821
-40.29118403922409
166.46885497068126
-374.8405148927311
38.72205829098235
-87.37460845869431
70.65945095740386
21.95095919675302
149.29593508339642
36.35373066121181
37.04799568724574
154.38693355375923
255.8995978679087
17.899596517670574
-137.20757710321138
-106.37832926115244
175.73304228845652
182.44203664111882
-86.62814740419694
-190.59712410239234
10.481235955154693
82.16327169010275
34.562999614120635
7.451924630466122
-72.9368179231419
-6.062926465211475
-54.858350578106574
-177.50490104439695
-377.55441059710193
96.01488485496097
68.52040311614
233.04000331828573
-127.88259910982586
-111.84676686721514
134.45514561470137
-12.976310009395831
103.42990037157506
-160.56444975342657
-82.7151354946089
205.17790288202207
-243.34450745285008
90.60317966678026
-127.58737551531762
-33.01455918576158
113.58021764225684
-65.8099515825462
62.47903448090317
146.5081755002288
144.6163999443146
37.210763380620996
147.0984778607912
10.65529313267949
-19.658187919244916
-74.40036334725325
114.6228125643156
-399.953694725043
-129.64957652652694
-164.19033506590512
-101.43666349920325
-25.05241905509152
54.1729535380942
23.789704821309
-89.0983126153677
-7.106021412230213
168.93779142675788
-6.758460812031849
-193.4201150398182
76.57605794202205
-94.91911862318605
217.01438101133516
-97.62180275698266
-181.23411917761524
-67.26499207168236
156.98282763373578
-6.015796380002222
77.43929359549708
-241.40308675077833
-47.92109360235807
33.53437875510958
-175.16514522768276
111.15732911078756
161.58288640530827
105.26024907375172
-51.83108610122138
92.3747924339357
123.3041569750065
140.4214218043378
-77.43549530787995
89.97150121102446
-80.6616264809883
-48.9560593845132
-36.727699394953774
83.02038404738633
-196.08228158837335
212.54055657873002
-32.6691784426189
-15.776249980997544
293.76847427763624
-36.0287427097443
-71.39666570437008
-42.3542980288846
43.67712979813552
232.40652065591166
-195.50141200095536
98.46114982744339
38.39299284518932
286.9906648487892
-45.584048905128725
-32.14779439364248
-61.250705277457264
230.488130843987
93.03984315134741
-64.6277309711076
36.29363151276858
-121.65395390312808
200.95057477737973
-60.34881235814572
92.93291214329166
28.894039206115036
-122.49623684117995
-76.53559120444362
7.050841607667895
88.92604591345018
-82.88700940015374
-225.4685230586812
-250.84426652971757
159.65404364647605
-35.13122994071107
124.59236519798044
81.44026933828303
-287.7426446094568
-105.91732205496213
23.746893853380943
-20.753299736020825
-178.31319946864699
72.61103672746542
238.68383003213356
46.969482866705526
-133.12593955248892
189.8961690437498
83.0999849241249
-169.84536473911635
58.75911201312623
28.153922431715948
14.436919946394822
-44.22457734817105
85.98618918669965
-21.76035773718515
64.35119729940169
-263.0149613104744
-43.104452677356115
-26.182152619472703
119.9416204508882
139.1649761292463
-141.38074231054327
145.20040028597086
189.98402310943982
56.99305814479102
100.76436261324427
156.96224960338918
175.18570011672605
-60.54709268186357
-68.44920812112687
-15.814496999342026
-35.135675997018154
-34.23093961066001
120.84520504042676
-39.437093779984
62.404335712738224
81.17286284997999
-64.65426599723847
266.09349023421566
-30.55256522051844
11.420776336718559
41.26433358451075
-53.35641371223344
46.739594127076394
121.05856030981133
-3.671219293421648
208.7537354066195
-381.8953163868474
161.4254471142801
173.17051321149586
-255.42133293975
-156.34761105696893
77.41478136092122
142.07739902496738
227.50667104306314
-60.48700977090607
-147.83914011459427
7.095599850939065
-286.3069783564599
217.48697567537437
-42.88767101767456
-93.34449746750535
-5.5047071652023885
80.05190001154672
-12.085472767208637
-75.46362768268308
-37.41500868964998
51.15534274363997
75.48166036531136
-298.38854026386474
-129.216952197869
94.37980055491576
-24.980194735108217
61.57334074480634
-144.62670441805875
-35.95034772331482
-99.53048556163901
184.1012115088186
-60.504639926949515
80.15400524327504
-326.1936777412261
6.442278590914047
-128.4941712792826
-146.87613938665643
40.070370247950315
-11.28732112604644
-25.03849209009398
2.280450207682411
38.5917007461685
57.2999817839665
30.857095665409307
-245.218623538454
-326.0819408398305
21.777309182490857
-173.44975166274156
36.676198178412996
-64.32819316792663
211.8866536593568
-255.27071644163055
194.98473376799785
-68.33520399208595
-92.95685500156681
-94.74888551764552
-52.16301711054364
-76.176314795613
185.26792047298665
90.04567350409408
-113.8513139887143
150.01586696572465
-60.730168738454786
-127.94945517835352
324.8165707708022
-119.59891005452842
-96.27899706865914
-131.4591987565095
77.57604541531406
61.348747787161926
-40.45998339545067
176.65095058429625
51.59938812735261
-190.01792813020717
-58.67198298534998
43.72389685009033
-9.883460948368327
-201.50549660143702
61.73361211262143
-63.47081718758548
-25.352598137794132
-229.2710349827163
-22.10495067594899
37.53064650178243
50.11769499436668
-257.4018454877646
-152.19651708049005
-46.400302379047794
55.75489578102286
36.53522598661964
87.91321933234043
-262.9037865018229
246.51987261286715
-107.50564506778929
-31.267000409202318
-250.05442661553863
98.51643604888501
-153.88486107621333
-24.15748375904369
114.19617842947085
156.86127561468862
84.76201388082985
287.7565942991272
-101.80991223712029
18.80334220422057
-36.206993580461415
-79.5647404754285
82.44551660524641
-303.6004294947569
-206.99767887208608
-2.354226579518321
-144.9557192392321
-160.16518792761417
136.0778292109892
201.6304155494455
-101.77244502212051
-350.6334387204628
-28.423256433669174
1.4866340544590027
-32.08986990787349
-12.880755206404396
-127.2367132425461
-32.896718269248346
45.778314396198276
127.00088114786905
63.87017484829035
-75.8950549074351
16.53510338526693
135.51875806032214
89.97946060326551
225.38910117404626
130.86497861051686
113.97730103168226
-17.65363610465365
125.87378658508823
66.75553013128172
144.97777935606553
-158.8282634959789
63.077429671581115
261.0397686476669
371.4144667754568
143.64720299761484
226.37145177011234
348.3597348242515
-158.89020213078607
-88.81389308708451
-82.32157961059352
147.56104800958923
132.09013480828153
129.20191307441087
-86.04363016271427
-20.87141194415783
115.45744571492222
-150.27387877849063
-112.78465027218743
-11.686087943863047
124.9378533648627
219.2592919912857
33.03790722963457
-44.90379760129408
97.11807540207339
30.614158266843248
11.859946837896787
-206.30683376017745
94.06677673934068
-146.58540669005862
-215.40329897129348
185.04048762988108
310.5269843967348
3.6300799848039302
3.3594536472919
-177.0818629455722
47.68595425315176
-61.834945788166095
-59.19325441585005
-124.93507568036361
-7.2968105486103045
75.72693042148171
-92.31275414003349
-109.25844839762428
57.16029746800141
-117.48495820603561
-19.41631135608184
147.659019757967
-36.333925065362095
24.699113373016356
-77.5326535354348
30.43506283252674
151.38692996664878
-69.71573184931373
-274.5204590622204
-75.68888443017944
-17.156420063334902
-32.64485286979001
54.228720897729325
-54.85325235117279
191.14882708523425
-76.35592211524543
12.759568457849639
-9.951919005467936
50.87563018120575
24.398222709408653
23.43032304273033
19.35986440318078
-211.11113393307923
386.91624243303505
139.18988709819328
230.2396923154245
276.8671023038161
-39.0741014775626
-36.696733462424355
-22.039004973676953
-101.48432389014275
24.88030935116231
-84.15660967709321
191.23616419173422
-73.74258470823027
-16.009788526951805
117.64001300640662
-202.3718572739206
5.941496899488477
55.03582290250626
11.759246414380469
130.3361888470084
19.111321053698706
95.35182139806128
32.899097134464355
116.29454012141449
-37.286634940129886
-5.698797358717159
58.02773014954408
-92.57801119319193
148.35777472790318
-148.95639573884677
248.5566757241851
15.112633774533887
54.78026278817423
91.13063149980532
43.21802351859079
-249.48385080966537
2.2657520445418977
-184.34711045341044
94.22325956642348
-289.65278781805415
-27.45580507584228
26.010686570833794
-16.964242578103157
257.2031032268102
102.46686666922407
2.3513854755257184
344.8519748655309
-37.2286360142574
-160.0699747468891
17.882567778885377
-14.046554656506467
9.896472789239002
153.60048935423907
83.55045486539169
21.166749035536586
25.182882811523996
-73.54369297842486
-6.355885975161804
20.656646449540037
-116.53440061849054
191.66524388636117
-135.8437602584829
-108.02363258525645
-214.84054801123995
-104.79245705354563
-235.4652056360101
-27.442328186456162
178.7951492362766
-64.32496027191057
132.8022144962567
91.0335134594291
103.43903372226585
126.90659908002604
-99.02283582264752
225.7177994003121
-70.60104520633978
-134.54420151288787
-89.20277499941501
-105.38175995159524
223.03905612270387
-196.3157970550652
98.82987741220101
-188.85375689725785
-225.49058807705134
206.60880804279745
73.12437602671505
-140.4611555146387
-191.24747409920073
-19.91262978894168
62.48577502129706
13.24968858066789
196.96041487566444
129.76922380858497
-39.05120367117228
-16.17098440986818
-40.774652289286806
60.65531986816551
59.99762199807229
-196.37997754537344
89.73156575995921
-81.05449394282873
57.73177750915844
62.89410908298814
32.63228586952525
-43.629971540100435
-8.06770370447752
-43.95211023157793
-14.80423568156781
-31.5302550845851
-19.414960104805655
287.6759485532309
130.66394744227517
275.38046644780326
-226.63613943270244
180.89523557246832
-224.489444110589
73.76806400264964
125.1161490968535
13.530000991864881
25.05079886231715
-124.2502547193675
98.08651527624511
67.37536448262287
43.469299034044106
-38.91630843386982
-50.86929878363282
16.71935303910459
29.902715377865825
82.62469372011562
-42.082732756729015
-15.778454656679784
-318.85300313174497
223.35026507424016
62.25148054794718
176.89492526782632
67.97282766528369
53.32279148066899
40.770756862833395
107.5481230847315
-67.49204774981496
226.22891919329706
54.061455405029456
-102.72304924276315
53.1518383717925
59.62467996222841
-38.5766006832469
99.5060047910914
18.118728026231164
182.27771575057253
-185.4531977417387
48.97236479338718
-257.73272953852063
-11.135853512746873
190.06963055380206
38.77825528516087
-248.27629057139364
70.35248127314108
-145.7653911264983
91.40402883186283
279.98020895116525
9.571006421778732
-0.38457053286107945
-78.92953505873554
-87.41954257468373
-8.08657019960924
-39.78106595348999
62.278280687889826
53.07993789443161
-253.2482217624818
-319.3646696498424
-5.0596879955452225
83.8267727773691
-0.6698042594819403
-101.3789251084638
173.8817544561888
72.31503949600462
114.19943589039656
-43.40998678796961
-24.1142832441897
-225.51490621164677
59.326583408158065
45.69591346546704
-10.4093292772945
-106.39919616077736
269.87749159368036
43.735791858339596
269.82832279853415
43.822903512004416
-0.27808771730198356
60.08989131735359
-46.54038518163787
276.55690740330107
-173.91861781898206
-47.670798878218065
20.885336571582826
-81.02462194962347
151.8029457682238
55.89852528891544
94.36568636674706
194.08503142969872
166.27911553911838
56.25396882768419
63.97366288515387
-185.58121710170207
226.29242795429536
-42.210506115059914
27.96858711808246
55.017694837094275
75.50911040349037
95.44731849034397
-155.2213976645533
45.4634487345528
-27.842238617727027
30.635426615705768
75.21423723825373
-140.45309577841255
268.38337734953626
168.83231732787323
-137.5791159475906
-150.04268578204463
-123.90068550959964
32.763145287064056
-41.245271096193505
65.63259410727771
134.42297337997593
114.12507801653864
141.29493421359842
-109.399246250704
64.29226504726469
-204.84389291773064
40.589028815132465
10.910833108248314
-72.65802259510471
-151.28928344907493
203.22200590397935
249.80636702572028
-288.9283336728055
182.42976092192598
93.23396989213097
-244.46523459285694
149.02065605677973
-135.31071427623436
-161.25961203183962
196.15192316126664
-41.235462115292975
43.712893774266405
24.11181327287374
77.81035582903995
-74.35388806843346
139.54282487943675
195.97571497816088
-45.84117826621952
23.747704677949397
-216.64236979092257
36.51676184412803
-141.61259729929805
250.39601802519445
-75.97021302861863
-210.13704444625293
-160.88232510144738
64.39607817003026
-186.4244552684496
116.41325710493139
64.1769468566335
77.7095597256829
192.66730524170734
55.803395828312475
-241.04541933649983
43.66523903420685
-299.58894775484396
58.4155266518839
-194.14055037620085
51.06829351971334
138.46447602406002
60.66790495342804
1.047822104878598
94.71646616740159
-22.27956110287964
184.14473799945168
51.23767724388969
-11.912355913334817
113.22404945228323
223.27389132877755
194.9168265533568
183.12591684551654
-136.46039901597678
-73.0863784891652
-84.2578601690107
-14.335817648799722
-225.10027132761462
-95.2011022446121
71.29906582113142
-268.801261788482
52.044293943555026
197.3251847273388
-177.38995328850845
-56.124126860068785
-120.87326553098741
-43.643006083877125
-159.06829639363684
98.6971845352748
140.91187000279402
106.68594075227034
80.07316726228645
78.78363902071784
-71.30769742531638
21.080816353513818
-107.64353645973891
62.04252708137066
37.407567583507145
222.45214756928874
26.56876702768529
76.15583924637816
-90.02113126805844
-38.57442885101337
-44.4222323385036
7.808413346384952
4.085840483938037
11.023870650085183
-38.94621037064455
252.81361569372896
-159.36604757978512
-392.0148403875223
145.4852625791794
10.247059327116403
-73.3457344329732
177.2874354964145
160.9793690178957
-65.50301044633139
187.3387513768035
35.61020508675815
23.022557934156122
106.44999101494756
-127.67067330631703
-14.412444282818681
-45.355347600186455
11.807614057091731
158.92154919917687
113.15405013367466
-279.9524158790457
188.22272303556352
-170.68407207198905
-99.51550474447019
-162.30045907511123
-26.019807804178306
-118.05420280955813
301.21527460446475
-79.76744129288424
83.36377100108284
41.534897603881305
-115.15996701358152
34.68160344891249
28.603790064386175
-40.54689160624709
186.7608471625926
144.07792579855564
-81.97547903149763
-56.65867186891031
38.18722050028282
65.46738145074482
-380.2243694008675
-234.90927489202025
85.99718449708543
-131.89368935357754
-95.39030989945707
-79.97293764837123
-105.79504297283266
100.94558306459854
-181.28414007769024
-74.13233707868582
-131.96658756982396
93.08722550832395
27.48798776639293
65.90005481120409
94.78554989972464
-6.196915843842607
82.22268575258636
105.84255653832005
-14.463495815811648
47.53036913032844
-230.49429065590806
-54.807232120642674
-104.17211098855384
-25.944767360818574
-95.36528067693511
-15.293483187036829
-26.268573225021303
-187.0933916443965
-66.97824781307952
38.622946969478704
6.919100874580064
41.20686364279626
117.15705875939867
-11.855413685828273
-55.966843076987
-14.035227338150568
38.72595518192502
139.73824955688278
-166.47337443547275
-10.100312273286178
11.769682290573124
-36.92068726071107
-35.91903274571527
-99.81720285189161
-345.37782493219976
-296.3800271582725
-66.91141519445665
-85.6765057929255
-29.93989946282304
-26.56957550876209
-228.78182691359305
501.0294064083634
-158.9835849266248
157.24690667951026
-275.676248434413
-237.48224570994452
20.348648712705554
-63.239272005241325
-18.585523201622284
225.60016277771558
58.7768159015029
180.96559195212782
-27.35345647955694
-15.572608192010044
61.25947635097205
-59.49448161123289
123.47824189173792
10.09082892175187
243.38546543153677
111.24578601194645
208.42951517797232
-0.7110059980044041
-47.76143607518103
160.01102902548095
134.8043706369921
