-1.4764539951687228
256.15768557520454
78.64739736959127
126.91595034732485
208.01462501952807
-348.5718990448278
-65.02454625338042
-191.12103432790732
-60.677773679010365
45.905942167764024
208.92708627630407
-12.772983091776041
-299.2353167160124
-66.52827934412092
133.32597226703237
-91.83149191814933
-174.7343397076145
-37.27466538345497
-192.5677866790705
135.04856409299293
38.23154644380771
372.83345395432497
146.76814493367917
130.46891147070704
-218.74734831251612
336.4208772178918
-88.36674219642332
106.34477882591099
72.18101119462933
-12.758304178516115
-173.95879873734953
-3.4241397327517094
22.932241912757128
279.7151726338445
-159.29518889051775
-203.9407621583785
123.1235886992617
401.8131264858899
-13.568791444198009
-103.39318398010992
191.93205317683535
104.56133461971459
-14.9358986406911
-109.22867710163914
-68.90522169298649
69.36269707179399
-306.7184528294419
-100.22256096811007
178.03834815970734
-307.01492940055425
-129.70243626937133
-196.76003915340792
79.02165066791548
58.51612153684149
223.74811643399465
-58.82023121801062
41.521695139637714
154.89142811656177
-16.475408453371664
-139.9271645069823
-178.97827046145827
-179.0441440222356
41.21133099841085
204.96889021487922
-76.89033823870025
162.97417314321672
245.7773017802486
39.00199058562447
291.6191019845912
-142.0410837476718
336.5345328290909
239.72005679496885
-59.413985362027965
-60.41647459477445
-469.51807903312135
-238.7998716455101
-184.86201201277288
-48.971825095141604
-105.01531171351574
-77.4081039305294
-146.29733460144777
211.98993271016943
-406.63915871826623
68.05746882005852
-31.34395052035908
-375.9056066291189
201.63190739991444
84.41742409341461
-60.82556886539448
-54.64565342142249
112.38923600793743
90.02628291048882
121.27352107811988
-95.15985562832941
-133.50551234696908
-14.849705131679183
-146.37931346342327
108.51311488504608
-55.287177488414486
-134.56527898121522
-123.62362530633554
-207.25392976761935
48.92607852715559
-278.12567201892875
77.65626063212939
7.97765651503144
116.65444852913797
244.00003546909014
-54.8832837081351
-92.89901479207535
1.90450272475789
-93.1625783084305
-71.64587162119848
1.2232614459256677
152.618033015772
-46.20180305144752
300.3209591704764
104.33019407838387
-215.70810342661494
148.37017499545513
376.85245141974065
0.38709064023978046
92.46139788141782
-79.16713195972841
-225.39933641096113
208.9303264528353
-22.134394124906034
-93.04802133891138
283.6084885795549
-155.66695641892525
157.96831116075444
-179.25855709418548
141.05081953192575
-103.1520177068515
173.5516586110117
209.71591372771832
-42.602673030633554
63.27425729727006
30.65109950022742
-94.0482076623995
-72.71170400571665
264.16004680064106
86.43112179686432
135.9364948015944
-43.86197332483466
-31.664496428218925
-111.7794415236838
-198.26893202622966
-194.19494662509294
-68.39340215118902
74.16900527030522
358.055946832588
-444.63657513924437
15.946160563006563
-158.7214367577533
-31.01668387889615
-72.14792933299307
-9.332349759036042
191.59850725116604
84.2258483311709
-59.436537611926965
284.41279005614507
229.5656723800742
197.04196257521704
79.50293596690675
-132.6992734988859
15.444036288116143
323.40389044303043
103.53844257774307
-25.416366282790133
-131.2780614284899
51.597896485737756
-47.066825646974216
35.3491078547604
-39.7192060456658
207.46806853927578
-39.20438927648311
54.79272666368316
104.9769935284043
-103.20980211172473
-236.33094586683188
-388.5389948268005
-113.25937313523862
17.526892816193875
42.77119235260372
76.05526857383244
251.93126607326286
-7.404272053831345
271.06528499165967
84.13232261639286
-64.99388567931815
70.83516541544748
103.96833928621044
-221.58323868858568
103.32023942950805
58.16503931675321
230.99368701259377
80.89738917139631
-377.3439006262734
-256.4709099822276
-25.045620528039258
-326.5117646769818
128.86536113899095
-155.6365320051327
-59.103799619572634
-188.12800060403666
-23.940803345273252
247.91756257005414
279.3148728107095
28.171056492225443
93.52069348566171
-251.05515245147384
190.21866122562548
77.30420632550728
-35.038567577512175
9.440159822913886
145.42958141003317
112.45280159342795
10.369672153921645
-46.57403649355343
-355.4032800137088
-3.0407611786440985
29.15245470295763
-201.9044013480899
-58.52298249608063
-227.33057182722672
-163.37120006197483
32.48546340579894
1.1120886778273984
-271.72412151475584
100.94379385108711
-30.501616596909084
70.33237861122393
321.3448926183482
180.8980700921396
-36.617198467121334
-167.75301638314917
-60.45060133666428
-3.5993352655005277
-56.5785366682853
305.47044438869614
-51.012347358843506
222.85534737368988
-166.06926588235436
85.60928916487947
86.67665637835645
-164.49166109032188
-100.67926118483389
250.8718919579093
-313.81903008781296
76.9641417658631
402.57211687679325
18.004683521564306
305.1918215357922
69.33741075651406
225.70346380563885
-197.8916332151089
-53.484034819374344
-338.79160841401875
-37.50770882262291
188.91611565593382
58.57205138830698
125.63931838972698
38.251031204927465
175.01518632727453
174.63254929172862
179.3227838530832
76.23048238706967
-100.29862076981466
-105.56735463465736
-48.31648830412867
-229.55812616589998
233.2964758258947
58.41286874896302
-16.738808720097015
229.57019106570135
41.09887143659806
-128.2997844730463
54.79434231362774
-64.09540286891661
-6.76158497683007
-132.4907496808053
-219.26002949083664
422.65285947127194
-162.2096370932299
-121.32957298488617
-42.42584957215989
143.5151834325757
-302.57206747598894
263.87050945430747
5.490531821841204
73.87243339273094
-240.8000406136767
-48.5598888702157
303.9970207334641
227.60063763297512
-101.07578708537278
82.50963080046728
153.65824547456904
-61.33462774924599
-262.98772045285034
70.50516418525119
-23.623031036598107
107.6206827044629
-111.63904530761478
-117.3848682538141
286.4690783165397
98.70475297252314
240.07220251666078
69.48335833236294
204.67502428196335
-171.77481735160436
-166.13903917501517
281.36509819894906
89.91703396541791
41.71143516694212
132.24838680290682
85.12523401115851
34.62036604263293
-47.25645550584361
254.2418577395558
-43.97484873590793
175.05455200751132
-8.13027507598348
152.46984924838827
-179.59037553447496
67.5966126747705
115.7652148091664
-230.24230799505733
47.355960758213
165.82545364798736
135.1467324972999
-186.8969429615412
16.509398519153674
135.56568766269137
3.219482285714363
-198.277738436622
-113.80828065407566
119.39675362478403
-34.19022514837636
-48.294513729980444
85.36255404928407
225.3567398451712
12.113949185133603
-255.80907944930829
188.3880416370121
40.908381673020095
111.77571485868808
-8.92757710975435
205.2828099494659
44.742674689046694
165.02559556865452
14.495624896553492
48.720386878626854
-221.35475416497627
-114.1715747889838
-86.05177360621849
138.64140922171703
282.0036971173215
136.9529672121965
-202.83717172188415
-267.86733201957986
-185.36341884941257
111.69493124232301
284.8152576881313
15.863643030930305
41.42610842173451
54.396453368648984
53.16300745514307
-222.1702360714832
113.16465866939542
75.12776295330629
-72.15449550152152
-45.50465227286341
329.5828482550904
-123.91762320586795
95.19443521027296
75.30713523811968
-44.498395191552596
25.271996768733864
15.071944369943786
-87.59724631522768
-217.36365772174716
273.74573562883256
-73.86313031039332
277.7453430921922
-246.74469302846745
-157.55078532376658
-203.12749450245727
33.611862030367384
228.1467322710952
-232.23361741686443
11.806557647737183
-353.29588887477775
92.5335203367345
-2.8396895649700995
53.53268022141867
-136.29754576729138
-201.1077195975646
154.70471978632403
-273.64171693897634
125.00334029673607
-228.01612202796673
141.5109421507376
213.36036482778508
375.76675140207533
180.2374237819343
-79.9311068623814
84.65868490240713
337.80874797727046
80.46831174435012
86.56624685786032
173.17207272178797
363.95672033405873
-185.62957162615226
252.3700752172842
-285.50785040510317
-9.485825853829946
-73.01740904136771
-40.28528070566392
88.65378686263871
-428.8969198778821
-232.51248118214346
-148.5402630363576
-224.808917349467
20.3281483473429
-296.75136492813897
190.1092370027581
-135.71175582719454
200.10211108167888
-144.33879654041576
-28.1650680939003
-258.5503995053161
-54.024587364533524
-46.97427469424147
113.86949803331225
209.80013121812954
50.93667345817967
-18.677507763347826
19.39867643038763
0.3992374215215857
-131.3282771859913
-107.13366161018436
233.09903603186856
95.15445537217404
27.115481052388574
303.76946570039735
19.37359008225661
434.7484587646594
-140.68433730650398
-94.02876395178934
105.25230838854257
42.092805421016585
-201.5139698771706
-207.3880709385781
-122.6249541698117
-81.7897586287885
-9.023061298463151
-103.2166277739773
-72.45351168489655
118.34005670561847
131.71703754660646
-343.1999607477612
97.06818765305448
157.7466316547176
51.926057850768736
3.14922528662253
90.47940072796958
-375.638597833704
86.58781195773895
9.74227088143237
-148.20463233103266
-262.00708266092016
-224.8854521143368
342.3432130485827
492.05789780889484
-51.92260707426905
74.99636544950769
4.24016142427352
190.99554467061625
144.25266257791083
-79.11682913895797
180.30241508987822
274.66904416605826
188.16745746308493
12.987429651480586
258.77938850452415
104.0197947502087
193.16921600586633
-204.54221660927465
302.06720489540965
-62.655032781905234
-91.10590224169886
21.857931424989136
-93.82282352104613
-0.22613016356595983
60.46931718532168
209.74369988769604
138.87437306184128
207.80152451514866
124.7558799767847
-59.00819718461776
215.19059860497472
-60.73471010970202
160.685154713117
94.65765163209443
19.157372031470334
-126.09071618488052
-24.92650433795096
-26.729010277535277
-259.79449224945887
-0.6688347618844972
321.8336965032557
-262.9327820492869
-55.742951972023874
-48.37594251710052
159.33406894409103
17.960522703662548
129.32098745859247
152.6459196620924
-179.43256146110858
186.42969929175197
-66.01436072457403
184.4167212441248
142.0413227584566
-6.599776162611384
166.36375013676135
-241.37026824982024
249.3211823790913
176.41890160959332
-154.80817456326446
106.40088727755298
112.72913593938164
-220.8118206227274
-13.094973880990668
127.05902579624032
68.39175312200987
131.86153513265722
85.94413355907163
-184.21499352500015
141.10952698759397
-153.12376256928664
-1.5154492995224647
-43.91896090656226
-163.53507915389787
92.6141404350876
-148.89310602920582
192.41163507334002
164.55076196318421
126.8468905059648
-219.35825615421106
47.34204276441624
-267.5609869020169
-85.44452023217838
-74.64414800535076
-118.89133554785359
-365.02693454270684
-102.21116912750466
-161.05263987536728
-128.61577354500596
-195.1226612057058
183.7804635031977
-92.1663472600901
-223.0473540192275
77.88873365033342
-189.64069593835765
-155.49527763943823
255.8661207554926
214.205871831623
-257.252565546015
-89.20070384288208
166.4792162783111
-124.24830182777575
275.04284988550285
-23.14778264972363
135.7222496926378
222.7807714627549
-373.9637224694972
234.38728472376195
96.51681373016842
-191.44293275587268
-402.83802717305423
-173.49408366281483
247.5960942756143
253.76105548116985
67.85256706196795
-52.26376857248185
306.2661386595706
58.060074628525925
80.13733243752273
16.563657001401516
-445.4320117408495
-62.15760560472025
101.92849100455105
152.16093224138888
-66.17423971929834
-138.3801646803615
-44.95295017696661
119.6789808041478
2.3216160678226876
38.52191714513681
260.68760320733156
-97.77490360347501
173.54597686181623
152.44862111734133
101.49568516210572
41.66677103822898
242.68756594806257
27.46164311847095
247.87432265528363
-28.04348642181536
-134.8404176956078
146.97091049623248
170.77927585015868
-35.30836394714058
-256.05588146099615
104.01195689502514
-172.3708224917015
-255.44302851451073
-111.23937399594344
-95.9288532471191
125.61100553924359
128.03556627526947
-80.79112023771945
72.43548707132844
-128.31402012387315
266.4007459015345
-200.77724669083312
-27.821693062807583
-109.18781678388717
50.222441629066026
146.34920843808334
-92.29989373781567
252.67673649893663
-235.93822433630066
78.09369256521715
168.26826655881098
-94.37311488903228
-264.7312816711592
-157.61936572549823
75.16084756061872
131.44884636903757
290.8759097226849
-68.74891234326734
-303.5583846581497
-163.95454323973416
57.71473025041124
141.18253708153992
285.05783288105954
-27.86143904237177
149.30796778960573
-42.88781238816382
58.353989433723605
302.17861524855374
171.51846142237846
-24.2303154648925
5.751014774806474
-206.64458307333666
-75.92329435594895
438.9393791564432
-1.8275879831335666
54.12768783995614
79.62172107207799
-165.2285898730172
347.71618704716195
54.831558358946616
240.68089010458766
-111.80266092122332
-104.43641721982692
-204.3060429859605
-258.7068978933047
4.937395704493094
224.35594298504395
79.74900011443665
28.951891204240557
-49.76447007367297
-63.85252232934974
-36.82988003842868
-151.6892529169981
288.0369955143625
81.69947692314335
-159.25386092154085
225.99583682698108
-214.90549087221183
-8.680099363186743
-89.49744913429274
168.01788474304757
270.75482594802776
50.57942044926201
-51.254351864586866
-126.93361802816051
-311.25513458544424
194.40346947846587
105.83162184028059
81.29874944891563
-132.8748345092928
66.76979379901765
83.63568389912611
242.14525048253506
-16.06196991245543
-155.48083720922907
-67.34660083458019
-166.36267088461287
146.6876658966294
-35.522421856277134
-68.48343228241009
162.39780421234298
-342.21261257232806
123.36026594342131
-20.649310124490896
155.47887419294608
130.8630730841375
-253.6304709619166
285.23425227362117
-100.26135935907487
-126.31111389566539
-137.9021211919684
80.21914741779112
59.75681577908257
-90.97212952523164
-20.742358485086783
-91.60494118267843
-3.1433505641953907
199.4044613498914
34.90133141849465
-29.78058201055743
149.27003232814664
285.87908686566067
279.63846409472154
-192.54887939648876
-47.45774013893471
41.9839728493586
241.84669176374024
-6.880095359322716
-28.69706177883667
-21.18955708772555
28.172520989095336
346.66362341397746
9.530280942000207
316.86030554809133
-98.30669251506397
11.07033850041153
-118.55843833189336
67.25321647236491
110.33561882299948
38.87867461584723
-243.1276781961315
-224.72766872065733
-66.21713803107112
-45.90769708878402
21.583304123859808
-262.7220703475221
-100.46705508643997
78.75687892240009
-242.9314116020614
8.001544562395765
34.958052263765794
132.0064616067697
74.00999679917899
40.561068523144776
-62.16488707830642
-55.90697136874215
-28.84382671071022
-324.40249180449746
19.34928053250876
77.90464178898353
-300.3299637329997
227.29723258536123
34.9512672461301
202.9027632181965
-31.705795271786968
137.89562898065248
161.54112000877942
-12.16315016626363
-81.66754240894129
-107.3270920621584
-278.1859570860961
-146.05556551485967
172.34521218788566
154.45647096834705
236.56552876901907
95.27093178476918
250.36174044661732
381.2614585407407
-65.79764694246514
-128.953426539704
153.77491238004455
-203.6617676184472
47.59961814952057
-56.72177765346281
294.9381995166319
299.37924644228804
61.13799002861921
239.8809678456439
-75.10802075607845
-25.949158561689625
107.68435352631232
-245.96592975979422
264.4307701842568
-41.290404475701784
265.0774569873122
69.79620419440724
-53.65122139985636
203.79736734712552
172.2034401766056
172.90678380763453
-33.74278964432203
-121.75278425354225
-43.31574449137934
14.346568755516628
-25.83948463469411
-346.07135473669047
224.93384499806626
-119.01441552526208
-451.91344509644233
-41.87820467896925
-86.26737860278202
102.18759827374839
-261.65877548734414
-36.98530369096349
-96.24621322150495
-239.88440867855007
-203.48403660408775
20.66689837827653
-286.2578953297889
-94.98119602003173
-346.2380800308804
58.664741850170074
52.659538358818594
-26.38662728580591
-115.78769089497409
-15.800962456843145
-204.3659622221079
-117.96898710273086
164.55200241726112
-111.02062672651505
-105.93959596768245
1.056814681847295
181.2662304557077
39.64799211440427
170.96666085648147
-73.88584439718836
-34.68924980712549
-145.12366773590188
-130.3084367664584
58.537421633614755
-23.31799380497207
-166.28942098600302
48.2956474465434
-153.77708691174604
-57.53289304182268
135.44916101426847
-279.6955957487379
71.88300612933817
-112.0340476572538
8.872125552296662
73.85797997432049
83.05262207217153
1.346400493343034
59.63731086146057
49.98761497255997
-94.10367451896707
-249.75818057716333
-80.42383639888216
-55.42676307687696
44.95662268326326
179.9376468441347
39.83300128031052
-12.262745360424503
87.72607371590132
30.62373667521419
-52.920689362633944
-81.32951651528715
-46.610440021332074
184.96569379149807
-130.13482674406487
9.590382116370682
41.71741751562731
66.0820049936348
-221.26385251937216
-173.87314879836566
-4.645622010084642
-181.51636088007834
9.746061392818234
367.53894203789736
-140.20496944763966
16.7698155810722
105.54399086243743
159.64105108167493
298.49603359415306
-228.4787142143446
-119.56498504083321
-168.27077777106328
-72.8005359859062
129.06816407575005
-224.25705850586613
400.11129738109395
344.7993489125092
380.23269473202043
433.3635325815975
182.04252743606224
175.02280102943442
158.1966459563831
-23.560932845347445
-370.7082486984067
203.32847042552774
25.755212068646305
-18.330041529382676
38.430624351655176
220.75549563882083
53.41244335985802
-93.04667306965432
-299.3754399137217
24.672026239729526
-112.88734603194186
-214.9253246320099
136.15421703947175
9.802354473880191
153.77758239891784
175.5561865183297
64.06800479314025
-106.96073540901027
-35.886174663510715
-12.581160892051802
-182.6467384560626
10.512392103992807
-297.0591914302622
258.1193400652608
-165.52745871128647
-120.78459041750637
-157.04311363458032
-20.095281645003382
-76.93696621701757
-32.69434508154083
270.127531631907
195.72222574145889
62.77685180741047
163.74674036103715
157.5901974195081
-67.91144707305124
214.0246973564568
37.90942167182545
33.242117618983045
38.78830394954358
-332.4668258926642
144.58984996088134
-149.90681359101174
317.3418395479431
41.66270780883979
92.06056657742664
-329.2408267731608
74.54776024880658
225.11767553285395
337.20068082759497
-110.0306859766187
-152.35444831076353
-32.03228789258611
-26.226669478025087
-366.51607895985296
-215.92489393024445
-97.7410740293266
27.26984289116083
-92.67923082546143
71.80095252028485
204.31998499478004
292.50055654090716
-97.37196762049581
-105.59554628372291
5.915082996594301
-143.20878582773673
141.1960206350043
-204.82513667750385
3.9610616598149084
75.59763826011472
-174.79418221807066
-59.7537079773131
10.013153996812814
-30.936481250170285
11.703410821220915
-193.14216733580912
-103.54359037252547
156.89609377002813
174.72660739897898
335.94126172154637
199.17547431820086
-96.24104004704122
207.29312389528278
50.59749529211285
-82.62561414035113
59.07637142171765
170.45450408097108
-179.84201335584436
5.7982057853439315
433.4168151366452
23.90689220750695
-450.2271111290387
118.42093555571111
206.4734149480509
30.258973597888694
81.54145919410168
