2.6965053774136507
14.954446368141722
129.39130536246927
-309.9640610767489
179.36684269731828
13.581336453328161
117.56255987234783
0.9517259341470725
-5.771118833832065
-16.136065586659896
-128.2923641163712
205.52880703759377
-226.5627845869972
-123.82016205816315
59.47737214014867
-251.88382661980708
274.67904052440264
99.95251052376307
-114.19961625858916
-173.6531078415217
150.23280744794002
-144.51855682986687
320.89488119410464
106.3293171303618
-206.83918439909672
-29.208097077687597
285.1724378195889
-29.181849072335368
-190.2300523942915
-13.996975931958424
-289.9694462684016
183.96274871632664
43.21980734205638
101.49076398711767
181.7748237906161
-67.22197694443891
-41.72219105123189
45.15374611791537
-251.75997281494722
-30.77237605991199
144.45594362879248
79.04802317839759
-177.43226628917841
-71.16152542935711
111.95972629731496
-134.05668402171446
57.91255163553013
131.34948349088944
-35.79592135783873
-74.39374355189273
37.71207157144474
30.784163846913287
79.30167696308582
-19.23784985433739
54.08746140568833
-152.72448380411063
47.797717174041225
-20.516534160761097
-123.5951833141012
-145.24104711363464
348.6008372572217
20.61295468502409
-196.41017806597824
224.73510684613416
-187.5028765370227
-102.4903351928026
-165.90673436739206
111.19712146730423
10.870793494427733
-239.09560077006478
-0.4305291543927352
141.0051773463315
267.12971756559455
-88.6588283039105
228.99827128658657
-175.73718986288603
50.02759198359619
55.02840293055034
-92.93341152462114
137.53654140353518
69.40320999858659
-123.4914385069894
33.79296132664901
-418.4342813031027
-237.01798760754014
265.02703353715737
79.30437061829028
36.247475552778305
76.08831225344635
-1.8994078362837663
143.71273871206694
186.6280665879061
-278.665964858141
-79.4623119458473
-266.5035553523671
-196.42298048006754
-43.82319452413408
-112.80765809691366
-314.3315714230333
-30.568523008835562
-11.09237930783554
-52.980332567286155
16.56888779767958
-108.95275444445244
-47.235665590428546
19.008512399785
92.6880600216829
125.47127085889328
-169.24458361699158
-84.07512407663866
204.37514419520775
-230.14897223564165
124.63742946580895
-251.81998005891816
-7.449431773714223
99.40950403968503
-207.1442534692702
46.04275687690662
-130.30873835446158
-78.40652277515731
-15.425607062394697
-47.45541434233239
329.2782359915315
227.65765470763657
-288.21935151347935
171.936872973376
20.73483866968559
-178.87528091570059
126.21268246454522
47.79306504280875
-235.02133080186715
-100.53257083003045
-33.90316298879969
-37.30873729278967
109.74336953237383
221.15438848636404
129.12876998621442
-167.43742444671514
-75.47840243566671
250.37271091704494
-28.684171407312558
-47.9439329548553
-12.702788598013688
61.61192710986971
125.0701829271888
-122.90659930222412
112.15553959297534
99.40753738859813
160.87488146246278
40.37791419083309
-90.24995894933186
-157.94807907647828
-26.13557479038765
-96.13734367060664
-78.04366750706265
-192.33799068213915
-74.29780288963107
-277.31083236553724
-54.19737787489564
-243.08645309908013
-202.80349869481836
127.84817058435637
-86.79610994320637
-31.032634756241915
288.4808337204463
-229.52445707398576
33.16038040932508
96.72993934760547
-13.267779394915772
-81.71037671810866
-118.37873280605285
88.54037557621167
-70.61116013433085
-57.269681585473215
8.46244446896982
-23.209111039194486
-267.9496638222319
-50.36775954782369
157.21692704565118
170.9744644122174
258.95818608965106
2.491557234447971
-208.45628797356298
194.49298375729376
111.29792484150315
94.2876243149198
-35.79874363516133
156.7026102682832
-120.79416638232584
15.578409039360007
-1.9042064563939252
-14.025235038306304
-200.97421173002883
190.43331577680564
217.23578928071936
-65.10644789871759
51.9116057653694
46.35067074135081
-88.60365180875476
-290.82648513108
-65.07968707105029
-159.87537281599342
-30.701042876133762
-1.2859031118948496
-67.22601233948402
-27.271526114668067
-296.45888307318745
19.274285873914277
-332.18320782598784
-526.4795713127753
-11.12162877454688
-20.39830339634119
-133.5173742640693
225.94133462844985
200.39698946379278
-7.987819831679477
-55.81441966711808
58.77886569512494
-91.1895434859911
0.5982436951609709
87.03960910293087
-385.28644831911055
66.87767981423283
-2.556400328038382
126.67909656106069
-134.82512001925207
166.59720984494038
-139.39546213852856
147.03333298894177
-75.47128553796547
-254.52171091784234
-72.09371915054285
-172.70583018038897
-116.97915386784263
75.7235692241895
-131.4160254796305
153.66725530955068
422.1758417404011
-52.89404987888882
160.56290233563422
11.812079674157323
-92.17935126575587
47.315408153040615
-5.3433036809086145
155.29250118944245
110.18731158479767
-45.659061628646135
7.314689781455201
123.52752258214811
91.29987282325119
233.96143900286526
-92.31144660796868
309.8879200821535
-136.24958646946402
196.46513574545457
83.50646927395982
102.47661228161745
-92.46758631173871
12.195899101767305
-107.5813677675691
-56.82905529988718
54.93249042535288
-58.661806216632186
-147.1433745296032
79.97251414478391
-212.68104050176626
231.2482112867078
12.037433743319259
-109.79983609992121
-106.96859557161565
20.299601746985743
-91.76105954057672
-32.30297290658554
-207.22630238407234
81.59220564261685
-27.644585730699568
63.51807179678556
-29.920444899180897
85.46383141659048
-28.858384550946134
-217.41110384513703
311.22243140307313
-70.54310492057432
180.66470414215453
117.2202996333927
85.74551808146656
-184.51773253440928
190.05948887452124
-333.1192158428261
-130.4227489506615
25.3390495306537
181.10199775906057
-75.26884811105386
200.08701673256775
183.1569584476566
115.46235549447373
-142.83492743504465
418.9277101927598
-15.091917728159242
109.514690524248
82.94180343738466
-142.5482301804872
-19.376684462946468
52.69216836371886
53.76333139743406
79.22430169445916
272.81440611667915
214.06799162365886
111.0791250899665
166.98616274011508
228.74330392979127
197.6405065907797
65.6885566928642
346.4073133345772
30.329980672616337
-233.08003907228286
-165.62634141337622
13.364130933932476
-4.021889876312309
-29.939039154789466
81.21779800183096
-42.971772810635336
78.19438827978269
-6.51891435689559
27.246608965418172
-93.50790407903727
-154.98395999940604
-98.85877423981283
12.76948716338009
185.87213445782805
-132.62791246747676
92.75239989230329
-200.95914582875315
158.62373503383657
159.9102986263507
50.700754154153245
-36.02034430702124
171.78684370947232
44.939559520736694
31.495479860118245
-49.688325825081115
25.624877138633988
6.047279437387957
297.69739902421526
130.6245528583367
-187.36472325827242
-74.37241286313264
-137.2237041154175
-12.480760311308888
-66.8391774021562
63.65085846295837
328.0857380375498
50.727736193358645
-86.6911429147534
-58.51778194083287
104.47261287995704
-220.82904576347943
-22.034450558790695
-119.7470022908207
-52.96818666072517
-40.04509796959674
114.04652915445577
-4.524767364580712
69.75848420016773
-16.179672842081768
-289.999529205559
-32.99816367657896
66.81401594550829
131.33008875093648
-72.50509907709066
87.90048931285403
-144.05242876098256
101.14822088417539
-45.23938724066857
136.27220214672752
58.77138983988352
63.492153867774135
-43.23408471691753
-24.663377828661833
183.9428139057561
123.87395475321031
-100.6779621731255
25.709165717628384
-227.72776942561444
148.1217603961341
-15.267943615847784
-65.08930919049934
-132.6900006817427
-281.0058851088022
-5.628730811796414
194.47718139767295
131.1759227272551
-50.15730210114602
52.566458045448506
115.04674459618343
201.83704778384975
172.512053940174
-71.14808625188414
-32.086503192480976
36.17701938868676
193.16094002120278
53.58137387897566
78.65217147550023
78.93884774547304
-84.40598490976191
-127.20932734762468
-37.1151923186649
-47.143091042622444
110.9324022470339
60.58911773121009
145.07336761666716
-213.28954000116047
122.04993498590338
-221.28495065991498
119.36964081095353
118.35920382149803
-84.78060298707098
-53.54051196526802
95.42813451648632
5.426728880217509
-64.01122314208033
112.6111020080252
77.30904015556774
416.7577965633628
121.68031157042728
-92.99684500820335
-142.08833899403103
104.30199741830526
-273.1648642382053
-353.07531926690024
45.044651694493844
-160.3863180622452
286.05659832515664
144.6343980756013
-232.5696950933114
123.36320295495453
-7.518583089709577
-195.701957582691
-86.5566866209279
-118.40445160343614
51.735074647988064
9.880391896724504
102.2292845588307
-139.66482698601115
-208.16712835637884
-81.79255518894568
121.5977625630917
-11.413639984485734
128.1565432250573
-126.0327766694244
-81.22016328637159
6.1525361612444405
-10.644250756354051
39.89867167743478
295.0464306004396
-207.34872130645707
-165.35076281697215
207.78260699114057
-125.45536014595403
180.26477237793637
156.0874597693054
-208.42504200951075
101.05699168659767
151.75707050446596
-5.563281702453742
238.63020147193913
-126.52832618744682
28.725244067895588
-115.64166340227368
74.1866926541776
-297.3757383371698
240.8175158609237
-83.19605795499916
-80.39012670586213
14.359807693260278
-150.09492689710817
278.74146354539164
-234.89732462508874
198.35412597605517
108.65756373777484
-169.21148356434338
-32.278492182441504
161.20656650416822
14.772353599934197
168.68903688862977
-180.99188756408262
-28.0295287476471
-27.591561232770893
135.67463268500077
-103.63343854735417
-35.62424722392299
-60.608020236672324
-61.60667516654463
-301.6171194282601
-198.3666030792461
-65.15580948854671
-0.9764231544051648
267.31273987503295
234.87980301060009
-321.3865569762497
-208.3612647011854
-15.239082957725016
-35.98017041037221
161.40022486705712
-39.23506768249278
-234.61886655117547
65.6962045312132
-79.34877126820375
12.296728388659071
209.20809229460315
-104.68415507840609
-45.47897672199544
-0.0672548158536137
-200.93460892486388
-101.81745051795136
-52.69940202177523
107.0442810095382
-45.25163660741098
31.80983094919277
-63.28694340004301
168.71158449570376
-65.10224074552673
46.400798704792656
81.8027250916343
144.79697098159437
258.37960454399666
250.13486917754153
281.56787198427094
2.9800092753379053
238.17944174461562
-108.30461155393996
12.251726475992843
28.495677008698593
92.05289584871241
18.442700968356785
-193.64848650359534
183.8967474348455
-14.612187121491559
0.7215428192036506
150.5842148346047
-119.0358731197724
-16.15556639722677
-27.425666845853755
379.243034216851
-255.140176734389
236.11532487174765
84.31514946102989
85.27232586854342
127.61714435769821
-40.2774694538466
193.4673271176184
-43.0656972012816
373.51051357183894
7.013950105288489
6.8154510657130345
-95.80762787495387
332.01033967123885
-55.00959600567524
52.57402938318343
-294.0048174947191
164.99493793847668
-64.14312863536085
-141.28532613658064
28.58387477704082
-92.1630803507344
-126.25917183496055
286.6090958789891
112.76525092640263
68.0161192651133
-114.13078991681485
49.72007841607147
15.967398241856511
-27.930877335477607
-171.13036913216484
-185.9788062276376
87.51670393834478
9.053532140436442
-152.2442427127679
-23.58010351614951
74.0969136050099
18.983409528708894
109.93130649420824
-92.269739543756
329.7992234759484
-125.93059109856493
-181.05040460461166
23.346901240218795
49.62385642583505
71.64286463740318
-291.62157755383566
-120.41591425304429
129.3129246721759
-193.9758657544505
-261.57250248796646
-146.79740040316233
-38.91582998774698
40.55446663030165
-34.90125595471486
35.41091793201806
-93.3605184229454
-114.50856431171661
120.20152520375194
90.04937805554225
131.64845503519666
-116.91857185465837
-42.27808975081301
-78.6271698128044
72.09747361853728
141.2459208927795
83.61155519923732
115.00560628750169
27.14246215877899
-90.33464750018263
-324.58712765029105
-41.70317616932962
-144.57373789911944
-53.407280179037116
-61.54241632684182
200.97142477194097
-24.44571724979108
314.97668302419487
141.9097584764102
-189.7845464729712
0.4608952255341175
34.49435775298423
-117.49439652343914
7.844818913266792
64.92885200852737
188.11206362921726
-87.77516396131134
-24.394594251738205
12.95612512596088
-144.73789513481802
51.09289107090446
19.63047032146296
-66.61105640104206
-34.42845805472168
8.728827172659212
64.98874837260077
283.56654171256383
-124.5976101103967
232.54253090203426
50.27953065582805
185.35922001465332
8.019602893436407
-110.79704642457
38.75315447371446
70.90350036995224
56.328316974739316
-206.3478290187134
-282.41174095209146
-14.12834399998237
-49.694416485743645
-83.41405344707252
83.64479074169316
-281.0855011620307
-67.50375898248777
149.3175142670499
-197.1952887046459
38.633010140753726
101.02590668175186
34.04504159464524
-96.8735041023393
90.34951997544592
0.9546866733681214
121.84148477031053
195.41254146691483
-170.0743900384839
-193.0547023989137
47.42179180482477
-238.69018956891287
-62.35897175118333
-68.11616077776728
7.47565115974217
-314.31529194727665
158.14609104695884
151.85138328957726
58.24151675369963
-150.49542487563807
-145.6461077409049
99.83800622475033
78.94071398032982
-8.479236529525963
40.27861072781438
210.79000874509262
26.8843364844613
132.38359818748995
271.7647287066786
97.41804165720502
251.5354448268513
-35.69251381824309
197.03122898431633
61.703891374829176
33.4264046850846
-36.88199093903484
-111.14510059252434
219.5333371199984
126.80853836077978
-5.079821783258471
-218.09237304014596
-213.007732895805
27.6108250625302
51.53647419656953
-289.0730452367479
6.952036227668421
-161.99101419555114
32.10287354004678
-36.99590045297547
-36.79894163713297
-152.2214922707949
-115.93679921078481
-205.96231275359094
57.2965138363785
87.22121612896245
-281.3942529388615
240.11340196283064
-148.1120616539643
-76.49908296923944
-243.7125035337455
-70.14794210515274
355.84778928453846
-256.19137659711697
38.335580235227255
217.18582092127966
-54.77693264746739
-238.59347295969494
51.91562863347797
196.8945231796613
-155.5029645373084
-137.55555007913068
-134.0243097728355
-66.53645836944646
-70.8044607730872
38.063035927558346
43.99338913515357
293.654108352893
90.39004753455353
-16.018394894799815
-173.42015332007196
-94.04462684474792
25.69603059994367
88.78979289465423
100.39129336288893
220.76391141686327
113.28214283681304
145.38417589194913
89.41657587598311
-255.37811998086335
-16.43972272833979
-27.69640859560446
187.57808962345393
111.21244417729359
-307.7637677164647
-168.91293978011845
-139.63996213922098
61.5224063576739
-202.02109495735533
73.91844827887601
4.00477211111488
-49.514626567334666
65.45453587631476
-118.46275297781622
44.474550360863724
157.01255354180884
-48.386908441075356
-116.78630534293757
190.17318503075236
243.2077458108053
23.72989628551448
-137.62992719557292
23.907757470732687
-44.55873200325874
13.065404610944501
185.0820119157847
60.87252865203867
-44.30674571932065
118.80298768309034
-153.71337922629013
52.50746901299254
115.90339230160734
-86.53834813756373
-36.29304332313669
11.891309397267564
62.892104308744045
-12.080517212379606
28.257462351413153
-112.03778765557165
-117.3841205937833
-97.85611613723975
-104.87169852063066
109.65404471273084
62.343499429932855
-153.07665140981447
-22.868900096311865
237.9937817586141
23.75059475087513
-63.01055079318565
-126.60282370767486
-52.32700999927483
79.67037292002256
147.0208909622414
96.76482770278857
84.24320829609721
223.27506794202768
235.62099097733812
-17.312451205181347
179.74232688689662
-72.46706614957301
48.9651142868098
-224.1992950788509
-166.8532094123423
-134.35733745339883
-116.92407213643537
-44.404587249322795
122.84715198225226
92.13178015161706
-59.556067677881025
-136.51200027522034
69.80886767478168
-20.213724057193293
104.916050847722
-277.418641236814
-13.25568308875796
-213.2580092655674
-0.46113990084587175
-80.49453619525804
-236.5886629186888
42.523954828774166
49.588079310404424
285.8124915195263
-16.617363211896098
47.94480717585075
217.06874114532607
-44.96179385424309
131.11473122412497
-96.13247849411958
235.6631495931577
41.68827289801417
26.07981280500008
120.25023892029631
15.421532551392815
-0.6993503660091918
73.13073095738321
62.176082911262824
1.8073314157886713
-140.88547306377137
215.58924437800653
-184.26413713628946
29.141890357129256
-28.591846014812248
130.14199012501615
-214.12282976989957
10.113781789710256
110.46959031389312
-7.271132487108905
-61.94005241094433
82.13456591235277
262.3602165877712
-14.513929019529341
147.69693840482807
205.70292152695117
-85.14635446935199
238.50113502802256
-7.095083543802831
-142.65902573688658
-142.73335624690208
139.2285902765966
115.00641722500085
61.059948444360316
211.92533224587118
-113.46433424042306
-19.377033820388068
-159.37790463609235
-140.3762461650219
210.87948157699051
-29.84320850306392
317.4586045210458
-188.10028540923568
-5.607175851865815
20.875024435129447
135.8089852646117
28.229429331495286
-166.2067347057974
-74.45673420332136
-0.2268162310120307
233.40067708208272
-162.75629495215875
333.51956316524377
90.44860699789461
-236.11515491685935
220.24653258311213
-132.9766877293829
-173.04787311923272
234.68680508751606
-119.4175345253858
-79.01532748458652
185.84517741425043
-66.49273282532808
191.0475737750962
-103.63086141314105
182.6998403008685
-105.62261181283431
31.584072836568787
-287.3109048348211
-285.86549059041295
-148.93957905083974
-55.577671298877966
276.0267762167218
-46.28625043524826
212.8189145008805
54.4281934588435
-318.8506174944575
112.67927377945652
94.65350497805692
-198.9600782898285
150.36486846792062
23.451940179067236
-119.19554266268267
3.8369912283720713
-25.607304190327458
237.578644765334
-207.19012197656977
-142.50404077980497
20.46905600305071
-54.285560882568085
-158.07922084502258
-271.95989599496824
-37.50654421875497
89.50791385344957
20.921098817378418
119.7285252996727
55.9110235005885
101.78070268199795
-5.924245858701223
162.41035852469463
-102.63337460065624
-1.646111100714025
-121.55127566034649
-13.332711544643528
-263.0939636525774
37.51938073093576
57.35824306137841
142.83650905271986
46.90664995296298
223.65499489421808
29.182338795629125
-43.95566024789408
69.66647605024764
241.23476487354478
84.9263057100474
-148.6596233772812
282.1452830486768
-49.885993413924155
-27.655897746276498
1.6658378863747647
-6.624746690306866
122.87808681976841
-7.905410914472124
76.73095816599042
-174.15631996403457
-61.84033356630099
-53.45003496560971
127.68346134611383
-5.260532678647718
-94.43303845257881
23.389832019681606
-12.828820228226355
111.00695739611193
-93.0995078598395
-14.012585733468981
-94.33903154722113
-227.01850977008672
-17.79965559771196
-212.25217207683517
-28.872744573113525
58.45581343104569
-123.15061105990637
-102.26373237073098
-102.1900155109854
-445.1425636728096
-158.1111527486122
79.08796186252512
-91.56209924081936
-210.6668267365877
86.70180910635364
-70.73502224017568
-278.62596088777934
172.96121526174122
-147.374444780634
155.09912279452803
-31.042394339025613
111.48078237892122
373.823164151373
-13.745257359505246
-144.89864878060752
-94.86795461651963
-148.76455421285308
-119.25104085583207
-11.63849967998184
68.34380767237029
