209.9075659833005
-40.486266361680194
82.40920059710577
-26.1243213146455
-161.71254882202626
98.85479252042595
38.102908382138594
56.00366751543319
218.9863143873919
-308.6869174896865
8.770972591258753
254.2895870211339
-180.0339173179121
28.902242205576556
-139.41940490243095
87.58496292647249
-121.49508348519049
68.80860244224787
13.982905623779775
76.66083527424612
-130.3938944716386
-61.597545428776456
140.4829084609361
76.99110055712818
-126.5674554809917
-308.55673366654815
-183.3490114179185
17.834116217160005
-257.72676825045164
84.19955816115929
-2.469974783375116
-97.21995970810354
206.59126492685562
71.26668473580882
221.41378725133922
-4.545280860632216
57.47563387206609
-247.06184522296294
23.6042031846739
12.381588562276322
-165.7906274935403
-109.6857513519997
105.4580446345843
123.64310992711873
168.3051520796962
130.06632109844955
212.64950399310015
305.28009146969083
128.0375199731987
-29.079380419103835
77.99610142718716
118.08936563678498
-36.98297599712226
29.23795530959395
-56.421836638298466
-38.730315719250726
148.2857976506924
213.46258885420406
-104.85677979667003
-65.32501951655156
11.377203453947493
43.61554632063983
8.74619922405547
70.50331974273104
-30.26268447992907
148.56864780522605
198.2647773169703
30.381314596468542
-39.20573773447173
9.632731717522166
248.53139811623367
-16.450643758760314
147.5892665765277
-166.31116102704445
238.13868427445624
105.40600491480885
-80.85236246697
-55.136254074754724
67.87807096265992
322.0064303422837
246.83366091680927
18.520500581012453
215.88844007899104
6.808752756263522
-95.18550011078425
-201.38102289365978
-83.24394607761052
98.85726788451325
97.75038381813418
-98.840613113742
-212.48352950483695
122.9299116445545
55.76518567268484
1.3792872432336014
329.68244105231906
326.07017822691364
211.5638873888661
273.6932689609602
87.48534821017897
19.936616644746255
-25.500134973875515
-94.83245145105853
50.30673088655691
87.66457880267527
87.57910788945419
32.37787289513573
115.29074526320052
-241.56152323578868
61.611721351761176
-73.4516971130733
48.65761603919017
-78.19047728650497
-83.1907473278536
36.18082520920481
144.9921329607646
184.12890170645153
155.7964930853431
-103.78216927633667
88.41312372237023
-114.11694244412357
-38.85639544109684
-56.4383616702748
-152.26418932106276
223.23949115859878
-144.38946954468378
-194.41429064888163
-78.88813610143842
-177.93484219636574
27.716326004207684
-89.28546217397131
93.12739161262864
-27.569842032537952
-366.0292988421501
-31.881309844420986
-25.22614873892986
394.5885239201124
-0.5914711632552183
-142.56553126215564
-58.09640986335562
73.19987041199222
-29.69042837207463
6.3810294481835514
81.7514027573345
-3.9562539401363344
-28.583431198469725
-95.05570618540443
-213.23780446586696
-297.9633397480822
66.06994514901781
-97.85213153560066
171.71905324407552
-130.92286026151658
50.09260401604023
285.80624468894587
59.2243616066974
-72.36572064005787
-216.78222794160882
-185.56871394873605
-73.53653532050312
-236.43080957902623
14.69463694134857
266.8047113343131
142.9905633098925
219.57628226345847
-48.64311170688281
-147.1371187136322
199.64599772568016
132.31668183312283
247.21198805654237
59.83080885779437
144.90479394697883
125.29034693777041
-110.05839490728147
59.24193585223765
-140.64100625007885
-2.2077673173911374
27.645990406433388
-30.018071924747744
90.99569182511797
-77.57270186088039
449.1776306660864
102.37114595757227
-96.10797777469413
130.0488115408153
-132.89635320118234
-80.40234013708087
61.107569280965905
-88.89367439956652
-90.42586130400188
109.65423810502668
76.13038979570466
-12.344665415381424
-72.38555219023647
164.37956992651436
22.98456379189424
50.52659682627755
-6.180458385039829
23.085719287452754
-49.96113953166856
154.45381539204018
73.35252368322385
14.08094180226851
-88.6643451061215
-238.58203248870547
-67.48237904628894
315.18215932221216
163.95274997757974
-85.72830949857502
90.706093775195
-153.55533046044886
109.66195262647094
-26.682075367184364
243.11164210184617
-372.5415368287114
61.7817645979678
-1.5301316253734498
-80.62078192502813
-324.5590489500923
-122.87515937972063
22.678603328777758
-215.7216841242408
-6.208099606814694
-120.11767937518204
-200.39930659886298
-206.31681976965277
56.45239346201974
-67.46246076789843
31.85389777917887
-119.2333236298968
10.602096235685298
-94.80030166820171
175.9225212571713
-215.9475962889669
330.8089867085122
-40.42070704703216
-161.64209338492
33.74169379852896
-145.47301325488897
17.77131494632446
-49.89038986750199
-94.92267754060006
-4.589655681555966
15.063811493974166
-32.84914808784607
58.05046355768137
-141.46468269163893
9.424913041948596
189.97708835993438
130.24396033572134
-7.0900494950858635
-250.96794555803285
-100.26438407737902
62.880856447041
-145.81452821543152
-33.20754804743683
44.68248109157647
-26.028701740011233
80.3021909966864
64.29010674949299
-217.50483916056984
5.863738768052536
107.17925686591808
17.29992585554085
-100.60819872328716
26.800952505928663
-23.40661535861687
-394.9194605586873
186.64579070262778
-200.94473771804616
4.18059012908784
224.80133093403344
-90.31458614286927
-202.36955419568952
32.86146412359946
-168.38625276584074
48.934696715911876
-29.037874944206486
-53.84936104903959
333.37543870415885
151.67835277747957
-367.05773122540387
-301.3746272402512
101.31385095818942
-268.40734126139836
110.62984682442656
226.23799400929437
-4.319059305881483
16.250365655508656
148.1432125137634
-23.904667838596065
-28.443478016303683
-401.1793235746749
59.93690607727364
75.00810447234842
56.16493096190108
-31.555470620163007
-38.98152006445688
-150.31761943839956
223.27439331469895
123.27224230931827
-296.85752308817706
4.66300226575632
140.60307284878513
117.06349156761345
36.649814548467035
185.62989361904334
-95.04862278987221
-84.10351792307195
306.24838742237205
-69.4365044852291
-6.357157638972144
-108.02221028060899
91.49470114358469
120.46035824741594
235.7305065992832
111.8995723898082
129.3549748462487
26.75124003877092
201.82448571692666
-18.955128474183947
109.90329569743888
160.12329771564734
-131.29710406867542
-3.2209523971885807
-74.82587565704173
-25.79690640341692
165.38008927329642
43.00449863239214
-124.16175047988794
16.114808111567125
-155.6059762876013
51.73824159142819
262.06576158486814
2.3855562629887532
-244.32570018964077
-21.934989354398443
-40.13434723276889
-143.24939309674548
-2.6182471232446876
-79.73331871521131
-320.06475104882225
-55.436669824062015
-30.2519907669908
108.02714045311745
91.56791590708707
26.057301479128324
19.586845557427605
-112.75969754163623
50.65580564246453
-166.90251691483556
131.68846411464847
-124.84411831505946
-89.01917586277696
190.1477753732505
-99.10869541943663
-73.9140737691807
44.93844808357212
-59.25488612155419
-63.65035677479584
102.62786240799873
-20.102284961490735
73.10659776321124
-249.8043799630475
114.14683107361012
85.82772773732698
15.751008443754168
-26.73823200909622
-100.99098105682046
136.7787049135566
160.62204997604985
-109.49399503482785
-8.87560444047969
84.83621597014334
-169.52410004328496
-6.795286885117408
-289.29479115583587
88.1411699999841
-38.308268863044994
-15.568861997284676
348.8773180423886
78.8890726084118
137.86884020581473
-96.84152781577369
-187.54290974137396
275.0006850118937
228.55336372159493
107.80635205234235
-99.14551406695682
10.445596472857579
199.89012565367736
-212.96881161496964
-326.35646184813
232.61447732812638
4.109824749080898
116.73102707698062
-135.7862320373257
51.274126402577984
75.56968732914756
176.22649497238643
-33.18103024830884
9.96937170206224
44.46234550506732
136.20078870889841
4.904405873593564
-289.7046820297419
-16.775135205804336
129.47035495026833
152.7901843398648
122.54437984831891
119.2597434062492
10.592513584038956
-223.9874538009376
190.3876884436046
-5.169386607744135
70.54041008270484
81.78604004537272
-192.7618109757172
-42.59489066503769
342.45195553705275
6.85799204091356
132.692239265009
-52.981721839027266
-238.31378246821617
213.6100600611957
92.58876399561835
-206.55161600275702
-188.8361673201189
-47.674597412375434
-1.405438329531337
-103.16211681490836
80.5621976775246
-60.59872676850808
-162.86357049239624
285.51453462394755
35.98097584258091
-99.79156044775166
-320.992264344795
-138.58409369224995
129.0763243348713
-156.29654405975072
45.09215227840467
51.09577611108674
14.738481601452905
-149.29123989059278
3.4591529009593875
298.4667258230313
-121.76889731270214
187.4174132656355
197.2604453785004
79.8566006472865
-106.99339862124779
-106.89314779468417
276.14111819991047
-80.80623642728825
-87.94188820930056
4.726699690561372
220.55583276536194
-263.30247704494303
-129.46552042667332
94.29431332104643
61.57667624221573
-185.2584979868259
-138.79570729036973
27.754500384738225
-9.880462509287776
150.10056074183998
93.95362856995672
-148.81722648737008
3.3918734192920246
-26.16644584942121
-6.37032670889595
-56.267482860988046
43.60097924480015
195.4617968156591
15.577341141133862
-265.3716773536465
16.42507889907256
-27.472634825223178
39.82327448138332
152.31105411062322
31.89482156601794
-4.192882584188931
-340.01142523641636
-121.47994832206899
81.10981443582125
184.58643297190787
-54.788991594357164
-109.84891006533972
-52.76429375211285
-79.17774667312676
-159.13437921468358
-179.57828579436443
65.93898224146446
105.45768810736244
293.55468093643213
68.09728185771858
25.178144950840633
-76.72395374389518
-343.79897181816216
266.7870663814286
-41.66243572369429
-148.98164579825556
247.7071124096407
223.8546502580129
112.20486540442592
3.5983847477381925
109.35455899466136
16.60962646405985
11.155802404657408
107.12045225461627
-114.7836615245514
-127.17638979634779
-124.29998714435257
-162.8259440087845
-43.34639838983199
-155.2393379010142
81.23640200699401
57.83890868792359
-28.89693670078471
-13.407929590673564
-63.64286985345697
109.43727096165125
-117.45152504245674
-52.489925465773666
-94.92273419131786
33.42427419191729
-130.25143084686215
83.28240371766917
1.385269480798923
-99.65124545233881
-58.809857069958014
-267.9686054178962
124.34460906593871
-12.064655282025445
-232.69763486727805
-148.75582629412557
84.27935676383645
91.50061106652846
-70.8504394491038
-74.93767136811483
38.86150640637457
-235.10442074958218
-15.003052854751795
210.99853312734564
-85.27894904004657
32.053898457289435
-18.747928230535052
-155.10553939353576
-116.5589517214343
-214.42122510328258
115.43574341040586
-200.40060913127087
-54.79706998079427
70.01723885888309
127.95318209235771
203.76259829049357
-9.971538881266918
-0.2752981242883197
-94.25487287267106
-25.018542962747706
118.2409043401562
48.26935410521965
-4.0376715458860115
38.319679161457174
48.66271453401251
97.31965079445655
-104.78275970778571
123.94907776220631
-60.87905260638038
40.66368273406705
-25.50135528678279
197.80801587310523
-20.67488498914801
-61.905484401562255
-259.5500913173035
9.069989632373805
-91.0090339608969
-59.127697944662444
90.73718561533846
462.3855859910565
-274.13351798309975
105.1748452220269
53.238041250615076
226.53862849296044
-62.19919977494396
-250.54468082984283
-87.56662751641632
7.9984139079872
80.00160771230615
-232.64933855852917
-113.08110427093828
-119.56607624244958
20.974345122655492
79.01217679002048
-99.12724184421674
37.30146626106525
12.412982502290852
199.0847716468358
193.6241514228342
250.0134389767818
-65.61351074509874
-134.52252250336878
-164.89463178116898
-98.48632732937659
184.1730913662589
-161.88798824357627
-87.35900152718352
-96.93148915184028
228.832208605407
-207.34951949676073
-144.75173517373435
-108.99063775721746
-92.80403886864217
75.1825058647075
292.32775218147145
141.9495403057289
-57.114877054108085
-127.22959698006851
187.27820231604449
52.864402227082444
269.9676153083457
-146.04644690038756
-0.5908416622843409
-150.11537235126585
11.23851495856711
152.3676420006937
-2.9433945586004717
-98.29671179943098
-43.71838339711886
26.517700350182658
104.04435377066196
-45.665587895222
-45.37965071752132
89.48720367998997
-133.4027082034571
-78.1308499483333
13.985144738438548
-61.90372378215947
-16.29942806933761
-69.19709092929361
113.20488018654093
-101.52835728643056
250.06721291779186
301.89532990305156
-352.2689679873761
-75.96333315036726
-209.1497768814961
-7.824129498298072
-206.29897074560927
3.404861660722388
62.35695863582557
6.056724017462696
209.18897131722042
189.63423341766705
32.50603551269078
65.05005302590054
-123.0545662503327
-1.1474700690322084
-175.8121416542286
-26.35998485594998
-91.24979213325047
156.5129742662378
229.11079315645262
-124.55659366911743
-17.793822230697618
-201.95708015315768
138.8616768698445
-287.22802488665104
302.3778154334037
76.83632790654104
-167.16889759559373
219.50482626087594
61.99438014693122
102.30553744776776
182.64003945065514
-359.58558013495093
-277.7966379419444
41.7429959642805
202.96407257333559
196.50207347175578
55.87405107590486
8.076491891502084
-36.276908969465396
49.75020510682909
-11.057814785596957
-30.92450971691756
-201.7481119284396
234.91154632821969
-28.72618242372087
61.121907911590235
76.20359595767543
162.4594187054991
-88.64199757972894
159.5442259281765
103.4034572975565
-14.760741720260619
136.70427103329908
-180.84474565394453
390.4760232937011
153.2961287601322
297.05423504357555
67.1446544222942
50.974193265085496
10.142065597126464
65.64711389272506
38.14207209714846
-46.83051523196954
264.08870651522926
4.527075592120596
-162.34838951276677
12.48349421162279
-33.56691752766081
-27.725118282701395
-130.7384957441743
108.96443828001674
-72.23715616335312
47.21348101158988
-110.23547353612712
-96.92609667494982
-47.593320324828795
170.1016196428819
126.4235024292152
4.887513748176225
-88.14315555565423
161.23969348357812
44.980230955436205
-0.36661780611361783
118.29349082471728
116.47716810810114
-138.69104598654118
146.0904208753406
-148.23807879901796
-216.92444799095261
-9.98257885249092
-109.7889373802206
234.81932054904368
-168.74636469256237
21.063749911402304
100.3808177280443
124.07931121158727
263.65145383310664
100.3084234464648
-87.90037783807158
-219.58615254721175
-18.352667432794718
131.5259252723125
-240.5269520093241
-241.04875419947538
-41.26710839109388
114.83274681011434
-71.70130213989694
-35.51608443374589
-39.07651650371194
-84.58584691631786
139.7916930999138
155.38740663414285
112.29222494390433
-31.164906017285873
157.01557696581992
-97.48811576064071
58.993292165738694
40.608230372392676
2.288718179228618
-142.52130856387055
-63.09954874195183
-45.67606371482928
-31.475204335807575
-48.57107158019262
285.5174693552998
-69.71727781504242
-265.4353536612903
-25.865234251780628
180.35909542634457
-184.21590695745687
75.76562486217561
184.63816980495093
81.25299901388289
89.23285988969728
3.6184375279622385
161.30043652940515
201.7111117403617
101.90834899525326
314.00910461826334
-45.08686946597434
153.58489223299907
-259.0381089733283
214.871652391908
-207.20295803574118
100.16337998680727
-79.32240800082285
201.23039526919024
-34.674937896281705
-349.3360311645996
-111.80853992624061
28.116093267905658
88.0776013640029
-139.32156792830995
157.62439926598745
-83.35886519438526
54.58782357129875
29.482192188325776
61.160857780962225
-41.81642898195788
44.40628699416132
128.66252694821873
-129.16960876305924
119.20428010901433
-188.72179586363612
15.825056406181282
41.96216399776472
81.62183338250343
-82.49204969022378
37.13666434227805
188.56628288324154
-225.4504364856077
55.756952319915705
11.133770663167642
77.72000385447485
-59.87175245531077
31.900369822507223
65.98651644154019
31.41227180114817
29.700932281947402
178.9880975029945
8.243382586952722
-73.37265978874868
-226.32874645537274
-158.1946456339025
393.53936156876387
30.101199991248844
-211.05707142097225
70.00981040906613
-218.0546834668153
146.0624384798355
-74.55649017440766
121.19811264054279
337.4998951899191
-120.49905183990627
418.6794519170693
-34.58488727529181
151.1361366501997
143.63996908722316
36.71814025501672
250.67637064613686
280.2623736379748
59.593463960031265
-57.32425923479651
-23.51183219287258
-130.53604417373148
59.31753445606063
112.42509954020721
-36.81313278355357
35.12043957396495
-62.50996388284404
-44.39773521537691
79.9978837887767
50.37750207277949
123.73355231256257
-126.9810073685361
-113.68928887606002
293.30142650879975
-82.38234473276326
-19.364266979484146
-205.9229660592795
-11.04923856688404
-60.683240710483446
194.42170272813595
203.97394779085195
-68.05859231634484
-186.37417727548277
9.698184856742389
-160.80813978617687
13.74277221923634
-224.44231525587182
-225.57304945925137
235.1802170630495
-71.84297496157194
32.64560487648848
135.93955052682506
65.59238131199858
-513.7975914872275
266.1962074523498
-98.31046698104846
150.4214706509598
-33.4582735345036
25.370560889573454
67.46230353020667
-78.04176276050758
-71.57046129250826
35.97529771929207
-59.75059475014034
-216.52143745760355
-2.611208740332671
35.55020737936864
133.77329365007483
-151.76353740966036
-181.60865636993054
-28.732801762553738
157.6850865308326
-61.14776511355938
8.715087237352249
14.58339906837434
-24.783348908266305
139.2567877693974
14.866338430607595
-141.49721633848102
33.14221825371818
39.79353449612321
208.364596980301
110.56825944454759
308.10049217946187
-272.77651987058437
-381.2935453573316
-173.66653993712848
-269.64100930543754
-137.72758105111112
-26.754045352723928
81.41164362985506
-69.00969630370561
-97.52503236021597
39.906131907421255
-141.39921115827138
-5.863731931739828
107.89440393019227
205.79662578378324
216.23925932357008
46.67456247876289
-2.9305462295370974
104.61048913628382
-49.449814808771734
-37.236083596396504
-117.23067436258732
85.05468982261863
17.056939964085807
109.1264817237053
-175.76777407692575
-114.23033709377465
317.0914664792427
82.14809606849217
14.46546497496946
-98.97611506202043
-205.33889378914958
-52.21654721036102
73.81298639189443
-125.92505787888389
320.5378972039081
164.09200564128886
113.21891165263746
-108.95536445909406
-158.42876486100758
-278.0654829642763
-145.83362173651338
166.96015754039135
-105.64839738939087
278.6655121995756
-14.322562091950974
-228.39536465481805
-34.633335367072
20.72523867464667
180.61628064730317
-8.682547748205684
130.36592599524363
138.40422794801407
30.73139792143656
-67.34432141583011
-48.51827954661215
-286.1021653981252
216.73026018016301
-315.28939103584366
173.29199453087028
-21.6244738708567
-111.15129932426676
7.1459601912617385
-35.55676227077895
-120.01285336540005
157.91980244681366
183.9334532723367
-12.447608576842281
103.58158439367439
91.8919813455284
-44.9574358867676
0.7523293388504875
58.55452664547377
81.45460322258658
306.7346305853184
-215.29306988922258
-276.41577089209085
26.051764568344154
-75.89122384608669
91.44316083535298
14.729714511349062
-9.966726086699804
-177.50726061608248
-7.9098571770138335
166.57439559880393
163.81765718615725
130.61265589054483
-64.94570006967396
117.67143004481026
-160.31656717935553
