5.186439265488766
4.3995233429396965
11.099778280756345
5.000738487718955
-2.156459352420071
-2.172427051393008
10.329718751576776
-2.5378112444503556
3.861961230331161
-2.2184320192865115
10.25201621225626
-7.812499997280635
-8.085662657050174
-27.433152835529086
-15.208494852113128
-8.70302477522741
-27.299027775808206
-8.739123582351423
-28.184383324642816
-15.686493755137413
-14.80977444019653
-20.980712714389004
-8.460977873553672
-8.49440301616965
-1.9824891526240667
-14.449325980739438
-13.868440506560063
-0.894559108041413
-0.3309743836909453
-6.255820199982127
-5.6628354811605
0.8098352110780571
-11.735742086149397
-5.665703479679202
-5.841421067978313
-6.185807120138078
-6.111579664501508
-6.792104275905489
-13.47640198509089
-6.172098110424972
0.10706191340800814
0.5336986510162429
0.6944438553878802
0.43086155017669364
0.5520737520286672
0.7927127038278285
19.47806907212668
0.277088687437987
-0.2298507555448116
-0.5317891802283367
11.809338281310259
12.300990589565242
6.2691991832839165
-0.19689439095165573
-7.23572248944721
-0.19760537700842984
-11.9587371849629
12.687877653796225
6.899742919225601
0.16851260929731005
-0.09779295518708186
12.180559917761213
6.151941278097913
0.19790352305709763
0.2736166371957955
0.548787095638898
1.130910503859611
6.914391293910326
6.58471338922009
7.530874729281832
7.483327830287754
1.2794229492601947
-5.334123426416776
-5.312267637386024
1.2126956728494118
-11.627294634955872
7.318067602174842
13.250100509605792
13.120338791942917
12.780268045432425
19.26078611150764
14.035787785016245
6.956449147031453
12.449840531866545
5.7121499346527225
11.738647742951233
18.496338856290652
-0.4489910686479122
6.065694584497052
12.083668415969308
5.453856764638978
6.728550933462252
0.2589165972736996
0.26107843311597995
-6.5238905769492455
-13.22250358294558
-7.109505725021043
-6.9445339852127175
-0.45398122742927993
-6.502157563524535
6.233640062342748
-6.832437833063861
-0.8591330105389708
-13.206386990059979
-12.515964742928235
-5.538536041381893
-12.42413663822444
-13.497744751481472
-19.957022441019845
-8.225231331399614
-1.5098674586069465
-2.177955196567745
4.83163968017912
-1.0288136012196318
-2.1611915342787724
4.137074809329774
-2.1431170859505446
10.104809908935007
-2.1478499431179197
-1.7167934782084724
11.657104759890508
6.10059868133032
-7.044494676907712
-6.00698119148133
-6.177261668953387
-0.4263807217938553
-6.567469249682155
-7.117078896154949
-7.01910393807214
-19.492263409599214
-19.389794719237116
-7.117616115646152
-1.105602565123855
-7.520289401658023
-7.766811668032596
-13.776592253165418
5.571236720812575
-0.7823780308459882
5.126797676389776
-1.4275783560433775
10.948973169064868
5.606367510544567
-1.1467984634617874
-13.937434446794112
-21.03348587411934
-15.138837930456766
-15.963486001542998
-10.073815652061356
-16.930281913825247
-10.829869229034388
7.75697574168836
-5.080465226727071
-11.502494763465684
-11.045440195671109
-4.613541734964727
9.102987432858937
2.5009850596736447
3.4790961859110903
-8.950255503303074
-9.496705838399166
-3.6592656936867898
-4.211070802806486
-10.318000951530058
-10.891004768391909
-10.19503691527086
-3.4506154755630485
-15.945190703638602
-9.893696984122377
-3.833412164871818
-11.11965771087013
-11.6940137750346
-12.008909108571869
-18.257129450778528
-12.403945722889182
-6.310906834026743
0.44756760889473435
0.9093388134016624
7.381055825010973
0.5844676876505522
-5.662705538337359
7.493959571188662
7.561035844010818
7.77765224137855
14.608455181095817
14.750940842666633
27.22235223194497
20.722903641389713
-4.600780531891344
13.853323571151101
12.643274724329169
12.847959337310465
13.333047972852636
6.953765949555244
6.925625535614106
6.253672601106809
7.005269400863087
0.17159754935657295
0.21174391656290456
0.4273297589917776
-11.995903101141788
-6.014895791063856
-5.130562697386119
-5.996800158199399
-5.516952276765057
-11.797951777121996
13.204905259599766
25.936501919982256
19.55695037847671
26.488140009958705
25.589829465773537
12.593379415974256
12.545656047919167
25.279621259905454
-0.0778259475830444
6.748145845452165
6.787541586716979
26.39478098823562
20.86612995372812
20.445223843942664
20.685917208380697
14.40895072857263
8.243091583941894
7.469736432158548
7.7642082766288025
14.99960455825404
9.028290765281612
3.227459355670451
-3.2207803876139955
-9.130562481593381
-14.995157119964999
-2.514230048786456
3.6161574073881844
3.471165096577182
3.4140144903008625
3.3497659350887683
10.044462771745984
3.718467936527097
-2.635176438179302
10.348622165017941
16.913174625432855
17.101607435489598
4.321233457118034
-2.007335656864297
-9.15084852133149
-9.640900365254993
-2.635077774722705
3.3743134134928363
-15.33380407434692
2.955981188577606
15.668489247975801
8.661085864976261
20.67783223639286
20.058954039168906
21.912626413684702
3.277207369191961
3.27692049553201
-3.154653566899609
15.786934701102812
23.129692316015667
23.47826326859395
23.742785606590502
23.162199652661712
24.196014629387335
24.450380389149654
37.650382115705746
25.02555395991176
31.110734351206073
25.244986238794194
31.130281023550456
25.91903554706068
44.48470813883831
32.344865207793916
20.51902638035039
14.211977649545998
14.552252941180624
14.864312550465707
28.043500997852938
8.882809374520296
9.923127479469722
22.43452000459672
16.702516281219967
17.43485696654517
17.40328814107098
17.374567407116615
5.444523307159638
24.1824812251405
18.098380513026477
17.937258089616815
11.184752813197452
5.44171683916
11.529549713198612
24.22605216059339
5.908541181581042
11.96030400530638
18.913093186987425
13.071629294563419
13.128993364143875
20.03414758466926
19.9438320513869
19.99014112205485
20.303736719843123
26.48394491515897
20.269164569706565
20.409073651379796
19.57292507341807
14.282093797877588
7.595845970169963
14.055388717668333
20.01396527718963
26.908461321469883
1.2232855224513113
0.6808137508132714
-5.707427198837927
0.8406881066001677
-11.295864959868021
-4.612326678225552
-11.70592669895603
-5.016197252356293
1.4184444413560158
2.013937864312987
2.0309333019774995
21.518302520490284
15.702468244597563
15.966057420338702
16.95215873677991
11.167987960459524
10.899700345374487
11.021351081301903
17.19973324274089
23.371950688100043
10.754009764468304
10.986527367287676
10.806040529306758
4.0133554931048305
-2.1546011716558566
10.007674034404161
15.64445054671086
9.483431384039914
15.905823689822896
22.300911167147927
15.89699921596878
15.716699517623365
22.54167892933492
16.4339409941255
22.961561247201058
22.87652237751773
29.283986701333596
29.868027926733266
17.66353761429753
24.03005500403769
24.220410977476725
22.276482553431826
23.052050201749914
28.581488559311428
28.473500881448743
16.28382673737728
9.642956182275881
15.577784586616241
2.661947948061547
2.6120183262080072
3.0037085831264743
-3.6937013057994124
1.8893805984276704
-4.51138499308262
-3.7998447559481114
2.472903893120815
1.4378421507098995
1.7304318372379934
1.2916376075443212
1.7298069251903594
8.305107393423905
8.102614635681698
8.486530583797782
8.502238653485179
3.035565076914888
3.255095226628839
3.6380768977076428
9.400905355871613
3.2334572470709535
-8.894846618681456
21.584986973043506
14.790874896168354
2.082210288631841
20.21932831575878
39.18883328215408
45.30525716724632
32.13833960624864
38.2578572027095
38.23303453322632
25.41998798868568
31.86387797221935
37.64099968202868
37.70276593191052
31.69206099688995
25.204881128087756
24.352146063252682
31.55546870904749
38.62885385317637
25.916084630605074
39.02991030767379
32.95951277311535
38.70684365766074
33.006132664891254
39.11140616082018
39.29075227484501
39.45973137313333
33.27641653169049
33.25610972561984
26.072405403523184
32.249819611593786
38.470532790099185
38.95565634832951
38.86130174037673
44.24191052148371
18.498757554058553
24.913170735049075
25.10040050640398
12.652504676046513
19.16834272857278
12.912214052154978
6.908161749324652
-11.500438056229028
-5.002119265231559
-4.3941252286629435
-4.504117522689602
1.3371134508559332
7.6454395290483825
0.7384195843021687
-1.1802270685765468
-1.5687829251017116
4.289657558699836
4.402317340123
11.103851389801637
-1.856974337997106
-2.4908751433875342
-2.4779256854858613
3.9964945162568077
4.039353001077299
16.84576692262013
10.953417609764207
11.06727014698487
11.071072846383835
10.527324007774663
11.271071507904072
5.130943563789906
5.785419640706989
6.195940479431557
-0.5914844141749627
5.871092759077193
0.41389698051567053
6.1470242527428045
-12.917453662180975
5.856188806114326
6.13371507929843
6.496541767857479
12.895215597912784
-0.3451572901369198
5.725663357678284
6.062513754336387
6.572072432508375
6.445458720613959
6.019238681458468
6.411828287950746
13.432979246310786
0.7882026354256265
0.3157123051759232
-5.9840675773229455
0.04614004999563809
-5.8896170209484335
-6.095219319009477
-6.796786797946335
-6.5966834951012485
-0.8390032189651084
-6.92456752084802
-12.521823486552634
-12.169203697728467
-10.364582880776474
-3.6526083644819027
-4.201086694735234
-10.056786901871593
-10.806388320672376
-3.6478911784986385
-10.245930672405564
-4.18636529228604
-4.436495934375178
-4.008965879726605
2.013848049280917
8.707405177278279
8.448805166962186
9.305231297242278
9.416696096874235
9.079454202945946
2.7830512918198904
-3.0536041243155685
3.3787440497044483
-3.4193231706798173
22.19031294152448
15.99752969286048
9.383560742015385
1.8139209913937937
14.478997178084683
9.18522518761138
-3.068517026472702
-3.219505028070567
9.236163071036305
2.562182625260671
2.512136074249586
2.351461955586875
-4.077305434000411
8.707340238970229
9.336863421215963
3.4732273227109203
3.5800925809825594
-2.6223864699933386
3.2829301746528494
-14.844652038890652
4.06538770661456
4.13972141741986
-2.0610425472535208
16.62404594201919
10.232964116695864
10.042968647693248
22.23620449834093
15.755405403065195
-3.0647752292479837
34.63700020424578
15.862774537713387
15.145723159358347
3.1443473012842613
1.3255520317499707
21.122906897349434
21.43991067102025
15.563607687142225
-9.07434719800586
4.641862142436884
5.317902985327148
-0.9226404279325874
-0.6094164348801943
11.869216880519826
5.682038858341037
5.9508284728858865
12.027852242889885
6.465383568250974
6.3166496413211854
5.947075896469217
7.298260669758335
19.824578606502296
1.6436442947920535
8.208428849360507
-4.18256729425183
7.9287032910914395
2.0337367556046115
0.5927022941113831
-5.703802618690941
1.3685382993184376
1.074679671905216
-11.870084618970662
6.619940853201551
7.135583853784822
-5.626703112312246
-5.610723717710451
-6.0477657523389325
-6.620230856489601
-12.84120181173515
-12.466172659307965
-13.022433778960618
-12.151089682928156
-18.25406775896159
-5.13977224135876
-10.99507889497387
-17.308958258303907
-10.709022695036353
-5.3067000120939545
-6.3603114852873395
-0.10526089259046056
0.155005728088065
-0.42117631437028397
-0.4391676783426463
-0.20759802191331034
-0.007793093559345987
0.006428031101730434
-6.117102711505932
12.683170840209296
6.274087007604369
5.837161911673799
11.685087300960008
5.039982134185073
5.3980472610012145
5.413442260743901
5.8018287910774
6.137379970480657
12.549850965203666
12.246237473075388
12.827770366311807
-0.6123376836715485
5.567380895020747
4.86224323984908
12.0329947420567
12.534502874985197
13.461340333418386
1.8934745891066793
1.864452720108725
2.655428300550672
2.663405814732254
2.3597951684103777
2.9754148289907887
3.015978842174711
2.772102068980321
15.175960197747518
-3.2105045023332472
2.8405286831207293
8.3124813795302
8.397565540069262
14.66303189724223
8.591756752960167
-4.301517278711462
21.068389235629603
15.20280353512064
14.637776140106679
15.164858875762821
14.737167832486602
14.839720394849715
20.893298100606945
21.652625036059614
21.74461167792788
21.309724016344585
21.87643007412813
15.952140279839556
16.01297227210464
15.707478915564582
3.4114463074971835
1.9993570787575383
2.235610900091173
15.126574495875719
2.410589979329411
1.9750216252370623
8.346773211088719
-4.285645365825072
2.434051685874139
8.729261202048429
7.72822775184114
7.968847550474892
8.069682481714107
7.939911526770361
8.33587534387649
-4.170584335555786
-3.8227257685466074
-3.538409853550119
9.059337720364855
2.9167250957575117
15.406702037842544
9.175810331533087
9.44052095322927
15.81006160244509
10.466300139281017
10.701967850895997
10.300308335652689
11.817463219978556
5.868079667833907
-12.453593465341815
-12.328375317558898
-18.843635296204734
-5.815846732910563
-5.844991889729108
0.6370915573469134
0.5699494158392452
-5.908182646325782
-12.250983859919026
-19.451835436987853
-6.873581484294659
-6.385821734643155
0.1035534426280918
-0.12910782941712273
0.399442786242012
0.26807848670972306
6.437715471676639
0.46436834880183386
-6.490257617180241
-0.5669623509273856
5.394832083438658
5.84850148456731
5.538656125908136
-6.623465047860775
6.300829199398181
-11.736083214110662
-17.484316815192
-4.702770027480613
1.7545614624276042
14.356183701424383
14.844742590162525
20.9905455563959
-4.153146475945477
2.28297906875529
0.04403826391882193
-12.572292491061189
-12.72902430608233
-12.489194020152437
-6.192952955788776
-12.37671219016961
6.3182565480751745
-12.466144393382347
0.32219982710208406
12.289849964009438
5.642820009873626
-0.10493833795417165
12.331664779389866
18.631665715269648
12.853956367613394
19.09583359849537
6.603879829590129
11.93650041532555
11.247806578703301
4.566832626521215
4.729384011547175
-1.8261204073286788
-7.782086703581411
-8.32118331362228
4.942036086278265
4.907709498254228
-1.6797896904499798
4.030231733768348
-1.5041125093702263
-6.69403087185039
6.027292282705122
-6.550832218045282
-5.764006897361123
-5.1844608030896815
-11.349769644660627
-10.99305476682779
-23.601853977947005
-17.139140503824486
-5.44285713108586
-11.179265955559256
-5.43022508688187
-18.20090868253743
-11.978644566266299
-17.692428787038978
-18.658143525435527
-19.20420316169783
-19.45717267687052
-19.72079676831776
-7.244491725276254
-12.375147716087248
-6.295360948032245
0.19286156747172195
-6.5028850322808
-0.42586573862010685
-13.003682550812906
-6.745466238415229
-6.617064965202994
-6.833622117818245
0.11818136405818147
6.79120753639588
0.021818133753766566
12.419833584748483
-0.7845065721058396
-0.6754164366795925
-0.430075724861411
6.049237516419301
19.237049849441444
6.367622116190773
6.378542707672497
19.536146345813666
0.6002545931543427
6.888374735610673
0.49959501349279534
-5.057654647715917
-4.416991156528947
7.668295900368371
13.720684384304786
-5.053073113847058
-4.3262797035912435
7.722463219500592
-5.059173391148205
-11.264085392338709
-4.70249975509539
-10.875207625918753
-22.83216364180505
-17.36788287772667
-22.843435189177853
-16.001178361861065
-28.841565301822616
-22.69905070372657
-9.698147710550685
-16.4863798187326
-16.52006527368475
-10.447644264778171
-9.516019027712382
-3.2567794931981937
9.941591527496941
3.322665772979133
10.47270047188622
4.658962516507423
3.9417138226209616
-2.23172735258829
-1.8721007388965747
-2.483009683998794
-2.391499272528776
-2.1364170114450687
-7.980398820102067
-2.283547353669325
-3.8871112745963297
-10.979010061140517
-11.081881924244437
-11.647976625895796
-11.095711402252228
-11.426089280178848
-24.748502081029212
-12.598754815955195
-18.60861481146147
-12.658301022682927
-13.03974777156202
-19.11065949429276
-31.530254208098196
-12.777596472503639
-18.486494255042466
-17.895644386655356
-17.300544197704607
-10.397927924461436
-10.932793791961991
-10.85654125056669
1.1389809688102428
-5.532376838602852
-5.243729754934362
7.928720752280257
1.604192868685899
1.8571041048894614
1.9786491217214026
-11.234941480341861
-4.741654018240957
2.3474673401401223
-3.328965004127708
3.1197889203303513
3.1932450758161295
3.293108013772841
-3.224006953100183
-3.0764423348125924
3.4715713485638586
-3.2229876360331113
-2.579195559315175
3.419524609251836
3.104559591167383
-2.3228176014981385
4.2107764842297755
4.962191508286023
-1.4155502405657343
-2.025921304507473
-8.285834036128206
-2.2060128398936705
-2.128839518879909
-8.989136897246423
-2.669558788327975
2.570209192982349
-10.02876854675624
2.5488315113799427
2.4237302803089475
9.344164332206061
-2.599784606440233
-9.393066198260552
-15.152900017302676
-2.1327927178317476
-1.5904960735713511
-1.5491854355553385
-2.303409362892379
-15.435594033718406
-3.4843324601473418
8.882017548777858
8.011855748332486
-4.307692037653914
-9.64720769337688
-10.130407464090046
-9.914233711246439
-3.8641936932126035
-10.096285832364485
-9.758001159328476
-9.973769055369624
-16.465495007314434
-9.918173840779245
8.740441714586886
2.7430333842210715
-4.067747278962966
1.8617990014477037
-4.307854246631708
-9.933311666951203
2.6829664319923423
3.1619165568659136
2.713894526779031
2.289900449071813
2.125513458914697
7.984334873129175
14.460762830481622
14.496414759412563
20.247984985896807
13.62115796012155
20.043632418425954
15.321534669082657
9.15465318834433
8.911497513646761
21.44556411711909
14.958873517966403
2.9411604499802664
15.664675692982264
22.69008833200898
16.47199103034583
21.989235911066427
22.61679006866351
41.66241648027775
22.881546304869158
10.414485155520136
9.994624489065664
10.721509500090422
17.75311680010489
18.17053718010106
16.924875613470046
9.843534489104563
16.199195690691123
3.877285633772452
9.959851116130027
15.711246916222285
9.251488469309487
2.2840191890913095
1.8647276659768026
1.919644094180595
-11.549354629857621
-5.615823472493285
-0.02435563599920318
-6.706132607003974
6.1842043029441385
-19.286491984954928
-6.507206089048929
-0.3522954231669778
-6.1172893352787705
-6.365366176885439
-12.776383400565512
6.219554867916509
0.23535960585130344
-5.76401985952823
0.9243520818232451
0.7331411788549478
7.734665818936263
1.0891031962349373
7.866510513930549
1.7338224663962971
14.246846648094142
2.4468982227242155
2.3013334081272556
-3.6615466887210677
16.170718144699347
3.535856536921013
-8.4424831899498
-1.872069427096891
-1.9679970268023033
-8.728150731243055
-2.0499466137567555
4.107279788289905
-2.1483898687984144
-2.5150321254017736
4.047631172519024
4.2552471288316935
-2.079533028015586
-14.913110588020349
-8.144169142623971
-7.674095611903602
-14.591934176163461
-8.458606297668346
-14.720145466415662
-1.756566818784109
-7.443856262813301
-0.6468864641830566
-0.02203278543023124
-6.1492616849449435
0.14088690857434272
0.23725545966094075
-5.229313924712885
-10.621014754300441
-3.477015685971849
-3.735683199249469
-10.250429768731143
-17.070223528211443
-10.637584497000452
-4.033697960640409
-4.348045341665184
7.834955966442909
7.533389815668356
13.583315988396023
19.55153442215095
19.401548183798287
18.71551464738304
18.60370912401528
12.873807701274997
18.892597849517042
18.95358560674417
11.696131003676848
6.0251480984616865
5.672738799292288
5.773877152425312
5.984075783746018
6.371129998294629
-0.38260250518704886
4.891235349707782
