23.08197457529846
26.112892336324084
-193.72980548155206
43.889300453629666
-285.17684697999977
-537.3882272129703
-50.84699209911489
137.26141814630472
58.6433777644761
158.6055977384082
3.895962655967855
-276.08999751199
257.2428869692023
-31.491252289898814
144.71658335035875
46.51767363389187
-106.71067977926408
236.57017565626208
-222.90247370202476
164.61247081459493
-380.4148919193085
153.13524528691244
-67.2670003789915
-30.386747779249436
-96.80967462194313
238.15824030434476
133.7268076483511
117.77113988624028
-69.23238350137864
20.33990447132104
-80.64078961956898
-187.80675869683
-170.86640589370649
88.14693446204072
-334.25853196270396
154.04948453972085
-37.4518672150125
-118.62441918357166
36.70010103302168
-229.38258044691008
-183.0984882499707
247.40402383791258
-213.2619887618447
49.778451705464775
-182.83273551671775
-10.17999186313471
16.99888215635268
217.48696616367536
-281.8118230167929
228.93048900978303
129.68490978948475
-119.91328711823193
-45.4192591050751
68.90925999130677
-19.25205633916305
-371.63432802693296
123.3989856895079
-197.48143483602777
189.91249479993937
-30.065064075182956
194.59454755041668
164.03508687583948
-165.57022105079758
-16.520831717973465
301.5204835765347
-182.7981392856796
-33.07799382598642
-187.26717926586232
-36.33514180878452
-229.5490629076442
-7.359376404898742
-53.28460050367095
0.612713564654757
-177.161129640014
-63.47897794716802
-5.327702068408595
52.07984047902116
-318.73421642113203
-61.556169155919974
-199.2188857863851
325.5388017948519
57.31031501039806
274.57839875971064
19.480482577342055
36.99398703934144
-62.31233315037106
64.00873740353757
-112.6570465211425
-261.4114187632095
160.3075826504721
211.5913047303135
27.708229572576805
-43.34657534385196
1.8252137468710792
63.406420385244964
88.99662327859347
151.42185538092363
27.269443325147492
45.37734496113144
13.227486304724044
-9.707101156907292
191.56284397706682
7.975880179487694
-12.275716932940218
44.68458942415624
-214.2522820272049
-245.4991776919801
-64.79660298492966
-118.67903471033428
299.1257575311968
12.766898047076785
-189.49695791610836
206.64177107995047
-30.983912481264394
-37.02074001911675
49.28935459236371
250.44302695581231
-232.4151239845509
164.62503770016662
119.12249957174167
-132.12572013119603
424.32212032847076
-353.77764110851376
128.70430465043034
-209.58852764700015
-26.720489557714384
10.72622972076801
33.168260428666926
-249.59165952478384
-148.13456424517625
-133.89352121039013
363.48387170824094
76.5872208035045
-206.5995081651644
-66.62035754691435
-19.893549606656894
-229.29582700647876
-57.4993250014845
282.1803167352751
16.865275703763018
-65.4125411533723
-160.08337014954142
228.76146731409196
133.13150490918466
-471.79362905239446
-243.85790905661796
-176.07929234177334
-47.95924884878774
-189.85149567813315
-107.24000053119185
-10.505115543774322
152.85704759200235
-12.78362275004928
-334.32838241046215
-20.81298785050086
156.9066000601274
99.4996594163622
67.04066922546032
-153.5731664962722
10.029058172841077
-193.501667068574
269.72959077029634
27.28458838722595
-174.00637807000342
158.62678281229046
36.202278108931985
-43.7161658868681
388.9064933131379
57.913514518347206
58.00545889121888
193.77357642044953
-139.96666214680016
-121.39878307039079
-106.62679428179698
-83.28094283219217
124.36560581060502
-212.45338919291802
-79.40069096019616
121.91057397290791
-137.6504142931529
48.51538663529192
-137.06676188550796
184.9490427099736
112.65969915311734
49.96942669509725
329.61858719862516
-56.70320796976825
37.25011011704649
238.8722023284203
51.907246024721765
27.2713394535789
-179.227096489781
117.47716861745918
-232.2883753193882
34.83955933209156
90.19920762104775
90.84504619173987
91.91712724408258
-115.4788121044384
-147.48870659707586
271.8817643709641
7.407684611799657
39.39307308460819
182.4097768008932
-290.6621598355793
225.26052788118807
324.74308991532786
240.78174670212508
-0.14368964775201754
-230.42939999914165
-313.8931032821405
138.62003743526768
187.29125553652767
429.98770692959465
-163.87578522447387
-104.55541974279124
141.2890129423357
-89.7282655191853
13.598627455481932
61.619751746838844
12.348970773445018
-191.94720466952947
34.85499432289811
124.77686195218412
86.24278155831686
174.7726394110266
-151.45263814223074
-273.2329309213926
293.50498193201406
-199.52208047454005
285.64911014894705
71.97418402598325
143.297013522791
109.62565702862834
-416.02035996544333
-43.269906698276706
-256.1204202672316
143.47948393648818
105.05834466598702
73.25798771609594
-32.31591726135997
19.710288114630647
-165.0612214349042
-228.8787987199897
-304.36879855351265
329.3747451894292
-172.6433772614034
-199.58052978232578
177.37386532647488
33.860315634634524
-147.3332506990964
-129.89897300015673
13.881870618631424
90.8378506291292
90.01147740754608
8.750511910538899
-97.37370369180708
381.5042912138792
-185.23327584915464
-50.5699877667173
63.187561897741716
79.98754366146696
-31.616586740674766
123.47483509861432
137.00818166990456
87.65826011223983
-193.14324102821922
189.97612056477624
251.51138974980134
-40.46175948505905
-113.03498198895133
93.72048989202425
77.1557384804727
173.8631530524415
-163.0733431911599
77.38755995283881
-16.41846308530698
191.44586756084172
-134.52699906356983
9.356967271137902
-169.49691811011056
-62.51431665970007
-38.22947259390047
-60.88072955315733
-67.30916718726468
120.78042112108164
15.715103072658078
-5.308204521127177
-334.55674779653333
155.5767124682771
78.6194426027425
-0.8894530439415365
10.61367558405695
-104.6403381321779
-216.01111675821576
93.1100743124782
-104.163124610988
-274.8756392301657
195.06230342986672
3.855959568663853
11.37680042637773
-219.4975791756448
-219.03031080772718
-34.89504751253605
366.68614164180593
-34.1483920262432
91.91380616949534
92.40127125398332
65.09742850682389
132.4188254838845
-170.68591839727057
-127.83868817174756
-164.16713282851444
-15.811819289495412
-235.27696567368903
-231.70626975246864
-94.07694500289226
166.2605859116193
-53.40437778217507
84.19549977792141
-27.414997388162497
34.18697245788537
-93.42356010126166
-50.772199382178535
51.48467236585165
115.0288839011232
236.11713352776087
-168.67332188496871
-20.51481166603826
98.8071037559374
-259.4923363428756
208.41204893762463
203.57422935807168
53.01865783129569
21.3648552876973
233.84303455250196
-45.012593784456435
276.0777194439266
6.486278871790407
-91.82847744455064
84.7514934744054
-99.56085861789576
-110.24739749031484
3.912298544007739
214.3216326053102
-95.02010840883793
126.53909740006675
89.51134751033298
139.61002218308025
67.06780454854209
-177.18363690641715
50.901183123769265
-130.78637041859952
-58.98081437518385
-83.42759124386215
89.02504454736147
-28.701679874598174
-313.550146719804
25.8446773149457
35.42408683105436
409.08014184259633
-100.14913180043627
19.652234309103164
353.11153057280114
273.66526342735887
-84.7533244643283
-97.00850512640373
-71.66854768814989
-193.32179174087975
113.17793135019866
-56.01773127212404
108.27629852557382
-39.786248092072256
234.92017538952976
-292.81636359810733
-3.3788047467365616
-3.4152670767035893
100.02725587254156
-233.12088459368582
-447.2184644715498
-241.6785063892072
195.1485149219868
-57.54477587141099
99.2454673877895
-133.0311515771598
38.521173121972964
194.6811752532945
31.522855848973354
-65.96760732331778
126.73911219038538
95.68996056362322
9.427660254786328
-200.61239162492927
-25.896915169608942
157.6543370735784
152.41335405540968
53.88915731603114
99.14535943507623
138.52342138492102
-184.01195233933223
-33.89642513421945
-297.78606364693525
58.390644255866334
-79.31453266605334
-228.44220377739563
277.97233991807053
12.7711207128915
-164.1205405351134
-316.8059670973522
-198.93457307857526
-318.4710391833027
140.14469813429997
-80.5972543386797
-198.07838437693488
-233.35319247309988
-289.2131382088557
112.23694979474256
-69.98451172691456
-175.2807629904
140.6726241385614
-26.896540747239904
-164.4654747173448
65.0859505957279
147.6180995710797
242.65396422186575
-61.82129824317132
-12.95162865490748
92.76676396058295
69.71294833734885
-25.125242407035906
-132.39488542043676
-112.41259993725356
240.90696167945154
246.68937823663973
139.1972971345925
-123.05175179868696
-299.9698002687379
-91.02505133164772
-121.90958963318302
224.87963311610116
6.8862376413435165
-287.8722931202337
-180.09657779483248
156.08302042817627
248.95338355724655
128.7452050416379
110.47851991427983
-77.57100863296301
184.31320481839526
-200.976557240805
-51.318126625312885
1.5773185512933812
-122.30793587426004
246.2851462664571
88.93634611928275
14.84847722755789
3.0492074779521836
30.20865135829287
-236.6256393642262
249.90397605599645
-40.74662922570046
142.59514854711347
-85.34216927699775
14.514218720266745
-73.24845685530752
61.884654123738216
100.92045516528067
31.87074975811994
-330.8696826583093
153.41324805083465
-310.6193689866685
-0.771509578458395
204.94214608675517
-134.3315924774897
-51.99284624111183
-144.34026228687483
18.141057374664854
107.26276720781325
83.23393798377471
-34.29836203654139
-97.95733426205409
-152.46930645574142
1.2461075238902466
-133.23160717176444
178.1907677954988
7.772571662907227
132.88768700847075
76.81544112987513
-280.013623351979
62.2687787432092
-121.13046714915221
40.52217185537673
-121.8304553235776
-34.52285606630654
-85.21337848922397
65.8248267999354
-10.026735034872308
-90.89671485671381
25.936574379926913
3.1491242204674386
-100.18941245374415
-50.08324318507732
295.266076118869
81.26212295245075
286.7730016166072
73.02967262674333
97.76333201505601
-332.68358144109163
-243.78009631415793
-50.82965830736727
76.21540252758717
-120.61980877901156
76.0951977064174
57.488458329038366
-27.440979575693056
-218.59626279404773
-129.64841975461553
39.950467393732936
115.68617604903177
-83.07994065231217
181.12358975079025
-113.70724385266848
53.22373491006261
109.23775335377086
94.70762773925713
150.894090439114
-187.4195802164824
-249.3227255426372
103.18040631352707
215.82712041774943
-45.65690565039753
-45.12330152484201
-185.72156036084027
135.67731542265494
141.96744678329216
-241.05365515762355
108.90920843010386
-42.40015061728094
139.20146592600022
-4.223347757539045
-298.0887409570961
76.78475458887934
394.90687530681083
-35.00972091798003
127.72120002901842
54.13176482566147
-183.86039509214552
-138.14415981900717
-143.9556268566017
38.77275621937265
-60.245657027870834
42.97801940593902
179.98694494432993
164.27598810414017
-48.5008090287601
159.0479613627055
-38.276499042514594
-129.1783689787346
317.8880924433571
97.76501483410173
52.47584845755703
-37.374111930154115
70.32152240490228
175.66384397733094
123.24299439828043
-123.48135399343415
71.7239007099134
-55.411431533128535
67.85486436634648
-154.65387550485704
146.03993835083153
-203.60140264855886
-60.42982712887323
-151.66705680280893
83.05469119801442
30.827787906737917
95.03751618612372
159.17227153880373
79.4319246351216
110.35795236921085
67.65126986492304
-2.318968891345114
164.34092513254134
-142.15053653936434
107.99873355913572
-9.725370044842263
188.86511887380055
113.97383301764577
-168.23153946987554
-47.16390719656787
35.51551870581917
-65.3326218231361
54.01413302881343
477.42314480060736
-130.29809952901027
-19.7717184788295
-23.16299824598687
156.80047878087927
-256.7281920945102
-3.833839820078148
-60.74295871675989
-4.676741185344656
-141.88673811515227
64.28892294034488
-299.24116088696604
-13.190182745418717
-69.80125412084828
233.445942736863
-16.529090723670848
-147.8564129975845
165.15740748172132
320.8408631385556
-39.205005364758755
-70.95092211017847
251.50305563946264
-62.715660091676
26.15572647456524
109.68541446100224
53.16124263789031
146.5712030656532
89.5705692228915
-220.29855508191346
114.84119555007285
-36.71106300730477
97.89922666443266
146.99140968846456
152.25303965433622
71.63680924039969
-49.21762457079782
-63.13196957213432
-161.05740165401335
141.72311412804225
-336.4611791030401
48.91493303895142
43.26119908446192
-245.83376437264795
-209.52788856701733
-312.8040328493002
145.63781516649053
8.105669181561051
-105.57776196399581
-118.19780842621387
120.73322498590298
-73.21355315229275
-32.641861279452115
86.76268717169492
-99.67011813534972
203.71548767590534
47.023571952111475
-239.4836363078024
-21.530634303104712
1.4938592738230478
-47.008180771208174
105.09103782595179
35.78875541480242
243.18583412384487
-148.56144506796892
39.228935642421206
159.99461839703952
-69.67775392116152
153.19152184470258
-182.31073419836818
-96.45085546890299
-150.23620637220466
68.00516423386173
-89.12403458550163
105.86085089550222
216.5371247266151
-10.240191374898961
146.7691331927867
166.3497115454324
-48.17940758664797
-344.2325763633502
244.9091407260525
164.15681280660084
-8.998565562660623
143.8107813142363
-225.73235762438085
-80.35496273580972
-42.73463603721165
-79.45260982755912
-72.74502323459458
52.46929584348169
162.25990494486524
-64.98059275710855
45.353111561892135
345.2767020464108
-116.4274922698362
244.7531930450173
-670.055199315743
-55.80080736028709
231.74803973692147
35.33855484675296
-92.30666906056896
244.29942528170298
-204.9821391633382
34.049509470574584
-234.972576992274
-160.22225090295723
31.827134273502008
265.61916917729343
-35.62481798549886
-51.25920497842383
-70.15732940611022
-22.827329362334076
-165.86167180927282
-167.22523004077112
198.28962920827843
111.66129126193592
25.25249131940415
170.61805132662633
205.9742594321491
34.373599167629564
-276.5267853978463
161.67108212359093
43.67620323017651
-50.0676535116914
-93.11403680151822
-85.16741569282638
-48.834337285346564
-35.31612240119133
-179.1016086783029
152.64871115499764
-267.7455641105357
-156.60978894661474
-129.92893890527736
-131.6467624755231
-249.50031404503895
91.53110051972521
143.01710166243248
-278.9665523058963
15.725784405411254
-93.60138151054815
-71.29657269094298
15.853422458290698
250.79044037289654
211.81564646179032
-360.8733796054277
-159.13360942579942
-310.2693253109525
66.54529413190241
-59.868394676865094
-52.43962639562029
86.70745880171738
112.68680216257424
-131.48183615979204
62.58436573771683
104.2996474939576
115.89467602400187
72.12566165927696
-164.28489561973885
-48.30271245895637
286.6092297609497
-14.876339258252594
-49.38873175566008
158.60761218632672
-128.50675876587428
-249.85165639078014
-65.05593675336517
-116.8090192629825
335.39524941649074
12.227199180472246
-117.32638394916049
-87.19140740222785
33.46653075339986
-157.14091336804992
-282.8953271814306
-377.0787064710158
5.413477731634905
-16.5259704352635
-35.95629011190789
240.78209138198184
-41.333330881890895
77.18792112900043
180.0777582896026
-97.25777271413372
328.19567418205384
43.89910595111859
-59.9123706287834
11.705440008085578
18.065284667982475
-224.61033399558147
73.26508092048238
179.66209158256504
19.002741724728434
-50.11134597021852
75.32838222653102
-86.45694249165062
87.93517864048876
18.352730970903387
25.989516827375063
-246.18752887696752
-103.71113182437165
-9.022571439930731
-22.470750349001698
184.12093656249675
163.9008679098398
-161.9451544523072
281.0733055125295
29.466760482995607
266.67697609840104
166.1143947822992
-153.65869070049752
-57.990610349420734
-170.29640827992156
-124.71619850883606
-163.6333323024579
3.3200527044229386
-72.08611970906664
232.47215159469562
-6.414689648966737
244.57912764420357
56.16033984799538
226.55487041431456
-110.3608491925513
-132.92490729199332
137.55169041919356
1.6135423904705846
-266.41347016454847
61.2350262794056
294.61151758504013
40.37646429286865
-9.020672576116118
1.1663043386467364
85.6033296465663
237.63975074693698
-31.88934931493119
-89.47927611595802
125.93748249288348
4.268155793972297
-320.1392251057606
-31.91887758390795
54.615227254747786
12.795855789704365
144.37555811651447
187.29998404625854
74.41014325808642
-68.27932997513246
-180.43680641765278
310.3835665478753
-60.5099392414727
222.4378194720594
-20.0638884174948
176.58524190154944
89.69673372168982
242.3462593393041
-74.39227571931332
-142.05706138581002
-36.0241364011622
-52.56828856708929
48.514184077828155
-214.61245717730029
67.94776293940676
149.57433385101945
-84.95122026530622
57.00012908775667
36.19100099153776
78.91957841607848
104.20143059409033
111.08617236489589
-55.14699112447669
90.35812154200032
-111.53310381105743
-477.4172544313825
75.1217497833193
-21.594721156254785
136.26960052810406
-109.36583690981799
-100.22341972143468
-31.240363447484814
-267.1142014587437
-114.22775011091875
-87.0115777547499
-251.43704088689276
-417.1562750130435
72.66373104364295
-260.2652171042242
219.86213705130618
80.54544253209589
214.14353750042943
-249.8605360557099
15.704024989863946
-7.640652854396313
-87.83490386186556
-327.00086885194946
-114.96708705290577
-25.506820311642745
-183.50780540094948
-145.0224785042699
37.20723010639788
-200.8363484341858
38.13452133529216
-61.04632384430078
33.42538757705785
101.11666556549312
-7.370729289571766
239.28884324375474
-175.65808529798852
127.97196428260219
-26.399611121291972
52.833712382427755
-248.87525268757463
-259.9096602201626
56.938057705224374
87.66753413671451
124.78871168568776
205.67202359100264
154.00607070818228
60.8542992976811
-291.69049106151977
52.85761762410979
9.148178477719242
-223.82550706535497
34.58179703432974
-104.756722174747
146.0216861462803
-147.9794996335654
-20.978375511009098
-32.33143992439339
351.8796478474666
69.66796169097063
-91.58502362352984
92.6723076056313
375.5202667336491
36.052457599951886
-50.481616690984424
82.49813932098533
8.490163397329514
286.16178240967145
60.624700656026974
61.53277928355939
318.2531426972634
101.82181353198862
-242.7747881778073
219.75959414768306
179.42774714067616
-25.83940403804552
68.39955686617311
136.42139659466162
10.46720080885956
-3.4007496354463975
78.90499250819047
-130.1654971846911
-203.79535733659714
-241.63914426906493
-299.5572848394723
29.22012678331966
35.35005192480233
110.93631179979593
-178.1962275868924
-14.33360953574094
168.76508056234817
70.09185120600493
-36.40409557390706
-150.52693857748758
-156.38516169647284
-256.8574261608234
39.14407617086732
-114.85967690033954
-64.85729876914695
-139.62615619475594
-223.19925322941043
9.287926341564653
-10.286024162535293
-161.2030955517892
7.267141583694427
220.9249137719704
38.79693172914933
169.95824032301076
97.50171923243717
-130.06130441795867
34.727718632014984
-229.2436119559343
39.87118148171803
-148.9772683046833
276.5170138865627
244.5886379072888
-281.4875256426745
5.68923021338999
118.70510967394384
149.84528095401717
31.883284685274006
111.93855262918544
-56.64565562966258
42.308045806257816
73.53655430725873
-20.679038943696717
-44.51345216119174
-23.55505908165713
-168.33651705928767
21.979031306344982
68.32171391765152
420.5736999668625
-48.40702249790007
-55.566823636525
83.32312064350658
-260.0470984216981
29.969343911752652
-126.65236197788322
-114.95628755120595
