24.071036802092653
67.52969331042814
-72.1047622583699
73.207578490966
32.57361985438682
288.82744764094866
-8.027276597760958
111.5136173839134
-137.88132602689853
-132.6854716436941
155.07718999712245
-155.00417441764284
63.569062559379056
-588.8598198354658
60.540258873330494
177.0396647462559
-73.90407757743688
132.04668742306967
95.09578321685206
113.81682270857694
15.785697947923847
120.00881366566892
65.85818181330586
66.92243637117795
-120.70128100639693
-109.23338501682463
-114.72121222576928
296.4729473174679
-12.288121959792214
93.95503871014357
28.54839393087107
-236.76076645683395
112.35483912118082
173.5322026836604
224.4453827089153
-122.895497508685
-29.12358849957753
22.05325572354658
367.5192469027862
4.265665653641419
-8.762879935402175
-140.82721899732073
-13.575958547827458
-250.7647450647415
-103.11307623458299
-138.9037379602815
257.7410452759498
163.15740526009031
66.43338769018405
159.63587217720337
243.05006385712025
-121.89797695941968
-127.28921799797362
-163.353464807514
18.658268325322474
-21.211041856790253
-166.31350023978456
-188.34115470198157
-81.68304524900749
-48.89775058821668
-378.7052674202128
161.2546281850786
111.2606086229809
6.227551141911248
56.065983171014416
-410.0925224087282
-64.30776467751389
136.73993469182997
29.37302609649391
-69.78662977225711
-15.86668122382043
-34.993229815138356
-241.13535498359548
-216.32807909673423
-222.23878083853086
-208.9878725078774
24.66843879569471
372.3309777016437
60.63943911606782
409.94630046195374
99.45374222323001
-66.99829541897356
-43.846742146869296
-233.7547905609842
42.37686725404615
-161.4240646034612
36.58139268874788
129.46062709895247
-148.28804635328956
-68.89425173542273
83.12210389788073
-18.036219351285784
-68.09968558702415
149.99226267762086
93.32587142463457
-32.84036124832928
-71.89886082618541
218.4507865826266
-47.91436338314671
-105.06785269202392
-89.04963798395413
-130.6108618609161
195.92210061649976
-374.4575852865475
129.22942091795684
126.00020364504779
220.93956913431634
-154.19586141815083
252.47605685008358
-7.254113333170636
-209.73874953071822
-352.6239216250364
-77.89927460112979
-33.84004952709483
516.5847776282542
-56.70689011265094
49.70820223941712
108.95762017312826
-3.977124484211414
78.86819665315076
-163.74851329155607
-262.42369967226944
97.1460383753699
110.72488754320382
186.37088588152932
-138.23309610312867
165.50542536080837
159.1707729175895
-75.20323993075498
225.61292958414867
216.11702634376832
-152.1263803267995
-33.15073024486259
-185.52397460971363
255.61301401959938
-202.1021181585506
-115.01678196029148
202.26786104715788
97.45420043849512
305.3208876224849
366.57801493146025
-212.2030781428639
278.6310912902582
-36.88798410666378
215.84435710208024
-229.33736144744026
-191.46079295462343
219.09975053777728
113.09929523301788
217.23385628077983
-288.65820570701374
195.98941835444833
-184.47578777916343
41.418926043542164
-194.1645137626841
196.19325311265925
-86.69202666907583
20.532550300822237
-38.511962211515836
-362.74082355341824
-234.3913013052913
60.51529102126623
-23.837154652002624
16.002926309335503
-118.57158922446496
-222.4498545292702
208.5627334552499
-233.77080260387078
75.63951566970898
291.3283104084845
239.98394912863142
-244.89202792364122
65.52997481950932
-173.74339052727407
-172.7482770035115
42.31005891017936
-60.913809737418696
-160.89429770789638
170.77117224652932
180.18598158326702
46.29629591541999
70.75334769949893
82.2220821106462
-126.82695606005902
26.054359236661988
20.730577680152987
8.530135904073301
-249.91614766364376
-167.71666722463084
-225.55776165006762
41.7580766411572
198.8970356727037
191.33224952247585
36.457968241261874
-73.69925600417531
77.56840911630684
9.72838082665154
-281.3130932186865
-22.508150637659124
-91.28155122049168
-183.7496079515575
184.62337482558894
157.81940133002016
87.78671350050055
422.51353377872755
-162.2804376087058
-77.79113893066692
226.70694480617874
-16.468553586705838
37.061814568022655
87.35878880377138
160.74381760076406
-153.90042296745617
-167.56263766569072
-40.25155174721087
121.84828407307971
196.18188743646857
39.31545764814183
-177.06538399545005
-6.348545985926227
-19.860535244295342
81.0441597821351
-230.09168375773083
95.91984899274993
379.97603009491104
49.18972010361642
18.255093814858554
-95.13391912171558
136.51534177887302
561.4972924418643
328.34663288776926
57.75951823303182
77.5576159970693
-17.706203236055902
666.9578590699257
-103.68817874562946
10.575094953934462
123.47656259855499
-83.10040572600342
-154.85193938680186
-224.96144345615045
-155.1442041989475
195.18884050591868
-125.85127361941178
-25.277445845009083
-148.83086697939956
-9.665310070618478
297.5286589276123
-57.72069597855616
74.15143817657129
2.9967057500747556
371.5831958583621
-79.94329735104347
90.4919321820536
-80.90373929513436
-168.14288091138138
186.15924932582996
12.499093134983355
-0.7244707081851414
-307.8055896963502
-35.71014008186816
35.927726934536445
-293.3337371997919
207.10483002096007
111.75115827554683
154.20457228398095
217.6694399544693
217.77710446364554
-72.56591343561058
-150.52552252536964
-394.370042128996
-216.46978993107922
-190.07271718536742
-91.45782792761068
-133.76028349052757
-1.0374966976955724
-22.02842075583459
-237.12451640242617
-281.5232070887155
63.311719423774186
-127.86752038735071
-109.48531741950664
-109.25587110141174
229.91693704719248
269.2614552651244
71.35240633604712
177.59372654139574
-118.3495939963006
-276.5884652789511
-20.340029735501513
57.02101406168519
-2.9298399350342423
-185.22863130446422
-305.3277380451641
-160.5922422853914
13.805034374250662
-143.20771634956242
-275.7890388776253
176.0040580774791
-139.00443313802856
-0.7510748335125617
-56.88789973751274
159.45819142231298
-112.12417182034027
146.09192616989222
68.48029230811488
-423.84065284232
-377.6339997450847
-327.814590559307
-139.6334401562121
-70.41606922428812
-130.57990803472154
76.76045339828654
-355.7781128777429
196.99459940793906
-52.781623769316276
-438.88701887372645
320.11445039466423
15.85273622713515
46.44749674229042
-223.4506225571075
108.22958142157893
-337.2291575753254
-173.1710184907057
-91.18777321260255
-148.4369963142085
-287.798834537013
-151.37328453881383
288.50149059897757
140.76751523854242
361.9398768752229
-114.00805808412358
111.56904377048222
32.450870451486914
127.9968923857225
-174.5693279117024
88.8446984240924
-64.92278089253995
-382.56318715777456
-24.833846257833034
121.07244699933412
-348.3996283761126
-118.8835521360615
-245.52388482100756
381.36724067864463
100.26818983932432
-5.356109127153367
-176.08200085808883
157.5835700760888
-1.5244227843341638
104.00865997137443
129.86859225190062
-28.448559293162305
190.00542701954708
193.01429252167566
-217.83051306916286
-197.26324284189425
-15.495100324085971
-60.496492263724335
127.49926655247171
108.8123842903719
-21.8338567896039
-218.0591790709559
-13.505896531911658
95.93387657276432
9.041050877653882
-43.234917908659725
-142.27766028365875
-118.16937914575475
-112.48678641274714
-177.54364730859803
-21.01659003982124
9.679939718579142
-208.03433732864733
82.5856936403656
-8.219439946777385
-29.06376443067344
-234.47773983332254
-83.60573209623196
53.52785830277242
-176.82533280904104
65.82008229431764
-109.58195345312075
108.68498347081139
19.569013268993512
-112.2360416529277
327.2661520829126
182.37051178033033
-38.79766282156469
207.11974439194165
-55.68634361969913
123.05580078757484
21.48981094328969
-195.19272510999764
-289.98504608936645
-8.361593884162238
231.05796044136537
82.67733311014857
30.72605423458086
-244.1821318307899
532.9986702051106
-50.81090146457776
201.29857643409454
49.842132473895006
-28.376984597674777
-139.08609449611373
23.556313774613574
-252.4760549271465
293.71224094687693
111.52102212415771
89.21248314816785
143.08688345363248
-103.13483584545928
-31.802623653504703
-242.16120506653064
34.76398066945236
-204.80818673980002
31.29165539936654
109.21907744059922
51.178775633918214
52.1967625390694
-11.930968845278537
220.8433878585785
107.81548735143073
146.0142875396944
42.932532347716325
-192.74459293942255
159.80109839952192
164.76752035251147
108.21699833215702
-37.68632794447774
-56.774783047452885
432.3357695446044
87.12637681852313
-299.83718749991255
9.61064193832442
51.1237863254653
-277.1428626675811
151.5615977354621
271.318279352132
-224.82936917607293
-44.78660797243395
-0.7403809534942614
-70.88068422456072
-226.54052825656655
-86.55001956549702
120.86278164160439
-148.3323417082725
-287.7446965798516
-168.01349874449616
149.89460805638373
-97.71596136810402
-205.2002936604911
-26.159478336087886
-6.7246833702393385
61.30966228591185
151.14825505214174
-11.530081038049847
25.056333204982494
188.0899942922945
-87.09748200479481
-188.78445905439932
-280.74811414497515
-148.2808530542981
-61.01157192491388
-177.54288264360824
-81.98895712114357
-62.56974019105223
-333.48675051582956
140.4812528914945
-41.65245953576061
208.49193718443823
136.65661838428292
66.45023992982803
286.70652517723306
66.38425304729294
236.6770158712749
-52.01317304142425
-59.62168435896913
142.5927093653134
235.08648577787739
-117.39810548548691
105.33646486967392
292.8657462175305
-24.30807167748922
-28.035078691571243
-33.90363223623681
-124.01795570637564
1.621094723703294
-104.36711166158797
62.838355067536604
-64.16283459664498
5.824604626338376
63.9031934383072
-16.876297183235014
-173.3816180928927
-4.3491782027893215
120.50704810098497
-463.3376187988304
208.821032389708
376.929127679635
197.8428456796109
107.49805270626071
30.591561104425775
292.57206876358504
272.29539790972444
-5.154815246568795
-61.18495577687593
-186.83280464061772
207.82376177680808
70.4084225294131
-74.79891143378354
-299.98767053208564
-368.03950430563594
114.36722698494566
131.44544804612485
-111.93661920941152
136.61864942190084
60.957884949837414
60.6082459797742
-135.75138809122083
-231.13108686867213
-114.64116853113069
92.78335702485306
560.2939405227937
81.43584874527141
55.65173658454469
-82.87966090509276
88.65251460627972
-124.40027005960455
151.9654229623308
-74.36985789176687
-29.042018316524825
1.8005586700137477
-77.87149401680963
-182.42845419291078
100.59633506590237
51.39865485194357
62.753642946750055
36.877217504213846
-52.937808025564195
-167.6754197951215
123.28000943886774
329.4605625462334
-66.02517503034692
7.831641980755912
26.56585649285036
-305.9046391903452
208.0884187759936
186.83856132801392
67.65032628773915
-44.754160875894144
-24.63727847980736
198.96631868970744
70.99741086819527
-74.33660609850756
17.546732774368106
116.35782517687386
116.84585021430372
-43.10516201201207
103.50138880511659
-1.5710343727944
287.56694291309236
-190.88414929350353
-277.0713247970121
-416.37652389118585
-37.31753835325306
-382.16548898690047
234.0054185113829
39.034193475136554
-94.84446846284881
209.17045467173236
-212.21255074501138
159.527191803066
11.43930779438737
6.156342997855383
90.58420333717669
-384.2254052915138
25.083634384652704
-33.17378887429858
56.00820239801792
-255.15238765033973
-169.08774968799165
-117.73427692367875
93.58720923271306
65.92064051817708
105.71224588211993
11.022324544966486
171.1898359256772
-144.01114918000616
-5.661770861284076
-146.85599948686772
27.96359060277951
113.92909230162205
-76.73816439218939
290.7314471849539
-85.27858891435869
48.06535792958647
-192.19645358051045
-48.28802721330048
-76.25647931821932
-52.477227520247325
-247.7492135216252
-33.29485744528808
-325.30325287684815
27.792743949613254
-215.33384704600277
-66.60779878526759
304.8577001218698
326.3032139705533
29.384245971587276
213.93863035221804
-99.7201369252655
-39.72920092705699
-66.8487670092305
169.85034461066823
-222.9285673664582
84.9493922410081
93.7373325374413
148.48301181169256
104.41287475255679
13.598259739225146
49.49340723527033
-9.709225167192427
-140.850341137579
-74.90791455730275
-227.01943778474282
348.42099959547085
-268.3193089564329
21.961321258390143
-32.40746645140247
50.69972755725293
105.79821295264514
-19.818402469373293
-297.7413138499154
-153.80479382458032
125.07264583632987
2.8293131640942635
-145.14728344416156
101.74074703604606
105.96905876299965
-182.1089855943694
-116.05303213638797
-0.4155011843303611
-49.34353080668907
-262.6149187858695
-110.13867828318587
26.617702087414347
-150.5148604831923
52.366584447686236
-238.12590845176518
18.537708842173267
146.6041403634633
20.473112306054702
133.23378555602562
415.87868490185275
18.611346671366416
-163.3306250591756
-92.94822688701564
-91.36583928963042
-4.707138744417062
-63.05324996382584
157.8502412879479
141.6570623554585
-298.59912549992544
28.615553256528614
-142.58282389427265
281.20191423573385
132.3262850049223
257.1933136313417
-383.2318571662081
108.863743236509
264.938389958889
152.85498116228356
-207.29150031928555
38.83150270016359
357.0387086217112
-66.03229320324854
329.19772091634826
39.80723966468823
-213.32635735997587
84.13148289948019
84.44456728172828
157.24457198159962
-74.73010739664015
422.17423964656393
151.79112294282848
-130.18964550497446
91.58351489880609
-81.1993771977968
391.7297798886678
-19.876481503052034
51.778955782677215
126.66792320720761
-24.547550734560154
67.78521311158427
412.66637278305893
48.44820434254784
85.60007039868691
-53.90790414765429
-212.83023973673406
68.63683471736456
-163.14385061081904
130.7898717849998
-110.40334104228288
114.69796501127371
-366.56246915043846
612.6293306892121
-7.597127347040054
185.9271452069946
103.15291175797708
-88.72804329337353
-85.89061438129623
115.20982402903776
-144.94494488605739
90.96952621424201
158.3309001539982
-278.213471775165
-116.90042946884087
-13.61293850560504
-188.90767665966277
-36.39986590369239
-4.932874285827184
-266.80012364473384
-179.33120709744333
-256.7840702345159
9.62581028598598
4.286417128391325
264.60400563264096
-6.20612396714999
271.0340825095311
-130.83202803396142
-156.17121871233184
128.29107368877948
16.554711619872723
12.561723664495526
-25.15299936321042
106.11255381264536
22.701508073645712
-22.06189832722422
280.79855722384997
184.82261191131863
253.9964109424636
32.85627787880408
56.29915211746659
231.9946000249993
-100.35815414453499
254.07468520668672
102.82624143116978
-239.00032127231066
518.3534081061522
-109.70975423235468
-210.93484232517164
-33.47501299867667
-10.947369445040295
58.24763293644461
279.22922405325426
-102.59004686980003
-9.81489435301678
-223.50644693982042
-2.795184425826168
-316.2464380549922
-33.36403506208091
227.48443857682327
10.277889307256293
-126.08983057937417
-105.06958702880424
-506.79440104547047
-30.89263144267472
-212.1992359673296
-64.21569441381965
-205.82766150507763
-363.0244646046673
-150.01245815417667
-100.41853541234634
89.00614423895745
6.91410845430448
64.94866975874375
240.41084471517064
-4.02082221866429
116.20317287725686
206.01883507762886
-227.87841162907787
61.52580664364254
327.0392893755577
124.50480153184584
153.61659805937703
29.62627646606393
-279.2852889147533
11.130258678886479
115.04099140747482
-143.04351775502548
-112.35142287519459
141.04215804187663
79.21175982354701
29.397211364465196
-19.641160970728457
142.70399657500022
3.970401178045619
394.20156197076096
312.165931915884
137.174960514355
75.89536263317801
-257.9649991374945
159.3147743061844
-31.084157639811036
-189.04432930152234
-187.70966140220924
144.98009722517526
43.278279251997894
-133.54424017113078
-4.476767439604071
-61.10743263052248
116.96625325021475
106.51298724366464
105.7432622278016
-158.95069945602935
-12.471322485283501
163.85514021794768
-48.84328685494641
284.5206469012723
-178.64790363191176
-233.90305862588588
-309.0467901835475
184.35570488827176
-79.59135646622555
182.72077208956742
-177.04359715876137
211.38290611644265
-210.22552846780425
61.39981891146513
87.93494199868107
-31.179107251587975
-115.87541598101097
8.559472080748558
-48.94184669937795
90.18915297020425
297.5670501836874
-355.1888289828
156.09663243736455
-48.63725472904812
131.72599219555562
107.08267165694949
54.663227658409944
-159.94197280762063
69.77250167367141
-152.31032732550378
109.19907118127448
-61.79055303611618
-266.9520243859874
-4.887621370828033
-147.0244826726883
199.66795643290146
-4.457376266139077
164.3054675854941
230.54999277298424
127.23699422754402
-199.28516283270807
72.39592529262369
-246.52759152684987
243.81436857369252
123.45251025845018
139.09530625418006
-137.3922716362688
-181.81560772700195
-225.4888427235361
112.2016176784963
179.2038793969323
145.91240608504626
-6.7189122580748775
232.88084350575687
-111.22646009192849
96.55425850152353
214.88774611725896
124.73830797688127
160.80017216564096
52.41258647594402
228.62817315462198
-255.7204457085417
102.95106062994066
-28.17539034991917
88.2636661057543
312.2372994890895
35.149222187434354
111.11162218813828
-119.43266893332691
-12.351061220143079
-66.78841809247572
153.87811140452555
-85.6271953422154
-64.38489595794759
-1.8462896191851559
331.72790543049257
-353.39570273584985
-281.8876092700904
45.98354162883977
-129.44050984602254
-10.523846642351788
-317.3697241956551
-286.0787022570587
65.79226960223063
246.4583208033498
224.99783821572993
263.5937493520564
229.86083214235958
-103.60918739050162
8.884707084910637
-60.058439306830074
154.30722103452658
207.29477322866288
2.202260665398789
246.82775631860045
-59.214056671992836
71.15935383852316
375.34907588861734
99.60700803098938
163.8041543485313
-112.34760591087758
77.34853921643933
-171.09848749695882
-144.56714776534497
-85.19814162170472
-174.68228021297753
-476.6704570092823
294.5860792471169
-154.85190416898817
-90.62236256169744
-67.67084942286365
144.86436407466925
178.9128129623001
-73.68379809552735
-161.17541047420218
-391.3156523415764
201.57821410500296
313.53176645553305
-55.381371571165566
149.14181307601243
143.97724324944866
403.34604154580364
-182.13408972455377
8.658121526156538
-239.1389796710786
21.986278320108383
-22.129246765113024
277.0105544066294
1.520194704011602
-263.75397921417704
296.06285305615023
-209.27344629909425
6.342367063710902
126.0080869282718
134.48358589460832
-209.5463346941307
135.37707989862926
322.40037801400615
-134.73317698406476
-144.928536568736
-319.44965306873496
-6.813475754601403
-32.59522071740521
34.48694899097218
163.23942779271226
134.5187388687162
-57.852933159381756
-5.95182587704554
230.1072853799876
412.17447663504595
-184.2712409455023
-207.71426159141734
19.28891716476526
1.9298010200855673
352.87696852541006
-358.29895107617386
203.93012883180432
-140.89344976650986
-172.34964988668932
73.87337119234392
43.442824578175895
-3.219870340536364
316.32228666507166
80.82850028684442
3.5732317022122797
155.12189216573722
-193.07217400724176
91.1721738552373
184.7059530467048
-136.26605055743292
-174.10340232700545
-174.5160693449898
-42.59399270140817
-337.8472342430013
-61.95600419555929
-81.14501072589024
-50.96069504804994
63.854487941797096
123.62958192496252
92.23709280720965
81.94925482447766
317.5484953634518
-70.45992041497077
