73.65816173027646
92.38991643314874
80.15018145622994
-212.01166849957224
-278.21897513552824
7.29811767392559
100.57986503527457
119.1318671536683
-100.59748093432134
42.35971540273227
109.17659098785401
89.16251756419675
28.523126306232832
-75.86626642276701
-193.29703968711127
14.466119778918639
-53.60407613423914
-73.61507409133554
18.325589093383954
61.02333250168977
-119.72268075233636
-28.94313534865034
58.1515210563382
64.66950805493892
229.91732322906603
34.72283514239569
47.2109236805953
53.74047656585349
107.4184658874058
45.600738169932335
242.7130946144607
55.93342089077948
57.19307488359005
163.32189086865944
-98.94318341790114
28.655403141086182
47.062314063139816
-35.030676736103416
27.378941955955533
84.07445682536202
-63.858973288978774
111.86702610219986
205.99228607867244
-242.1634245276343
111.42165649095934
-61.01831992895611
91.5623292144756
-79.83844563152122
-312.2924755577188
36.06798988605189
-68.3209308780388
177.1416882802771
150.5014066734961
-51.2576021167426
-99.19581861090788
-62.153085780794136
74.67293679434728
-164.65764029779655
129.28954246762345
16.238270643561663
90.28879493034123
125.1684166775608
-75.95053990402654
-190.9618252777388
28.0988756498105
-107.06205502389673
70.73726847979239
3.1181870591091614
-48.60498104303924
57.88994843930273
20.339567881697107
-53.05764602905911
-72.04420452849939
-3.808323630754903
-60.148742594071756
133.35802451407508
118.8702295561609
61.01723190276083
79.65253351528267
-273.5075850400831
-49.49890325526157
-31.02158893532435
-191.0203425079
140.96533393033627
121.76035681402362
27.96774107376985
-234.34150440192016
-20.028750382902015
-164.53167906308116
274.06112754815
-179.72886679906165
-28.851256657367614
-39.00272131875197
-30.609615087872196
-118.74468946705555
-172.90274479467308
-110.83773589858338
-49.686489072103065
-150.86492266073958
112.45659452888734
-111.49866911032103
-97.87052206221279
-12.556922793201387
-76.03593629004014
-114.49907491915604
43.997642218678415
-189.53459734229304
-109.49457286099585
73.27652683142514
-107.04698433939035
6.362057122607008
-81.64280766115583
-95.14100923944294
-36.194754501828754
-333.97806800660106
-144.71071668378175
-106.01644519258153
-132.11119229561623
-44.33026126006651
225.84610662299818
111.09505968002593
-25.372390936071522
-53.41672329507053
293.442191712841
-153.0980384643447
-215.93701171589885
59.986793068068344
96.68258876659331
-80.3203737662071
-16.535362329238676
-252.13147128954205
14.228597739815736
48.654778905008506
-128.59282810731057
-178.65866992811226
54.701756721280056
-76.12951340261259
47.98795409429374
-58.41677868651083
-100.8856588225736
-14.105378266901438
75.17385480189584
-35.44042574388425
-161.98668429884995
-85.14582635539941
0.27176063284393603
-47.45492931490055
64.84162095875276
-111.12554246029109
0.29407657100988516
-51.89211451147928
-62.9568177408731
-83.21491139915267
73.72311537171261
181.15788151715796
-6.531271092258706
147.1553972277613
-34.38210508672038
-81.5700809056451
-259.4152112547593
106.06929142245069
-57.656044552510195
116.10782662235907
195.8000178906593
340.3430514037794
152.49743842718127
191.25829780471167
-98.27852971102605
25.15643039958033
-244.0673920241971
-55.64441369202669
133.82358971661077
-218.1250035415951
-10.834545751595774
27.427351428792985
85.24062327744186
304.73987841926083
-8.63907437210325
-11.697395623805061
-25.750079121252494
-244.3464381180789
-13.088238728678457
2.926229596532812
-60.12763012896644
-91.66066125413963
-160.0063607801036
80.80115107760888
30.453341001793788
-131.7445541640889
-62.78265497789873
-102.96115421180238
163.01113302684624
23.680991784284938
60.59955631718807
-170.5983178857693
-101.87709564359169
36.081496593424276
-81.63001289944675
-68.89458489001547
-65.52280120178997
-140.6022100387808
-134.4983281445954
94.70680204147695
-211.3732189132851
-69.66056627565345
-156.49677431154555
75.55185429510296
-242.65734089782984
73.02510095161507
116.74035369833734
-184.1057680725311
34.92040164451233
4.749908939199719
118.12569565192715
-13.248508682348644
13.199189127711096
-148.93315188596347
-106.30593187229732
144.26581416368464
15.963296391350797
28.766662616276058
155.71350990989703
-220.5392390254022
141.3283457077142
-71.30535507014841
-40.68681321385715
-101.35841039650192
-122.43036933031412
8.34225342182206
-97.62401021141973
-297.8412293251052
159.30231389443088
107.32240529150728
-133.55028254094668
73.40273261299616
-95.3462325585015
31.20600421039302
381.41686509856896
-32.3044583568021
137.2799178228955
-187.71817317583202
-36.66068661251701
-8.407964906090797
52.90910302823095
19.83391710484419
-23.453302441434392
-41.74988112444286
34.67128972507381
-71.60207324887261
-134.48039065712763
-23.097527710784945
97.89697737394373
-201.6692333212206
30.263051778935868
-43.35568056290086
217.54445320301986
-16.39130397814434
126.82266161249711
-105.31003588199665
158.27815806642027
-18.34486367509685
-18.44505404455576
257.58764952799913
333.53242491479375
12.841394312872882
-18.188175566292827
144.3471143876864
-118.90964704779671
147.41283499010598
-154.64100236009693
46.42146721213361
-65.4517918975196
133.63938417068843
-130.22177716357805
66.84804872517272
-47.201859946859145
104.63377984445128
257.7566421177325
78.22230706814211
9.943130717264964
28.66244813479665
136.80346344046245
-316.527995434835
-167.22829547125983
-155.5060208556717
26.79256797597958
106.88481706403599
28.747873510716474
-52.88900801715727
-8.73025360669754
-194.42867566415163
33.53198337214892
-269.49293124686625
126.19880976279538
-103.58797233647198
153.60337538499527
-248.7285140503494
355.637610343453
-89.99269867509766
102.72097188649187
115.22946010437936
133.07086877718535
-162.29255668627286
-210.96773638853293
210.55432090339627
-12.389517247995485
42.595741852430905
468.11119199723254
-23.335545013614297
24.763963121829658
-204.1230003273901
-165.38829214090202
-127.57218708739826
-83.28242021529921
177.96369118732477
6.180717938980272
165.54703022402725
57.7696432834552
-48.46382209094027
134.96614830410576
56.927288054453236
23.432716668096447
-34.77567819453675
89.72888906407323
196.44508001703468
46.93769489465705
-91.61980911927624
-28.8852418162568
-59.2423625766501
-101.73979570944219
55.496271283364315
115.6223734623366
95.97645375829782
-48.76159171719756
-35.66158102782494
103.05854010812712
54.528914590440976
192.79467161458416
-284.42639012627836
86.82340415827446
207.5059568704235
163.3063036505787
222.5981578349518
-123.53950232220627
-185.71856010620627
284.7416751631113
-148.5798791266505
-36.55070597370354
2.016893624447972
-55.81678950121965
-109.46317620792972
-78.71036387796903
23.427530381671836
61.68544638807153
199.51684551197084
112.25793698851989
-40.240740215944165
-20.11658268884215
-16.66262078251932
-217.54533437044503
135.36902880197877
6.215189697136432
-11.467842986125753
116.33073356581048
-12.729949683964191
-24.45810149627635
107.026302475134
-100.96335738161146
-86.70104619640297
241.12736282573272
72.92969800296989
-214.64958064590178
31.96266928452329
57.98232645469427
-189.32072943981845
-180.82916992442352
182.1710516742506
190.79220151390473
-119.19710561506781
66.48150101199334
157.2131986085728
-115.28697914734796
-121.95391605048623
-85.50559009872167
-78.612253858229
-19.06874405560175
-114.12359382614076
23.486791049931124
-75.86085435975538
78.7962159289254
166.82316688586528
-50.55025379903828
53.345566769757255
-162.8269815054607
-13.247187841643733
-202.30928301207578
-129.59138579195834
-48.4040483726076
9.198991998521242
-9.611027641425476
-65.6629439332674
-225.50297079513285
-57.45718824415332
-75.05182988187177
193.14350564445553
-158.42016508985137
28.603793110230104
-65.76460348205819
72.15520410584159
66.02717603976843
-40.13963026939951
20.129097210589965
-130.5408686625281
-40.690878457441634
-9.680086670886602
-172.27913324700725
-27.94266726830587
-171.57924798828932
238.07783268779906
-2.3983759914498206
-211.65155831417442
-33.49563807808252
90.70092588458759
50.578027940704914
-128.3784795088031
54.71233437447244
125.61317421254833
-215.96708640778365
-17.61246029631358
142.56249557617608
-115.32234468731733
-120.8631196350039
201.15588228009116
-20.249061386787854
93.80770804524217
54.70919888081205
-81.46665225044094
-190.2451179965161
-143.33516083409086
-149.95156483784677
217.14582776770035
-111.178488037332
34.33943824187802
267.9704901701619
-9.574482271191307
-29.642934766984176
183.5877565923508
51.897658918604634
-0.10478468450175926
-69.00876522468991
-27.27223296542981
190.24378500138778
211.98513823377732
133.05449916971872
36.58154656151005
173.98825551241094
-69.10134942796881
118.58298308521108
194.9251488021862
-16.787222617441696
95.95085600326438
203.43833526439894
97.49395539134915
166.1247356306715
-13.4538298656325
-151.86881822428944
-138.82385274741705
-45.117700615818094
-7.341069991904217
-189.67582212706523
-92.35694496144879
46.24564806598599
84.01635026033925
-56.02809124743712
20.24335411577912
-10.688520504313749
-150.0920069682097
114.58640530572467
-182.9346108510304
190.48369282127825
25.48170843022156
-263.14030825141145
267.2394863195252
-223.89458126577338
-15.95061239226498
40.46663315117296
-29.72533254466091
33.54486888257958
-91.63664242182385
-82.01853557449247
-127.41537996549042
127.10125291514721
55.448330435777606
-125.74540917751622
7.790259518342367
-60.987110600417
-168.44786534666625
52.38086627805452
81.40984078599833
144.1972865250562
-119.50348331423643
-135.30433794759495
100.9837372129672
86.00119773697625
-69.1171166011784
-31.97495365656465
61.905650840703906
-187.29916853292247
27.917147830371697
-40.21819218243604
130.80002174244788
-85.51150601690809
-29.84664847875011
121.86992453371528
-203.72074448227187
-160.0097789600095
9.868422220636509
-205.34768008423788
173.79223570607766
54.39820321380962
-170.95825879187848
112.05742865155511
43.90011867587393
67.66445734549121
115.92270607636583
60.8339897914443
-121.01787085715185
56.31924634891417
112.13510471486703
93.18486465781434
-90.60539954277118
-120.49077887592384
5.709852060679318
231.5345333145173
63.35747636968459
-92.078152600328
126.33643228328967
-207.70056961822908
-84.61145776114661
174.8020914367831
124.55740061603221
-115.15547254508351
-102.47195094906466
24.488636246207452
-261.1471341435747
122.38431963170238
-392.16834114651056
85.08413631034553
-54.059142121339974
-5.077676356333708
-394.80136754933307
14.214812254121048
280.61533835014654
129.59335032153558
-184.1250757404136
85.77702037926397
-177.49368214269242
100.82877696515276
-24.23834918662687
1.1912082526937864
-54.40145105006234
-72.04647446133053
120.57115844287658
-11.184600711240083
0.43922542883349974
-193.90744834022533
126.65122860063384
-28.50935846825254
116.03270291154757
-51.510279450308424
3.8726143142998364
101.80908679496736
41.676474469087246
-35.59671000408623
-67.19948420150308
-222.4514024301559
-58.0937675858282
-57.63593240925306
-86.9783670392978
-235.16360748318647
-7.756729368908661
-112.57782356193627
-39.530376863074366
174.96673620033695
73.95460708178643
-14.790073016351444
227.7141553160094
-132.32476635085902
-14.20007331016934
-21.119678511401283
-70.68142209247252
23.658751164694927
-14.343680612519039
145.7049583050004
116.3575683041469
91.01320605356008
-148.81240802332303
-268.5634898451865
-398.9294048607895
-65.08994346944898
-15.368935008247869
121.29830572312717
-43.436901481080355
-38.64503486351083
-6.406141266427561
26.993795763016625
183.36452560055665
67.84055370795737
25.59192752364398
6.012641246709272
-0.4348156185950356
-39.327079061457745
-197.9211748657516
97.29271358985379
134.35148218399948
-203.0405415991821
-182.74564684340524
314.03099829391135
-25.259540757304645
68.48148751855668
41.35091383898347
-33.000302512693004
63.486722720610366
27.655478810775058
-142.519521711433
-13.173741732842165
130.9813286928993
133.1208335522801
-4.3555961878788825
40.33493726447536
-40.81402084356286
-22.595677859429095
-128.00024892603344
-123.463882921463
91.62531182587828
-22.407562169630506
-7.186609825209288
-19.681371531865818
26.049101520301143
-100.06406609565182
94.26306129703096
20.621248038579438
-2.1894094835184266
-78.85662169163678
-38.776127553639114
-155.89364132244387
64.2332098619994
-115.11298954320327
-39.96767912825134
88.12853043647972
-188.76189142615362
137.04621381163614
98.00506609846695
177.35440420527829
47.26537393158208
-203.5150426135553
79.8583287675633
82.85116967299273
-181.87256332206903
193.01440835057025
-190.14106597376636
-1.1247503189261485
-121.15574958427592
124.35484325994186
74.27876814036874
54.01974444730821
337.7473011389823
-82.44342515262329
124.68667688630042
-300.28617556522653
-85.57120541380259
-34.87088634352661
5.7346735319450595
181.02607720684983
-14.978767239015706
96.6487622822027
84.70359820654811
91.2954758053254
184.3318165728607
-31.763346160243323
259.31181004720446
129.07047451991588
-63.821945870265274
-72.13994900128283
172.82831206699018
-75.19807821977255
-10.000369112963348
223.5224303573842
-113.8803841426322
-11.108477069677182
-106.04994744688656
63.016747187706535
251.17259763036475
-12.43195940488283
71.3768854187433
-32.11343870528756
-58.03881064295865
18.253619578091854
-44.357064493327755
17.661560828486238
22.476466216386598
123.8335614066651
-181.699366074467
64.72700204186661
-42.43935348159544
32.896322293699164
209.57260184606506
16.16312039523091
-40.09924245106781
59.93409143656115
136.93711078153544
-56.86081924950338
226.12641533962977
-39.80759941880753
-58.39294750684766
-66.28641683934075
99.42994017557434
-122.3984618917038
-160.55351856492084
-279.03656882323367
26.099880203230953
-59.864094710831736
79.8411116086443
-228.37231509367544
141.91853651813696
-67.05731330871804
113.81361773452721
-72.91117261815795
101.39092936542302
-92.39399757254711
58.71780272372185
214.97381725598368
-172.1012102046979
172.56630198966212
-149.79102895287198
15.081283498180106
27.081182407166423
57.82447476010214
170.45048439450136
-100.08708340288315
-206.67643169710206
107.48131255526104
-150.71617902448583
-42.07793565763614
8.746751529023369
-185.4774139677609
46.59218307613495
-38.5391262935816
112.6400166291082
12.413461951907756
130.6318996796875
162.77161203326898
119.14913160300442
151.37138662943258
-76.68546382639204
-120.64445013508215
73.89258371135463
175.9394347094038
192.65620290877843
-8.41690663628497
41.96395321374528
-41.72101849432326
-67.07796586842657
190.03384632308544
-212.64401058871007
77.52917312963955
-207.36074143370303
-150.4928424578517
11.639010534829687
4.079945321458396
-33.1147496222782
52.491218904443315
-211.2014210020838
-11.189998118381588
-141.93480538843767
48.549902407757074
64.27606028905902
-52.31435567146256
42.601725821810035
-8.709892005288403
10.069370148932885
-58.21486588648105
11.380784047402177
230.74175342059684
224.6069490374548
163.84798837469393
-99.82926414964189
77.62198994286693
-24.865904221874963
144.30321488640337
24.200332622566258
-113.80169957144808
87.07412684833197
48.25700605720702
16.369197023062636
-8.105369444340209
79.44564468400563
16.85788615946603
-159.86131197629794
-163.1508295313553
-156.56030579091947
61.38160366821441
136.6038777486457
76.87620670869036
53.043759126400964
129.0317308297033
91.43254253850311
-56.690675537622795
43.5612154691862
46.68850517014719
211.63762060841407
-14.704973216348325
-66.07473546147556
-70.83329274265155
-61.252576542585686
-86.30215483102971
107.23845838412511
-191.5013685328012
-120.78485030859115
74.6282689910003
-55.66910579451417
12.895273358335686
131.16464661534286
-52.76297649762246
139.6269838647955
77.2861779201303
7.511231731703377
-160.0193537456568
58.580991489168035
144.47601642346626
402.6368198669387
95.02089090161846
-149.39376977950752
5.105369403573836
-183.53880613539062
-91.78472049576797
-198.45378998067991
-9.790359204014978
84.24537267655967
63.99081779185726
49.148936686422594
118.62257899225614
-40.296359011667455
160.5891646774336
30.928623944523522
-6.154963187466446
70.03336377217136
-125.17702198209365
-326.37681795180976
126.19716588982695
119.51142943939463
-27.267742194633822
103.77333336228594
-229.24000649003668
-58.70765616283315
193.30066414655477
9.766407694520291
-39.71437954540148
85.8195601062176
128.53183912413337
34.13993539386918
19.876096985340332
88.5113956808302
61.45315944729728
-100.33367637699604
-46.71277223324099
38.60605279996416
-101.64867058872646
-198.0230340226023
-71.95785704098958
-121.42406967636988
-39.36850542730174
187.51880134984745
125.51481609561694
-74.64067928026766
20.419592797119606
-98.77892574539922
177.96545087816244
166.53367275623413
-21.43387396091418
43.066086277053344
-126.7880369271489
131.6070461435929
32.637831988113916
106.60260068357069
-88.47824231883186
114.17427811460344
-212.64154688086853
54.44061914639967
108.95452243490394
2.84391812704386
66.11461613783541
-36.153210681502735
61.41139561254595
-1.1887572148826102
-64.90607875025438
-27.301563539524984
10.010234867519113
-66.00927099790076
-146.18182870875214
-74.57584320854072
93.08054743665937
87.19531908000059
-131.68963871685807
-218.4631932637197
-95.70059187481107
15.431624756889821
-39.208196372091
75.03109842160873
158.89109293475016
-301.7082923916467
-93.8880189187533
162.0201179986848
163.08054273665098
-50.63456896916028
-29.2158963721709
-119.07442447203849
161.4569267028632
-183.9779249907327
-201.43016997730982
-119.00355981996117
-12.618140602527522
125.14615980917543
29.86474229047721
128.8085770562729
165.25412645558103
-42.26856297901528
139.98008285177494
-200.83033673283856
223.9763750838112
262.1950563058161
-46.24819361629794
-195.75104017945716
-32.84752250673282
106.17323611070803
-128.40681289641762
-131.73177401547886
-56.080840813781876
-82.24982526698349
72.15313045572647
-91.3599703754929
32.57231608100122
86.92474105252383
62.14666920306861
-45.17234256702236
55.78472492953681
56.52406661383421
-44.94077808203521
87.66245650540625
30.852439574341062
169.79978328564988
208.87459466211786
-207.47210488453175
126.90757029504142
28.466882360311786
-101.11424445202682
143.4165670764971
-370.06396398160837
-30.996120143294405
76.39964890873661
26.035144765064754
-427.9733642761205
9.020063742960993
-35.248379546494796
-89.81174305431084
267.7653245360162
1.4308741999969257
109.71383280100721
-28.887207557937206
172.07464508382722
189.69944997933516
82.60511207086121
2.968978257695364
32.724358164581304
29.06761882593358
163.1740642945588
31.15760390941147
-99.22093936332897
27.31662831458564
-256.284640644668
-99.21268679706299
-123.15067488833445
-7.555891126173675
225.10570389723475
134.421255954985
-1.596549082262185
42.014026742724404
61.08045878869545
-109.57140504321772
-92.27426980170732
-224.0321620858863
-180.58229256275698
-143.4880644958451
-36.00326105752453
-35.46782747306303
-31.313619701145573
44.282786938146224
213.85548023574972
32.81759628868877
16.488587311420673
