217.77771314581855
-262.8437290697416
156.36773772032126
197.44302137003146
216.36455342814628
270.0102915798066
-10.414835612060873
-272.48315822197304
-37.59652312083905
-208.93233627005674
73.03186873183937
354.7009470224738
119.22876095976056
-84.53254525455095
281.86326669681097
165.87531791753779
39.631139574981255
63.78110528503717
63.252271407365406
-82.83988160781227
-111.08315352440917
53.76536169197391
164.08545512104183
95.45967303014652
-112.47713227355919
-215.12510900561458
69.53116389961824
-359.3665414740754
-148.23391674120018
141.37570842925365
6.8076403300232755
4.339437198429572
168.13143546611116
-81.01529680607172
-280.07076218310647
-45.284651211553765
309.0160841838219
-66.98379650125571
-122.62513293214474
-86.7018245493189
-216.15471090050593
-99.97916959791034
73.77487272894646
-73.71827356362634
26.18649133679804
-294.66264600570867
-50.267197096706916
98.5712657302564
-111.39886985710748
-148.6596436257639
-130.07948162818653
-56.9432757097423
-13.694603859919466
163.74858727449694
-17.11350137209672
-233.3522177655491
36.10908099346865
124.53072629922791
102.15684296509413
-91.70355356250592
223.01927413648173
214.24413147377587
-14.46292647264089
154.59270473351424
-27.034525396106805
211.2674162392944
97.59511385569428
-105.42154929425402
-295.98943663296353
229.63856667995336
12.84697184716186
-2.809740242080256
92.8816594910354
43.907582224297165
-40.93746180882278
205.49102521819702
273.989434526748
97.19142841211594
-303.64528408203313
84.72564082345887
-67.55195143455194
88.10890566593781
-211.88855622679515
-235.83707367680807
-30.771293864164832
95.85792136355164
95.4612227359615
58.89986956972564
-111.5958352716343
-98.18345099603357
-125.05969966482685
-260.33911946834843
374.74238034970995
19.301808524600823
-232.39344016167044
-72.69329571464462
-78.7918870453435
172.14719800932872
-17.29255880489626
-128.51189620778973
322.48495535349736
33.02980479502602
-50.52100553654524
-229.454684601358
-203.83751905516183
306.73412932999406
-82.49275710423493
114.64791700644423
-170.1559368701948
125.89918577115508
97.06472216677922
-309.5831365643386
158.0001494756427
-223.6520489672175
302.61728520303313
40.341417600951104
-30.68817115329802
93.67567362292547
122.80390862470576
56.426352131160755
-21.666116476853098
-107.12374260570164
28.299163157729087
112.71700426764664
201.0016941399376
127.2878034214358
-241.22854955563906
-267.63242066655283
83.27271058990186
-42.346008774808055
111.27151678195163
42.003239420107235
127.26627170522822
-61.6369741809492
2.093106091082281
-119.56564175207815
-123.35112070559953
110.28075556249168
22.969031681454524
-140.6783099350024
83.59996849158254
-37.030828030623745
52.08952860567112
-97.38381979852325
-235.91466870150663
190.51111151264112
75.62106005694676
-31.358405065953576
270.691543026309
53.30971519289701
-82.9040523442597
-9.68535786346257
-163.95184311230628
-358.5494758614282
-212.0710095847378
144.64610386257442
-11.084441851180546
-30.165472539458108
167.76453076345274
-136.8786390215428
42.05655075062612
-18.94010027970161
16.24571459052467
-241.80939793401387
160.89340240409655
-29.72126013580071
-90.04536949209432
-57.68733132164352
-100.57605887917136
32.288932914429616
-62.62508985981898
-237.49047816835414
79.9763314142546
253.1720720153533
296.1389079946142
73.53310276113395
18.05283239315081
-93.76998687953017
-119.64090001664432
87.36782482737723
157.71382617297994
-310.94893589769055
80.26930310155477
206.75642182829677
-71.32517694277352
100.1324134463296
-68.30376013118916
15.85619684675775
-217.0901226980015
-172.82824452908193
-221.15551609230735
46.435287154284744
-283.39119474717455
-126.58708046805214
-8.95945360217954
203.79273284536546
93.78603178146055
-341.2107126042766
-89.88824580051597
17.879446590266447
-70.31757087625563
166.75303231196688
133.60452283611977
-98.98807020607352
65.41329749393351
-16.922782189804327
53.742612382205444
140.37247085179308
130.20991071321242
241.95061562161465
191.84972893960398
18.19304372778791
-234.2445851671431
-13.27671557610823
-117.73726445023443
-108.3968169562464
100.47993335193149
15.820600164665294
250.9566271346606
200.66391160207652
135.77789818938777
23.32703573928361
22.907319534062903
-110.30074385908951
101.60436441182067
70.24670835101458
26.013899632492695
207.11837534530963
-87.34668116870375
35.23555452857888
212.21665986771484
21.20485657543934
458.90508253048347
-123.16551856726446
29.577253203351376
-258.42230649108353
1.012150738534881
88.67526221145783
169.56327673739784
-247.46627242943242
18.075779597356814
126.72076213128547
83.83351923111398
39.80330651892793
164.55297163404254
246.9248364334274
52.36112268627654
52.50142566708289
-7.744530260315862
-33.853461166354236
122.27308549373522
-249.79003864816892
-77.13658406029583
-155.42722094279713
-197.13623142669388
17.398373770103646
-86.7067363535799
306.44601759054825
161.04488648403398
-127.89058688190273
36.18108884537897
-112.7162953752712
139.7072710761892
163.79335993555844
40.962934685279976
-198.3048856329226
57.22661350992221
194.08600719053553
196.0668240318578
121.44757575733898
-289.24011068964853
270.0349407151677
62.231412854500896
-41.77899092689004
-155.0335725054306
46.45259656405991
36.03420799533957
347.7109243616381
-235.16765849241295
-27.964050954324982
198.94265975577457
-22.631214449064913
214.19010220311566
-109.04467240102467
-95.16831691803358
52.13682738052499
-161.8976344447977
277.2025760008126
-132.6354188237153
185.67843332839743
-69.02072148093107
64.65295707228603
-13.945951280377619
-79.89171040279946
155.86159134980417
94.16465551153135
-250.82860565074571
36.69374342193423
-103.44011890239685
-52.357213985487135
-96.38505005047269
53.01027757598821
-262.9083264728819
-152.92014841137146
-25.59529051280231
-325.6222922558855
-244.06849771989368
-175.030692438456
165.68668733783412
36.22723868977255
-188.7109528881358
52.787330169541754
-56.92863190526508
-146.6824390270673
-78.22426959320121
-166.27738909501832
-115.0691132201453
198.35310698078263
-0.08121143328314506
-58.68462234917687
-259.7631890321825
-185.04478162222108
-31.998359853617206
-47.768329901822455
227.79887408998292
-123.25613739983085
187.6261497914632
63.961174729777746
25.88955246458474
-59.05170554518837
243.4809379695629
-140.36526532796216
-152.12070222662845
22.030225818173236
361.50174570451554
-66.69210905346637
81.16303320602644
-35.53075805384337
40.18133707138138
-285.0307460193565
-18.143013497494252
50.720829967160036
42.90458137695147
221.32805543462078
-159.95657137220536
-15.272708875345888
-40.21687709197318
-178.14922569465642
-56.53723885632015
159.99095498502294
33.75258310670198
52.76253453724428
-20.478918262970268
215.2906547158074
33.45023588566926
-79.5830643536576
-56.27930896777164
-58.54478485561765
-216.8756854218335
238.58838599209182
116.61496184984068
-106.51472334079045
-237.6795378786483
-226.23874856884925
257.9266541007021
-349.7787292267073
83.76868591837791
-335.31038257439366
-89.88191001114919
-16.230746963752765
-148.83775735959802
-106.29308291328532
206.7075758062941
18.661140561086974
107.08250621072017
-95.38276468891479
55.22337305240546
-76.05732719992321
-65.43291754491436
-210.594464344606
79.74296562626601
-51.51632891826398
146.46242225977062
-108.69605026909359
-31.122957516951498
114.84269797123372
-105.78834768097455
40.17086528694694
78.65457727606059
120.17416920233107
238.29736528250322
131.27604770486175
120.37961717086107
63.75393467877344
204.97769414120597
-26.284695305415884
92.49074812357043
-78.57455689878776
-6.889506159475033
-74.34250834573285
-30.281223649432896
-179.41349192316804
57.155147084406494
-139.76824169399913
-76.2910449600261
-46.99352537106592
-127.03516880383029
383.99850491590314
50.671034084931776
-318.45901075597504
175.22947498388493
-73.20339997595707
-89.25329593222192
74.43575199980425
116.69483909191266
-178.5188881303346
335.7742401584287
-172.1379507950861
229.35759257848355
-100.60093538743156
212.5055023008833
205.25554702578077
-287.9019516278253
-150.40680694312402
-41.184427894199494
-187.59571103627727
-24.90398477264584
-55.71658619515352
211.19340070975574
-101.93856780020334
-79.5355169641147
-136.1468309773669
230.72865248081752
-213.69893100176992
83.93330519763944
16.76599999468498
-229.50884406735838
-171.83242134392154
36.58566485890465
23.671340041838263
218.47325841804872
-107.73841676911043
-52.94862575220016
103.84782084734111
367.3602512024924
-161.0827943936293
-45.63025690632307
432.8880141323741
194.89500179231865
29.34433512102282
210.0007050733124
-242.66188344693953
223.67124837135864
262.0854442758138
-275.80252662052095
-222.1297317415977
61.24779207543085
60.8561919103546
-291.00636224576175
176.3212812469648
131.5776865991138
31.6245603698321
-99.82562598189222
12.390593608248151
120.44978039143177
312.14018055549224
177.0232363954363
-71.89992032038248
190.47401464428793
-10.38745378718197
49.75456057322677
-6.876065849835886
86.60624410155114
241.2934243075055
135.69637504280675
-60.969997915760366
-152.75156258977174
114.47345555267674
162.37147882888394
-142.6966822878064
-222.61931475597552
84.18112837504127
205.1950628610391
-189.47573655769864
-203.1232601621429
-31.817919832271034
155.70613012575416
-34.34575628089401
-122.41813953602892
21.57736250424799
220.31682301289504
88.12776281861237
354.9932353248948
222.01421081730618
59.65583810322269
48.86659901960455
78.82595507032251
122.81059928031442
76.51767640594973
137.79644547574418
18.63983305316398
238.86066706750512
160.22565980487195
28.025594576462282
145.64264933835506
-69.7954414607271
-67.79842021291229
172.07527702357802
-219.32247129278988
-94.38771977068834
-0.1059880538720086
-137.25395433444103
45.87191502154822
358.454440004352
-137.52993259946268
72.98055947134243
101.69561783218737
-132.70374606237203
168.8579745903831
279.2914404175878
130.55716645353854
124.13347089336757
-5.988437083040541
-148.55717186656884
-190.2071577770508
-47.758986735681056
-27.972940658667646
-111.80376487257153
28.058140970541643
152.68344274413522
56.91098444260633
-148.06654408138053
66.76743880696438
-20.004651517720568
56.02119805760877
-143.47058174064767
-8.798504353826182
142.49283611588874
94.04410547901972
-25.298809376222618
36.620928030959384
-185.57133358728595
-297.8464221959086
11.919224944893395
-83.35074680632889
118.76463868401235
-196.01453487606588
-335.6501195477611
9.165741807745636
2.367015242846493
187.51705190397115
-241.39635451901245
51.69858495977673
27.354872888581546
10.495892581525004
123.45647562489073
104.5728243081268
-35.99318960277994
-106.82277211018814
-101.78510449334514
-45.09958398125292
-38.96732843825948
286.22972742879267
-7.79751655553931
-89.25652841857847
319.9276491236759
256.91230273964857
127.99253818452071
-121.37762700821088
170.81682689315542
181.96581123926302
59.39004834065477
-135.07931163407676
-14.145534447430522
-141.11480487879678
330.8156047614483
-330.36501720290454
-168.81941983055611
-267.3772671950505
6.920780898321929
10.965085527594546
300.747436057652
-25.042212355696055
-17.45593302647992
290.7854887875348
104.37164771062844
-143.42230672762722
-162.38757143152972
45.98637799735608
102.9465432513401
150.2972747519289
11.411235955044086
-137.11926971109983
95.1902011705489
-18.968935752095152
-108.08477200043473
-126.34001522449
87.22829251570744
-55.88928207543397
106.95380433837552
-185.30313970386945
33.203459010249055
-109.3969836899433
30.719028948394868
-114.1766450220102
25.02017429261706
38.45489432892047
140.80720123619216
60.96669230015446
8.938432759024034
21.67395465914894
82.29444328057149
14.303515200260016
132.0568389412233
6.337400700455909
-170.67827740075214
84.66099838375783
145.5802878129298
57.36357860758712
135.28060653847214
148.48421614635532
118.2016585978702
-32.42292689782452
-128.48064528340117
-45.518787958808986
-170.83653602118616
209.17821930862874
-6.538665647851117
-76.25961737230503
30.842594920127993
-39.29831564552931
191.2524423759718
332.47519767554616
-33.418627231536725
247.07044902550442
-31.35449772028609
-107.98994987053032
-178.3579937204833
-109.79086148819322
-344.560769348304
108.17073726230224
16.247408659187982
74.74589979444438
-250.1404135389337
-29.581565325308212
350.21122107043806
-96.19881637408736
-1.0523371224352993
59.08071098069367
-41.233660555740954
119.09406664334905
-194.48065126501183
264.7410516434118
135.64253471540883
137.406227549308
490.2826342273501
-176.5078292618416
-87.24845707448758
115.8833838628527
28.3860241943895
-56.13322522613388
60.688046595457365
100.44349933695004
126.3762700449269
-156.62240527368652
-92.68998522539368
-152.64011858568745
104.07170718844345
-92.76235204431781
260.93145294510384
-27.627899060344745
-131.8659170812687
199.5342508693626
-100.54092034635144
-50.96702624533421
234.9523722378939
282.8926005339292
-89.08935275599676
50.04569562270821
-4.133440722571532
114.79631125261729
306.41053654782115
200.2586942704305
-5.263073911620158
14.975201631020497
69.12896221659604
-181.92764331220053
144.87255982480568
-257.14148603020595
-84.71303177447894
-229.62251408727468
-8.180306231813269
-135.46286798222351
176.68149285043424
118.483047789784
-83.0081166116864
-6.75910212489606
144.36116338466098
-227.20582087630393
181.89675816265853
3.048015915575943
146.84048948932036
-136.67271104904452
-71.00582913436257
136.63247091952522
-427.7229219075668
-81.32347403885898
-163.10379194619188
152.49359587277885
-53.18369743910722
48.14264267104131
-271.31970637164164
105.78077383229316
-236.06030787549886
178.28090903304226
-15.688879137435023
149.40822669658988
-104.94032302030006
63.41104262305588
205.77557315329182
175.19982711602353
24.091234124152635
183.3095796912539
-141.42342036166255
25.241973402809755
-91.51326610004769
18.662117457069524
-116.16058986360454
-377.5044361189554
39.83237349270206
-13.684208064047235
130.35875529360425
-155.8528645939777
37.207731687865184
3.1314196712911744
-214.90775901687277
153.3289080075776
235.2361111725347
111.1066223604816
35.5591360939032
88.72748033898199
126.51406364497022
319.3222007662093
-16.188949612104757
-29.523219893442246
178.59231142223152
177.80875347644013
22.699023995226614
-153.29148604360856
-162.00678075577247
360.44154064607727
167.02114274481914
54.68202105466603
-8.152327330226147
71.64350033255803
-22.456101800880326
-180.2189325016551
371.9749939623898
-289.8052395310751
91.41024294965516
-29.3353669653096
-57.87366053444376
169.17419873871717
-1.4296914436935162
-299.7457115927349
47.373169409941696
-74.37962061747142
8.818632403261272
197.7032947514781
19.172547935189556
59.37155168241723
90.24221872495977
-295.54064754652
-28.210563532046546
213.3083975840986
81.32415445019078
-72.11640948654065
137.71120411888919
-80.86435994845246
67.92082088044499
28.450093273385832
-235.3426788824518
-175.47033908843898
-194.70121650635915
-0.9423273890745013
147.5553820833569
88.55689292935976
67.166687469811
-128.33508717245724
132.44119897598395
-130.1986005307631
76.17332663636138
429.5760640414223
312.26342307927496
-27.00171929184922
-67.07820261758394
-318.4032383828116
120.94382348978141
110.34012003367212
-32.502260024922975
108.48616705270355
105.49126139719266
223.3351367228451
-184.91766735693997
-58.64346669136404
-293.4991275054728
-135.24674086190123
109.35670858312469
109.9437237486973
-267.5121407200627
-203.10499878527025
-28.625293242410343
168.10050974103245
-319.9882284701596
51.13083567424133
116.36311128116995
-123.83452769619598
299.0254687092774
298.73430115460593
131.5821555595026
126.90138075416311
57.920405054217994
-185.6855600811065
276.85817078854484
-141.6712249962827
-24.55208088075025
119.9130358917368
-87.92130456366296
-246.42359808409765
-248.6203094698675
190.12468073015887
-156.73111939590277
-84.66376819334313
67.80367886148981
-76.71201798716726
-58.259216541185516
102.91647828102313
-147.24133576378378
177.0534623982011
158.3363677612211
81.09069491004766
-9.314682440857576
11.418854543715263
140.2749173598409
19.068782353259625
98.08054525793445
-313.16953152869735
27.634092934589
227.777263495272
-146.599763009675
126.54800116150318
8.605455016193304
179.91142991558127
97.69194446924647
202.48371705283546
315.6300115136094
-64.41461759524246
152.6872612359072
-128.25138240812146
-69.67356694450423
136.14654998477687
67.29181346981102
84.97207133611614
55.16028949286981
-54.684350122481746
-290.551928460201
24.73930766122492
61.191602418162894
235.04887435538936
-8.445912215061844
188.5578132039034
240.8885706391835
-46.35535369731016
108.63435699310206
223.5245475150305
120.96027574991206
13.407170246729187
162.71312188514085
-22.7228495815208
-135.4126528218628
50.08806899859946
-66.00756746980709
77.22379543383153
118.1664517597357
159.8211974238452
177.84467327767857
-126.16681171510997
167.70119549509963
125.15988273845348
51.67651627706958
45.18717905082166
94.06673233861788
-52.284098176574545
87.12696938160997
-30.815461999581277
138.82275736469813
-82.63936323028678
112.9819475266801
-288.4579875397486
168.3827765906948
-26.327385051936755
114.86387629006643
36.310070615113666
-196.4657477978274
-290.27924393350816
-125.83853340097845
188.3829270314556
-53.40179913498215
-90.89997776242501
-5.863576929162784
-114.81709191609511
127.85403512934089
-106.87259800198595
-195.13695643061666
-11.54668410780395
54.312435684109566
13.069443608754206
71.84342841298184
170.74912974351187
171.62694496647975
-46.45565107327097
-120.98729019342073
325.57267187173454
41.81667297811203
-98.7097093387461
-211.81114468943602
-134.67067057300247
98.9953927273498
50.22848705308131
-133.01259686748463
114.90756673785039
3.0885437746134055
-2.4310952224588855
91.12100625757998
-72.18929270565852
-264.56990681914357
144.21109006568102
-105.22214496623937
150.914587538786
-89.89741549877955
-47.8918898762203
139.77992961557896
183.8421734919478
77.7932580956366
-254.32388991934076
-104.4934046199299
-100.26034952316381
-217.10214117475934
139.27709994024605
-176.52051199202944
-21.123363581807588
10.984535157014301
-142.49452248176624
248.3654488381019
272.56065480939805
35.58290269596842
120.71999621563653
-141.7126004395388
15.430075035298653
-147.31118090649974
80.60017166032486
-177.77414405543402
-121.07179345416336
55.409725303143155
117.55243346800287
249.63962676724523
-282.32799398554886
33.53661584795228
-128.7306011772996
-17.617119961606605
-81.56921753057935
-281.66376756780056
-37.15210608961127
215.67082283230064
67.04351435448363
171.12695573945382
-144.1203215646084
36.63729802697072
-314.08512974658
-6.215804223678084
-124.90153737563125
96.44811022671391
-143.1837482322929
73.05648680608182
-172.6033442528268
344.6793118627947
-51.25901222244464
111.80347529750257
22.10482198004936
-0.21753619419128611
202.12819237306638
193.07813159608034
166.59902312722613
14.004243881359645
-199.15693818961617
-27.520570733450025
-209.69286727354987
-298.77351838916707
-52.87193263984225
-105.24578309532049
