-154.92428298882007
387.069135468774
63.68855202378549
-21.282397627869827
-51.450311634187315
-119.72751054230096
-159.02034905057747
49.74012482095395
-113.87598724601972
200.700074858104
-193.87323113827284
-201.73547571916055
1.735324750584693
295.7528591080361
-32.00139965196617
411.58928014293195
45.80640513126312
-97.9209050956615
-236.39764038613149
294.2776585370608
225.24845930094253
35.08337214690076
-87.72867712042658
-154.5897039630785
-209.98720910801072
-27.678663102029212
124.62005806700395
-220.2495677262668
47.027024274737634
80.27601420494905
389.5292894469547
-104.52348457644536
-273.33648782227203
-5.72405845778699
-30.9017637211954
-214.78526213673783
109.28114886188438
112.16848712787079
-56.889235242507
-109.54585251915692
-349.6562533780158
-113.55170542789776
30.125337278005507
145.26746774225433
-244.04100348400004
133.78383798898344
31.286353749078188
-187.37382832176183
-262.0162204090627
45.35709581547506
449.68305162577286
-169.17089847972318
327.27947060576145
-221.70406080517196
-42.92821933269578
118.13274257681664
163.3751900905402
-164.36306328642584
-247.56476660976213
79.20210296161835
-94.82872196419308
290.63562253867565
58.235890793774274
-83.39016558302049
-200.94394990633097
111.95923275511647
-210.59846424896142
-158.18872490682884
-41.637214754012696
408.8541920645208
-139.7771603792476
-162.56082306329142
-224.2922263737327
-72.72627780591512
21.805463427652203
-17.36564218733525
252.67700551321832
-182.55329767969116
187.82169986984104
-94.4436616311027
-103.31331568281566
-30.637987988159484
-171.01715465254952
325.3593964575435
85.29426239928785
99.98758475457005
2.1177712762357643
303.9085888508386
-42.63508106566515
60.76676078322387
-123.9830118542297
-99.94478177992508
257.6015701137668
-51.08406847254057
-4.246436773411059
234.5864872678263
115.00526858603271
-216.84868841059154
-393.5121554754715
-134.32377323398927
-106.00314332145341
-96.21677089392098
134.79269266103358
168.99027515701763
-116.82424077963888
100.14637042016366
-233.09503275729588
-107.12756304733624
-238.7216145181788
-19.710218085623172
-158.77628166339872
167.87131088570646
42.498740658662584
-409.6299762749309
200.99033070660738
-94.24373408845501
156.26053939785592
180.14493025260631
197.7152888910233
-10.270756292169205
-37.897762957330904
91.65042618849209
-46.80277681248531
103.05733526571416
-257.3432626214094
-19.765578650178686
343.9831735633931
164.05144455183026
414.48485026509616
74.04775608851276
-284.8175602013359
-26.70140456972852
200.14109703935893
-221.49139426959763
-257.4767820076094
35.19272650821137
-0.6046772056482594
-100.88488738558769
139.65697273524702
-53.21422420299505
-81.49750324203379
343.39263242008616
-381.4411260640057
-37.06440169533038
-81.0229344857308
51.458564366788394
-54.575407277147505
121.91958810761716
226.91694311442416
119.26106497491016
118.85517961960673
73.53825139771678
27.5236429499837
260.33384935873664
39.73060019581327
129.06284400097056
-431.57859038838757
-45.674026448357225
42.264095104439726
-13.33437005220723
199.92372837280894
87.11243445274944
-46.165963927604125
99.60039178548854
304.06751084550444
-225.24867556032532
257.52346824597964
176.73768912434576
-23.873411682372627
-141.90622762692826
414.4979521083386
60.39383180334115
-7.723731960983076
24.61151659715108
59.1007181109561
-67.46172766802168
190.44982856930764
15.673273676083289
109.94242703883089
-140.9699608502583
-220.0248064777071
-62.44781572276276
48.981053654743334
199.29601854671532
-108.79582892202546
366.81588224608856
55.75603916121002
35.24003875820307
-178.62550059223022
-95.53191412395347
57.97143364837288
-77.93151781040437
-102.33249315124154
-145.99314462820627
-288.27102681723767
210.3834944872767
140.29434609571223
179.26552826210218
-34.369553936712606
41.322793060219134
12.161209754735848
4.018537655366886
-26.48326978388925
-237.73239165849375
221.08484804074928
-82.57164501879747
103.55819248636715
-169.64966710581726
280.9488300742901
41.405576597541405
196.84337163834388
102.52582958851492
44.33987635673262
224.63426358950943
-80.0759101525365
-71.11141694315175
157.25955872398498
-199.8266690696748
-125.5444082464786
-5.604929959300888
49.25815536151501
-140.84418777019405
-115.73606578867893
38.44646805448865
213.8472744582673
-275.43763094380614
-142.6080082650957
26.95533531165191
-144.24633691576415
-16.650901202320966
274.6193598514683
27.412868239903446
108.46386109621209
-137.00710966638246
-164.0853628696863
-297.7809857932299
-162.22699514944125
198.86167385137347
11.15450184327758
86.4225452361798
74.48206600039637
159.11600320238185
-48.911673945099146
-41.843024041580996
220.87591186323834
147.20807497354215
148.6829323888045
311.1471427312937
-247.85817192416485
-58.89596965690388
166.29325250939817
173.86474737889665
51.715950555703664
170.8601303822048
-86.94975006057484
-68.93742000329358
86.99642814702672
-311.48426920310266
19.812624719137673
-21.899063769513287
-171.18674682660503
-125.86305762232891
-188.59317444259258
58.363988477139955
-13.060055358497332
495.30297451596283
45.6394259499871
-445.67698458625165
258.4741254488669
95.13303212984006
-321.33289484530013
109.64996217429835
85.46150572207674
103.60545903325271
150.56288617604162
-206.91585530156883
181.82035838491785
4.135409112701391
85.72002743622303
180.00462257948047
-65.56244669755813
185.17044134797686
128.9614359108082
184.45290649990775
178.8962340091832
45.89866069372527
7.468917529978347
245.02494928889618
170.1423779566748
-48.87174105954242
65.0744868223723
-153.29615677435277
-91.36192895750636
7.893786391275929
-272.9037824138831
155.99966626867447
196.72618566510215
-88.09623465991474
296.9136115930436
-238.51751763038737
138.04065387466974
-155.23779389122768
-223.61141685552488
56.926494828421035
-58.1701668610191
38.64410770630755
142.57508013003567
139.4027912131403
219.32839352823765
-62.16927389465049
-48.04024919339975
16.14306693697588
-46.707299342098466
-61.67369508829171
0.7799816977221072
-78.29859803953515
22.890178583124122
119.15587429238514
-148.34008115364847
328.4003452442473
108.85136120276898
-351.23810505894835
-282.2663874187396
170.91534067317517
-127.14124376646356
161.93537984934653
-304.29695745169903
99.67996580170875
-60.91671328935625
610.2607225813879
200.13167290124733
-115.84391688042605
-8.45533745790388
-89.33107261949577
-331.7319204035639
-54.01517417190667
9.51235463780703
166.43472027157048
-265.3231755980866
198.4196727521144
64.55651370329178
315.3645696153428
30.55962476398361
243.07051273733998
-122.14753802208449
-50.977564510898006
-32.70908859276756
1.0457623326346703
98.48412563657593
185.51747839105252
74.49825985560555
-394.13160699988606
-37.1625935322706
-225.42278266085927
-69.90305716540342
-376.3861567237755
61.045488113944025
-147.33072629495007
-267.6001934360165
339.09710842282186
-424.0348098895689
92.56126462061067
6.011997644339051
17.362150092341473
38.53301156628807
22.08009848327329
-196.51676787699859
34.71194311321874
183.45212534425968
173.53480495551108
-68.73924332797463
-147.33968341042933
81.0540769665477
-26.214851132629306
136.82890646249925
133.92434103871292
58.178002988432056
-269.283664487742
179.87719008713347
238.4262794189302
-157.757411716912
-251.3884673092496
-3.415434068599819
-57.41072447163465
355.376413973869
-99.80829742300271
-326.2395282257995
221.92070695403626
230.15881008509592
318.21685216725706
52.00863842300572
49.61790370996373
-114.56965857838932
-218.39792094266784
-212.40909077093292
77.9415518567294
1.715147377387491
-195.06873434603128
-13.218857690954831
-172.64157508211764
58.77008187383105
-108.89310289141213
98.58635237875379
197.2126539666373
-195.08558362309475
-212.81009624621257
49.60318975911962
235.09828127495447
29.132912662979635
-65.53072483431643
382.7230627052974
-82.98970847810772
-330.293186034083
175.17520842833852
129.61366083955332
45.16927977366045
78.08527871436598
23.173253054053948
168.81079569934772
128.68368137884727
-47.90939892980255
26.804845194761405
30.690602738413865
193.47535974754678
-325.93524452011667
-67.80871672867333
-48.18072451502527
-45.84792663179211
-198.20476269934989
-281.2893857215024
-262.002497041589
152.42738951248714
3.0730355815924892
-86.41355728449051
-15.36434630447621
-450.35099155925246
201.99834890202615
52.65374468365775
263.0095390182427
140.30632417616803
-291.3243519095318
-98.46143756769354
199.66401525976016
-154.3030060591913
28.74084788140462
114.26836616127936
44.83651224094129
-203.7047038763869
-74.36449235687255
159.69541852324147
41.433883006991806
266.1195341708734
-193.76810443668185
4.723023912602892
-11.589413477199697
-85.91531361496887
-408.87124029281426
-93.1065559168722
13.444860912370308
-79.38852793157905
-74.52869127575485
450.95476245391035
243.65611141474517
187.52389370636863
111.50016871495274
-129.56359681453986
-234.60708949695487
86.42582075986498
-307.5052231593066
218.68461515069868
262.9531183619804
-45.12045300148618
-280.14283931466025
76.64092518833318
30.06082329961831
243.70597065876333
-63.350251402754466
-63.823550471659686
300.003353715447
357.12157807224537
129.83980075577725
-82.95298391949842
-246.02169367805018
-189.24280912205944
-221.69358225025746
261.80411860488726
-286.9947368413727
111.15479247059304
199.23315342433008
-299.47837086400136
214.7002712149812
-157.08256122048445
-31.925620142946304
-55.60723999058944
-67.29848597756771
-132.12545088539005
26.788845182034628
-15.013316886530887
-114.4016378314714
16.409974342503855
201.5209165506845
74.12147729680206
-158.1843427436151
-88.25197978670505
358.49767624456376
332.8675530672047
43.03846923936989
-63.3334270403977
-50.44565486644992
497.2953501466486
227.89389136158047
69.27020669583408
-129.09834090591664
113.80395823724704
409.2492651869141
-4.788560451586226
-19.053027914396807
9.52727250334525
-134.84010575122844
106.64076468414595
-24.864593388557438
140.60166923449074
127.20083189889475
-75.6552520917422
-280.1373882133838
111.97372431505094
46.97884426989715
5.863801574466498
-231.363905261692
261.1391007146421
94.83464660368173
-34.75804759153363
-58.765407479302816
-68.43705649094608
-32.54909052964202
68.58398489847067
158.588585045353
290.38661554276763
30.194864706621964
199.63318532933332
-58.59542674814565
-71.57601869146441
-194.05665991296488
9.595341334952154
-16.60251900376891
205.83179201119975
-414.35651966966793
-166.812069657076
-163.8336993523019
281.01142633123726
-196.24110111724306
-412.70256010003294
434.9945899186669
-36.61411579375066
35.86295722409821
41.37518394275769
-210.1401900678826
239.76979501020858
46.56793173280942
214.97158218510356
-227.95465773234523
-84.47219345949324
-217.9805692727936
13.328914527673145
-85.10540083403441
-129.42675098567582
-13.632694349028002
-156.27295728740106
87.76739995289803
-19.52044410521593
-5.120103928287527
167.30990674712342
165.92240476315013
-224.15650997929453
545.1934725062806
141.21114135677846
109.2180444925101
113.85091675037408
-77.17041020959566
18.676931774388216
-20.02752321465981
27.16469529310492
101.453903524368
-4.807972508044774
-100.14274903766857
260.9317880710875
-13.542939226043586
-180.1119672468671
290.0126512255636
-239.49143873449987
-228.5153325215647
335.73054364613256
53.45306041609258
-21.315866735169852
21.897262426659065
-71.88416437873805
-184.60650244099787
31.9803468431196
24.19674880070101
-55.10254623316033
289.09289682338334
254.97354921295852
277.3309125666717
83.63833228183155
-112.97002848010348
-134.65384688877273
263.5094298028387
-48.98382917189016
226.28634595554902
-61.23080240964017
192.9995063960556
-165.26172959178768
60.83715759076531
44.864436955343464
182.33529435547823
-89.40725224208475
-215.81193939545423
-45.82569920471612
15.605890776969243
78.63579009624267
304.29511313360507
99.34097419369948
-133.20341072363914
133.86720355669442
-22.818786736538627
-185.0361875510046
64.64219196916675
-436.5731183939269
159.83659078112112
-42.011397015629456
-248.24921086000217
-140.41736717908415
-200.49248133131985
38.068444146776436
-142.791848352149
184.84831208858958
-26.186737109490622
-204.96810568893113
110.68033035507305
-71.4608865974864
231.1465850860856
-196.51449621024744
-170.1836156256677
164.86997353292773
17.21864645657034
-368.21224180836487
356.8155506796844
-57.481680166028816
-278.71686553438326
68.57908137066443
301.53461400814655
288.56987772731134
125.56177070115268
65.41355922376695
49.29894047107994
66.26143212643917
98.01304486413771
265.06140197380023
-71.15096445602296
98.54508896026715
-196.5634398698161
-43.32399051563302
60.64380321351275
73.81967708331253
-38.309988296663526
77.9895443847413
-355.70155836503005
-3.6408820597909384
-8.820684369133147
-227.04179308366918
-219.21850242059213
76.20388414121298
324.89799793423197
-338.6695831809669
225.03169825662664
395.5438365857989
-166.03720871696422
85.23112224718069
396.51926403427126
-49.10484532459445
143.04783447665264
-67.21772763380993
40.120093695595074
-158.16084431819044
154.60615700832835
-57.054235401424485
288.72664313142985
-52.126063821704726
305.7911451528981
-96.23761236798194
176.33119484087953
8.360385751529115
-59.59946473813493
-90.69549898545006
-278.82193033559474
178.55730716617464
-98.97046120827251
-37.62975591851559
-215.72242925831958
177.5329185109038
-130.07067588565326
153.32390161094685
95.33990865161739
-92.7489544230388
-0.8667237333534361
180.6419376820437
99.90435003274196
-86.88902331078071
-106.74130703102918
343.2048974842448
-67.79118297365483
-134.58400231821346
-34.7025929111391
-32.04144028108159
-55.15907200000072
-194.2767346784308
-164.27662434402075
273.6755439108539
-211.32218095157515
-233.64646264256965
-100.4837243814067
-315.4128801833231
92.72452263289446
217.0703853631255
135.29028810553623
-185.02937304256557
128.04979964882253
-147.09777064004652
140.27034359139967
-214.10827373049753
118.25088832356231
5.123943881043685
-270.34112357155516
-36.02136925776757
-57.02827489392387
289.16166648709117
181.64758805891998
185.44757972512872
362.9840024114397
-47.503404754228605
226.98282234266014
98.64679430109841
-130.32619214174287
117.19276968748822
130.69621720660808
296.4975091691255
-113.0975104431929
274.1307730908074
-183.7469755884567
-46.34244536390927
-4.8379916111545995
-32.48162659893178
-17.457999588079232
75.77868571688859
76.05167026824937
-186.77236485239524
-71.48556342560956
167.42788922033327
197.86406805525675
160.63244534711728
98.82182947263023
-177.14349008619848
-447.6748712687337
-224.67936274161545
307.64375727390177
-186.04610931737372
27.153586148829824
-86.55095400651564
-141.90364017950466
-22.032487159842002
-531.6081727422055
-26.780548031631316
-8.865348588056767
145.53330402390986
146.8821112343523
12.741641016805886
-18.00618214909372
-54.24215865719262
22.872308194699222
78.63185734918886
-217.91401690713187
78.23969122086135
198.8403149867074
-29.292734409212635
-249.21042807819325
80.89371135283947
-207.0409246618675
-129.67091477164294
-21.866271913313902
197.08432626168675
-216.02148477143535
38.55832298254714
-137.77759019453097
-194.27311424145412
13.115107521754448
-268.7403693336683
-2.403164094920914
-97.37269064614813
35.72538214450071
225.59483603844436
-55.71028253596022
-130.0101454863047
119.20864942849639
-22.694590087099044
-2.863423480173354
301.7773712838797
-38.23139236271379
31.389940256590325
372.64015269295334
-21.171265916170825
221.0708312606511
465.07473146109294
65.82521884703688
58.3690335356702
14.359901743378614
-201.92765566002356
-370.11615413370964
137.3258747038669
90.16459959448167
-124.17360009907706
35.159344146851204
-229.60557291167174
-22.288240028775686
-341.50369109513474
-284.53015083626775
92.33510096044087
41.04704642332808
-77.77200077197794
-15.44625725322617
267.6290861968646
68.13676389071051
8.675254849605912
180.15296228861322
-142.18622701905386
-25.648199618299333
99.78384528144237
186.10224984080892
182.90360236418073
-9.49020208253617
39.31104570426468
-126.60754259152465
55.71307650235926
320.13518450386096
-24.218394964723927
-118.43219176755495
-102.85015393102786
270.5234874443419
-230.47608821932508
-0.21607563510326644
327.56323302724013
-11.46531291439533
-78.2652229774872
172.02555173034614
-186.0252595205133
-80.29794990618664
-80.61825764128103
-161.0990642892575
-171.59660539187334
55.554282025625184
187.2761779915954
-63.097657625438075
93.23049901208087
49.55191992756272
108.6014609834788
97.27981448556262
218.17172366426635
81.52349924582232
43.304981065171255
-113.7910366143073
-326.3598599685423
-30.109407319684944
-66.00958475164246
-188.34703983663147
-61.34910955464287
118.66278907829775
-16.436335729654935
334.335497497864
-173.4591967282094
169.96209341972758
88.62908048734468
-270.33498072724814
27.789499704593403
-79.23647461399219
-31.40127674060993
-80.91499437451245
109.50621208143708
339.8037053254288
-20.170606390954603
121.46932407014842
95.10662426644998
92.41921463356647
-171.0412212279519
-48.65474001973558
249.97638864358777
-106.89591212666998
258.12356036292266
-3.19884346818509
248.55638279972217
-51.850445637258126
246.39286066158556
-393.1534565853851
27.781791524646206
273.4693476393152
263.1720171616207
-365.1661264207488
156.34877316115188
60.729005229021595
-7.445497490786767
153.46715545886562
168.89293076926242
24.787386479473877
-333.3664893978487
14.873788152668455
128.01146478733585
71.64285030547266
338.3778636657186
77.11021531980535
24.89244220686894
-146.3664134296751
177.27748275012675
-10.075444002269904
-59.80266398351457
249.62349678291793
199.74450543608035
-175.41357525320723
267.70055758253693
-26.439171127171235
62.6995221995472
-100.29922794259967
50.15522436327038
-297.4228389640215
-221.03924065321752
-21.088768986083586
-72.42281018387337
-13.604131381904972
471.45062272641246
-189.21309062659375
81.41631702672625
-12.680951330936017
-75.79632954318336
-103.45671077969061
54.05294119585058
-21.685299455298928
-207.4070149684674
-131.97413513209344
119.76337518436704
-87.57099509900736
-200.9484348022067
84.72082811070683
-182.73527517081047
-238.8803715402819
-297.0913047131052
-100.41957362546994
116.7601622460203
-213.23629024475719
116.74924788936204
-197.00058831989477
-72.7657112291961
50.31667065617081
117.38884132486075
69.8747168997946
104.27331678359853
-41.247628399711374
-121.92136036768466
-34.15497348824949
-476.4943535535646
-38.25166411079897
97.85017795035446
511.01054428697836
11.746007672294994
197.46311218910438
-57.76247828524883
113.00153819711653
-0.23512236245886076
230.4708873601248
77.62291978866148
-125.4482730388147
106.36263471285646
64.26274694445523
-220.79063459748045
166.27761188525233
114.43290152308953
-98.04145385429784
-51.26857609616163
-310.9029295050958
-78.46011285715532
-141.8482087725108
208.52287444861602
-226.43866628922717
-243.13822614334882
92.29012652509185
-86.05353205284153
-62.59859449382065
98.67938732107714
60.90810212687344
-54.91736458236791
145.32699190172872
-73.86228948964806
155.86668544427832
-24.793736445968925
