148.24696015561963
-152.32656538261816
92.92331222254471
-49.97159418066986
-152.64482932405156
106.75556073768885
224.02279898688386
40.415285587379
227.17830651269358
-225.90533225761425
-64.0593703695027
236.36722347302938
-240.7024945411723
92.55838247853251
-186.67177927615052
37.011603433154065
-55.19904521376399
102.07687691637607
13.15525351870323
234.0157679863628
-172.82978037977796
-66.60137006382894
190.50405373626705
79.984864451142
24.74824477338394
-285.86555820685385
-122.56426983910254
-221.83551187412777
-254.11190802580754
120.53666413843507
-88.33521976724623
-171.95090215028026
178.9746442220658
2.1474752008440356
246.66301578787358
-2.9592787143034864
52.5779402861255
-293.11968630866124
24.87609856139921
18.94688489677113
-162.0480195213985
-206.0674961652998
87.22649731008947
92.7396293167296
225.09485796003776
118.97897054853507
45.397420344458084
90.60417503145781
184.04985646408574
-103.68868700868178
67.4173508891714
122.90330691630366
-61.034284427364966
21.83381939866726
58.91062300420331
-41.70181493711908
137.6666916946659
82.12208706475973
-150.97817913091293
-61.654268728661414
50.61323424574255
12.286974104795098
-32.00441605485399
-5.651814536008039
55.55441919928836
74.96325359265899
247.40842793553082
78.55344552218916
-112.26832241174212
-44.39717703664027
170.70423628896117
-99.9787850353727
18.041491760684046
-215.01318029701417
169.07582292930076
112.39116055309265
-146.01092292955423
-183.46857018498787
87.2699784050432
249.37235429587818
247.14676955001434
-16.281939317617347
110.41237548596243
111.31778188435564
-256.85235469201444
-142.76755378043885
-55.29273804044754
80.06434973248095
177.23407067379168
-4.875736096553165
-86.28919358494964
174.55432454750195
-8.909278973538392
60.11701122789278
391.81176350408015
347.6348001316792
242.1447682914113
229.92507636091943
100.23940916311184
68.22798452678752
121.37376463909827
-37.993322846039554
-35.07830500352359
55.73591375758009
116.78255638282945
16.32784678302475
9.723545554710794
-430.10729880509444
116.65976645462803
-139.90154146277374
-20.83096931202842
-32.52984571598449
7.254080738853041
-101.65573176307043
74.1396542073152
78.64068444311847
104.25190881338472
-90.16486539604902
0.519814658189198
-208.28736767518572
-161.58840167535732
-56.101744352279844
-135.0855388722536
185.31944273680955
-193.40503781278915
-113.89949345202133
-64.63907012379742
-192.24630089656614
92.31679666814769
-206.67276511845967
13.46357440948944
199.9176688446991
-373.37359706028326
86.674282751553
86.77627626893896
375.34409740702785
0.5509091831905069
-8.93290666176956
8.474434167613722
49.0481701782809
20.62184372298627
-89.6118597864785
176.8751946364561
19.710549075016573
-21.921790407293713
-27.280905177663335
-115.58098913588046
-317.0364499345274
91.36135720714287
-171.970239196746
87.21775548356585
-176.29736683472737
31.62830682363167
190.95633531216697
134.07764129949092
64.99182538318576
-282.99161236427796
-269.9750250140796
-170.74621044251626
-342.65238723734825
-110.92442501260297
276.8665992655987
125.91083984888698
153.26304653604723
-92.09237041965868
-79.2432368486484
98.74460154205774
64.06856416442582
92.51938668280627
100.76794505265458
245.47524441230206
-157.34006391773218
-151.4031380018088
47.174473234449756
-58.14042548743121
69.28160608035465
127.07255127024841
-111.98434002161942
181.47620361016234
-40.18032521266402
361.5680563367539
253.2535472660912
-85.15319047349664
154.60299292772797
-30.83055202156879
-214.3435284916124
118.85542510492354
-116.23887378297614
-114.4794082347069
111.81397781677005
192.93524637518166
-45.72449935781812
-22.30753562488056
186.74225792020232
-116.14090125440586
-3.8556756064090947
16.36449345754102
27.388980789736394
-48.65802684706459
168.05013056936244
-42.264076407662166
1.0908554301950828
-214.74732814537373
-152.16418816476653
-11.278599165412722
320.3936334675454
116.61002283279967
-120.03903042130004
167.0295964510404
-39.34467000035675
74.59165113865492
99.8270714325138
283.5878926508128
-455.12460929926533
246.14192988515447
-137.04625477398315
-90.94342004699291
-488.5649964903216
-97.10852046481996
-16.13156847170397
-233.350353747865
-46.12659392303723
-123.94067110770177
-189.37390407091436
-428.7494483814299
-20.171303511823112
-145.2201321502176
68.34802157904652
-144.92860637175835
3.9069620903283706
-110.09271107473408
49.52463996235213
-239.46146501509548
500.8247434994065
5.865405801363029
-107.28086057222464
14.856721447056032
-127.06156380755327
194.22455940804306
13.433608503832959
-167.74928803958062
122.03291151493111
53.25493882939392
-143.11009690800884
134.25907281387924
-105.66378096976868
-50.36518997167119
148.88088306681456
8.214782172204457
8.610450464584476
-192.62187404544574
-73.75405432702354
178.64087223635133
-111.32871355171419
9.385130170586816
54.1053705602007
52.305753598375375
171.7388946645818
-41.7636797276315
-305.9972966336625
-66.2310808935082
228.53040954586587
84.6983900270909
-136.71606156413148
-71.41641124474694
52.52407851674859
-412.78371729146085
206.40158913981327
-156.89712535063225
14.345088219697924
283.2300835779803
-397.0675123493436
-41.53738366038654
69.0896211771062
-111.55695466077648
145.1067606450484
-126.7537612756573
-92.99572797676778
304.2092939907259
96.13513069742905
-244.80517921361744
-271.9339617951268
195.9311510582218
-100.27655861951676
67.29183893053491
62.23243870104932
3.999971991724446
92.9758801010908
74.32555582165128
-92.78958614020743
-47.836288668102625
-424.61817092159964
89.83278652670815
38.49616556189901
5.52515618783764
-58.77846596109386
-210.64008962046793
-95.75488724231647
258.2694366751299
97.45555024445594
-402.25343536387305
45.89295721678475
239.51872399236103
317.2498623016024
79.40028462652656
175.9248744816055
-82.35809665407132
-145.55824366176046
323.7925408625512
21.476740117724013
48.79999713248907
-145.2763870457463
168.56089914454972
-6.5153001217989
249.12457573789857
-74.02419388518369
97.95670486352606
187.01646748358775
236.68277218018224
-30.68066222580236
146.5386435438141
297.52784866125467
-137.17108382579576
-126.39183908954955
-128.52071256949094
-32.69258119035564
107.70148458272082
19.897875621228952
-217.43947737843106
163.80948161252192
-1.6265427478122907
-31.144751304654957
133.54035938499
91.71697450407154
-138.33803743656878
-98.6842880500271
77.50519074333435
-247.9365733512275
-71.5756272487441
-39.98685019937085
-248.31254171029542
-1.9072231937217183
-71.30562875358132
172.997416869493
96.79110369367046
16.47846874117162
39.875881531480125
-75.35337515876283
-60.774830835623405
-177.7449069881779
154.5983371177023
-242.3366229889332
35.534087906268574
209.28738942336167
-192.16544041761944
96.32319184692344
-12.398449794022278
-298.262957906857
37.64316269271241
249.61753233492422
-24.799846010048263
129.77815058405585
-92.27853852836773
189.12503162782446
-9.957264543473721
24.364511175564868
-25.439520843278352
-125.21303401675407
37.804292452258096
193.89741222924724
-228.00134734534595
80.40474660645386
152.50325896894364
-156.43868396565796
-34.18883023900764
-300.4083856063851
143.49752328025738
-185.09931837391343
-66.00244388655227
197.1199003097089
12.13045603127155
123.23993089528625
-26.097589872607692
-250.43741924060177
388.60105746105387
74.30935034962852
90.44697158015136
-53.64004762971737
-11.578122094353146
69.41326578927286
-212.51327957995784
-248.79675771221474
352.8742117448172
91.78426941142554
164.2926250529294
-64.26977364934378
12.658072969550016
-36.47713865727206
139.68244252105717
63.67805245962883
233.07469968041494
77.65337284334608
257.2154035588993
-26.46073235193516
-279.1698441955644
-118.42126747885516
17.32375738385155
72.23256815491825
51.11505774014691
109.58389192867631
34.72126617715994
-161.5530116118596
149.75077245945548
-19.50750379311758
62.06804173149311
146.01684444035195
-185.65523092914194
-105.72757111552421
378.5013624798999
33.46703560031232
67.55792887370576
36.13663880019937
-282.61590055212787
208.50168889087738
69.43223423020868
-263.70363118282853
46.02065353102132
-102.10084768680329
106.75675754356772
-36.659626522981114
21.180921338230604
-13.379258515360675
-222.68482829968963
258.79115336620606
46.34423386065686
-192.0072799835984
-295.3563215349089
-228.28482901169355
133.2696560103695
-54.68499062738154
22.861843597271566
59.97344910033038
-111.61451227400056
-145.91444753440507
48.26446786317452
241.6705038035697
-230.91489204961528
133.48751505571775
136.46356463244217
174.97024223453974
-76.0533779454906
-271.67527500882073
389.31177837340664
104.55864820457464
-79.03796420724748
23.375083477678814
308.3826680180887
-250.1782632013651
-197.61527071623465
-25.405103679009216
-23.539809435136036
-199.92553638186303
-52.6702874907998
79.48788003464182
-26.21197187791337
198.94490047748238
47.684098647884724
-11.14366430540073
72.007352607424
-83.66798231599408
-59.071305220626634
-28.037061277055983
40.266748502345955
171.12463271599157
-42.078509929601765
-200.70026914120177
12.314810203971575
-3.527642205663412
99.71266190404528
222.23754338464423
-120.0876526227488
0.9343234942584031
-309.151730156603
-201.53653161313395
181.48721642696103
121.27171365810588
-99.36282715981551
-161.8483623200311
-55.730305928005
-108.47551635282177
-130.597580032884
-218.00040907843447
-120.99180344134692
81.60226289378866
315.82709577017266
-9.308132240431922
54.71909549126201
60.82364586393336
-395.47797681972304
251.12412638669403
-66.83225551446249
-236.83561365674575
227.0954346998004
244.72826744544426
196.3052557131655
-81.38721104745999
95.49007666373939
-74.02251603782278
-32.02456578097594
98.53063270077915
-103.02132302137379
-116.89704622184325
-199.5848784000329
-150.99784890731834
-72.50288437375178
-111.40966633211296
160.25643863552577
132.4314712489106
-39.167360005802884
-45.05862217672843
-41.642437178846976
91.0461804416689
19.69050751713791
-113.22615483884123
5.2442790177305305
8.33686747316261
-145.1414569500951
149.0571182061711
205.59163893900643
7.2426880864706895
-60.94143151172258
-142.13915571348767
29.799126786843814
41.56696163766693
-255.0257243213847
-61.46175662088378
-32.43478862119917
14.981254219696975
-171.49423615662792
-121.79374667710529
3.318005245107754
-243.93804634887056
-165.0248180203004
225.45496569146934
-25.174627698618497
237.9621619543475
4.682554518000163
-228.16635255089355
-109.42823917284585
-242.07491486190906
104.68083370920414
-202.30037363791487
-174.00812869629917
109.51460257640636
8.221831022063718
272.2833756927387
-83.59797540013935
73.48726177847928
-77.82329885101045
-5.724985055489677
147.23669442314778
15.14670226901264
-48.39732006615359
15.175333091092483
73.18185324734482
-64.24830651795226
-158.80241813918553
92.84375068658292
-12.886695142171224
3.6210324001160052
-63.498417437363756
269.26314493597795
55.956595961344846
-217.38712959808072
-167.12100573481214
-3.056991035770304
-194.37147426751005
-18.144822661604493
-74.29608084393846
492.7944044438984
-131.21471750736126
101.91628785699814
84.80479765636555
290.50472766903
-18.138875123081487
-271.72991090853304
4.170162340867014
-17.164719149734903
83.09448831911372
-168.55167205409023
-14.470409292507746
-103.19960413765713
26.147744217318746
102.83100348081331
-128.0549011046292
93.80975003287494
109.24542610133683
217.7774635256702
141.87197247753699
301.26098065765245
-72.53535032337419
2.9620504913659333
-217.54038804728097
-203.58534113010757
99.59916224165747
-138.95759937482177
-77.93465679037458
-30.480603111331178
379.0871685754369
-254.1866386875056
-227.7434854166774
-271.2648101938161
-159.18126525024056
164.28495250716077
359.4511756784754
405.24274716023086
-22.031768213157633
-229.35548932526711
100.16532112277521
82.03289885113347
361.28802601966675
-142.35301614363377
100.82046216325094
-159.46826580039811
52.95842328364462
221.1478458905093
-107.73563255559733
-183.38536509519855
-103.51101955709815
-26.165132812940517
171.20947130175722
-79.11703598817702
-47.03807666203322
-11.30244755807647
-187.10061218050177
-104.46573816852035
106.34924704442247
-14.438889478414382
-2.966016372374983
-85.76551266984163
-3.0958639361677114
-111.84314075613943
345.5171786462279
342.50834050399834
-467.35112492394063
10.184705013134174
-302.77825642927735
-125.32593029623547
-202.36712922161053
55.18829942263829
11.01108437739642
-73.87479917958713
270.663842974141
426.0702066922815
28.33627114086359
12.081750466866975
-100.3799496512289
-36.158423983902445
-256.8910688847331
73.78852130130718
-31.420383013053126
82.10878889619053
217.25540428012602
-80.73828349974998
45.280699490322775
-81.98385993225347
138.71945306541525
-291.84938403732474
296.31119431855495
58.20918731055985
-237.82078914704098
305.34646488966723
21.93507954948675
35.17952148581606
203.9344492756523
-326.220276441617
-318.7511231427098
126.03072419317178
150.85153277990287
113.39541505956845
38.153107925138386
8.364264449892257
-48.40751073252081
162.4251637845092
-42.820615667539116
109.1406282352681
-248.62280001628054
248.36202994097704
-75.64355534107008
21.754030456735055
150.18208024691054
59.6272043836811
-57.09263149203721
104.16820040987272
171.50914151411988
-3.4839950306739116
230.16177535471238
-262.8156257803592
374.36982110918706
98.93958363948224
191.38504967904194
-33.30162938537024
-1.8983499831142796
-13.91127360819958
35.3630842619531
22.74123161418878
-3.9114059779981396
190.1832167420568
-167.3480321179893
-226.2184388854767
10.620340308687833
-158.78105086443446
-10.207175510085147
-206.5827984292641
90.70920466505969
-145.35304520082494
-8.104128773137882
6.855630799726469
-57.7359747979498
-100.74986613009592
209.89766116802528
73.37301991258809
-30.563477548651107
29.73634437629294
139.18932098967366
140.20116654931766
-28.670787083556192
-27.82208649222203
146.95528052197935
-86.90468177617207
86.38973067095729
-22.2097728387416
-250.5010786897657
86.07043404284364
-185.76250224100363
338.08253052936493
-153.95490213334293
-9.958988391643436
129.29641752641209
15.217595512136349
316.0826313580565
156.96831527502283
-1.2073015666419087
-207.3600986001001
78.44057300908497
61.11701966008736
-229.0438057749537
-256.0148383592136
-12.028317521796955
93.6915495443458
-140.54665508767815
-82.09939572581958
67.99744470773025
16.689166387593936
193.22373485292977
155.69427362585677
85.35830577409058
19.34420394564548
248.62737147863902
-201.32313261389893
191.8558805610432
142.29667847144287
142.99328108393007
-108.5200813530629
-54.982571325295176
-52.58365485610532
38.42410425335555
-20.082016053120267
315.2645462204809
-122.27543301819105
-276.6309440595177
-26.337186955942975
179.74660738331593
-223.48213471206822
134.65938239316864
181.96126265041178
196.36438956596572
82.38191930334922
-6.166315337792712
86.31941856356782
111.34650374295059
134.97268005117235
147.6247696288011
-20.472819107997562
103.69668171018954
-291.36744519378453
55.768950070727385
-195.16600138038888
98.58040917109643
-107.45643570497242
206.998033508783
17.152944285996256
-491.8599666114012
-271.09264733774745
106.26931554640166
62.84355022641839
-212.8201056914395
35.11800282513077
-61.508045885264025
99.41952437095628
-51.28445522181273
45.94976926378906
-43.16510806676262
188.11279972102264
80.21535082371331
-43.77990166359197
106.8098917303353
-154.9443219771336
47.88828690468676
-59.097881263044314
22.777725932631732
31.204299067039234
-116.03341464180475
84.98578212610524
-258.0548866136967
-74.9867759456004
-80.8409746568337
-32.30978241537778
-203.6039512525312
44.7270794602806
14.35879229478977
121.59178187815878
-24.06774983695516
199.82312033642575
-96.6703741045182
-114.44478088373609
-324.405018277981
-146.98150762138096
449.75330989753485
69.80917317614649
-168.50495565394198
158.18676834853753
-328.97868833150204
274.1229655650186
-127.74891082439473
181.80188338739634
348.361593916166
-175.54547721953193
484.7742425681001
-65.75221741989544
124.85582795000606
156.79734157403303
89.83614570292715
244.64502874172953
141.28497173027768
-14.998426403627345
-139.0976765986307
76.99211844029249
-235.51440010429323
27.375622819763876
59.40315968126551
-141.1877863027306
357.8776185553808
69.24944100303513
-6.9321404053818405
163.23340991314092
104.69600791415483
92.15767132548231
-114.99080332662126
-69.02513487548651
367.15597018158405
-58.009371141718816
-13.85323516412687
-284.87162625784805
98.97961618188921
-7.080534098543168
224.08725437079704
210.47312368324287
-42.58412038723632
-119.6290330262066
-19.594047180675183
-196.30251909502695
64.49277000744341
-245.00471563512295
-212.12538417845659
216.50055541624263
55.63343990821457
115.12662472461415
74.84462703650419
22.18794892051341
-606.5501644136989
292.25442314143925
-20.665023519481746
122.25429138229222
-113.77098919089723
-6.392473277530041
135.483402708378
39.06607487607471
-108.85656898299275
135.7089588672186
-111.2486024925105
-348.98472936795196
-63.347270327247614
77.68857126089702
162.63857600033893
-215.30797931877052
-42.070965814092496
-206.80269963915435
157.13806806868024
-24.74689801693313
77.49091903578842
155.95629211478473
-51.16152624003155
301.2528856157944
-113.18519285973412
-115.64910570534177
167.15459738825294
-20.73763948520554
186.3599414380765
79.57779311263398
338.97531426952753
-354.7668978094048
-381.23093714081404
-148.5164465424105
-256.9361693888774
-120.24902016698414
-3.670664463464399
167.01359162436395
-134.42487297702465
-2.81216542185455
-34.0274398544021
-161.66992340412023
4.127538050514975
3.1955855959556407
150.2687258031011
76.41166070040909
118.10900108740128
68.2860182042598
175.4541874351053
-7.01936410743976
-150.9986774371795
70.14214215149391
43.987380295776866
42.3719669310014
113.57530587383135
-51.50013088312139
-141.2135628380389
562.840265265684
183.9512993836724
0.5970477810718191
-190.0703304944654
-131.6161160223978
-33.11101181423706
34.18679741914346
-3.252169035111744
378.2762347632938
190.90098349390388
192.22133049868984
-103.69866021494121
-177.96376877455864
-371.59221148438087
-117.17007640411937
31.177654019200723
-44.12316042487354
322.34602728004256
103.46749978972895
-344.47124896689144
-35.55586992847569
2.978006083931122
72.16725133587505
63.55153705592774
114.53539331596718
114.81129955982348
32.28756329537677
-206.6717222407198
-48.0777530785282
-131.0478202434326
245.6989577023527
-440.589489647669
140.28208103841862
51.50924228944186
-124.89498407857577
88.25570218172899
-106.45624773658562
-43.274693641058164
228.5740277458663
59.15990486672124
40.714097959813515
127.99815797716852
52.71830697067408
-111.54439666324555
115.20429452535818
-52.61897285231667
167.799858299449
335.36228263997685
-305.4050522929913
-305.01934778002084
-59.91635364367371
-205.95156564112693
121.30009071548636
24.289443063865686
17.83431284565619
-247.0386995109068
35.77403216686966
226.14628268103795
182.0231698424885
46.74886297246898
-198.40587590257232
140.8090761312686
-124.18280531854082
