-38.021046281448456
-26.343970067664515
12.481510993985774
-0.018217401159197934
-81.02656621667923
-30.688855822936326
-24.093842625492048
-130.02916204458813
-29.8259541388974
-23.16789671581418
-66.50857940189464
-35.102859032928556
-15.70474748202558
34.089642063082
-40.47882276504835
-21.127335892649782
78.80956141246011
2.9313237616421217
-47.897683581843275
-67.6449465690751
-10.131879600836196
-36.25248658792311
-54.395137841923656
-68.09969215843458
-92.74103198858644
-86.49677576898635
-23.997858106976082
-34.98663014596971
97.06215066624142
59.54140884791393
-55.1358512237208
-42.56397096314524
8.386535760244936
28.46033399239824
-22.74515426104501
-40.93135649570249
-15.748558277589185
-59.57818308088593
40.91703605612418
53.01821638872675
-110.62327793602806
-68.64561471977662
6.477553162998772
-0.30207162832484047
-120.25499599466943
-95.37153734404959
-89.13886956357676
-70.27359683152298
-33.95771756203179
47.98642381640555
-84.42346618238965
-58.23253978087987
-127.43528030608256
42.03828278849543
5.083984261227292
61.8323462720463
23.55267914617982
-51.77411933117151
-38.71195847989282
24.460835064577477
6.895037608581649
62.86828276347746
25.55751781329198
-60.93495443500869
-16.702950023124643
21.863482449570583
16.63959341620632
3.6532844883931874
-41.182510037705946
-73.79980154936518
-18.90049069679006
6.298133568574459
-37.094799387669575
19.47460227762341
50.149354122392694
17.0915946960659
11.708043801485037
55.05622274037089
36.43469854427268
60.40134366814391
16.05641862124897
35.049718529605414
116.71751048292998
10.38397454645223
-21.971197726755303
116.25803258782966
122.84742186871765
-65.24302561289556
-27.60164067894495
-4.091034165080878
84.92262802121165
-71.536726048095
-64.27541980739767
-3.9649547016587876
21.927526470618425
15.755336223433249
35.368144103213645
53.9233605161003
78.68002015673355
123.43605805247674
29.15237364027864
15.166780257319278
20.58621378719508
-29.01324037707664
8.539752342276572
-3.562678632340033
54.2273967281793
23.55767991063075
47.783156641051455
9.087115165834978
21.171987892158413
-15.96263540713921
-60.24433057971405
39.947784979827944
-10.26614201670768
15.334832626217448
53.60636023605266
40.08745405781017
-3.9812376852023594
77.7187651452469
14.617249512619741
70.17797985307702
24.897401069641255
68.79357421046927
-6.195263227650275
-69.35008261894984
36.72471630674287
10.474346870587675
35.31800141006938
98.35363144999191
41.15302298308488
-29.26201123384879
-4.542684520947091
51.9512245337575
-29.190760451069544
-10.058179882531022
-29.161231061839395
-16.818101022969717
-10.339682217499707
-37.55520627924715
7.110937232901376
51.51452249948624
134.02227368473757
25.078691124962056
6.245042534037934
12.860063870465137
44.73705085630458
-6.371837256439783
5.935754696010126
-107.11489700125479
-101.0129784548023
-44.50738101116151
18.172468556041437
-31.608000266632335
88.47335038936355
1.8561592128640632
-48.57237449578113
7.8943144896717925
8.152332859508821
-23.5621182850603
-23.700159737448747
-42.91431416685923
26.29893632967746
-74.62048569656076
14.178473225925739
39.895813083011106
-48.26175534772781
26.283782643150857
88.21445655352044
-31.103481488004896
-44.117048529201135
-19.128586014497646
43.90321445635932
-62.00463750306006
-16.92433076433163
8.786224692492498
-66.94957618524354
39.61734801657663
71.55480384718084
-35.15380736133888
1.7996605244741208
-117.69741506162593
-92.86517315584229
41.5420606074221
4.849086986598488
36.69243543672363
-25.61941860570685
5.910558400530036
-43.599200282099034
26.66242246208529
19.9227265766542
7.401763531479955
-105.65441423744674
7.7226289896372995
51.05642351880246
132.18812474101819
99.84266721008284
-7.411021600983462
23.889069391377326
124.22178029367844
4.424898270386684
-27.921145569386017
58.46235002991764
-47.91457367918464
47.197036909851704
-3.9781000522606127
58.832312805535615
52.78098057039367
33.98138823385427
47.119303727558595
15.152239065228322
-52.749151832060974
-28.809613607523797
-26.860397760596886
-14.250973172478396
-20.624696569484364
-75.23737746382406
-6.320497478950339
112.26283682631082
24.886556937950033
-25.077660313829202
-74.965626780032
0.6507233004717776
-19.073513900468498
0.02529216378211302
-6.5624697139332175
99.47823178969573
-45.142759138613194
-45.08021073610433
11.676220125475346
-37.87103334085742
-6.167044244052373
18.7528008694633
-25.369157471752906
-32.20602197866119
55.37546637738738
-13.763487525216657
-1.1979847120081175
-39.81128199287669
41.809734364014766
-58.59151164153108
-45.90389268182178
-0.7360181327129894
-38.963588791707075
-14.03117174482635
4.511635709751406
-26.368322726058786
29.689076193278353
-45.70139219893843
-7.00772523987618
17.844852268611216
-1.210472802044664
-26.3690583975784
-40.13656848276638
-33.777909502999
-4.425089450172431
-48.01258227338083
-22.97715709315955
-9.779743021717739
15.295671113093082
-33.93691467005629
-27.70974183439003
72.93178212744357
42.229819197733896
30.74822875901709
-45.66962060643259
-65.26559136370788
16.091371573795357
54.74674689134935
92.30258352530397
85.82135267498447
41.15169049516843
-28.157235819960263
-90.23212627084534
15.982851873624355
35.64015964597235
10.18528993294328
29.320519158895934
-1.168322057688745
25.05727628262603
63.289582851577
25.865759098971186
94.37475258717583
37.5168325418839
-95.19889108764211
-8.152051484101767
24.15374778004863
-45.600036407797724
-52.05468812052223
-63.784658685114366
-93.03358335243375
-48.41920482344005
-4.3850325311843275
-17.119023449785065
-41.938803829171086
65.02360370936664
-47.65026201743368
33.786616243247884
-15.3714205862107
-72.3970536164554
40.33746346533009
-79.24329495959302
46.88467315216853
40.624860930779825
-23.033014877384332
-22.30475533741313
-29.531178102697567
83.90177484914211
-35.853662622754754
-3.882634871618178
-72.52437526549872
-48.201777003092616
-42.123767042864436
-40.89096577509901
77.5470283902388
-60.87437728188959
-4.315543321874672
84.49950234926393
-116.54711201191267
65.14086250026145
77.74939856289924
9.871325881080063
-97.19791077744071
-41.16625588028747
-2.8075344210559945
41.232444979189076
15.626507334300811
-2.721691627793496
85.29598665612087
-35.71021304301706
39.03933715819775
83.38873287531533
14.548809271188617
-10.66341887349149
27.82117678115931
85.23793886461652
110.92825620991012
-7.263930584739592
18.595283796876306
12.787314455503621
-36.464926535221636
-30.38765706015967
31.979719118527672
-6.6018228661401075
-12.641883687580677
-82.10347547614619
-1.4456889034582527
73.54758050685254
23.512709284378328
-32.16918948375179
-81.91637033004773
-63.059526883708074
-46.461422732844895
-59.19767629541721
10.387241995531635
-8.631142774298437
81.25661210914265
42.82675905033411
23.728571423299616
42.13738404070534
61.80956340652574
-32.31783892046003
42.97773191442925
74.28773753082851
-14.622185915597415
-33.72255086123278
-20.9530963852984
53.98960772522566
-39.16633926136386
86.12405372586966
49.0835480908029
5.484606323837167
-95.76131502072194
4.6966704329493165
17.445144476519875
-20.6067124170023
43.42225774694082
100.74984470474078
31.537477673364773
12.910319629936664
-0.6169497645739899
69.2854498753731
69.91989963758819
70.96822377804178
-16.96223735639268
20.657260897450318
-61.08496938111926
19.35894453159606
-23.40706132332352
14.628435389458458
-36.220976662255886
-60.78575992886709
-67.66589448119734
-36.75263883082762
-24.50690394766009
57.72286731374602
-19.693413906867818
-0.6326125114739951
30.480698641555865
-51.844833962932455
-39.38532994136829
-46.87474358798349
-71.03723106642077
-1.7410668332688675
29.151223814089757
27.807033363873558
-108.89316637150053
42.12025518388154
-65.33129815049386
35.13742272279238
-77.25978373843338
-16.24893660168255
-2.619763873010912
-12.759518019796767
-11.106709558309506
-111.51362576159778
20.3760419249088
-35.61629204080906
2.469047914549601
-16.303583793178642
-16.696872937996083
76.62251932388045
33.787479592825
-59.309181614686615
-5.7644292407110385
43.85652366713579
57.038561979021814
50.282769555300085
-0.5548124316005227
-19.368339127498594
-38.25072726364338
-145.48791809920536
-1.1739698261433147
-88.87784447648396
10.497156406980965
11.01113745342802
35.831909277175235
30.436736376313224
18.12459058837889
56.07378475925869
31.219695468386206
24.028338275494885
98.65856417156647
91.95606939864415
66.62574572497266
78.8357062379082
-3.190528216751988
9.717161052646873
85.44505472794427
35.34674014806859
9.607711171099991
83.10247143129065
-35.19859306967018
72.68743956600557
22.60957955613886
78.56046524741066
-71.6257252594236
46.30019735958684
-23.325537641626365
-99.21956326948069
89.4259362841296
-29.98981333045668
44.29561204065087
-67.77813700826063
47.86204151678667
42.60233647718128
-14.38135814232153
35.55124137682636
78.8504497879516
-27.84418831828375
27.834100688490512
46.981135550186565
122.51036640662872
3.6575308296254496
3.591905412583966
-29.025082863415413
-30.181360465240292
46.15045827768065
45.86708340161401
-35.77308857532402
14.626566739839818
-60.213575406833364
-78.88556508564048
51.925775534857614
25.941316072813475
94.89713179624083
12.808109767418994
76.28211818407505
-49.31975495509216
-30.56568741585472
-30.53484857698307
-17.783262483254077
-23.892920809003705
-92.69658963974528
1.385361511473127
13.838651095938715
44.9969942944208
-4.433214386854471
-135.57260462370132
-10.237176994063288
-141.40020287755777
-55.50724446274228
-30.21806691486539
-30.561006665695313
-5.03509279909173
1.9292795363425144
-60.168883175989265
53.5697750500845
-33.343302436854124
-140.2753792550632
-57.78525873806013
-75.66077803026803
-57.69918455417104
-57.724569972731935
-101.43477272639515
31.574378118410063
-44.291213761533875
81.291431646663
49.89515092258165
49.84502933616833
6.975250079138384
-25.160568467675642
-7.406582912445371
22.565582037894632
41.368036272871585
17.37384241257849
-50.70299419989787
48.81542284501521
-57.91366706128871
-40.09719331827093
-52.70126257906342
9.828459315055657
47.357470703568545
-73.83851929177553
26.552577427079363
89.39604090922333
1.933953305150349
26.072426500211982
20.16749651018919
38.83272141895695
65.04563380213513
83.7198899930846
20.674133562229265
39.73191982713505
58.833452474410116
102.20456106702255
-12.257727327006826
-27.561980311453283
29.146763472629047
23.74841510949716
-13.04976773346294
61.41355649747184
28.588203205258466
72.35632282291078
41.79908534154526
-53.29253243641819
-10.791457443599073
-80.7267149587821
-24.054288982538715
58.09861887471446
-17.19448296508725
76.52076852940436
14.610538379456296
20.155342313493325
-4.870619362640104
-10.642127425597304
39.74787927050864
2.3343615469966785
-97.98736600185153
-41.195708268453615
-22.67286572849186
22.96750486592991
-15.948554671143452
15.46658935266484
-41.3187318136816
-3.1470147915980773
9.658785790671004
9.02206891801373
71.7475760193386
15.028242710044932
51.664050156863496
-24.327445141341517
44.940225750305444
-86.67001062139352
-53.14598703046763
-109.71998762082976
-39.295627142432714
-14.268318210476137
-102.44680894936265
23.7188156831721
81.8442445777297
0.334537078537583
-13.092973445456078
-20.54353911989499
-26.62547474697108
-37.7585459017461
-82.24629312869453
12.827216281812117
-57.03518025466661
-56.35170827079921
-5.6664542680834895
12.523080685078344
-42.91193552041217
13.076024256258227
82.43425107067168
-24.589145070305165
-49.425676168474084
32.18358263966975
81.23957180399431
74.95201192635109
1.2582385441036996
20.50868404495269
66.20948550525323
-3.2078553910403866
66.13564692378267
48.35792816372269
-21.655744508544565
104.89120861873145
-15.56402690680926
-65.95307890321601
29.448656620156655
-1.7325682043811776
-1.4729918661049304
99.55552649497584
49.46054215625121
-31.213040360378
24.772955299095724
155.87408240867106
62.55663016843624
36.59373173036264
-8.237257977463862
104.98444800802946
36.120344108334685
10.40884547322336
-21.160508025562418
116.7971203797951
34.858696807207664
-28.162707510170094
-3.028816498149089
-47.29487444305385
-65.90953907780575
34.09363276789953
40.52189810550155
65.30493585892323
8.985874798543875
-17.339868701251095
-16.09517432310897
-72.14850336394595
35.73095352236259
-27.28933126816072
4.238264268966217
60.89051578766414
147.68204494845168
78.61294307562929
47.5038804010987
85.23588517989032
39.63183801360069
45.75608706937498
22.308526331755438
-22.157869631284914
28.992078272082853
-28.11789404075339
-79.80150493083602
-90.81434902338734
-22.716190546514078
-54.41243358861521
33.74239587736504
-33.97256173327137
-141.39523600838194
60.94114370381933
-65.12904734079639
-45.66761904367249
-20.9256746223029
-46.26170787432645
-52.83969813848279
72.42629854103336
-4.316780044148558
20.634793278280508
1.7345362335438637
39.3827124440373
-23.968094761227377
1.6354466486109533
-17.497905980922216
-24.22844074553915
-43.37386918026432
25.34221401536397
-43.8792674801494
36.70933251081402
24.4032920621823
-6.752723395206662
62.85453712602144
-0.12445396442370865
-37.948187925216565
30.867044466972306
-38.910195162955304
106.16507983414739
-0.956657366972913
81.24455333294534
-55.44561712947231
-30.007826561358915
7.1459010738787025
38.093425724957925
6.8976683541811
-54.6619581235893
2.5408366854416937
8.51936735978063
34.162648596926566
27.84757676346968
72.91684697847336
23.282486909231203
-27.31660757925146
-39.79493217655241
-8.769493893627615
67.06622901514693
28.839337403047548
60.045712424051594
-77.64261388177157
-97.23202400303506
-84.76622909074636
-34.650515880956554
-117.57650575546597
14.651313732845825
-17.64642209871162
1.8513163814400928
-36.05853544983752
45.1589991780025
-87.38413249458493
84.67442938330504
15.703152413162316
28.716662363061925
36.210132363890644
-58.49140124326683
-52.01426962948541
-32.90625686209747
41.10633050684863
-54.17983568231066
-22.48871966600231
-15.168866017066211
66.8540755209982
53.88545171391171
21.950878794511613
21.855070637709975
14.87109703622704
-41.58724808236293
-60.41574056813884
-68.19561471127554
45.26117024186074
82.74827540400393
40.024184054164806
27.092768098931167
45.58775705504975
13.749114262607865
13.52962335951579
51.56928354014017
32.73650771291594
13.57755332256331
-11.603708041002385
108.24445518448897
14.030718061647455
52.296282056480884
-35.628128774191694
52.37090556958048
134.0821589215652
97.03236806849097
-16.61079630548161
-40.771483201812345
-22.082509383210933
59.60497258624514
-53.11516777316446
3.4874120834241804
-66.42510235496088
8.298018778648675
15.54215029044352
103.70184244597901
-1.4585560884748774
-82.83016287493804
17.327636761558225
-20.249162864115817
-95.72820059631805
18.08504774863837
19.118396210749907
75.90417885649211
0.6434009278198327
-54.755074617684656
-4.062156301965217
-61.29875751441777
-17.272616756678296
-35.33405973242921
47.81335206625211
-46.191225190133906
-121.72275092483555
79.07789172348268
4.052447225338422
97.92960888870925
-10.204799691304038
-3.2720418462954535
9.732412667426507
-9.71515919227676
79.0340389869492
59.633325565351306
46.94825602380344
-91.08801933297487
65.09077089151947
26.205382933081374
7.50580757620277
26.1461469804547
39.04341910384069
-3.551561034314385
40.091870905008996
40.29154999242941
-35.04344992918578
40.841586419881594
53.10735258455441
-33.63383028678487
42.755099022432375
23.242744722727394
30.165306909955163
36.40349506091232
48.885791450433345
-6.831557382991755
5.722504068333347
81.4812884834973
-32.89565100439883
11.739066059964504
-57.948353253866536
-19.270614570322625
-37.587114485470906
18.124571355344145
-31.359680148954094
-11.003258265227815
-62.78718343339183
-42.63609958700508
-23.704502564779634
-29.385092925458977
40.117527970093875
-86.06708023870713
-17.07687790744118
-80.63552112891338
-43.07807930749441
-11.01026972118716
120.4730471144118
0.8323552560937812
25.408213865320892
-63.152751748555275
-19.949342929566413
-107.3435556281302
11.825109567141778
-26.739027622569836
-1.3934227281916571
73.09683330090664
73.38487398563565
-1.6879359355964478
11.1546572302217
-26.21694629740992
-44.21005327912149
-88.3239315662881
25.59355644448455
19.029295149911853
0.7011159999879648
-75.10014472037459
-12.27443914455587
13.287853022021183
25.961762549956877
-48.03793895857458
-40.728656282642426
-66.12056685019263
-28.251154325447267
78.43021442783076
-29.91003412157956
13.875694187102447
158.0223822517758
76.29539600135338
63.768454708104194
19.67095711714123
-17.48137724174543
-30.0077974400264
-11.649655241464455
-4.406968714400149
-4.5135509311305535
16.136361726727316
-104.30824170243027
-134.17920149557634
16.814990075814883
17.590535583993812
-2.0477720644582043
-19.387824194898776
4.575238772882159
-26.809258555679534
23.068892981279078
-33.18405185784262
-46.2129123895996
-21.697325279410055
72.04726074028498
-35.534511028333704
39.28595601672411
9.164562718982557
27.372016377189652
-35.614998142763234
-28.59044908708063
2.442908008650266
-30.363968091702745
20.73494444796835
-48.20830520352191
52.81844153629057
-104.09310361288293
-40.984965204151216
53.050606119595024
21.92438827451322
-3.695328898743763
34.46331418495033
-9.093155745424326
9.940007849737608
-8.653367261392905
-46.44009373181695
4.033370672747272
22.600709925413106
130.58667860621117
-100.75251187321496
-19.360634078925802
80.97051291142907
10.239944951159133
-46.8403458324632
-89.43477106312501
-89.75113049431566
-96.04630694847194
73.17991762309993
-27.09568293067406
23.318437497487455
-15.866496708401646
96.91334926145335
72.30663484032482
21.871964678399905
-77.59480309417106
-101.14694807959324
-31.05936643661795
-32.03508871863356
-7.559338854488071
-20.107048441034145
-94.2767119913569
-44.061140027089984
156.81152060658027
-18.851980993883174
37.134934723532005
-38.05546538908746
-101.07189346203141
-38.456742850214255
51.283450045590335
-98.81198838434145
-54.87293294728796
-94.1977071627443
-37.757783403684094
19.945973496255156
-30.843946744841656
-82.20886956774324
25.533393515751804
64.36664287906086
58.01519987164159
-11.606517240716997
-37.10597186863194
20.14087766631614
65.00483294250779
-4.938637041020504
21.254169437430463
60.166922479037545
-26.551254129346603
-32.202169640692674
23.551520014722502
-1.7796609665749992
11.143180915972563
-19.687891633784094
-63.738832851514985
-57.57171214853142
-51.581594517298186
-51.2507040322712
18.019909253033415
5.188776728205395
92.70247959391976
43.19075587421105
30.471068604417976
24.03283772360174
-57.849353647349474
-51.5512688079858
-20.34055268606271
-39.30384853720949
-26.961407173622675
30.12473483360544
112.82676161974786
-37.57970511760117
12.338159132201424
-107.08694961697927
-43.77638228261137
51.11540086493945
70.1365811076156
64.67047374480326
-4.855032216810657
20.33029958810834
32.88110810619754
25.806195600837267
13.334244731676762
-26.12396108950895
