87.40450864828087
-61.08399819925503
99.0529043360055
-20.50382838261086
100.70939778859105
244.0236648124267
-116.64579438298455
-267.31790646146845
-59.63421173893982
-59.93504937123474
204.9566203310613
-263.9677559546669
-67.5512144612771
-57.46471864622843
-93.20661320634974
154.08438181451936
167.43219207208662
-84.69387078618858
-126.46305057587868
-109.5104996157517
-207.26442790451108
-9.942768487799336
-65.62156628215678
156.55235366203104
-106.82383290943659
163.17070059987313
24.53317292490584
-85.77472230435971
212.8121670440348
-235.17512622568165
183.76068839350847
-78.59024776744188
-13.827921443849132
-117.14839295398433
241.06809152651397
30.866546600924323
-268.3598049751234
34.681037753066036
-20.686184805453877
-258.37723173931306
-144.63756184845047
125.49482895970232
-32.77447725614556
161.5019217321686
152.86162114456826
218.16310955615742
-236.53845618724398
26.581218243622985
-84.93421435779513
-15.30334134008351
-17.37952389209967
246.68081414838886
171.72810928552502
57.74219871006328
-68.87356815833124
-36.56386365529391
-235.09642334236096
204.84163492767738
-77.48004304950877
28.17473936230356
111.69612455372658
-24.6727335754503
115.055747719813
38.51937364857025
-262.37607437036866
35.57617438575235
-148.80703017350945
-115.16834935482503
-65.63214693536726
-106.43249554311666
66.72279663771711
3.7805296024477437
-364.4894779791788
-30.745464159471464
174.1443196956075
-258.42252432672234
-60.85278372682734
-225.88643790502837
162.52083204863268
-273.07951667975857
29.602458701685322
71.49683388995162
-59.48503187903906
-11.094980023464124
-5.231870523625392
-11.001585793065576
94.08732738905069
163.51369584458047
-202.4206250846118
73.97015990392968
0.14156561527258182
-132.32235785330462
-169.65944353106667
-31.546018121543096
126.54415239387802
-39.2004670984477
149.96572646752742
-110.44321242671386
58.427930051628756
262.64695154675485
-135.4378911133257
-37.6989650837666
174.0503084382366
-74.29175074214353
146.26476764464059
-144.5492747969208
-50.184054888583816
25.61823669557211
36.32496466117614
172.74273283342325
-55.61056709047638
17.832320250764546
212.79528310957102
-336.38931786105877
21.838772791673573
-251.32646398321756
31.241387302673402
-161.27055126325658
-142.1721743766953
-66.21168259980513
160.10638124833966
75.87607390667577
47.91250009681537
201.64143859280983
170.8272558860332
-7.140034301823716
243.2998812054159
74.17121077319382
-76.9705710612177
73.50092233918143
30.968149918131754
100.97573989705973
91.09423130758427
67.75979334239553
167.41351422391844
-84.52418387113217
-129.26070020437308
216.98290102099162
133.358637376261
87.21641516446103
-134.54490521747567
-204.11678872202774
34.003990734759576
-74.62862473881297
-118.72701106490568
195.74913649592136
-12.196976226454591
-129.96123958546178
-85.03229580311981
284.1444808862713
-30.578614176859453
8.787370335300368
-159.23213628407134
156.0668863921207
60.135925902565226
-83.42636190806473
152.57218762205216
-241.95686261908813
27.239574504644008
-160.3561471082151
-189.00036908442593
-187.9041535736714
40.85973651657313
-43.32514199293556
55.533638482573906
-295.53609587061277
-49.958000674859825
-256.8857144503701
-84.26357905762413
14.363289649158782
-110.4461044421546
64.67570487136283
240.1464924251919
-22.158144639746883
134.12866199952748
34.084302955776764
-177.6454940825714
98.32443044148216
66.49895750355718
13.7061468175472
64.65725434218729
-100.3009947814329
41.04634487665386
-26.05837470108074
-88.47084495679641
164.68420599344458
-67.087420706885
85.00613590709757
-161.52898910969387
-236.03710907470338
16.315107450421117
190.70810709925473
78.49475798276707
141.48001938564897
45.97144350640712
189.36264332790978
18.922991995631175
-74.55765193103113
-110.64434785495884
251.59365861421574
-99.67997487813378
-55.06269063915858
-36.26225462487976
-108.46027822744787
-61.67557442724153
-67.29437079236203
327.1504322226383
-49.33291194358542
-33.72968904585813
321.9696255036966
18.705241320036667
281.18415875559486
-127.27421667029536
170.2481089670171
89.90623230491154
106.16934127684564
-126.55979761122012
89.68852415486256
33.437197399696565
18.343556496523586
32.40017943056941
-66.26596844421246
13.8257251963466
-77.26110452412541
-21.99680441019927
-281.40959187898824
384.544050284114
76.62708404882304
102.47638303668322
-61.08562719514423
-80.72548877305228
0.2639126342393181
-38.25375903954652
118.70328651735618
7.729766383595181
-73.88054324765075
-172.76448368093088
112.26920562104108
18.30129388383779
49.910392325453635
-43.062188209428406
-129.90191361419494
-118.06151689376887
17.52583606759236
58.478750608251275
-2.7296903960962386
-178.1960929606207
-143.97795247119717
-25.44505041565592
352.0300781699014
42.22565054650854
-109.51843350730262
-20.99985502333491
98.27296138442833
-11.445711141970325
280.22001900287495
177.53881605581853
209.18980582259866
262.566008494419
51.35129538168334
7.493758213856843
90.55569494499626
191.85186909860525
103.497584841179
-141.6860268225333
311.2478282161039
171.58926269097475
17.316641131982788
-167.4568357780976
410.3283747337829
4.874563603381697
-214.07685406910556
-28.69102580702544
-120.10146722709301
-190.66563581385907
330.9837786071127
-333.350972327938
79.55872336472721
90.22497725964524
-23.742214392384426
26.91484427395689
-18.40417036367596
-64.4392331464344
-162.17919538744033
-31.483367017754755
56.96917569725385
-149.72859685655203
26.862129276583758
-143.45156099427115
-80.8745326827916
-23.07417221962876
-80.4252057999777
165.45392199956652
-50.02163925030259
-206.42158128992108
-27.435076820006103
-70.70325177506898
-393.84531874422464
-40.441670456006534
30.27503154737843
23.49225084794788
-19.244437498792706
142.27027654205085
-76.06185560668467
-148.74883331976275
182.3882734364152
-70.55256415369064
62.24244776409478
29.97820964040499
124.24020394667527
142.44150743611164
-30.149608118034667
-200.96168620006287
-90.61938817143536
-261.26598775951766
127.2599014569927
192.06945163609458
-76.7412599678227
93.19601842875409
-55.44053958825197
20.20849983160823
33.12832923023511
98.43645158351593
-120.92184077933284
16.25102987842452
97.95525819765405
110.00374702079147
40.31568333252303
54.67125480417586
-62.41732141090612
-123.36343131763459
169.94540981959855
-80.47386996383726
276.6308664434002
137.8279002594962
-14.45335406971112
76.18040209525653
-71.32941893188136
69.38239970054678
153.8439674736495
227.31520060572143
125.97703358411991
169.6595916399835
-143.98427360460963
145.34305335375066
16.169380217622933
-58.26915282477613
-84.68962095633019
0.47178369221228644
53.090032613899695
-2.4651428324599434
-10.026651281069888
223.42823798688465
-119.32678896664831
-62.04971262939549
145.84818546379603
159.38363298670527
-93.32301722199333
92.86985526852096
-33.86000372075584
127.71317700982297
-218.88571539108835
-97.16799598367245
85.10401002970087
-52.157536856348514
9.302151982497179
183.53456203801602
-12.574689904915438
152.12727846061483
-118.21938657748305
132.67524523295336
-54.417249801055775
-33.5494015424953
-156.082564220011
59.53804926373667
19.247549127556404
-12.273754810328697
212.82203307714732
37.802406335273524
-67.9998487865151
-68.35061450135629
97.93216708425328
342.822701737049
299.3891015194485
265.1367384358558
127.10456895645561
186.66990099972088
79.8162366270704
103.64170767238028
-30.37277204750293
-148.99332262513408
-18.743065656981706
-39.51824872715553
-107.27286979880508
-38.81165456299998
218.09578560017033
-56.29265256228637
101.79912385183121
342.63313987806197
194.20463116820954
-196.1827101905235
-177.18762863997443
57.85524927498254
146.59289876610174
-199.8276989858827
32.763163898699
-4.783678184851164
106.73122654917378
50.6941636488072
-156.03916773307
46.047894859531034
-148.25637093774913
52.981915968326575
288.4058920682259
-208.72066619398333
155.8527505967201
22.97397623116179
149.20547363334504
-7.353948577607242
124.1078946400999
2.320774257648979
-219.89712351914477
-75.88657112490658
-15.097673308225211
-60.94104895064491
28.880522622896756
105.08788885272743
123.01421082280697
98.2389326621671
317.3426334723191
40.563852799003214
296.59832812392654
-194.73155936117712
241.37002107232584
-148.31753410766936
198.93412872793445
-9.817824510013088
346.45492962051327
-114.22767236175564
-35.76686221354187
14.89574100899655
-125.4108420625591
-50.71958085453832
29.331141415134496
189.16217991843126
59.20091766971138
-255.42414739689193
66.96691550033451
280.79914085536757
-160.69036140649743
-10.434814187750742
153.34343796358766
-319.13622736928403
-82.74898206647231
-253.37322604434428
170.19257006306674
19.354341408043705
33.705433749375125
14.195725157760078
-56.61651144498673
158.22208315808442
-17.758270285044187
11.829109893956652
32.876767726894265
-74.70736054943721
-216.56902479243033
-230.10449260331455
-19.31979422005761
-49.01983088860567
303.60184793435326
-251.30891665427941
194.150842859517
-24.051237469806807
-380.23318829012965
198.9847542687069
73.19963048053191
-90.88952998375818
-119.57757028450186
38.117707612977526
-275.47949875888656
105.33254521653852
-88.7107792485431
80.17733618846694
16.098743503668942
155.94986002152604
42.18433650152865
14.208974506004454
-95.83402913735446
236.00811738894217
228.715751777953
140.3960623731713
59.82754817770961
-65.0197387977904
98.28660189266505
-497.4666896026795
106.39131289650985
64.37081262752797
-350.4427894193814
266.2207989020662
-25.458083943581688
25.570807675319337
-14.518775579907206
-60.09483403918158
29.271903732301418
-169.69059254049304
-18.704224222217697
220.93841612800873
-364.07935143623206
-21.081942895457857
-363.857881804626
106.92130876314114
77.78053752254681
192.84208090989972
130.00407917179172
129.2445331725165
-142.64099367813628
-183.03261836332132
-105.1334838320162
258.5063516859095
44.785045201662385
-152.29609543122262
110.57367387510865
-166.40266778332645
20.504290428671613
333.3107290529946
-142.90944446112115
-343.2145695329075
26.91796035349283
-382.3586208945486
272.7373578577927
198.32171444683325
147.28507540726312
261.1452162279179
153.11779547106994
-44.47572834671328
-62.86409796610017
-89.2080043406681
-88.47321758230417
40.487196607233344
-153.41115538089676
83.06669467664511
-15.316605584602248
74.40470139978969
-56.78720292221449
-112.46530440231491
279.8340443137362
-59.65490305927768
-187.76725509519744
95.7032926550797
-146.3848603326449
136.02600995204693
-227.8728390572711
124.3876450146558
-122.70165961743668
255.57400053151972
162.31898379236966
-169.1489590715514
-86.0182000109859
72.08932604801957
35.94412193005254
-223.58341116820412
-64.40323203874782
241.53676670340963
48.19654180237405
89.2972188469789
40.562427926987176
-59.563208534885256
83.55330605663451
45.1005655424378
68.98083458906001
-30.1607918090089
48.940173274888714
-98.6982220182546
-272.4665829974646
-155.5967079190936
25.52595404511261
30.7245601087279
-85.74452853414121
-67.62177575423816
-24.8490249549504
-18.531383501562154
374.4695522851824
101.45569414973389
-118.86119308190044
24.07929846683206
36.22770916867596
141.83204956658605
89.03321013986853
-166.90880808019546
116.19339350217332
41.99058381522109
-29.39456142744362
280.09905449479
-40.145832249463595
-45.35847733072489
-143.60120945694038
-251.5467183971614
101.21714234422416
70.13045785729967
143.5930426878474
-132.75236048744102
130.43233222567858
-15.934970850205408
67.27396969663009
-112.02019284960409
-0.4489665296963459
-132.77006895705415
26.77355664905756
-138.6626638786993
12.387260745866179
-125.79326367979886
-166.29165544894204
30.965900096586648
228.66757225097308
32.33301239333972
-23.915909222409425
-144.72321695354154
281.05679937706907
61.956685328282695
270.2383170212056
-225.55685831116182
12.824243213061656
-0.8065026326642075
-76.9070377496375
136.0858413209814
246.21879999099997
14.08306459356259
-268.2200353405682
240.7532266303077
-104.66439113328987
-169.1602568574761
-85.80609726999992
97.56294860789941
-155.78170528006765
34.94113057835997
97.49130697025544
-10.721572562128792
171.98464641144847
-105.71055049274251
257.14004282347054
-178.18827307286298
130.53148572352978
-122.43026751768289
-76.83855507491418
166.87959324874714
-111.85465642019012
-402.1396572434705
363.96491981782793
61.88909389013764
-0.7832529063558321
-138.65205038489952
-106.80374812089174
-6.360376887367161
88.40939894995557
225.84398321398768
-258.99055931961084
68.78692709774303
-7.449508777279924
106.36537837186336
-108.44258971005716
-139.81968171631573
142.2445642310326
214.91316145708421
-56.173583904125465
-172.49153897540353
279.8140336016008
279.4747975678733
-109.34375222270211
72.25077493577521
110.57646059215735
137.8229080092642
-294.36805667932896
38.058268855510306
-39.89549832309725
87.43994683745217
2.937392205252777
203.96002450738013
-267.99397195482186
103.7006387467931
-71.84707035674839
-25.320525659078477
113.81920607944525
-15.693344649204777
-125.8399385302706
-295.9845649818646
84.09995874838702
199.73580182241574
186.99834756679275
-4.203155281582336
262.36447355453765
-59.07399904219158
40.48192643466394
-196.49664377186136
-51.981024798908564
81.13915298990635
-207.42237855566145
101.15493156568033
44.27189220941501
-90.40532910315345
123.15317341473548
-16.444719326579488
-177.94037924693288
46.58597215493337
-29.27747958449433
141.45585720658104
-134.21806455126242
-91.27741000960185
203.22457020371172
-171.12753046431823
-7.931367273830454
-81.55479964692385
175.79573017003818
-8.669070652091659
-126.98819755027509
-192.7638220873957
-122.69040671324194
-177.79718340968506
-95.39494813525556
99.1106815032407
161.12443008966846
-167.36538747698103
71.51070756731089
58.958122048703395
288.07074019585565
-83.84087820280868
-160.3605240786921
-36.295339370891966
-13.331632185553946
144.51665599727366
-83.2646910574967
299.122387781575
101.19854019800611
246.12600909179895
0.7131373836518358
43.879513927567544
170.4288136341545
65.85750324673407
-139.71130449867698
119.1165207359074
2.554843489751474
29.382952236667943
-142.66486443056306
-104.30704612959055
-7.883543394749201
-346.29453612730686
-103.25263228694801
42.43475109362294
37.303256317261884
-160.96989387253296
-60.848002921910364
211.02256386857331
-14.184814793458036
-38.59013998784252
-150.8885439821783
-89.16880164000257
134.46870933101005
-34.34398842509567
22.577547593202944
73.46718007998027
12.036075190577467
-78.00727874934641
-71.31935154426803
96.21218589268987
-5.680910376674136
-105.74903646969197
65.54285335180492
-165.25291842637583
-85.45380982542848
311.4171913618203
-179.54671211800053
-100.65341126305064
-13.633809044262371
-194.34076921273683
77.41643254785144
-425.80633270166464
-90.63558506631878
-282.76518026904677
-225.42446533157812
96.08034382165083
15.432778452796295
-216.74189722994814
126.00457656084514
347.69020884092924
122.88134200304665
135.7004934371627
-18.000717982161834
-157.00482476650038
76.22490135691159
-82.39152029126242
180.42920354683582
-258.88170960543704
-174.65155091951132
170.76125958305605
-21.479891769190107
-306.2607222275699
-56.876406489715286
-120.47592087045109
65.1085088856074
-61.84433201971999
219.52970981624622
159.90859806258445
45.525141200453945
40.96718202859308
57.69015349928296
-165.56607014130051
-167.61361470160122
24.72792295237968
-174.93854379287484
-255.5186877341336
249.58573652554296
-99.45768783348868
-212.70898818462751
86.74045661388307
20.175372882938188
222.79229076269075
-164.82689724436065
-7.561621982300298
-44.023940692312124
124.82190658519092
180.9118107553284
81.88582530817447
84.81032434149299
-172.32363226490827
268.81906211392175
19.327991447453552
420.91719061785335
31.749487812821336
57.866774884094475
65.38740289034072
58.14118867932787
-2.804644190233863
-85.7554537172203
62.69441760491449
-11.261719039586502
49.40073875529119
-229.44479526330286
5.2370224742818134
34.31148630502386
-21.512312384392146
137.26929342912862
-68.10212444562235
-11.710462394752922
-259.8348087983134
82.92120811386415
450.2739161715859
-128.09981328523918
378.53856426493013
9.628927168207937
35.42898296974114
-5.64515692811924
-195.42911923764387
110.38498612182224
-176.44857972045745
206.19263194967027
184.5639812114003
49.72010713902332
-116.7956296614569
-1.5383279059018604
20.342492024972834
212.05942257655875
-20.664431431942248
59.39116978784256
24.35183687610796
-74.3474710876898
186.061689777544
-126.59676386025784
149.32596366056796
178.9648442776638
5.6360508510901575
283.98815675361834
0.8030798946048856
47.52738862552685
-171.52099427383
38.02306289720583
62.32640591715042
187.78016665073898
-146.5311352869086
307.1606496149286
-140.76881377971347
176.04095160478474
112.94507561911463
-69.41270967204527
-63.26480721137974
257.07310713912835
187.3876372140061
-124.79627857616117
-89.5333823795079
-325.7207099745777
11.011311998595396
-155.4502775585068
318.64090989708797
87.02662787751099
-30.96403369321223
38.663435114381556
-15.376857021815955
397.1738903437431
10.218994807891455
79.75256099810413
130.2846468459583
-90.1418310200249
152.20236604351211
18.589879374003004
-162.68128400050927
-151.36983137476284
280.56816855773906
189.15260642580483
151.57919924537165
231.47424060153946
198.7635840822035
-311.8503688440283
-24.350314870897527
-68.39296491932777
-88.96938965568042
163.25091451050136
137.47667179990617
-48.25559229281878
-23.178351223907743
-250.54691279034395
205.7925325742069
90.30801797821943
-234.413669937564
-45.20722822133125
-82.74558713004178
-28.270774141483923
-41.50661085028592
-224.64871151249042
283.4248072755109
75.20088452513274
-251.36376090833087
69.71085346564648
-92.6851713370437
253.18264205341103
-32.36311896854908
55.4810723538209
-8.582213376580263
-169.07761845552832
233.4259560084584
107.99411549547355
297.20024506805686
-233.44895118480855
-30.853361504095627
118.73888662666857
43.8069236358685
-166.99230931006386
81.37550788096915
-137.6233064783397
-188.21762153560547
-69.40456032256695
-11.743862446426743
63.3843058112412
241.09685378629845
-330.7140274935754
195.15289776888304
-174.85982622732678
-17.90949035786503
-314.8205673674496
15.174953856346166
-176.64777509155257
107.28440663323913
230.37836132365234
-105.95842017695728
176.16681460456633
219.9019031454052
-308.9291726228047
-95.29198485925983
-153.9546394763925
-8.8951643468672
-154.16175577404584
-225.1389107277033
0.22344370490743337
103.91956840514146
76.67685865900206
183.9212540432616
-129.53745814522256
45.33441852933264
-209.6437494363122
-155.9810720134839
68.8000852461804
71.2114846300458
-60.820218935912344
213.84599123032234
-73.69134494765426
87.44833100875026
131.0911900653679
232.729652306047
72.79945262002131
81.0055425537758
260.2375818952057
-25.45033417878774
159.0029390618501
20.132970458617073
-227.62336867509165
-104.96781115074701
-95.69813885771744
249.3274378626183
11.612462634987313
35.706974837623
-178.4094171172441
78.29615659040613
-245.1720396353659
