-102.02666129583248
71.57661533441711
267.65285485259835
-138.46753018828989
-126.02692032359587
-124.32615866169475
130.9143381568066
-77.1159035577746
125.93685054552842
-131.05811853287722
131.21206443758672
-268.44501469151754
-316.884350869525
-108.12991664686977
-202.08704018985858
-314.79889725422305
7.471450790757339
193.55576684987324
93.60669921930851
103.92833090932182
-204.26600435122958
-170.10418596124487
-199.176425310185
-102.94034797751888
110.31883601556737
100.395984392326
-2.905946045873507
-44.03869077516731
-36.93879056793132
-160.83455815790535
122.6002267197193
141.84522996238832
-165.53572303873787
-120.93346336790471
213.87843839319382
32.304528466548994
-35.662889759264445
47.80648606017567
-197.50590472291879
-19.12291418749654
251.85009118302509
189.0234482647321
213.60297037298128
-133.6863933862692
-43.95086730862342
-36.185275625276844
12.287327655482565
81.43419822460504
217.8729134811467
184.71466221610368
42.641728530379105
15.494039381010015
-16.934735376822957
-149.8241380413364
64.22501865680415
-266.53840486748237
-26.719164531282907
-177.63662950777228
-46.31989128325834
124.8279683870646
-236.08043443882266
-194.44354463061222
141.83231026476903
71.00434937872323
10.76741865312126
53.64627455356186
149.94210629619144
194.06477926831332
185.62714967851906
1.1325581631374253
-275.4227384297165
-18.577764350251712
53.551412013438096
148.95584480913476
200.94889418493293
4.656225504823661
126.21515443897823
84.86110705447612
-92.70570036245782
42.4829054722866
-118.16521328495891
150.02412730443467
284.52289045294975
-107.89299786327007
-130.09956152156758
235.67063848778685
124.02056445717669
-69.08271822803158
-107.5391537094218
-1.4024873228428016
61.112069045882535
17.08227643698638
337.57537667470285
-149.8662571507712
72.99300697434509
-21.412215577740678
74.25372594001651
207.18821594573228
-76.50137361204295
-69.62605286745203
-87.59462900780565
-137.38569813154533
-220.3324584137349
-83.78300014368313
50.55096886740482
16.58759377022759
113.16297464915975
187.57984214731616
55.39266238772717
349.84192660738137
341.01371736709257
-150.8167845229739
-62.67466642176013
144.529998584124
-193.91775848499273
42.86925635716812
286.7650331548534
16.101483763941076
-238.24628353491227
-173.40875744541535
-291.5793340805886
-163.8053652429242
-238.65983008033766
-107.76337428708584
-119.37439751153022
-450.75853496784566
19.61645357961129
108.45456103563956
-11.76970846258308
64.94172415091158
165.1672864450378
255.3218653895687
229.72750669130073
-100.37444445098875
63.13560282671148
233.99666132752046
59.179542673673254
-280.3032278023917
109.55927247532568
-200.50261998182367
-45.50734296003523
-264.76676389846125
127.02824036774798
111.9417183508012
353.74505374046
25.991420270361694
77.24838159855183
9.830775232228932
-163.2468535587717
-202.4934569924995
127.85166312531842
203.23061935075427
-112.2508458128187
270.7750523031082
-183.87622626416055
-59.17297408528533
-92.1413995626011
-59.22124219531787
60.79387115852766
0.31523320851061554
-398.68581870360936
420.6980966231752
123.59435470241631
153.3959094238997
56.1454238177959
22.6884209007088
2.369772459323798
-230.6758356131178
77.50640835659914
154.6755276415268
-8.866926310710216
56.5627195358238
241.51507315055213
68.48591632593181
168.21901971375274
169.75693244814346
-214.54409554027237
-67.90399211428615
86.17027772504865
134.11631207809756
-59.658881775728524
-22.557866625608842
-185.91023773035653
-5.084626701167547
-109.85519711349386
73.11243014197375
-141.281197727229
276.1994098957575
-250.9817137496831
85.26150021566967
54.51131592602965
34.20537505279472
-214.92240847594354
-352.36889868715565
50.562414044454826
-162.76026681994202
270.37351880579155
-178.96956108964093
-216.30348635043694
53.270929271118774
-354.83532871772945
-200.69961896410007
-221.81288017286778
199.56147028871553
47.28435913796088
31.408163649636233
336.8015735049328
-78.21016287234947
87.98571058370226
185.95123728666633
106.2652651284261
-234.18285315700527
-171.1567683193525
36.988887373793546
173.5373203457331
38.06989603673608
37.78237093683893
200.72678965599553
-3.1639090518706596
84.73710729601949
26.95578785604102
74.17233885658833
-132.26640974467966
180.73150284932177
-236.78749980065706
60.88734825761271
179.14730853309493
-34.87510628364722
78.89088597327705
-15.951392429231332
-127.78883928650006
-162.0831393258614
-219.98452055205925
105.14091738045268
-91.51742378928512
11.38998073757724
80.66785461917317
-20.79047488930755
201.02587002999775
-168.88467890624676
165.9392083291975
11.2264095251884
237.91634388797337
-20.215056109889577
2.6291077347826755
216.86669508264964
-45.61439051184666
-170.3243941505713
55.01255563586616
-274.58752520797094
35.67420178014335
32.58408122240363
-57.682632079782344
131.34492080569797
10.285325263514524
-387.0846782370256
192.92662471425507
-63.75089797896418
-258.19216630736037
-235.46276228367608
77.3141294645266
388.76250716898517
68.83486535019772
-97.92371093784286
-141.20508032114986
-136.56769130225115
-220.77035686052287
-256.72720480173984
218.3215520091773
72.00443827919015
-0.5815669535389731
-309.4550635138285
265.0979508744011
322.1871571871396
-57.506402999678045
81.28094013807609
61.37985440420774
304.71172203652225
-50.984966481649494
71.53171278485651
-46.43228921429096
406.7416837533511
-246.87500436591853
237.04072182624648
-206.28915763387317
-206.30988236830657
-36.85937543259614
-69.58843796575012
-220.81876034149394
-114.99422838246545
54.2710729899842
-114.96128948947239
164.3412500910333
44.540031246325164
22.18376481520382
94.77604898427185
-196.45764266314185
135.42747193370928
-205.94152648367688
-222.39089049970204
-142.2413683728841
23.999164204162955
190.02022405158712
75.26473219372183
-189.87511273878343
33.66644422867162
144.93694568704646
152.41111984529826
87.70754051867343
-94.5149578111173
106.17453578605915
-240.62208631936207
447.34847533147916
-198.26688772151024
-302.95078343531065
37.37928934361001
201.92113986851734
-106.4693255976623
113.01270741395906
-213.33132798123572
154.13338175341053
267.46621552296307
39.70436970797039
270.1952841441324
-40.46153953966001
211.49417543383544
-29.88599769913666
-35.67056965971306
-75.49012226043197
-43.941155169165164
169.18986770031682
-93.63808833567604
157.86867794359543
-68.73676409595124
-244.26958244012087
135.46169304775157
15.197259402395453
-198.38406112866681
-205.58240900298247
-252.41108868379376
-56.86082556706985
-2.647254581608403
-38.78239989941626
-213.65732551954935
137.35068510116417
-64.77866901046285
224.83839332378966
-176.99714179372296
-101.06729887732345
36.133952902942575
25.17394470358117
-104.70519266379985
58.06954589564646
409.14200141687013
-119.60636862002018
-114.82374361843945
229.76235203815207
53.27724436407766
-247.78929768669332
213.2743970244588
132.4692693293302
-168.59631663961275
81.42597902441838
-4.239843798887781
133.33173702756338
-77.67461188251983
59.526353740934496
102.76226784993553
-68.32230272294879
219.69022377014284
251.51479162461948
94.07438581431663
72.3112324785257
-84.40958735394757
44.45926903490774
-7.250742987796002
-84.34652683958659
55.19103918870762
190.11344225696402
-80.92412052372075
84.25564891519842
-154.30352646871214
195.41458076386652
64.09100717287157
-173.6586508545877
102.78471955221748
-212.27032387901534
-137.14848691271885
460.247467110414
206.60029221000875
-253.4929941126865
93.40847162266
152.6206541201328
-175.1990809609375
125.82038264088655
62.37548680142514
-30.271399570361403
-233.05873864066126
-219.87564085709263
44.68422633539192
-161.5821012226011
480.77060615440786
130.21587206981926
254.36883781763535
217.79553058391204
-111.0761758370762
241.89038539227923
216.79833606786298
-203.6560498454851
-255.23016469600304
-190.9339043638326
1.1371551251729402
-136.02373239088857
-79.81571925779208
-147.14174231459006
258.49608059761414
-149.72747457356616
24.802658651905723
-68.37255795673204
17.84996518276387
-172.16903439667396
-192.3183117051574
28.183407384621102
209.01081355336183
-202.86872167534915
402.03826090899287
102.27118822664578
116.56729376691584
260.33962997917513
-23.9067049809355
206.7963446309627
-0.1909997290942086
-259.58869367226026
-36.02919698670784
34.815384050248525
-211.0989691790206
-405.56748358919134
166.00069552390997
-1.4256030247399503
-195.33882338480444
26.139089371053974
-181.77721412780193
-177.89545197389197
-129.2366980981494
27.426194853360577
-20.724468784438695
421.4440194944834
30.795631653464387
172.80004495512037
-41.46217871894633
122.25615756621035
-148.48213034754554
192.08444092532366
-31.79577599199477
137.25247315184157
-109.29365293098256
85.78466601472587
-166.00767822710245
-31.289556836163907
-39.11199017805607
-3.7074114130095657
285.65316207029105
156.70275730829485
-358.40519545717893
-502.9841990547543
-43.16271724358436
-139.74501175677855
-496.9258809355851
-96.76425587946557
-240.48471091192351
-121.41787329523412
-202.89109749855928
257.26301918207434
-73.10172565192491
255.11399730958146
-145.4916198814796
20.53411353750667
-74.90098353629953
-176.47041403684003
79.77498947295315
-159.33039076623098
108.94746944594272
225.3399222393821
85.51588439059398
-2.4426431301173337
-16.44233242293012
-469.98590819955473
233.01149183497262
-13.323311101651157
-109.08137764864017
-360.3702854322126
-295.11977530772066
-13.143637461900212
149.92226541465539
-159.48284232590817
82.77769482625186
204.7568416488588
48.08205518455997
-312.8707162117444
-391.7866186951332
-8.412091401914017
-178.3705512262621
43.08964058894944
-9.506997918538021
195.43302247726447
-205.28315494801566
-135.46157474344977
-62.41267312238371
65.58841074125685
-210.7745906497787
349.45912213442307
20.545025487129557
-189.92670064626665
141.18275252337523
-31.876491303532156
153.70422817629475
-83.2639901254026
-79.22057139852414
138.45643190950722
151.6927111021408
121.8487096747065
66.0112406041305
-5.490024000449518
-4.505453410351267
-92.67296458245758
-159.17907602222334
-197.95495079519304
140.68626940876183
110.08592194664232
71.66068527439273
221.25618387031062
-17.52717992049151
263.91132620829563
-9.053013197529005
-85.71261600700804
-24.146182083071057
-148.0515671475255
287.6754195830509
104.6147345773649
14.31616166911634
-204.12388200331077
80.00828028804963
112.02920125526153
291.52352202234874
-261.4476279856886
-159.7596661621488
546.3492535722937
-51.48463531183189
-84.58723767744648
-237.83852085794632
133.48353557347153
133.38753054012938
31.68658954340514
-98.08632927645033
59.90012625439084
155.61598500138476
58.3795331281586
-253.62953560184607
-191.45685970587164
186.45362395488164
-51.01074788654569
-113.3220889386757
-253.94346609874657
-20.752488669630015
-22.916310109519962
-4.123713310527235
-159.33672369941365
42.676935249323265
-94.48686238898578
-154.79013836579995
39.85506876578118
104.06500039637953
-53.86647958652553
137.18016688693714
-214.46740928293713
57.61981376025556
496.60761913454525
188.05502109952047
-5.323852003516699
42.25745046760497
-43.98779030524948
-130.35976390638842
134.87618657966956
-198.50113648166646
-303.42093789661965
-155.33736320888815
97.08607577098276
263.2575331618227
-82.89777883972947
-6.740195245321223
260.80773992542765
35.37022279309671
133.49676397931538
108.63682768393922
40.67326864490478
304.28733464905827
-68.60021911097756
112.44417108978934
-151.27240973848663
128.8879857785714
187.01898220399914
136.80093974032985
193.75157075948536
-134.0760306707785
-172.12028070116745
336.79992054234333
-14.67016080566727
-54.73068918772805
175.3549158442032
-79.62392918458646
-67.46181821867228
114.61327321273792
-8.764993479103698
-175.59633984329682
-47.351967304755725
170.40195715197348
-11.463626413306109
349.16064029937337
61.80054577969368
-102.51910891965186
136.80529933279274
-55.57811450480727
123.1101174183839
47.31069123939305
-78.78998048906024
-221.61184422599928
-365.3034588521316
9.63709080633027
90.72191659703938
-29.781407182750293
156.76443686663703
-101.81574205054906
119.466682462161
149.14748338732068
-57.717785203641064
211.04590944199856
21.45729823525887
-3.218556537394641
-70.80429346321147
17.82421197686474
128.16432883711516
57.12374376963373
290.28402573570844
119.2928881168806
-52.00731136936252
-108.43838533333654
-7.938692378693474
-139.12793508426083
314.3023406988041
44.874329932685896
261.52540510896654
195.46191306451837
75.40374229789987
-97.54150385385621
41.75195486514476
-184.29980972367935
271.6915144095797
-48.74130577400533
-99.77738656113976
102.56226899701444
-122.75250344278464
-43.154617251700635
-185.4971822817714
48.66070715478513
201.12725531795076
212.3103015599236
-88.94468497830249
-97.62134597977477
167.42883080984208
348.3702575300702
-207.1301106822875
-88.51822304167713
-22.39321009617134
-166.93434199039987
-180.8651836888631
-43.83087989530561
340.58992859425877
59.55945815723354
-122.95508123745886
104.8409090300554
-139.39954765664987
42.53964793816874
-145.2213715189862
3.6927606146048477
-82.23865317871402
26.40162836888098
-130.5517359100661
-114.71324180575039
103.99715322944603
62.24403916613417
-71.0829127874153
-253.24205147571882
-322.36822635022367
-87.62439253520563
5.456654458600768
-196.41458118224708
81.34512452878184
-205.0428553709193
-110.11810001858557
305.0789717056186
26.855178871449844
-54.466108243866586
-149.58009910928553
-130.36459893101977
182.63669762619696
-448.97154189680117
2.119724833039961
20.08887302892575
101.29656728305784
10.315486711358918
211.46102269237758
-7.672307726308744
-121.5856185502454
24.08550665598107
-34.90929705588608
104.29973009455811
52.710562007953946
-100.01256232792187
-118.5590263724997
88.48343429687854
-257.03026168630896
149.93435760605416
-25.54621517769527
-115.862499969598
160.24717316261757
135.41947519452765
-255.45659349582138
90.320364791317
327.0305156707061
56.29630174669293
-166.77999321951458
-37.86827145638374
17.798445306702245
-61.672278792275605
128.2626713149061
-62.22938025984566
29.142763801680577
-91.92233713071602
-136.78057440236975
-13.448878795447884
570.277291963686
-139.647884073041
-89.49306193135492
-35.72526119195205
-23.476879824137544
276.747000981073
21.574978243154646
-217.69928798980203
-162.91775829511823
146.0252023848804
130.31092324984945
-237.1785950262644
-27.588679397176357
-133.31178970457802
-444.35106280691946
160.10619649360913
278.80056979459334
-198.4748931457159
77.8181481096141
-206.1270065247247
-207.16300720584002
-54.959742639118794
-105.08595541113424
-75.73286661874374
-3.411020012111967
-197.5776849492382
-145.1243830273993
57.25948317800478
-37.80626048530596
-83.46483908445936
-129.41630217039386
-39.02877662275636
-163.47264081052975
70.71437994333833
-115.209802554766
-91.8041028206159
-46.617602722361525
-229.21466708665997
-54.80702520295597
42.13750088981613
264.19845548723833
-137.85182850749746
-319.8747701305965
-33.98198088521267
305.2330565619378
-290.6845082074731
-271.27602717488713
349.78531548766745
-55.74374938784523
-177.27340154431528
203.24981105191526
-45.96307193056495
-71.20691188622047
-85.62475492845121
324.1685458161458
-23.31442521014639
-335.8446136777199
-374.66493101261256
-141.77732567922257
-242.55209053703376
-122.17544125979781
-234.747672450077
-143.45522177591968
-170.84937159133509
215.26735397848253
119.69107825562905
-6.777039307026507
99.60303195163006
184.95893771245886
77.51261406237715
-100.59667638636877
137.02734021108705
123.52264857129249
-195.42335649972853
-154.68366120218545
158.63390683672824
-14.625129136405153
19.651792018740064
-139.22063913101337
427.5529558029744
56.08587829555395
62.06755190689661
15.108611906386859
115.00819034146139
-48.893380850739035
-448.6776136359409
195.4012699406299
370.19884840847965
-82.04627694643594
-78.381894192412
169.76898904170037
-130.29440995378107
109.2214986720322
23.527216512742967
166.90786632042276
-43.618423980131645
-212.4858306519239
-128.94934156048825
-228.24062133487436
-41.19484101323751
1.8959148548169393
294.9384150492742
-58.22821736039629
188.3402383057784
5.848046047564828
-139.5853795007631
162.6541607733684
116.2459631228069
280.8057442064078
-105.92641329523995
82.4954039373755
-67.69036647396
46.357931005647124
213.88139998702096
276.3866681738193
-362.49325238599937
-190.3984664381304
86.6389740569099
-62.498056225006486
-57.57295728004392
-109.33922393018236
-0.10056010473798471
-10.091397132822086
179.16442847718932
172.36376340595112
200.63903434546245
-133.0566391759299
-47.22587429831246
-39.4593637051981
-328.9783583476935
18.92535775996264
31.73016787508517
373.30293667767876
274.4686383968235
199.40235305580788
-32.92403621837551
172.24313289643416
-74.02234564757275
-198.29435701526026
260.50007572609655
-74.9510502111036
-10.493748414153005
-109.16214938563573
475.86887059632505
-21.69115064553494
82.23339413314112
170.498680866667
26.609062566603725
-1.4109293123393662
-77.38556749290558
-69.88670135384066
413.3947784819444
-224.23614948807202
-38.73391037047982
69.5341633133094
-115.47732390091406
252.99618312247532
-492.0783357772886
270.775533974207
152.74713973190828
42.712520062226304
-249.56696741440894
-107.36149269863071
273.1468103433913
-128.46924681415143
-196.58036940951553
123.00158606443728
-70.1327805888707
-202.99844946580086
370.97471297706824
210.279831882921
263.2392841114991
163.41259963005194
-1.2907596840343984
-215.02538157107392
-62.20628322266226
-17.174874856193647
-146.18581726307173
-195.59643449809872
13.12585315231248
-347.8055061871697
-149.9604713323712
-149.60611232145223
62.12627792621944
14.492877479914961
238.16085338858645
187.43777123877703
-245.0925304220576
219.70152908851335
17.095797201002085
-102.857523194139
4.648015437366615
84.77753560034539
-276.03283617868334
-42.59187787414151
181.9308816971176
-99.84374045494505
174.39748783720023
-224.88655768967715
160.7482774678588
-52.56284034244464
61.56632918474648
106.32685038671083
21.514985259293688
-64.22993279986422
60.17130300521334
-7.335681282409982
86.49390423916414
22.917860140162524
-271.30521844404694
-123.15126524378418
-300.70937569582185
151.22940977380014
-142.03570109384182
-161.79891169310102
-57.992498454666936
195.48368201219668
-101.58937482921762
1.0020165315488514
79.49716639008338
-214.86598906764547
137.77581712132707
-50.25779714952376
67.90926143787229
109.01690569817465
-304.3062996498958
-194.43458219605145
-101.55225825448584
-129.95603797735717
-43.9253992647379
-1.3479920685439477
-259.1304102994146
12.267807987167975
-12.1767084826653
18.47557518804616
111.66676119656148
-111.7045117087804
-160.78727006102946
-57.23808502923786
-232.21315741050935
-418.50414980356777
-242.76448912725596
-4.5043153319847535
-105.23313514910724
108.91212231728372
15.759138618251644
-135.92822119423795
-151.52427101724842
-282.2904156704815
221.966374875623
25.97820081332861
63.222811251241005
94.4458934098352
43.09208129805754
-121.07562562790898
123.01423623063702
-177.17326317368338
-134.95031995015677
-53.92601219573024
-46.58240652101962
