-231.0242489457368
-4.931649878727995
287.8747663196271
1.3873477495992748
166.76599038951272
-114.63596115924322
-20.02668527755567
-244.12869618095542
-86.22011937505222
69.93234464311944
111.4720274588089
-102.22279665910746
180.0609963633236
-65.19443564272656
130.96456190699607
24.34581110427183
0.6722157199788619
-564.2896748897633
-164.85166788418357
-325.3558617712763
-6.587137216279398
-260.2148426132062
-166.59449207570566
-370.24527862038826
-21.545424706968216
98.99931815619865
-185.77777452255515
-51.88880906538904
-84.06143968731656
59.322795720599395
-36.66473627256439
67.45221103318029
-29.659964031555102
-267.063545650778
149.90792950393183
228.04663559849794
-15.984188429677307
-32.73537258441552
-77.36909848341041
-271.84089269744857
24.52354496362274
-207.93660034850708
199.97949013221188
-122.423338563588
3.3138628805596992
289.69478822788915
-6.966417249385314
3.5858015587469527
-163.49069216974837
-70.11436780787874
98.96085093207962
-134.9204767401677
-98.21180942077577
87.12248580043959
-44.19645754839196
-17.64084577245109
-41.089687930902265
238.85432073048443
252.6308672314252
-299.5085376669371
102.15548307679859
41.78616019869776
72.45942625392732
-100.26517284265832
-331.3576186340625
-24.004619049411325
-97.08192512035411
-78.3520980103579
77.65975749485199
-30.58679447535783
131.23497824333512
-345.43148369648486
-58.61883510615703
81.63830580867653
288.27808229801775
-38.8294653002717
-44.76078428700109
86.37170756477532
-188.35204204716248
66.95143726363612
17.856776951663118
108.66830163732286
-351.41546181418016
-97.58581585371724
66.46247514834181
117.99140026737183
11.02639022444739
-88.76155267254843
239.69368485669276
502.79249768420993
216.83537489970163
78.27090945161021
48.19078832654138
-70.11946831768122
50.10616843537754
88.60021290804329
-295.4015652167099
220.5858965835243
-74.09060073861518
3.17098098339734
285.05373738625315
15.740718568735758
101.55740659477236
-142.12497346127515
-106.77551093500266
-14.50305670937204
-159.513875760618
-65.93112283777096
-7.410276621270636
-19.379803610858716
120.79611445110972
141.65241866109363
-90.42860419291904
205.1763744537709
251.86560335029236
97.27451193243992
-173.91222189128004
-30.337209154361233
-66.04274157183805
-95.43835548411013
24.166357678576144
-163.86081658766378
158.7090628491461
245.42673674410239
154.26616850155725
94.73015174234021
-183.6826593292577
-161.78080349687127
227.55708279476687
75.21661429639846
468.35463227400317
-309.39149550748743
-105.16672685633824
-17.890858002014927
-277.02143973264623
-237.6687733357916
4.7442943661650645
161.1861950396893
282.2515039731664
-294.58481625906893
160.7923685996753
89.11562980289676
69.60393583808161
-105.13727494535127
-56.7139913164208
42.52789797384353
-68.01354521234076
114.04344305718999
200.67160291391747
135.08552258440275
-56.50313965353042
264.2671092376025
-74.75847543261476
-265.40575883344127
58.25506132319027
-104.40675887928883
133.7937430312613
274.2879501216728
92.82300609921366
-51.887094055218526
168.5124733803597
142.34848595601161
210.27334382120316
-180.1650400939509
-53.12012611079226
3.784214485620946
-47.17128862543263
-123.78835927122333
128.1748450599805
47.733368821340335
217.81715248721187
-134.45746774795538
-6.829444564161981
40.52517268791435
-74.9417098887144
135.49064676637104
127.47611975418695
-109.70020837272033
115.48535716944026
-112.29184306087876
-144.44019404823146
62.23662705846168
153.018036462877
185.14043664670658
-371.0829413113188
100.09659743982647
44.21386695083636
5.486287533072996
29.630323744177982
130.75318090430198
168.8071407093988
79.4624407724623
130.8284579770007
107.01198408400438
117.26050757257741
-153.53561447199854
-92.87240400079702
253.88011542075444
331.16133676302326
-139.97276487978868
-359.15001772061163
-58.88200847486763
72.27498604107646
134.88340402330925
105.23974652576136
-49.76824639126804
13.343191699664315
12.64145004847035
-283.45958028032504
-486.14720369314637
165.62842294866323
59.66237754125511
172.25135630574098
-72.95526154425134
-195.3833836545899
158.7455883834877
133.82430182703547
-26.874051922003837
-154.6864934912557
-270.3936992766968
319.93870615160967
-455.02219510128646
99.91134082530235
-415.24430901742016
-68.62568567259694
60.03989347566792
-193.23948457672873
125.92869673639166
212.04065426848703
122.94414871498529
-52.02458005351346
86.67096219437705
-100.15065414602498
205.38681432566787
-180.31850751714688
-41.52914865424447
-492.17832344571144
-158.4331647601903
-137.56542018975853
34.88922310701363
-125.20073002084338
150.7514098866271
105.67850580431153
-292.023963216041
-9.239460179550356
163.93137327705253
-106.45557959163477
-400.1550019117182
235.65719356513856
-119.4052782577981
136.78506868241368
-134.9481919479343
20.569683130330144
-205.03808547649203
264.9378462274382
16.20482042972749
94.91340612688832
-148.3762706681529
-12.296839972393142
88.97841047220591
-47.23573993265384
75.5846776506123
133.64893421308724
201.92750624479902
-17.33429519575715
141.06653498554286
185.3026788515504
45.69365413490771
-92.26815842288043
-13.867146735073037
-17.925217793646386
-199.12915296258907
-121.27675804967272
136.5990700421121
-114.734497817757
258.9391856566608
-85.00660864397479
-41.0995079953054
254.19018057747076
57.81675272214304
11.277850215724293
-194.61827901606725
18.851241186175393
331.999765380301
-249.89273388865988
123.04604735851576
28.086451190516815
155.574353420305
-20.738201153799817
18.35942135783524
59.17636270419122
2.644162846715457
103.21896959368125
-84.04033937798583
160.4250975463463
-193.45338041168273
272.4766875782678
-8.807538329175646
91.86864070595477
-83.35761378510874
-134.87439461059148
-143.32081916414737
158.54439981593688
4.252673070426514
-170.73732072040443
-227.86631709685162
-281.448440182897
252.4816642252894
-65.33264705732648
44.06570900740765
129.9423915764955
-140.1962621813882
-44.426149527347214
-6.1002648663648165
120.27105013131695
-127.08413611267919
24.956601065522925
164.37210705417783
-6.055503193936223
-202.8940059982674
299.7469385410621
36.50801924759433
-155.79855140642007
17.51267233683878
-139.44299235956427
155.26479341020683
-37.04413390182454
79.43696983150366
-115.78196297033088
173.40081803714844
-209.661490733874
-141.76589587729026
126.1130053966497
141.52859990950193
328.3535916401801
-241.69342517789724
70.87632298426925
411.8481737149598
-14.752549863109778
-63.66902566208356
175.2474208082231
168.88289352274472
-217.86892065201627
-67.78886279570044
26.6894539294471
111.64882858630301
-145.89350244677448
4.358397564662521
-152.8034064326061
140.73513943072834
281.1911214293367
117.38020132330152
121.74160117441197
29.768657815226746
2.276581000132604
-124.15538660597687
49.76595338932059
63.303204810255274
239.2274702536999
-34.96516616614501
210.01173446628925
-343.76920257116177
179.84519545941095
142.45386618983656
-134.02749934930335
-209.8412623636299
145.78745483564427
99.25588472058325
162.43017997158194
-279.0692567492234
-207.34033067353042
-14.373891826510157
-202.25740245708974
191.35447000746444
-161.9156322625107
-123.43470425323285
-51.55731602115069
-38.09330455151568
88.0058660332135
-134.8485433244097
45.90543863589077
83.68833261417257
202.8681606373189
-203.0845039035888
-63.92078878451519
148.14452020482884
-72.00474485158317
25.248352732960793
-173.25553590289138
56.176367373142405
5.552176269750475
274.80365295016094
66.2695833098706
-73.41542116704564
-455.6117770444922
-17.334866588833698
-113.78939593243997
-370.60359936122074
-1.5714418318404875
33.624343793272914
9.583810358393242
-64.06103687614132
61.74486007114729
-22.464480813767803
95.703425589139
13.680304310785974
-398.29747001444537
-75.90030190602006
-376.53206994290116
27.311487502051037
1.6250795606925972
270.06208627721514
-193.06202505344058
289.75767938479925
-16.49323334555668
-84.68979595562169
-32.89541546007332
-14.109695051310025
-102.24389451127013
173.10555818657983
141.20372317070556
21.520905766745653
217.7399080591217
-124.93341665718948
-33.110589365158965
235.60413287890788
-77.70888053681199
-35.463439743756
-198.8619533590611
-127.39552393004809
88.56569996662971
141.68904033718067
211.1157043688511
-28.520642233855703
-175.21630112527885
-43.252593929384275
-18.133708870601655
-2.182756698518631
-138.15774029969668
79.78898834702946
-122.0030659086664
142.50476414327343
-238.4323729844001
23.933104712924937
244.9758334398423
-119.78796722743073
-295.8846423427656
-196.05663413031968
-165.86327355577495
46.16658343312972
-46.63569796662283
21.770145040431554
-334.64228430484206
287.71644618396635
-64.37324877016547
-71.31449958379044
-121.63606779879646
94.74175821723907
-130.8442102778444
99.49022665662172
-12.454816233938013
132.68343614844966
44.70260228721203
240.93704373569147
-96.5060937271833
24.851960622402054
0.09489586105245551
-69.10169082163587
57.31522111150984
-407.327063359278
-306.91083733508975
8.896300163181238
15.479898404469845
-224.40221649788353
126.15600099119189
258.0505330029971
-165.34684729001495
-370.85269310685266
-93.0502407764173
89.65714959243685
-108.35151062632673
-185.26916968777505
-98.30129082413188
-281.09060748233657
27.062632560362665
202.03603462628666
151.6327669822435
-94.63124170527203
181.19837283341874
140.73278539040115
100.54278199064855
192.68599144945438
71.66231927644937
277.3931530849484
65.20874013735386
-23.31780256997132
213.26056752871744
119.74248660465167
-181.7116254717827
-128.96447715714345
228.2990655680827
411.1248866194857
395.962133658509
262.17398704724974
320.76659548889364
-112.35967495440555
11.978049745749725
-1.7214240229153515
228.5123727129849
15.7361887619643
390.32407449472566
-62.86569236682226
-19.06968913506441
145.57594693331654
21.864333418666654
-159.7452333834532
-70.81279370635073
292.3869127921334
117.90305662131604
-42.58329723792931
45.026275181650995
119.47943195500315
120.13914582763815
-100.2284198448169
-8.850156539253524
122.34146671468024
-85.29278131081865
-310.6274990682322
86.26462539078996
435.2304135177863
181.16762193897932
-100.38698079574903
-175.4259037061527
99.18772134387487
-191.97184784137198
-97.47552800606958
-230.31333525491377
-64.69070007051859
462.0414576543918
-108.58158150252255
-122.89293374260956
108.31799616771657
-248.21992077990038
-51.50012331383782
375.9900255433017
127.6705411484282
1.5661924506063998
15.046244586728674
-141.28110257661902
131.01506070372056
-57.13752950461464
-277.5366621566313
-32.0107962688372
44.38303323427245
-67.81859348501163
-29.074096047318665
20.18640976843482
227.61248392544124
39.674387134352884
-152.93802161850337
-82.01867488324018
47.07154075313935
-2.906813113096729
39.26269096864687
-1.5571971841921552
-426.083938392286
294.80556091362865
195.70157033269288
173.18614204604918
367.8227486170553
-94.242410595059
-48.327861936447334
19.82035858158143
-151.14396890777599
5.7634721870794134
-13.483110635170085
103.8371507396877
-89.34536860641798
-84.46448116460799
195.59403723717858
-168.87156754133198
117.70744042957288
52.66076643153572
-38.708791839196785
89.97690520382791
101.2904224476545
32.00817559282202
145.06914937692986
182.71153792519996
-56.09225834003515
-32.19098620772308
-17.433348586994573
-176.35376208997445
220.55398172287516
-188.17939017602305
319.3070926641943
-138.2289473871851
80.84828602454103
215.69725096006994
-83.51550800146366
-550.5792629132341
-12.625108451508366
-277.0005702327334
74.65830562277509
-294.33111745721504
-10.351671327361833
-73.00437531357751
15.219002980815816
244.13048721797938
-16.293487604585184
188.60349861302072
365.2343779591094
71.59800046123145
-134.7295958759981
23.90252908263327
-7.999565403642134
-251.9371050401923
198.45371358120332
241.58027329239462
-10.578672932422391
-110.2169789868075
-23.31902163083354
29.999102689131785
208.43048857874987
-68.42741899013602
271.519230687153
-186.34807256355975
-53.2237638051208
-413.5129911840094
-89.14774702457649
-105.86472342883485
0.08190369411044651
137.3815534166923
-6.755907466003027
115.80701495769698
216.24870645820238
120.63134561998596
79.3059844508678
-181.42107846699437
283.7264478503427
-151.48880553101893
-105.1620203131782
-35.35147674598654
-163.14960289194215
269.4236092371125
-110.05602900683961
69.08641247556133
-47.522297702025085
-322.01509024557646
343.8659003368261
51.10609846035329
-159.00110463826536
-195.71387272659203
-67.15807544846619
-23.653864483199758
-114.78611346013439
330.54024692334343
306.2404003149774
66.72941127970691
-45.20395590988583
-102.96886414115059
-86.55705707648471
-135.3852599776099
-261.76342707390086
20.756673794321095
-253.27422095770973
126.34259131532436
139.2990085397683
107.79652154122418
82.77201129936357
-57.30944459110449
23.253932630130794
22.290459531247812
83.58861295059677
148.26871938558716
357.5038075517694
62.85842158251956
248.44752414707983
-360.4143766584076
206.7430326842419
-204.538894884764
122.56686189450308
44.38198183852024
-55.88817256120627
46.586176481150154
-403.4731073181678
-17.367008697379365
0.23079086157606565
43.04565184010378
80.08767440236655
156.4013973923997
-44.45947870669877
216.8020838616241
47.622932564650434
9.55175135726106
-73.26785105469949
-310.2252449141233
224.4836295484508
129.46811430767772
188.12665237510623
160.9822517583531
8.949640877766186
2.4899340718572063
27.68866993766188
-51.403689128605464
225.89721665428257
85.91725665450188
-314.2220034739626
-107.29820708557247
50.62569605664274
127.31210577270751
146.3491082963436
-177.26433046092967
149.05108495138114
-345.0020709937987
-32.311356690944116
-346.68877102086026
1.750664052023473
213.38370177496012
-15.842656861363292
-381.6738494282946
264.7408246897835
-61.9693213382129
56.141003138399874
273.4691169945844
113.91944952568659
-72.15824697285767
-109.34784421150778
-137.99397500667914
-35.18622998626818
-110.56738113180316
-36.412426042056985
-125.8548402034516
-380.2397873111926
-262.027958349968
122.27936651880125
154.0647428840988
91.60058123742576
-66.31050375816486
267.46993483005895
-209.9014176360604
51.36594241903612
-203.26646251231122
-110.44448427578398
-360.3413646755734
95.76891656820975
-29.722073591825595
30.211822753441723
16.28976088465842
317.11397803649
109.64264270448164
145.9700118425497
123.99197671656647
-50.3956149543781
-113.3693969198457
-6.81433755532567
265.509938102123
-109.91101528919476
-205.44719659985046
49.556254350690935
-175.41092264732657
56.91145856169467
76.89970623038818
-43.965933491141264
335.7738394877075
158.90871632185176
-76.29715280343864
17.697558773678455
-197.16130766667663
166.02275033847135
-119.50287438530255
136.7863336020142
243.46211916678013
-95.9864918870718
358.73615858841873
-195.64704364077156
46.95979979245466
-12.249165956816674
-30.40920452374103
228.39473034630402
21.322831348198456
230.74801346477838
171.80133274465857
-36.42488821516188
-86.17433350227265
-101.61045692381546
140.4690992838429
-176.39670195955725
-70.02835165067316
80.81428988669957
279.17798247464555
19.24103468672482
21.523518833990476
61.89482680032175
-271.06745817762516
-87.35680874391592
-24.653111277935036
263.8043731128134
-263.1814599325576
232.72308571269866
118.99929416324716
-406.70905280520196
158.2109191015389
40.171681302412736
-249.46531293514377
276.3074431463112
34.50473210890713
-227.60746961870052
204.38357025103443
101.1113848384681
93.88050180235192
55.12943519529593
258.61686410101635
-31.791652906948883
247.23506650302483
181.49974660922646
-208.25489962896842
-189.29296581617507
-170.43319800347385
100.82511047671545
-150.01111648839543
332.9796412630615
123.63373779729527
-157.14906917308028
-119.40401695630705
98.84023311716533
-101.6317676110638
-52.45830764859769
110.60690149054837
9.614418133166925
159.54570912949146
27.967243660516928
-159.49595912191592
-6.961141141346898
-232.80036900886503
-6.369459547995142
-108.49443893315137
82.4832692379794
-37.534172913674354
116.27778194853451
148.32140942762103
301.04543018085326
41.92708305826962
35.47394364122801
41.2906685586774
168.21167487280127
22.351866728984437
21.74555799649795
85.35800048318634
154.7058783762774
-156.14153341757145
-250.72968293486682
-181.23752809404374
-245.9189814456478
-378.2469442187973
38.96678420137632
160.08714167708473
-335.87356274707986
-54.34647709839784
70.52959161788344
-36.60502035390953
-76.68212345343483
-194.96702500211097
-71.28916226226049
-52.82758357270187
116.57797497865899
196.47192258282124
309.42844796837863
240.99442601876694
-81.91246028420629
-5.794287908262568
71.4711248392406
-136.45825921451856
-65.44570604600929
-6.37630351310213
230.70118024111213
-43.07321445941228
128.9709518815049
-131.089285260303
-25.14580052665209
35.99769200512013
92.30566803987557
-154.00670572744525
156.35228191432546
137.1730945341273
180.37614804689403
-199.4650883304126
-281.9589425510192
217.00698234400423
67.87756053379648
-47.6458929225809
230.75402449015624
88.4365031310936
-229.8112020799461
-8.170682236313537
91.76425859778736
-18.722423943155547
-44.075683080338344
-159.89437558120662
-133.95153727462773
8.277240185483567
7.837631050928042
174.59584796451972
88.00216116960283
-270.44641125932964
254.9178052940341
-336.5576331014867
-36.71012642599429
-105.17972684154186
14.50248668759043
-165.544171542237
263.31769706147816
-143.78424846698002
82.79922458501048
23.140547656714045
-150.88952333898646
-12.396691298343093
116.20973767229725
-225.24574561183164
161.657330330877
-74.59983179753122
-5.010814701307851
66.26769785048307
-15.185453461346665
46.78345119726846
-391.68083714818044
-101.78237659518136
132.4135182301338
-49.19019080256173
-174.35554558110184
-85.03025938140541
-53.88521402335293
203.94033148432615
-220.4785719520333
67.38788601215464
-68.56390830451392
6.947635442178165
57.34455118776262
159.50123088138182
-34.24106762275254
29.683156464256914
169.4004671928856
-102.78671837848844
-152.65843884560707
118.89206692823949
-177.08963478685712
-8.020710652444688
-247.19977846773054
-171.4266342107264
-128.53341654443184
101.55073594169289
27.00583658782897
-86.46725637197834
-112.12586897185912
108.8725595231529
26.157914761004612
-212.47377584758195
112.74273440264547
63.42962072279146
-73.67838005350922
-2.859622341802942
104.72523625848649
227.69153433417932
-35.33328751868046
21.861468342165942
52.34803768914585
16.656095648695057
-52.96452498794764
-275.20119377598184
-319.9241933007604
-378.3229602822887
-119.39376188948445
-113.28443504912129
-119.41646930481893
15.669252646373383
-229.89658191886406
449.41745261348996
-112.39595698954625
243.0495241705868
-359.91792055244264
-434.7431023195583
99.89311211592673
-7.234218014965846
1.4519813881887993
438.1065762746525
126.99431200778507
214.5188818996379
52.44302318358963
9.131164762699484
52.96808391125701
24.31979747229943
128.75870196777373
127.93942731782002
280.7248869810268
95.56512389464274
337.7241349842371
11.366667418025065
-159.3832163060843
99.38789538861342
-1.5172969304537132
