5.896139729867183
6.3707965143863525
12.714709084502834
6.827085994305176
0.30924741976201015
0.5509613807544232
12.959829886102009
0.33703230667010187
6.581466735521892
0.62135292346573
6.861181854323728
0.8320227097966022
0.933281358914276
-11.70488440489049
-5.955985805032673
-5.917799723620566
-19.124093797686097
-0.9643520473276318
-25.7807233755708
-6.632561393702233
-12.802574616747169
-5.619310543758567
-4.78859740652475
-5.233138131784036
1.040292598219851
-11.869018889036282
-11.199667051750483
-4.322860250435377
2.004304958264389
-4.114666517998085
-4.329349403430277
2.0204554507788846
-11.20123189558198
-5.364073250082961
-5.629938689941549
-5.187683545598546
-5.169483512967203
-4.315120621049571
-4.179730606670221
2.6525012806731816
3.757431373197451
3.8270476168399084
4.579518449527377
4.817724999793743
-1.8173203359601273
-1.8805357760545682
17.37672574589615
-1.954107672936607
-2.662123047765144
-2.3715480556756727
9.647629599351944
9.953953379098422
4.017106301036306
2.736988470910547
-3.45447431662198
2.6147751512624713
-9.730496770609008
15.519888293358484
8.868162944507448
3.6051934194198396
3.5306798453101003
9.860832619103165
3.441065944278645
-2.5107741345356436
-3.043890652454198
-3.2420974653919687
-3.5647639274034213
3.1173065953385715
2.714528218777737
2.85797823530177
3.252757714496649
-3.69443453651622
-9.715153648682833
-9.889907431436228
-4.004533192147763
-9.794631351466085
2.820938709164899
8.298762250334653
7.71657772329702
13.674409919440823
13.771965155217911
7.322801925064361
0.39866535572475104
6.715820708928842
7.451900825308126
7.664686979872482
20.26641669551223
1.5772254022425725
8.564539382820097
15.071520764474602
9.364218912971754
9.183476014218698
3.7243338136785513
3.528664646445852
-2.7406765973565896
-8.258236330145763
-2.2921552815795114
-8.434411738058337
-8.138210870796028
-7.85157668437169
-1.2997921858978885
-8.180982897797774
3.5574457920736013
-9.24430558701836
-9.604362086635158
-3.778164879670181
-10.310354111079526
-10.807976918239577
-17.293506779468238
-10.72857431175888
-4.563663479528596
-4.9942356751686745
-5.325070745240383
-5.512561876286233
-4.219885755401214
2.175080175881873
-4.424563132860979
6.923133171869582
-4.605393587545482
-4.323470754015459
8.12702675390176
1.6659921785445402
-10.73815916426122
-11.252299337040531
-10.591439820732505
-4.9038380890116136
-10.978898812376993
-10.822935627504231
-10.204885114955767
-23.08113123506108
-23.030972868221603
-10.953084910091976
-5.397145312100058
-11.306690308769092
-11.974813786683317
-12.222358255763874
0.5197919146036027
-6.575247867933538
-0.4912453195466572
-5.865756394357176
7.026915488236968
0.3368362402036844
-5.709819652184024
-19.153951710889775
-19.73348109101934
-13.062543362881506
-12.918058407898446
-6.487328981421334
-5.944162797550483
-6.096512947845196
6.023575303969879
-6.445161198309995
-12.47852887823822
-12.377817055199737
-6.000516738670435
6.764085855277736
0.28763422534780203
0.5597049503444449
-12.743162520331133
-13.176891368397522
-19.087341030967448
-12.942068255181406
-12.40196048810924
-12.46880879146409
-12.442728412972128
-6.579948877179956
-19.40492983587022
-13.084288225244215
-7.024981556811337
-13.291980305566387
-13.60604779140904
-14.297133029006606
-20.847829560622525
-15.71053372858031
-8.308659486715326
-1.6434304456719113
-1.2897074880323744
5.638970680137422
-0.38204018788524924
-6.719501925724317
5.7260051215040395
5.769459195354137
5.973049011054291
11.972052169849832
11.742084097490423
24.129728369426275
17.806372611307054
-7.124041730503401
11.72567353190502
12.50754663548955
13.035452942012006
13.51264431601157
7.557227132879609
7.704236142236576
7.836712696369662
7.778499297896873
7.290257803796113
7.344687803924435
7.222010753596142
-5.887606595989887
-0.04360071574887281
-0.6307765741969305
5.524219838621631
-1.5181472245490315
-8.63082760332588
10.274264594026318
17.124213253819864
17.2261210902073
16.850191256274535
17.172722431404328
10.698953200365828
10.88487711297984
10.817988628534248
5.146127663868867
10.85112491868879
5.006323587654756
23.87695924570435
24.04336586418405
17.922297661315284
18.11914127742689
18.66853634870802
12.840533713352935
12.681958442667025
12.925290476417695
18.955452500790997
12.349378003169651
6.306072279838381
-0.015356397582550474
-5.355476640840739
-10.465688261504985
1.9272700732025267
7.395579639728579
6.240520860584353
6.132807273428081
6.515303931532208
12.638068921128506
6.27541099726357
0.6777308361136084
12.352886470911157
18.485758807772285
18.815136441912358
11.491264926814365
-1.6263373878329095
-8.041272399108657
-8.186561126543564
-1.6288464101340565
5.345348941567362
-12.976179603810795
-0.7453112099720586
11.430954111734955
4.7981933260741165
17.10082975810387
16.969694253527265
17.267910200235416
-1.5991768312301688
-0.5803093101704102
-6.748722476388646
11.686912196873049
17.877297009066144
18.054698612711757
17.646431863274728
18.415500056269998
18.82706329349657
18.846179913212424
31.421628426993692
18.99899663547419
25.771835128656292
19.40209951529552
19.711971401098115
12.562453211819674
25.80024754626339
20.59359686337426
14.576892537910531
8.45271547063646
8.755196853313622
8.975680635920176
22.678749393756238
4.15596527450841
4.834776828741106
10.165099846162526
9.645149158382317
8.874107441640138
9.054794322380527
9.326945594272978
-3.872172520534994
14.692088805238896
9.818040826891716
8.812984012994978
3.099024270616839
3.2174612939676277
4.525070412330356
10.623672809372922
-2.6528328731311293
-2.560014022151231
10.2048538269536
10.142837950606914
10.518253516377065
17.090833385557747
17.539297287615806
16.6340990226087
17.112278420634706
23.568874471419164
17.018937224026857
16.394528488586364
16.765389122977847
10.9164796500127
5.364117392676981
11.269637428824574
17.572440679921602
24.33195191044551
5.8021375256765815
6.463323034757171
-0.7803587567981543
-0.5527858379454551
-7.229404682706138
-7.192107803117759
-7.396101050914991
-0.8125502021802754
4.872624766053196
4.631971771206889
5.139703416075196
17.73675981435698
23.62446524518432
23.97552181298316
23.591063759129135
16.71391553090737
16.47925468330307
15.908461542475365
14.963167025046506
21.120841942950115
8.772999467586748
8.967507502771063
9.160495627775457
2.6320070956982615
-4.224191557918149
8.486067723075125
15.070417740998804
8.284722508840499
8.664577976027468
13.6530030947033
13.94567674163368
13.645415634413377
19.889974060869005
13.524715782095972
20.316846553448908
19.719315146911544
25.9190838049606
26.085112573454392
13.627915398506847
26.57150443773266
20.32230893840387
26.280816976930474
25.341856450299233
32.2528992606692
31.843327475823124
18.871515040718222
13.166477004036704
20.090866805760154
7.182759989930805
7.269288037493596
0.5324852691306143
0.8757859433571912
0.9444022569231574
0.1671482529073154
-0.20697632918016173
-0.31301750981766485
-0.597455420626146
-0.8276120238994913
5.065454297641455
-0.7149471040905961
5.456831880035424
5.789785439333162
6.411864734152733
6.726687731106712
0.8931836282836001
1.0589954321896582
0.2966965492960203
0.35280229829233056
0.428348489311657
-6.9661729270223285
17.951821092537838
5.136929632473191
-7.151803217153106
11.163154639521759
29.94395542898752
36.49951177254682
23.040692944003155
29.0579550882097
28.5767562116599
15.983701491094083
22.775451898420428
28.897844967915127
29.05117253687589
23.674343080819934
17.94326917666426
19.00812892982375
25.59376179729685
32.35229193297602
19.189873522813734
31.47343874119212
25.22389884877151
31.82492599576369
25.301106214889767
31.42773245615453
31.381227808907468
30.8424360370246
24.629433502192263
24.843276467418892
25.262228846615738
25.699335756515108
31.528623027425297
31.98841998733729
33.02460653647796
39.9437092351788
21.88313755462933
22.35626466029916
15.785693496630694
16.263679306979906
15.963338480384
10.136661675914501
3.3162470671614273
-15.600151950340871
-9.292738173052818
-8.946370859091656
-8.514505607681002
-2.680016578844304
4.147999102540194
-2.7869359767780018
-3.210817135239032
-2.8973437407401152
3.67201760455008
3.623517346890516
9.916910478414227
-2.537788987140506
-2.2561567985534214
-3.3105075122879666
2.831758678940636
3.1057146597347813
15.857016918046074
9.058095471525395
9.089843757186557
9.464407753987695
9.700056161482907
9.178080969056984
2.4331768403043887
2.6606786876531143
2.894357033710866
3.0659205792709443
9.11146134725336
9.029330265238325
9.199574948380002
-2.5432166883952534
4.579267425940919
3.7573290170840576
4.464948892976681
10.690714193769248
-1.486293544482437
4.923095315836609
5.670877672453351
6.144754673535301
6.146565581053639
6.235898006131608
6.250298368459132
13.239532466260169
13.274550009027928
7.3067512947792785
1.7335270430708167
1.7445505823869696
-4.551103407249656
-5.0368795272763816
-5.80695027700051
-5.358051635804089
0.8302086369496535
-5.93691986910542
-12.071076051988934
-12.370630176428264
-11.718407350369203
-6.020621040547708
-6.3181113044806825
-12.571360268632729
-12.20512063567335
-6.410722613868948
-12.98265371072479
-7.2600493609953896
-7.682858755466275
-6.608712145726773
-0.8788689628173268
-0.07242803876991277
6.149684832678901
6.176903081369839
5.74457587708277
5.459051859176165
-0.39538763235192487
-6.818297270501489
-0.3415571490126083
-7.878593064431555
17.289776828067982
11.268725319199834
5.297935555616038
-1.0080063922003573
11.362185613267005
4.7944346776597815
4.648861632662715
3.711469718527569
9.692248838378955
3.8721818328705746
3.650183355330231
3.761754560461838
3.5934927189600163
4.340133982722946
4.023780120600737
3.938881747587252
11.062086092286167
-1.360659346798103
5.308253230163479
-12.696193516469739
6.0299739048009675
6.31846433974069
0.3219555978986226
18.790885636441583
18.924317506521586
18.427564145702394
25.009922293609506
18.838600084609183
0.24834591159911396
37.50697973794318
18.696439190879545
18.235959378908507
6.251226155809621
5.944792816638733
25.146640000478104
25.766114840963954
19.637127152758517
-5.1086985968369385
6.599505977547357
6.5606233031314485
0.525799731232796
6.4234587771377845
12.990245555409386
7.160420306954903
6.819085077682411
12.66920901137912
6.753353003149924
7.053985686052399
7.722895972634179
7.953449552837261
20.43213275831698
1.5598419488361186
6.67495790421553
-5.912273411853269
6.564367356217412
0.6344540287063404
1.5720896305055947
1.4029173162030435
1.5397904094139032
1.7170006497638268
-11.482683784334707
7.53854585358671
7.536981764223131
-4.915663180123104
-4.55494696765358
-3.836116294007131
-3.089777058778368
-9.549106791999353
-9.366075518038452
-9.611972506367588
-9.830179295354617
-15.977469584087954
-2.877552221109042
-8.873041678578659
-14.633949433235466
-7.735139980484586
-0.9910484740587238
-7.300762511820375
-1.757010977579129
-1.7837939959458102
-2.77108191565545
-2.6289513951734067
-3.1043740133537354
-2.998404467567677
-3.5081663230518996
-3.66988464822387
2.316955733028002
2.100275656663562
2.166417522897429
9.123748494214809
2.6187513294764964
2.39064157543086
2.643481148823463
3.624627869312041
4.0121788717052445
3.08584733812575
9.020643612945971
9.002025456389097
-3.750636375138119
3.260804776159756
2.3552774496465645
8.403984879863046
8.136945720971157
7.465399413583619
-5.629563316545485
-4.182678275970551
-4.04694916653306
-3.723958699136903
1.9937196918056266
2.389076005696503
2.5582156014636963
2.4212884021131407
14.345000472117334
7.296920399949118
13.280882121056848
12.826827485428765
12.79291328377777
19.32336324271981
13.4588360255798
7.706207421039377
14.195181225955368
8.124395240071742
7.3403280379638165
7.010697344160697
7.540153794598139
8.058325163663168
8.446384939352033
8.162986863306996
15.300992336597382
14.622391934274154
14.954223479316802
8.168704294400174
7.968311126931347
7.792629506210266
7.691656816322462
7.900014419694216
7.369671374567313
14.14803964272289
1.5183593647249198
1.8796299829620229
7.889446822294942
-5.099039652886221
1.056361267917994
7.584802441888033
7.236965297581888
6.7334735554213765
6.7677030891786725
6.649694037878844
7.131648132057631
-4.763112800018919
-4.8511544031222265
-4.5792607151228175
8.805724547568701
2.371165830183073
15.30865770988059
9.125809696084456
9.778590068433441
16.195516540788564
10.4526598078504
3.9282133528161416
10.333054585137216
9.78418786701286
3.2988841509591786
-9.647575367456332
-9.425438237016278
-8.42829371449587
-2.63046869390522
-9.531574835117564
2.5946212284840735
2.4411706987566903
-3.662853778558409
-9.846423156740833
-9.842434725032573
-3.5671506250635945
3.8312284854847336
4.441848302744304
4.576279515468183
4.692568896012332
4.825990879223557
-1.0850855088836673
4.830935894366054
-0.9704382487239038
4.64383358035229
10.889643074529198
4.2490021403003935
9.53399695837
-2.164108456333908
-2.1344539593208403
-15.040312441775386
-21.753028772267335
-10.597151551271038
-3.4717019155972535
9.328705696744748
8.935406936529086
14.876262477832396
-10.915863815710154
-4.50793638482906
-3.2536074419135375
-9.012776336586194
-16.130403538483254
-16.827839174106753
-11.140410921721625
-18.150970255032462
0.3827049693704958
-18.10126627514013
-5.6780616766190075
6.565085477201233
0.5713197567873725
-5.418629339625034
7.635771702043445
13.521141109255872
1.6285507159533792
8.03302050293146
2.261573767017229
9.114216241976404
9.497919072528259
2.935659699866424
2.6552732723584955
-3.5555850330792076
-3.8050738985892893
2.452743021484543
9.12985165075128
9.722417023644846
4.2882764170331695
10.358413928966543
4.271082130457505
-1.6758461857713767
11.205088746889666
-1.3466687673570117
0.019782819243001626
0.02037191552845269
-6.398957224564093
-5.7510522046567365
-12.23850104569131
-12.818789401093255
-0.49340695608029844
-6.7236403925923725
-0.8763623674471017
-14.666533296300969
-8.51419875625071
-14.814181658223418
-14.686484829516509
-14.354258556626766
-15.073060434466772
-15.148530151151522
-2.8386259024734364
-9.61289232144795
-3.627810412268445
2.8552123586605607
-3.8629915586886407
3.0655011816932776
-9.941229698760978
-3.655387089357295
-4.4206685578293365
-4.560744975931309
2.228447681006233
7.584469178693262
1.5029109953345148
13.946908055034008
0.6992402793235889
0.8575604658242547
0.6872197931878089
7.500244602510672
20.232471304839883
7.698329860567801
8.195505945920408
21.509693447027367
2.156560849108471
8.790615232223924
3.099888149155048
-3.3573214872976584
-3.8454360603627156
9.020667150961613
15.486197391988162
3.3426122199169503
3.41178954501731
15.632952583750384
2.7856460841148594
-3.0895420613964353
2.63418842761353
-4.066968647028987
-16.073050127824164
-10.006140796502278
-10.265420958612305
-4.276913847404067
-10.508590222058086
-10.446998325610338
-4.405141842463571
-10.577274211778734
-10.776326007588924
-9.963672818107517
-8.670138586603848
-2.3013263053647997
10.553851687627505
4.083189493170158
4.2111570414812665
-2.3355622571495283
-9.149041382298261
-9.743011725860082
-9.876710996898673
-10.307297276381782
-10.751926275766571
-10.474774444774566
-9.226833322421378
-9.368014524343527
-3.3082939047931506
-9.408616822568687
-10.059288745064224
-10.451169391051291
-10.443686831548193
-10.245251000871509
-16.379896818337272
-10.452301364199903
-17.539767767386863
-11.490806086751382
-11.262514780240087
-17.789855275526655
-30.829224914442303
-10.549664179886685
-11.101597809581431
-11.309523670093746
-11.616273696617196
-4.8621636290394985
-5.418359548665412
-5.391338673203614
0.7365953328624515
0.9452217174502384
0.6649000021734449
6.640022879286768
6.772562076398053
7.183086330462737
6.563680067255382
0.13395707803724355
-0.48015704252647595
6.33255196456391
0.20938152199416316
6.288765739525854
6.690345219097436
7.2396927541085105
0.7489438933567072
0.9075183334457622
7.405854090541289
1.5795821414386784
2.314477011771974
9.259704667469897
2.46728438609855
2.9764674740172308
8.535949174311968
8.899026858869167
2.4887046307394023
2.478629110989396
-4.542818634459254
1.1298022533529224
1.0182377165794367
-5.333070126314498
1.0391633866689802
0.6910582604470308
-6.05264274817906
0.5015815798238402
0.09731072602964252
6.70553346384502
-5.60729983620079
-12.618012025635679
-13.163927932625983
-7.3490406655555915
-7.496803582953952
-7.408530274036427
-7.374273203946619
-20.466020037301266
-7.998974411612784
3.8273986372976365
3.602545917798142
3.0580043004770636
-3.15387199784559
-8.736473501316596
-8.033850431792866
-7.8599433189341275
-14.058535937774248
-14.099141932933973
-7.161629331624619
-19.97631449313158
-8.024349477824032
10.791983024192131
-1.6602163400451913
-8.061744525667523
-1.8467106495391363
-1.7426487812405738
-8.125336172791584
-1.427763617421579
-1.2160276365321785
-1.269557102222902
-0.39039951466680817
0.5351665108430717
7.6028584713479725
13.752070494851747
13.064754171612506
19.247772359182225
19.75669257935115
13.61363257170309
13.508518719670608
7.223277389366803
6.507340406701537
18.89520619496086
12.045828120680117
-0.15383205538420375
12.52524933725752
18.834598212593303
12.669552068379197
18.969542241893965
12.067872126293736
24.44041293799786
12.301309010972826
12.485395165290907
11.742237089922616
12.183269835997462
18.53511140384313
18.42113649021198
17.594138373516813
11.384063541798088
17.16776740131232
5.113141638344163
11.619201141384766
16.797898659916097
11.649829808854557
11.768394037329722
5.547405681635205
5.591069665362616
-7.0966067681610365
-0.5598553972276608
5.015309613148192
-0.7309263756865623
12.046099428007844
-6.740838795323694
0.1695138259458818
-0.17732864753183547
-6.4809638236983655
-6.447443477833368
-12.319536380643958
5.790103340095042
0.19958394453961947
-5.845172419277056
0.6944990440086162
0.7521991672093482
6.506439049546316
-0.3063285709063096
5.866306074619556
-0.1636147337011334
11.710838185441736
5.362780532357393
-0.700431156153228
-6.791797086337988
12.313854553381898
0.10351675557974116
-13.650158628804176
-7.510520416149094
-6.821992228385935
-14.279946104564607
-7.877275579921574
-1.3089817589625685
-7.010132628082643
-7.33075043400505
-0.9724539796654852
-1.3938023743277288
-7.9534739390499265
-7.625292521768605
-1.5331548166611535
-1.146559020250958
-7.567810815661991
-2.275690813770762
-8.062970762130998
4.544216546987123
-2.4188767321029774
3.4398595717058535
3.559337479556459
-3.3812139425592562
2.1044684177509394
2.2470153620733324
2.3221394005973184
-4.153480263978759
2.0389752043274894
1.5382068081080285
1.729754125021459
-10.149722802479083
-3.6653346232257236
3.274615365889383
3.1833229920379336
9.638175236452138
10.189457702114872
9.965706993208087
16.863990498611365
17.87925608333838
18.080053912787356
17.260293154206025
10.752000027743733
17.281463861571865
10.794654012433323
10.664126197991509
4.164315148049259
3.9478307260564125
3.945879249257782
5.453832439967201
5.05196072797537
-1.4117065846687573
5.459121100920308
