-88.50125350413778
-18.763074342423383
-46.96140182090802
-16.016141842375866
-198.60332598388268
-303.9513576490274
-27.877812102993374
79.53657797623539
-7.735681379286102
53.087127041534806
52.98167491726657
-259.5312852088904
158.14320232470186
31.482850229228458
211.84808784239632
46.28202167364306
-178.96203067154718
61.57261042963635
-177.18950278674208
84.74653856683858
-335.1641313595033
192.61403157181968
24.06101768982772
-22.762573463359846
-127.96261361299722
60.01043838824863
-12.403189928767201
6.923195830458116
-49.546586366083545
140.13372945816104
11.231061031603344
-124.37133283140192
-237.6762028748627
126.62778531658785
-281.7094967535173
70.91967723699747
-173.65354900434758
33.28707206171381
77.87771180679468
-109.16315506805206
-79.5093993607076
111.66824874929434
-160.06230651848594
11.976254815852581
-158.0927430820601
89.84794176430988
51.52532470318779
175.88801723241727
-231.49626751456307
43.76252470859922
95.4334656417615
-48.40153897138565
6.362535150166929
-70.4555339678833
-44.683106299922144
-271.8456130521156
153.80351681747004
-51.011050237569705
99.81599796878409
-25.51865954869823
114.09889135145612
-10.07085217381537
-75.72458788567022
-6.981262580951428
247.8747630447537
-25.155119859894707
-38.50308151297758
-155.82941559466494
-63.74181500592025
-152.3569159719831
92.74726450340748
-15.469796309477116
116.87764798927253
-42.35869684371955
-16.655832999792008
92.74890266047866
175.8730781068345
-214.0444168792072
-18.953916786727223
-55.40473909295282
215.2566196068818
-66.72964890556392
123.05033250824675
85.30840629467457
45.456018783942405
-42.9043459067116
80.8613496433228
-2.3839108872908463
-185.67572944298192
79.22901409226806
76.88568206908957
61.16411430257459
-45.98974447273389
10.618423496736076
122.65319489031855
188.07181451228251
90.75940673288889
34.150018427468275
-15.858615716803747
-35.28299965096
103.06085671877807
58.84110789765798
-2.538922507331034
-24.97472728201445
0.2498755381115929
-69.80615538301166
-139.53528774943356
-17.289042447525375
31.77442132090009
108.01845667068105
14.623361882267787
-57.65744323289985
146.7206137989551
13.613021853834702
-18.044437527039424
138.86791906500838
102.25701652735152
6.238475140572126
194.48611131168903
114.89915958564822
-32.915547147413186
333.536001539935
-77.63401483107822
123.80827975787346
-148.35029830961642
65.94469480783165
11.716422579273466
10.237938563960345
-184.55084930795277
-177.53176140890542
-270.8984737687883
236.48966730347837
-15.670617586031268
-228.36950479409714
-137.00841406010522
-98.02051232460495
-70.76520718733043
-31.85617596559097
173.64512579445662
59.998367343220345
-70.79908835199453
-134.5721793269285
149.66852862642062
26.889728568983035
-445.3259539809723
-41.07488463335131
-259.7379030135567
63.47159791416348
-217.69349409247226
-37.29825061919254
165.05613689976252
64.3079433025952
-5.742282829661068
-265.78578990132155
-16.934341685578733
83.54690106119723
26.418877570863096
110.86609034920835
-57.60374222345102
81.29995567679377
-122.46064620370129
142.25032050267185
-86.65754935341532
-14.97296375774647
60.761041261854615
17.62903642930994
-70.56251964310363
347.83237974787215
42.975610880854575
37.31399240565339
62.747530516794555
-16.583554573320416
-50.6869186244314
-160.25466131791973
-34.25536460710522
142.74136654804906
-152.42281909998675
-96.45137265099214
-2.738915648306762
-84.05944667314206
-80.5136506655224
-67.31102940273706
109.83653862643973
49.27708981173423
144.88282411445027
225.47148784757647
46.4247334491869
-16.394567969963116
22.86438253376541
-45.51145449101924
51.027276895888264
-128.4590415987692
83.37170192844746
-106.00306159601809
-7.125224227415487
94.05654842981727
118.3498156525624
95.9065778248467
-66.78198843816604
39.76636985663794
187.12501049510328
43.99777450049523
15.064173051529874
350.68175393995983
-320.29607669941504
118.93896258474449
197.47143096824678
116.19930228954836
-1.634042485818331
-145.44143462503098
-222.13161987207553
211.21401868362142
179.93080636421388
255.14495778378068
-235.3091383503444
-79.39065094287803
93.39107188083096
-69.23193736094268
-17.769231279711178
129.80455781819524
0.49097653500861216
-192.67295811338502
29.556189361594082
34.35899816249026
113.22954287347044
148.08867458465548
-143.03507106550444
-103.77895310910499
166.4756889998181
-65.80354523096622
93.54487597017915
65.82484376930033
39.10482281099617
0.6951148851137088
-95.72477183591566
-3.0083928174097014
-116.65967132344309
191.30834919695465
81.90629000607453
94.99290592402457
-94.9344887620864
128.96441740087863
-128.76562895440136
-152.5058380301947
-110.57387296438962
186.62251914417058
-41.47996586711117
-235.62190965359272
8.99174941186415
35.58174690029331
-7.92331958241762
-7.501824304363987
-15.709358384943872
118.44490907728917
37.628970496780354
-5.500319255759031
-131.41106052159077
272.13830843542974
-141.76257451621476
-59.1470028688818
54.40741131891107
186.9368939060755
-96.66039204438445
93.45327534381612
-69.06309736408166
-88.49839695063261
-301.29810024954276
165.42277661013551
155.64154253521136
12.865407271623713
-178.67405252683403
20.153244581699244
127.95961059907849
207.0490152528183
-157.76705692057996
73.12253884779767
-142.2495240177196
116.49241755898476
-158.523808067621
-27.420539501920082
-244.40815257108187
-150.1966574300873
-113.92428013623797
-8.300826349939296
-89.44787132227391
-8.057101007899933
63.560439778510926
-13.489357275773026
-144.3347358859625
113.39241236413197
30.698473167878827
-31.999028912520277
97.54865682699825
58.89564690687808
-235.7955556743993
116.53251138859432
23.1692974935015
-309.6617669202576
156.76831334343927
-38.59778055150684
101.09410088321427
-111.97673118103386
-206.63042033954886
-62.04668673854723
231.21142200165073
-9.595371815554005
64.60961848046146
82.974233526119
39.68675521051449
59.34751712673055
-45.84057393295415
-120.23389067932636
-146.4039993131384
-81.64675861859332
-138.2668226055116
-176.44375417259525
-135.79664726797182
10.289992449983336
-101.99590724209978
36.62174952132677
73.97408313053275
8.864600842148398
38.67007150122618
-73.57510817829389
23.665561196107884
142.63660425087147
299.44988358473324
-103.60680445014233
-16.447975908187743
-29.051394883017096
-286.6232728081253
147.0879134582635
234.1713089649794
41.95256812393653
-9.965693515040583
329.3562714660219
-83.78640443456759
155.75391496586647
-0.37210816751946174
-90.3545543944388
-40.39346674620812
-36.78288614679
64.8134816547798
-84.41321269106079
98.57330188225463
-138.65225576773136
48.54743915019519
-63.55247585730401
78.43057260497069
-55.448169412105024
-149.09893171015514
30.653618175883775
-158.4467106188846
-57.62061094359339
-58.269659280911895
-38.87175418303712
-119.6762282238059
-185.62196272173767
116.26092238045537
45.26722299507136
290.2396075989367
108.31470379560618
48.250026507830995
236.73173696787592
201.40718708594295
-169.3780387046981
-59.804214085917856
-31.361195401729045
-123.23830821869288
72.82764943272575
-20.79184777056439
-6.697491242852182
-43.58403264593296
183.38603815849638
-238.50980965076275
-75.86350941235247
71.00223941833843
-54.315009994968456
-37.01633980347906
-429.2274057766037
-145.97068308574322
54.95842840682721
-58.737607547649084
143.45142872160193
-90.08920267044518
-79.09383720015512
48.73817023069736
-139.38107395807398
-46.54677747359468
149.8067051079124
62.59902921930722
52.851406418134985
-93.88581629477143
75.14598189564491
266.68533484133553
205.88757387207286
-13.257695411147498
-19.35151464992108
83.52797321868084
-128.94567903167436
122.14227688155869
-186.50467325672568
-50.60421191229765
-31.738521821470098
-215.33576447958242
87.32013099195095
-19.29702530001771
-78.7973182469019
-240.0064418978824
-99.38498590568909
-151.56100270612805
156.61721457877863
-150.93695360885124
55.06221423566181
-113.30208913903536
-139.5102776297681
81.01574326429257
-81.22275670750693
-201.94353790991457
276.3560576151946
82.59625300042254
-74.86734801268821
80.65638409358682
186.4376580184967
209.00905154264208
6.057193319170328
-4.457424097299492
-14.044906322425092
10.402826169518184
-113.84785939933583
1.39597749395261
-154.02926356259405
126.81032571330188
113.22018634911251
6.067913894703512
-200.05556794680692
-331.25063158937274
73.60549569490001
-198.1767685346268
100.641524254011
93.28081369423352
-271.0059351042395
-123.61791574139443
176.820456898722
258.6685276911936
39.97753197669645
116.7352621607605
-57.959250213817995
82.30787970619723
-247.94837121896268
-209.70789494651524
36.41176314047636
-37.879647946061205
114.12145250069695
6.030527755105321
13.759181875993992
83.48135759472974
139.46408272616455
-217.6001006818413
42.78395200039011
37.43342791942332
155.90444881066668
-87.30319260590586
5.8925732632723244
-69.44553849205069
67.28962210316048
85.65311610432096
-155.62155121803085
-219.24408278410866
23.903975212180143
-272.29994234988123
-77.51098804846335
161.35340664385518
-44.54898865775971
35.91021087464427
-42.12285769952492
-125.01023727392543
60.36244312914096
83.37363812767673
-81.75762102122721
-68.06278209987055
-190.92121754720705
-72.36348318263687
-71.01646043075559
385.3982480108125
26.79979591759725
139.62465648263967
71.9764397863692
-83.15809540577251
-45.72573846872315
-13.675428129281693
90.07822851912934
-69.57720484928599
126.68824655880987
6.940201176226731
93.05882818918684
-129.77723622282363
-82.14038490595526
18.904340817048414
-84.24823153048202
-50.34126118577067
5.678162543569763
195.77382627555744
-34.649407483713674
305.56989738216316
25.638628858131334
62.6200951766619
-315.32661187946434
-164.4451673950793
-61.890699196515925
-23.07326755234827
-43.18867505420869
7.381419133579589
172.70815600452258
2.4519592249599755
-14.878837350683698
-7.287902286513088
47.256007479962065
60.80103072844197
-1.9026375709180936
143.19463249317607
-50.92693837612769
-24.453379381843853
40.32182375885028
13.549109679830512
89.98162613752102
-248.78488883192313
-165.8071195143836
95.79127418227625
197.57812809209295
-84.21287337790609
-91.1380455366585
-34.76197576184947
322.8574749390936
144.17980206420012
-270.2867472712709
139.9038838891986
127.03263566906793
115.37781633523868
160.37627764104963
-197.2638503723621
-43.68825126189883
270.60287709637856
15.604580437306852
90.71747741427107
79.08626750807498
-125.76554509110916
-132.0999068765335
-10.156468817120247
59.53796845018391
-154.05743039191506
43.89471996266246
239.41137404795344
115.41942516546013
-160.77168495088276
202.89242491158456
8.671639241485543
-119.20641179728428
40.03929503079169
204.01060465549048
212.9175837637815
-8.576280891925288
143.0840044242741
79.22084181593729
138.07806588489183
-107.18289145075661
97.12056474370851
-54.44449009685642
81.6831466165336
-147.57296014049422
103.49500558154439
-16.09889878646386
60.89955528557487
-71.53752269613847
140.28384004903646
-81.22798405407134
69.40408667987867
137.3881939860864
45.03165694067749
145.46516938397858
2.2032565717991126
-72.52626074124814
103.29876804896071
-77.95587038024476
75.82250915997476
13.510071174489003
176.47553791432932
-48.065938806884766
-172.48927902429483
-83.73996463708285
166.65265807943098
-17.175417216983522
78.13190907205325
429.3096743768544
-110.98507779515325
-28.359234038077563
-99.77594957807614
150.46363498239776
-69.60438283438647
-19.67474398802536
-107.16156094318673
-6.56765617727974
-156.2976329172402
31.20509655657363
-135.43024929618414
-91.93137466529863
-43.44138702301128
48.31907336760395
34.207782006330525
-203.62912818206544
73.10721620229484
161.76651153762307
-115.12752421895269
-44.789874329304425
160.53338588137044
-106.51041467299532
-151.12926236979328
-19.84758842741642
72.653156385912
79.63629524787875
-5.37814861524161
-81.02005561417576
52.098114066115734
-67.42824536242497
21.740976398229723
-53.077305442873005
136.908851015511
80.51181718942543
33.923676402522695
105.92014132849555
-224.05045828955315
119.41666777059328
-252.04425010237279
189.8807063187523
33.90161039924377
-205.16851365828023
-59.06349202366053
-302.8470962631873
16.25240332617724
134.99724607473323
-63.79859267639883
-207.24198127956967
209.6914729387601
-34.72820979836577
5.220628801595449
-81.5277757121177
-130.84838952465515
182.23310897966618
22.08392798234551
-126.53730585370259
-79.93894238461718
-104.31133112296816
-80.52762366694142
69.43608669729478
8.434409462599607
254.29792193009973
-110.42763688929128
57.91305213648713
176.97275508327039
5.286167941678528
44.023487387621444
-169.17001523836487
-85.8369222837985
-174.76010653622646
128.56704603642976
45.65350897845983
63.56158926768871
163.71179053597697
89.30471506772986
31.265286185108522
68.0455417088807
-2.0306361161960065
-174.19865111020616
217.01022774951795
142.79182152135448
53.85888660306074
133.78545554495318
-100.64832566485231
-30.923954285979455
-105.62556484324743
-86.72794441848968
-124.5876357835045
134.054459936184
38.1739164659546
-38.75018409453719
19.44427407656339
313.9464567223501
0.6541402606405088
80.32710519202404
-407.60228200196764
-24.507263996060068
163.7026647338159
20.11951229774666
-70.54381328117496
254.16291099336223
-49.770859271829934
73.82208717507287
-190.73478087437044
-146.56950355873616
-17.983037029446873
149.60028476727547
-76.48789700925107
-113.45457847232177
-58.60180044810744
-42.13420541915751
-172.33361949019604
-80.23478847286053
6.7193844934257445
87.6646518386605
42.936328348741895
23.48497444431971
200.58802789062034
10.560666090425569
26.74867867726337
109.63199515016183
170.13815088935797
23.682994866192157
-1.9371934900004653
-48.32721621560779
-111.90145239125685
74.96362188312645
42.89350178937232
18.05993238960943
-91.07180695054906
17.533957105471465
-87.8854559698168
-25.725117951817285
-81.86463114097862
101.09819811618222
176.08979968681246
-172.56750933024335
76.48474879454076
-88.02818154427649
-12.754560581257222
125.2253892462972
244.89667967621986
170.3140146776236
-308.97448090102534
-121.96372241754531
-392.6813298392581
88.93931747592936
-41.26854552460572
-208.03245866590592
-58.568924470341365
176.78540404794765
-271.74003885522507
74.91629256861907
137.75531048989154
31.411189342525233
-50.26208150541003
-77.95051097353503
-15.97974008766061
90.92370802312522
10.41180839124807
-121.106584526336
162.30140464288073
-66.46473531172403
-107.69673543518536
-54.31819872351103
-152.6849744507349
239.96745292611402
131.64576604593248
-107.49563655865143
-73.8215537204556
94.83165956151437
-102.87523794409904
-91.24693077725183
-352.74655627407253
117.9285240029674
212.81619787460855
-36.98391859523625
265.6188467460959
-30.597830861607555
96.67581793597492
190.4674252088626
-65.86588087692132
281.0207746422278
102.38296544637252
-13.161612902390203
1.334590801936808
-67.95348338459458
-93.21075642274162
150.60753000471033
162.56354306473165
72.97697052117618
3.9843434582702133
49.22121294828103
-2.04078668540404
67.51131683791512
11.201601933784428
-17.865150883094813
-62.30521562811629
9.282631086431405
89.96171096788551
44.09267635975802
85.04249349543728
135.46500439486067
-154.2614154036878
89.28551023628665
77.35583176123293
133.608004650835
160.74264118738753
-58.05098418923912
-195.7223756129595
-96.65026912687742
-85.43861578944664
-210.49024893328814
27.912428093140743
-10.295381798955622
278.5191878684586
-99.36926348245764
120.71338460990167
9.251289722387424
158.73105858467378
-4.046559623204081
-60.210060459685224
1.6153672161087147
-38.83609267048888
-152.63904670411205
-46.91022971391638
211.71571535789278
46.56200980399425
134.6217189343402
1.477724944076075
71.76279865783765
168.78438298910947
68.27793476180034
-114.7070664370969
163.53736018166245
61.813459292627336
-163.612849217927
-50.914987380906
13.111877569033165
48.5803357868213
19.369888859454626
169.52375037974312
184.52110261282084
-70.63891583370578
-50.88046876529686
237.0916391976701
-192.62628336791295
149.4054774728782
152.0640755376983
201.72559547855943
164.26080744464838
101.90100195955075
84.86958465211777
-59.30915946837103
-64.88292488643451
-45.945918230539796
-21.39984282132889
-200.48031228338857
26.438906923419633
16.52502417364183
14.050167490896449
-13.045794496454164
32.050538321751716
64.78009964698985
79.33412527975312
-31.935894966988645
-100.83410408077688
110.6357034511079
59.29233111803906
-140.3774477744986
80.42488382190763
-78.32770736248995
15.358237098248837
-24.195040012445414
-78.3868746555101
-32.39266828684826
-145.46175284001538
-152.7026428097793
91.41475714260756
-384.3764256678357
-221.2456052838357
-14.414721061495984
-85.70440406078956
101.00415338147897
5.99704100907859
84.47570617119267
-134.5820108832172
110.70753135784256
2.6672043538484633
35.608294226974216
-316.4508743064251
-277.33927940308104
-19.747161254312367
-7.5688462654182445
-34.130886359246425
35.72173873078614
-84.62659591192546
251.18758641527367
0.6811307421170638
35.01796795398291
14.688745403647758
-119.1300479931772
123.75818738210094
-162.40686390284165
47.04130234686376
21.71239430138648
184.705580924542
0.05108275477229629
-86.03869680522457
67.02290895721384
-10.256558166045028
52.228745715216476
172.18153051283582
151.84242259039567
109.45497644527902
-163.37270193483906
142.26651713217294
54.847580145696654
-195.4555853075265
80.4044722001775
-143.0162009399912
63.22390593416463
-150.84518439072158
-70.6548118854218
-133.84506083862615
472.8185218639057
178.2503265288697
-79.059131612628
-93.02806238368935
166.96524320230554
56.31473525423024
-38.2695019163797
-39.97219936690767
-58.58459666637482
198.29826710162638
10.310236937259951
197.64189534294505
349.1144126497633
45.30367314212462
-113.88987207572038
121.9595556132165
155.25533198097162
-14.344831252383955
121.86233702728838
133.8885012046571
128.55312624895882
-25.47507960043331
-57.003202826920116
-30.755561356604943
-106.76575421825406
-89.18404391544139
-250.05208467129583
73.96850606807439
-30.135185563610033
-2.8275149903163426
-85.998288539969
-81.37449448138976
194.75714248919212
107.39048558402632
-93.14544965381324
-131.13039150822982
-119.81232567044825
-212.55792150251136
90.8585862462635
-135.71878289877864
-59.10172852571216
29.102337931958566
-69.41715271544487
-11.035355655664551
8.384548760239547
-109.27612880930172
1.6908777485095683
21.02012644369972
-104.34390201168034
39.974915896854974
87.22162418106778
57.29326047669149
89.27972205488327
-162.829341384512
-20.569992134049894
-29.898969649910043
140.9731933091022
184.95776835697686
-267.7931062084026
25.53132891418588
151.11018039681653
112.04363838918498
-46.355966745677435
-2.616789359379642
-185.26766304055272
38.32197433112086
194.29472888303897
-87.70872831483011
95.6613897208979
-16.64729419173676
-230.09545722612617
-26.3033334622008
-44.02982629006476
161.59404907115447
118.89236188188976
12.437938014756615
2.723200799907449
-201.5700896285319
22.911206113884393
-66.72037465878326
-128.939601172128
