270.4041748652418
-275.74039158073754
39.270399330421654
-218.7832630810051
-60.59756562196862
13.325191714282157
245.17917721366084
-21.67481269689025
-24.531823453692887
2.251531342439866
101.6412694042927
-156.66163548830406
-224.672909867038
246.19337874443656
-254.00365985147934
147.72274361436533
-91.16193189245776
-46.45166256927033
-34.71437636148271
166.00163884609557
28.72330296088723
44.386490580692126
-45.13227374837816
111.89407783363295
-78.04426773196283
-148.62483930635895
51.305490924913215
-24.981106837462576
-12.01065980070815
201.52917265472263
53.1178706518441
84.85051655068337
109.69124245557532
-339.6909453279118
54.87459871057839
28.17778385455184
228.2085277290156
6.748230656039725
-88.22851044416824
206.90568832893035
-48.895227644537414
-142.51991738646186
46.49057214078165
15.427311720455357
201.17100857807318
-187.4213482664708
-157.0273923030284
-17.276327974808492
-1.0036005750218822
48.606687226705915
65.57564412177693
-123.63534278266361
83.54623089367291
27.767173603742528
58.200160202477136
-92.57680331637155
-32.483587024517945
-17.533355106327903
6.635147934687213
67.21626842517557
-26.082026147857743
36.86092105165068
134.44391840228252
-121.46327539422857
-30.922294312667756
79.61713400840515
-121.61124151774877
-36.17135116537052
51.270816236814184
-86.86010405165523
53.90932699810727
-18.30928687748387
73.62241040822326
135.01127993297365
39.51491461185778
-161.41819925322326
65.47705164823978
113.62705208464106
114.19820630129017
-363.3116060336361
-65.80532402268
-57.161322432136814
-100.90214213244091
48.528011060555095
-1.2018286430612912
-108.47746694381732
-52.89768108169955
116.12033827287371
-10.81334785464249
-83.46585772190078
30.02898924191808
1.590913217125593
-223.2631764015606
70.3928642539032
-220.77477468315317
143.03614662032777
-74.19361734085258
207.8123070834084
55.23244786534728
-85.32094304861386
16.72476353968045
-54.8804279992766
109.21251788390725
-135.7751396833336
-127.68049345212432
53.95433391455273
260.85923047100306
223.63882029703575
-127.83305335644683
-31.439378803147033
57.630615367326335
-142.00791874076594
-41.2380351866712
-167.51800257918302
144.64246626307298
-100.38672155806148
131.0031606577929
153.08761865080683
-4.281136453226226
82.56956026665415
-19.905336159707215
171.7519381605611
-6.550616649361837
-18.74564931493321
248.54042501616664
-9.66869424329738
-13.047653935963604
-50.45243863977553
56.04982384144213
-80.75520532803546
207.73995830406392
254.82729815500377
-26.358320119583077
-43.01152501810647
95.40744548452338
132.34930224329435
-26.415583931747992
122.84731360216263
-115.75336721103918
203.89465106567056
24.756488328656438
-146.7709332011481
325.23061761522496
-82.19322494672501
91.37268701721317
83.07042828846635
-0.2188112199634782
119.09761634081886
-143.1913671456511
195.96431723216713
-242.73982045730705
-153.8020855453531
145.43764619514326
-65.83522588762287
67.7030057745432
-41.0474679739278
-134.16264106652625
-64.96412707219619
-67.87293225681974
-138.31698560196742
12.743607638105578
-83.29296183123087
-63.55073857638205
187.0582933478803
-177.49276574269686
53.22356969892545
-78.83630257879125
23.038731671281333
-37.6571335811324
-33.23926606601139
69.28834105820788
230.89195832485066
222.4550944311539
-51.516042174947295
-72.29489180428682
83.94801542709479
128.4571650397698
-26.75605512458412
160.6942083808187
152.58810705939507
-93.87644118354027
30.61843022165671
127.13928507587809
-43.85993492729844
-27.329226686463045
-15.421305231004554
-24.83492265362685
258.4199063091204
-97.47747683451588
336.5563823590571
176.3127012753975
173.14840444908893
-24.19421836254746
-209.2089172587099
-19.77313795373077
77.47074422574877
230.40760740759876
249.2735368649881
110.27088713128369
-218.15796082340518
-261.32493655814153
-10.563705841330805
-21.947006207901346
-162.3063975998289
-93.14437078674987
20.97217808566025
21.11511511723911
56.246506558313015
-49.83509839341168
150.34167529571613
92.62807810681464
213.02604523972215
-2.3485087980582464
256.58344735754724
100.85641560561093
19.588854290656354
-2.242208942779828
123.48695218394316
-110.34876885209579
39.96605672551455
-87.46597043232057
-208.0303990252946
94.29712201289227
-129.75907941570225
27.803147382142882
64.86717341273311
208.8617879408171
-171.95490541404317
-34.009143509238235
22.269870642188323
16.92400470836632
35.171512825387545
27.008666283338986
78.67800861152594
137.27882214288428
-230.7115515000811
-67.057220881457
11.283952025848816
-43.217692682260974
222.03955529844728
-22.46842395770669
78.7114691959901
-149.67895206133238
-71.34674150768522
86.88957203889547
-105.47356151067068
15.091953908324232
-182.60180436287274
-218.94059433943528
102.43686418619401
217.6879735988075
-67.82443148502423
27.724110511355025
-136.13157531098688
110.08362981202279
-161.41038598330238
-119.07435245207277
-31.515519712338165
-91.61540395033931
-154.33491609735853
229.94912750124664
139.1270767082454
-26.069641120745434
162.72796712567862
-383.6154193104515
-138.11979284450118
-119.6476567339928
-20.969269788608102
-39.3810511357024
98.28664165042579
-44.07710499025063
-7.364356903116635
34.13046063994078
122.66469633435571
51.91692363858212
67.45910192207509
-220.8869580139942
87.11999810373925
30.840634313716286
-151.09224342304233
209.6588250621928
94.68252079702715
-141.01551598176675
171.40130524036059
-260.4429044596028
-283.28023231595876
180.71458986031976
228.74597935086254
146.7787537881327
-224.24919876434714
343.40512841904405
-211.25681226241673
-167.0710965926601
-203.26436073087083
-108.29208992094456
52.241724942970514
95.73121090981165
47.32460255069502
-35.20755886159042
-41.851651304406445
69.04050558900978
60.07091287464331
174.07132799595615
199.49069563071416
141.1427232350194
-188.84157935541992
93.05437081907553
-120.86546124404765
-33.93595566565015
-51.630600346614436
-7.819623256969955
325.1296302965246
16.53296695667695
-61.68507343999582
-68.97836775788463
-36.50809273553878
-111.17625748473229
148.25174073599578
474.807140335659
-115.75153172534644
-79.26303230202895
-98.5815052472222
109.63325505484279
59.25048335932782
-39.6449370171637
-311.27014367952955
20.84960450370556
-69.1275525308692
89.33194472003102
171.54068186878595
-14.512305958772025
110.64868231762024
-222.454331788494
-107.44389629511187
-122.56665314058701
84.10630838626756
201.71453352391026
29.44792515378207
107.65178835589015
181.96989591983584
61.07482225830158
147.17392383286003
102.26205300424331
-20.866623075727787
-21.432706936898157
145.84604157640396
6.284129433613858
-91.32548359270835
13.52636783397275
-10.688040431531865
219.03164669593727
-318.75224046388456
11.667687295349866
28.96323501418521
-199.4786501324143
127.13222147033387
-10.046118357736997
-27.667219979281647
-183.84808261864055
-42.237168692100646
-80.46868860543917
177.39000699585176
70.56789594282742
2.2017409185718266
-17.33193270720646
-79.03295323465528
28.870057466402613
-27.801623316841066
-102.74040596535734
-195.24728655825243
68.2590857307245
12.902954983354924
83.45424566278048
20.869676118084435
-60.69440697003863
-232.52262613244034
64.22679048675478
103.5798660208926
57.694139468181824
153.82625937782194
-94.22265936933009
-211.75863949731513
55.630386477425574
206.57824350868376
65.37244095177898
107.6776318078069
57.39289668335316
-169.71011831471523
-75.71024979991094
376.8309310369478
-51.297665294450276
62.31581293711236
24.187034920412472
42.421726107166684
-74.55494374858648
-74.48968951760824
13.77059468103788
-12.46223084477716
12.243942892483375
110.12826317369911
136.49557982447666
-206.13890029297352
-131.3281108083613
104.22604988785734
46.32422096326245
-64.63256069452339
-197.14487553495903
148.15820310392832
-116.39786618884511
47.574634467192716
44.00469382272664
77.93299550613365
-100.46953927067362
114.43180499513001
52.14426746156019
125.9556217619096
79.21550565025329
223.9994142892777
104.59748868868174
-228.50444606229163
-72.39975458870815
180.2235309652107
-22.03929588569022
25.345911273559995
-52.4490633580179
-43.00554538580941
-41.26146080515737
57.11775148359634
132.83206310661922
-10.486709721697284
58.088093586347725
82.16730654031876
-0.5121382676092394
-328.68253414812955
192.72077990452064
-255.4782732044088
-16.386347154094963
-360.9646858413035
182.44423585784335
-142.7950027363306
-160.90363352811647
45.51595672308177
52.22852243000701
41.26501834975802
33.702330927737485
-35.402061826824735
144.3698647448198
-44.18256663547556
-166.608051872345
353.16417044751887
113.14678979038109
-87.84809729729238
-5.826938031093048
-57.420439552623854
-20.407036118193943
31.842036586190574
-128.1226664540211
1.609280467794298
155.02164418111684
130.72868534486264
-57.88334339500711
268.70782491782313
-6.636319078179417
-74.61543920970621
-16.004600905926747
95.67525962214702
-256.54922925874706
170.67881741821904
195.67281085404375
-73.31407574483724
-109.35567418152245
-247.895527398896
63.28842105882439
-40.38381022893863
-192.12931709863304
56.67142805837828
100.70439982976794
203.116075245839
169.3627305134958
62.641293368137056
52.94197919874043
-84.47927564043852
21.621725591091064
95.80868395941788
236.8894988152304
122.53596241116723
180.8046878021292
-235.7802781322632
-129.512500181481
-140.15260942414358
-10.675080519774683
-162.14793066154792
-319.96505436510546
-82.82150968226897
-45.738907382904685
16.358702853885926
-259.93144024888335
-224.8462959127243
-60.905822223976934
42.69244632935454
-71.89206014724056
-87.9071433698174
45.35779961825885
-58.72278150167017
-71.11118062124089
-271.5441363936343
90.4040898522075
-43.457306161548345
136.06598128561333
80.78075187073559
54.313597973571504
-15.212741973040984
50.0056860274134
-7.332069497274599
-47.279120015561595
338.62012138764305
-222.1441779466196
45.02608265466496
29.253266988042782
-114.4774893422481
-188.9899272176206
95.0423434559144
38.39402555974404
43.17868478346218
-54.16110829356778
-69.15065482621587
-287.2997041822437
-63.19267494116487
-88.19445017497844
-166.18813031091622
-1.7584752166261337
-124.46980634135286
121.36904110515435
-37.03125233484958
147.4328828730955
117.37289825110672
-40.715330043632825
29.742049371602967
216.64191109017594
-111.50203201671279
177.17900417001428
132.36870095855662
-212.9459228877311
74.89429711233126
-26.610986738972315
10.567191508078109
198.1606258609211
-19.412100698776594
-118.25704786382614
-99.74291901207755
-12.638027455650368
127.82145000209708
-218.72294192669224
-3.3123133523458024
-37.767743124893705
-131.91428142373243
144.7927524340209
240.52682508471298
56.02051396467712
-27.744711798044612
-134.8783224621597
-133.1434517054463
-98.56692892224943
-18.30487829098837
48.872557029823426
91.60852730295896
-20.71063516833089
106.26132484912209
223.873472698733
-17.13835202559497
-147.92404473389078
-159.01877898105616
74.3036271673538
4.140366576426885
-34.185045873225235
133.5380608013863
24.022658695602757
184.35996115320216
145.15967605246027
197.23178094292095
-74.03300950448062
75.11568538535927
-95.74767135006543
-34.441004789675674
-104.00365619000905
-129.37845051028717
66.06877403535995
133.92933389345555
-135.12535229136537
-209.5761468809408
-95.06669270531647
104.77292214056787
225.65936966552565
-118.61578817478717
-44.327536080116374
-2.429341819213045
-303.7375698340734
-170.86624557939615
-41.766369236176075
-83.36930856702207
123.91665730601684
59.21345150333018
-78.94679942087983
-10.523652336502142
-67.9709609966968
188.39936147406698
219.77104469650902
-238.14877045595526
-64.60994731522678
97.7516295454252
64.8483592689838
181.66380994505076
-96.46299869965738
-69.54410809881983
-49.4334929588925
247.00185994167703
17.366961376044134
10.14207701886546
64.42311287546413
-68.22510555115936
99.43034969157341
69.23486435646839
141.91280417423826
104.10063154772577
-256.4090780417277
19.747631288176418
-62.50704612617015
94.54714272325732
79.60655356651701
15.752111357217476
-115.31958141627958
39.0749956669194
-173.039796102516
23.71110781690846
-94.29335961909796
-116.62566852487865
197.9607764991173
12.497872988651533
67.48986712540194
29.788371832381966
149.2278803162899
-4.94036530685135
347.1921785928242
-114.07358353647841
-79.90729157810189
-246.53498073346287
-95.24762025704953
57.63387177093163
19.138807807682028
-15.304204089119342
77.46164966250431
42.642686431514846
36.56621440649884
-70.16012342111998
-206.7343805356196
-36.445230513910026
-114.70073644549345
186.2308537122542
267.9669540204929
236.08188364805414
-165.6062965546829
-220.75737718969694
-262.69144825344193
0.9849231084785699
-45.266164292180896
121.03551180335053
118.59441338275013
37.25394689660169
-106.41160286529288
-24.729118418881814
-147.56670995024498
-9.497871719180786
-9.316788312563682
117.05134068161921
-60.15964053136048
123.02978079119774
-48.37636507458926
-131.09149681662117
164.38114950077258
-118.6844159613561
-38.112532811710665
182.6566717501723
-269.12743240927193
-104.77374903267608
320.0396595697442
161.72745376444283
-16.39072022231072
-54.01548696289403
-24.168439263405578
24.685791169848365
-114.6898469607601
141.09065875000164
-81.30725262290659
-46.75612613113254
-109.65406495026893
-121.41512926388214
17.337292427110622
104.45011929828925
9.685609744266184
-101.38582493956037
101.44123342809571
-292.28434015164635
-1.129499702596642
-290.34455975938226
-81.36250264761995
18.94651517743728
237.23039990455229
-70.92125157980004
125.04894746386731
91.44793891983626
40.57670712960568
-138.7951992412439
221.49101643725237
22.360884769715142
10.619123520041704
65.48466695657828
-4.874914695852199
62.965266046604796
80.57739021115265
52.73738550163784
7.801870683976629
125.21651383441908
25.265062331305522
-53.229300150112884
-65.79612808552149
114.41533921962979
-22.978090634643493
126.25889486679962
25.05152849363832
-37.30463233229315
-116.7431190257108
125.93718292664099
-117.66875253625572
106.8562275625361
109.17295645726557
-36.28814360626647
-24.17810380179768
93.2310226660115
-113.3057210373473
164.36511038552518
-15.984146596969211
-177.47972204360713
-206.31180664805817
-58.6515553334011
42.55663193141523
3.5495494373811294
-79.47808401501761
-81.54602155327676
231.40841811480652
-144.94581768134194
31.09793563352311
55.284798409101136
70.78767259379336
74.85612170685654
136.3409970251826
20.54508312888582
135.19139015655514
-267.4618214413947
218.80317107507153
-120.85647765769251
99.36905937572185
149.1893213079972
98.08747979043267
-226.63142931976495
-100.95371184804861
72.91205763069608
142.39641301073502
-40.113775877863404
-29.116075060793573
118.65989276085074
-17.23093096151328
126.5161891091099
-124.07660932733826
-226.11809359963055
-175.81565518658394
102.78189798486757
-30.549483958198305
14.443655165669364
-288.391593682637
-20.084616188503087
63.70662088086474
-35.2810348556627
-70.42504537419838
136.13549872266222
93.93940490602292
-369.14746434400604
101.66621274566309
-28.990557772713938
-27.756797254255577
48.29038366924899
204.87437062422197
-72.05535309338781
105.12502369626486
-9.521894262263878
40.73141251106746
1.0627865576029414
-256.45591509846605
127.31307090852391
209.9281919035907
98.86403474119928
169.46208666857555
77.09595075868553
66.46509495625332
-37.177659057359215
19.304847346992375
81.10933579973397
-73.07383465319813
-129.26001558803577
-34.03307315484821
-153.50719597548368
216.36727575111638
260.3796349749157
-48.303589156763856
-90.9663334877212
145.3700268700348
76.06762005098219
-317.1753528475424
-108.2227756018953
-211.40255936784914
90.6978935318371
8.128550245890228
-203.12141129516422
-36.11882167184138
250.39528315822471
7.610576783325831
-42.81845489462603
26.908777138612347
102.21369108836464
93.47495331909856
5.790130899543615
175.1297981203562
-149.63184420844746
13.865987612494898
64.36415702781201
75.74743426954862
-169.68485310776282
-86.52005016079619
141.4445001601529
-221.57840497089225
-37.42804444854643
62.79805510690429
43.10203271392265
94.06113495459218
81.8904852219691
-230.6025970873917
-3.943107344013355
-112.18246532881393
75.56490990106445
-297.32018114485584
172.18973013436528
92.65198682005953
41.00915665447894
-56.016007788312734
78.54675710265603
-153.84485731519922
73.08244371924451
-93.92821002811725
-176.27203571844154
-175.34029527861162
83.39035982054696
128.20703437602546
256.6191457054481
74.16069034350382
-207.68200025338928
123.26332432672518
176.2016146897138
-0.5861257145208028
93.7432704155018
-112.04929954463391
71.407318348164
-0.8368292793504291
162.5126492262139
82.56573213620085
85.55093073563744
233.57438199667982
88.99201608146599
-170.13189169423362
-13.234569872573333
-59.141400819891864
-135.55209642743165
-66.34832364000877
110.25696820685755
52.9994926046743
-179.65422258945046
53.65868015825611
71.80136201785585
-27.40896795250014
28.161934101874387
7.832301656773408
64.28060239153875
-64.343576748733
181.36592476005427
71.83582256031131
-38.42049051714987
-210.46226992487462
-34.39040770671059
28.368881156480224
-96.97971451731465
-36.081394056164626
-71.545124676274
55.89808280936154
-61.310600099845566
-43.504697882544626
-76.73305505737194
-1.1070880158354734
194.63337093483236
-137.9521470770387
166.24521107933307
-63.15031018690115
-214.01825760953918
111.32037568199563
-93.50385989549136
-70.44206902448772
110.81954149766878
-127.91661122702652
59.23093510034086
-208.71973770107238
-76.92162587954314
-180.47378745249247
-197.4817558556163
99.0612263653838
18.3051218225047
-83.0661427048163
-68.53230260074453
-126.72382579601785
382.5165025773199
-225.6172165836798
-73.88393538631209
95.92839930225703
-130.35536623131023
18.40923655222436
-21.178707648241208
-68.8582548339179
279.6898405662497
-204.14524356710493
22.771780448921888
33.73845338534604
-185.05258904945143
-34.8513669365669
-184.71698189262338
-161.58521570320178
70.37595460502433
-113.9122596381944
-50.520273964865034
-168.80849857616263
165.30911843608934
-61.461685725464214
280.74330997926324
133.6940048328649
-144.40007296442587
-38.389314250389646
-86.0591969023165
155.72729098180713
-190.22928071287097
-98.45918310231401
-52.91093168731729
67.06734588807748
-76.57459898554313
227.1751114345545
-139.73114203512665
142.91133341513066
-40.782185840726406
-77.86533869579286
-214.46577151655958
48.27204283714062
55.914162649766034
162.51450441895503
-13.940753289833616
178.80856550421464
-140.4964335951195
-100.18190761240966
8.195842515008751
-33.66508669980945
114.74458940121247
-23.87281613164638
-222.9325860931102
-60.625105715267665
-141.74289952591462
-65.8153083028913
-20.022879011714164
-58.96509213358198
56.496765752229706
195.79085100036366
-29.507298650250565
-31.70273504758958
88.96942385253499
-103.54690931315142
0.0839171808289938
-0.5337551355357135
164.77077781501026
-11.105652535962387
-360.07817082571876
-148.01931850379663
50.14931038039501
-256.70926061919806
-320.50305678184446
40.63824727551194
46.46660891199866
-89.77120625487578
76.52786227704085
