32.05629614177418
-6.91511681912904
74.89755427826687
-7.234423722340008
-102.47808475360594
148.4743277106255
-4.775617385681812
208.3634720314929
265.55660148797614
185.72366948323335
255.8850524427664
216.0211472494726
-4.25994352095425
-210.33540766067546
88.90061175526411
70.48803859938079
25.871053680265565
107.14377858563567
-56.468660353680754
-31.646648542489707
-42.04028556430702
-53.815124326220015
-41.771009811831924
21.202171309641287
39.96149174109472
-27.935923421565846
-8.889125396944134
43.06360140065939
-19.841467448398262
-127.035547510683
5.732923845722127
-75.23988400808963
38.877810381820595
83.22184933441962
64.70612145085998
-122.966751510871
46.90247538135876
-104.17402310845638
-16.26607824430721
20.538147509857588
-94.33921668898947
68.04577751483085
129.41293662296044
-8.076546085364882
-26.81707595013537
-170.59020976122537
-126.60227248609357
-38.34608572366913
-76.05795378737453
55.77384514085599
98.28623651465486
123.06611959946653
-39.382400374669686
24.41365939536957
138.41073229007182
69.61165713778686
-37.626982327255284
-49.28132004799284
83.59323988032274
-48.62759367497321
178.01787527054327
83.75651177348935
-22.05858303581588
166.44928203380422
-41.4710408903859
108.21142542420688
70.32730459085995
-187.00447466379435
-74.16242166007827
-282.5031376755143
101.23573904269472
-225.38914826019013
-48.686683644508825
103.42774708886708
167.57751711123177
151.0408871391189
-124.38037117435063
33.03087610432728
189.00312567821192
56.417758239894596
46.68997284030964
46.20630794085413
71.96144612450391
59.56435747781349
-59.41376066869415
60.72706284710289
-88.18463314891336
137.30114813767318
150.31267429362987
156.21724199599586
62.878422041950074
-74.80170478437068
-131.4641341849907
103.20996806736841
53.155113799109095
-185.68783692826554
33.95139311850311
15.18994345682933
-83.77211428974499
82.12228252876753
50.59987703974311
31.635707480411853
56.25598945906975
-12.891414682514215
-88.36595287102956
159.16989379175732
-29.7397489537959
-118.38038681010276
45.6000483007107
-28.594228458661185
-128.86163496952474
-110.52753382885575
78.59701562456183
85.28718113485274
-33.52709322798996
7.4891195896471086
340.91362187152345
114.02062474901508
31.79167147270495
-62.738117518283374
-106.61945871641237
-29.128133367785978
95.75632371393624
-305.20845533333915
2.432066960354241
196.12078204558009
115.74056311543677
89.8776167349756
90.66942223814252
59.06842319936123
114.79454458261934
68.88885834990519
113.8933791375809
38.1659057493908
-6.070108508601755
19.285254886294116
32.319625673990465
-5.475728954331029
-81.32752986356492
-212.49707546468923
-271.3914971972245
144.3382361977446
56.741834729680114
38.46527466738937
69.6375635569782
137.91759069531903
263.83867298677774
-55.77052261036037
-139.09843073849206
-132.98581852650437
-19.803907836139295
34.425496891202066
-15.807690021812139
-62.592765634015244
37.91949014420291
62.7022127607889
-100.75302203011151
-25.942869902012546
-38.23571197812705
-6.075437044114927
170.00714807279735
6.604520156678593
-18.642002090516158
-37.55869918047551
58.431116774830265
-10.030352498133093
-53.34734681238165
237.08732673818946
35.69970496387268
9.598976709087749
-154.0416240938239
34.660002203122
4.7860831004136735
211.41401739365776
-33.087083940193175
142.3118684725812
-108.13076652444752
73.73268572924142
20.63286988253054
-47.901573645009805
47.17310933435629
72.65240862177792
104.94428329789939
191.79471669340327
-21.964031331084602
-78.84648128378937
65.74830485088124
-13.789037227422085
-14.23653108912687
85.79037229760428
79.78973758246278
251.58078697084835
107.08859373462313
124.93793179995632
130.30276541060866
180.0153062529736
-110.0633400354227
48.04240121378095
-46.69102299331367
-82.32679409973602
-126.30026935917068
24.61387142784615
23.78036594593035
62.105559227333046
136.59849476359406
-197.0990160738744
55.93139611746938
-28.130717097079824
-159.42441668424698
29.967289379300418
-334.3231385029432
-195.4612232973966
56.42277969288714
0.7110679216563908
208.13147288533688
57.283544620924715
-30.22723654616545
28.141952706093218
154.31905881088343
12.618199889640213
31.136800244952173
-37.46586876335531
264.45823725749847
-86.37733640368984
-11.054789401725378
27.234758211685833
135.4075334897318
78.65943510923255
137.21713457582666
-58.30126035377198
-65.54003362757147
60.160205147307686
161.510994956631
54.73235403790514
-13.784286363736713
-46.431794552640554
21.797039775021922
-90.3205441610465
-84.0547009168589
223.24673652494562
-66.39876126684305
-65.65686772388075
-46.998392445733344
-148.3822803872138
-211.7485869010607
-123.1377992231062
121.84563196662772
122.64832798167177
92.77527659169563
74.5302086756158
-17.803344182335543
2.059230225321711
-42.20910236763233
-205.7615716535342
-49.0514195248711
133.8833238735858
-156.0865576717879
-112.42660133156888
-187.46228273709266
-86.61616917548571
-48.836858181453145
71.8943421549045
-28.198211541194084
277.6296035769308
55.66591607148552
81.64182575268346
269.9361950382727
275.44691728052703
73.93949616782781
131.13761706266132
113.35093322976702
87.74707077454451
38.57670874168397
45.12572283669699
83.94469552104937
-85.62572283485903
-23.567239752440305
-80.79545476837356
-19.109089011334852
-26.190573421072994
-47.45258541515639
-10.5702969838115
-137.0882284257644
-48.96374630338749
-104.94654098262271
-4.531671942052129
158.2082581508889
164.1376654275287
12.211966792540176
-39.44438604330209
-52.6222967345121
111.84128795795527
55.43800738640717
-57.26419954158745
-49.98160409078805
-156.01727031728154
133.4122479484757
-43.40251568491475
-75.10393327629875
0.47273436397076896
106.00789342451478
11.263179792429376
-151.63376472783125
-172.33817726975406
-109.44787735974116
-73.75456613720637
50.42597952002667
24.26683705816635
63.02948559589499
-50.48688256451382
-81.51878286843123
24.590032649339086
-45.53999806769148
-32.68766617583922
24.418591327897257
-76.83868051890802
22.4462911614074
134.78996213663768
-42.91328071237527
70.13957684088369
107.0502617442834
81.57416360321871
31.789150021739456
-6.2989699027702315
-160.98315652919257
52.30596995536018
-98.79536721979136
4.917160154766878
93.3200996723021
-38.95488530192442
-102.57586982687597
104.58732135637574
42.06114157796916
91.78628101727811
-28.354950449515496
-180.15103410266428
-97.90219961752004
65.42924175675289
140.86998732934248
84.96124875968314
128.82695622686822
-90.56704305132324
34.537026695946544
209.62969325259
-66.94954083069742
-91.79315740993826
72.1615991465545
27.98312044388078
2.6743948959516928
-134.96533648002546
-72.68919101974743
-98.53791099642376
59.4981829252257
226.6100080492414
144.99718188576887
-156.7296847908791
52.44347573915017
26.327983565204967
-6.460647274166255
-126.66627252056021
-57.76463726769447
-70.80944818709604
42.58540516125405
124.63660438732916
118.90796730960948
11.121856063652348
180.88807138259983
23.541901378506417
47.449179352974326
-185.11315748524407
97.84345185011344
-195.63516310672958
44.85049070605656
-75.2188637834204
31.02699683957396
80.77967743672927
-19.88022410749105
84.74461709865734
27.451903862177524
-56.29795967321094
-12.744690327214744
-5.491310313624682
50.737451223671734
131.23561453299692
-37.71001861475174
7.498820224695894
88.20391359648254
-50.330057644434625
-58.86542522810932
48.62600405611103
-131.95484192141876
169.64902877107767
147.7355503086745
22.312399531992767
122.22649383270105
10.38068211919341
-32.267420382559884
42.09962376044181
-45.08783900072311
85.94441307144912
60.54493305287826
-71.03853189951377
47.432200657609094
72.85044853345036
-222.96374015934808
-28.734275397676925
-40.21874235492067
-58.76812993072832
147.65203581799545
84.77320695311491
-90.56856357289816
10.321726120030089
-20.922057312300733
130.5962559144927
-134.0093362475266
-71.42131325868158
-147.2776522277346
-26.016732948123867
74.30096820650691
86.57548122834709
-49.88052649083871
-37.65752947320298
49.72611195362433
-145.02456710457378
-150.32476208386825
-80.43101453519017
77.65564942611857
109.66476996526517
-40.42349740374982
-3.1748749027207883
112.78650223364956
48.36973003097841
47.26434675108307
-71.99747178726251
16.50394996772415
-2.6974147601177716
2.6081905425641203
-141.5866712758799
-122.54365694134214
-73.1572044426557
-210.2037485251598
122.71526639814564
66.71452962883585
2.8978498416753253
46.82139659740535
7.768284608773199
57.34152706146284
-27.70862896107996
66.41442012723695
-172.5106583868762
-58.90599785119806
-271.9006927285782
-8.407582400153753
-33.960491851641045
-191.79991207420693
-15.259415011738962
22.4600179058017
2.9134958579453203
-21.095057315100483
124.52942000815753
6.2868923029413875
-39.165641150324404
-45.11396712555583
-12.360376941265544
138.8136326555708
-169.60059704843047
-73.93047027050079
70.73317230538233
107.01162703300957
-75.18202683804344
-86.57975799918714
-31.176787785953206
32.394684677002694
-117.99792641017316
60.48567964089594
16.043535730201274
-216.49579497153178
1.9070955190089423
-80.85594966339062
2.1102317268212554
58.77766102998718
44.4369774014085
-87.51877277917978
13.636241094977711
-200.14482611940912
-207.4858898177625
-105.42942334582295
-181.53272988968857
0.655866085432387
-31.352177709103216
69.24194724879963
-68.4172805057245
176.92166402328562
114.8846313589191
31.56707063463447
-5.957242596235639
137.46621943248667
55.87276062397468
0.09269884085323227
24.442187623760425
17.968398455498768
-100.98033361555379
-30.72981809999122
62.95536979348682
139.4416521306524
-98.66433917926443
-116.65981733644962
115.9806673525866
-179.3245307945053
9.660454289617626
16.302639779033193
47.13948534826772
177.9304303644403
-24.33218600010961
1.01643781870585
38.43895894138388
39.55346417996387
87.81540230669174
170.46389603784436
90.33180791858896
59.67878685506964
-54.44171718443342
-116.96569692876754
66.07589914323633
-65.74685338032249
-159.3350691942776
-159.85336049947284
-66.05673445445903
-133.79621987149102
-22.018725771708375
33.850983064831205
-54.197649832103046
-15.240854346629588
8.717401809666782
35.08455674583455
-110.98482858323038
223.8391354109546
-65.53334645942795
-35.37639474744694
-173.0410519450759
-21.16975451443067
130.4064922033842
-14.645637593090994
234.81083829998892
-11.642766371936874
123.79350822308898
86.81341353374981
92.82339812000092
134.97853755676726
-47.26669285760661
66.93498903540385
-103.49710988110431
25.678423033720794
32.580134530172195
-105.79928005548527
-24.25761319442096
-93.31982364441166
-11.876862619815336
138.7854030241247
-81.26283230974101
13.954690866525787
187.38409454735014
-121.46048739912959
-4.8958122038506
163.55324267059936
82.00442435671089
-122.97656946189106
-14.881768573559539
-27.330445943477326
90.85678726025216
84.93248371705454
-116.31296692691087
-21.955656658766944
104.6006360552749
-45.046073516160156
5.332808481206268
-24.684951183534547
82.1721161956011
105.33692864748556
188.13000905969628
-80.27054651013796
33.33149263168786
27.2115884054344
8.476791881453838
69.31979088438155
100.43692193229218
-263.68067725627606
-81.09879454273805
-75.01321569963629
18.946726806241738
-100.50766087727892
-168.72454001026924
-293.82897061505844
114.69458759183264
-68.15565240562823
13.826096761168365
-78.89485006791908
2.854546237271131
152.66648749721023
141.24493239750538
21.129952917505037
165.11817514683543
-55.107993432758605
-93.4307996060716
62.805068270779046
12.76070863423738
-263.69303823611625
68.46212417885563
11.451650728313894
5.315657457567294
-51.34467145582332
-390.4590420175376
-82.94779690812328
-88.4522313059325
-95.86591769131178
-51.79808219783622
106.02617984894485
-56.64280555768305
132.33188993730275
45.111781433597066
-149.33280247221236
-36.81201850380698
40.13223443474718
27.4516991896477
95.9533410336779
-61.03291408334502
65.10863184992256
20.22310240022172
-4.47066123085593
-79.93049746371774
82.49413379905768
-30.786089180033493
26.934679251374362
-175.61783546049676
-31.76678577915042
88.80341893867936
115.50501733058408
71.0769223206504
-40.30473750362171
28.519971384397625
-41.50549807117688
-48.26182113795022
-58.225864009352364
-106.88027996688783
-258.298212385798
101.82783243480023
77.11254710998259
38.08105205159838
-42.976643347582154
-79.45347511090559
-30.13083727079445
133.19218945064821
44.60233244182704
-74.4986269216091
-42.60947688533503
1.1567486757009346
-42.15447330643719
134.39406861517932
-109.71508319255528
98.47683053873408
-114.57337492105665
-76.88957464216816
-3.595981875393164
128.6043716769415
147.3753698008969
-60.869865200430795
159.74250569608802
-211.4161928691038
-161.72469933690385
-56.385704628833174
54.456237928163056
42.34854638746066
155.06595015748312
-46.43289813320921
-14.725814772778786
199.03379882189478
-14.689352315682031
73.81380639279291
12.040306383592682
98.873730332556
150.03101491732795
-101.72277147779027
5.254757814599703
205.88389126121098
-74.04975078556198
-10.400538560696772
95.97351295852238
-197.7798734932992
-55.74569880513059
176.29325989912658
-99.59400983800167
-30.449850357107476
-43.08636332996815
-54.940084935122556
71.09950955828187
76.80308088811532
-71.89194220598944
-26.795377434171723
-64.69073478180985
-197.3633256585023
-71.16509684164737
-20.61390085124516
-71.22795111704447
-177.54009785049064
-32.57212701126912
56.2885040582782
48.46766293062566
-210.02029691367903
-193.54248908116895
-167.437632802167
-35.617201539107114
96.6826340604712
-104.54089125011583
-86.88100484099914
-193.786881421172
195.7071509297279
30.76838657705483
-32.421503478667574
-190.2344186517598
-14.609215365847291
21.82419830247118
-179.46939364839264
-267.6108930598724
216.7388769165923
-46.880659679907964
4.7119606337194035
-21.326420723601075
150.11893513714503
36.27089619698292
-159.10241781463714
186.65025818407892
105.2796496441418
110.05649189184243
-127.72310234560435
-51.68949857439421
-58.97337697456447
-107.75806995253578
11.697871113317882
63.21949764879814
-0.774807407757415
102.60154010722314
-92.9384338473682
-42.67745778072186
6.168214943095849
63.22481220209073
79.64746613894158
-308.97604380427936
29.62434551997248
-33.79372267345642
51.36428511088657
81.97935778298805
94.75643079360019
75.26832731171733
-150.0439146148015
32.85062086809515
-5.8361322186853375
-80.44458765200704
146.22286219327833
-8.312116298209753
54.051916066147214
4.510823646868382
-252.92446589261078
-51.95981367504504
55.83796459789411
119.96510704181411
240.5835309001918
-117.6135738324488
113.26984035741523
-94.80342678188077
-88.36131357096465
119.84056013329682
-99.63339345179861
-130.26557040897416
32.0246613173064
70.33005588581648
-151.76129360502503
-76.58878445116083
42.43983539820565
21.650146804228125
-136.23599740118925
-98.63176343547475
57.08810462841766
-23.615435644682947
20.56254603234903
38.62715876882052
126.37074448910934
63.745144240026626
70.11497331886633
69.44903647203928
45.08276392386507
-130.9865344993932
103.14885423085863
147.92746980669438
-231.9651809040523
-16.931327585905088
38.552012682597194
38.683952462696034
58.51901701903102
155.37995620333342
-34.03838650471967
-85.16710838262105
59.34454609147697
1.302486512210285
26.48380585121089
152.9505051295025
57.74803284742977
-100.51562101541346
-138.3767969540412
81.48305305347904
62.69443893310914
-275.963137544209
25.526956115492293
-5.7105004253004985
45.29447898841252
56.15693185229114
-56.58012951488605
-58.004995192583436
-58.01481884370375
-57.67806796136099
-107.73553124708847
-70.07997623632406
-94.63475381916719
-32.73167732010343
23.698951752637534
4.442291276401463
73.85183521916441
-96.15252832184667
18.233336687876115
-194.63681363778565
183.49214704028824
21.254596890833916
129.35694384768706
79.21130249433232
-22.34816034739215
21.585869850763803
-71.84118135688746
-96.60617575366106
-8.558612803342108
155.80586477206782
-126.47040716893294
48.7267233719995
-190.03665247981044
-183.12938809939126
-88.39318292378978
-69.10288473677076
-12.17720672478848
-125.74323900630489
7.48739586469162
15.350669590412313
-84.88098529548662
-197.91557728707403
-117.00906412082377
52.457690735627885
167.20249851015777
141.86250306219827
-87.74628102361991
-132.9502367440065
-131.87613466656973
-49.12049215692098
75.69401537633678
-64.41862161433158
-63.14865863419756
-70.40121733454369
-31.81319321490372
206.64894182717143
-13.40434968790408
55.12707064946863
-8.41738671819002
-35.02260416435004
40.27654319292419
97.8791542049583
73.04081134583852
-216.41083741824298
49.06094499127017
-27.06539065705019
-89.74096753833547
-96.36678717924548
-95.97165493774453
-52.2705046960129
192.5126603535847
-34.201205873829934
-196.7645380193971
-51.487260517866474
-1.472257053981186
-84.67065606653931
-83.80821608475522
41.25763330128515
-197.12294058574298
-46.06571918575191
-172.92770712998896
77.073863857576
96.58955099236725
-140.8045748315985
-18.53193044304053
21.982159215710425
16.730569173584904
48.903127963654775
-8.393015804214723
2.360613448743663
14.146622168693632
-74.75843556556475
63.80664203168
97.48512045020108
-35.07676469374249
308.8008639757496
-55.052347340168495
-97.39285810220879
-79.29866381146212
38.86921328478472
114.36580921731472
101.3598417052532
-130.42908777272888
-226.1712232529049
-163.59937806612646
48.58439513912738
29.877374231013757
81.26864279619589
19.170673499471487
87.47360758904532
103.65292810764228
77.89699144850867
40.002097207244184
-59.82213744293142
-47.45168722806426
-72.22955755182677
-184.72043154917964
173.8871845560043
92.88269806691453
17.431187892426777
29.566007156315365
73.36515307645094
-217.0930486354582
-33.68978261468892
47.57405869515559
10.531607112881389
-20.82842019404385
-96.5520085769777
198.2534237724602
49.0613429529724
48.85601236255514
-214.89671823094292
85.86693496934845
148.50546213184518
-46.46201579010675
16.134150306143784
16.042660446595615
85.53319311190113
122.5264870447305
148.15881454028803
104.61629975975924
36.38085015730804
-151.69152164365076
-182.06913132036334
12.007607019308585
81.93994274610783
99.71531061557421
117.517520076095
192.50620913587386
3.735185894869537
-58.81129468115015
-134.38402131582671
20.62755290100093
51.94115517871985
107.65493284912061
101.16911693412213
19.80670220027586
18.21938850831779
-20.272456032779427
-32.787558828022256
23.66375747049287
-190.58305009519142
-1.1455836659946044
4.594660785897573
-227.70080438552426
16.39284834079452
-1.10494506077256
-62.27423576374194
31.44759995279518
76.8389825284155
102.7335513407668
184.21068852186437
46.7067300943713
-3.6378576767470667
128.92921833147946
204.17641613269336
20.869379886549897
-47.83704677482812
77.63295558065875
39.40028836495846
-162.2851553398772
239.3790848796344
50.60910497018307
5.8099120016353165
62.682314373475066
54.66024639002401
-70.1045973744209
-238.0180993204238
31.28405058413756
-108.64390710802486
-33.635123812359325
