11.972764226607328
-25.08180782979049
75.0652844612566
77.33659245420914
223.0211227158896
56.705808698733044
119.82817067515575
114.0593740258323
-160.60972671878403
-166.85306729988008
-469.5115952548098
61.94045308703706
7.143061228320881
157.55025854563596
-44.09298701629576
-142.1361287158732
284.2402543438181
95.6333053391788
-112.70618879497039
-5.712533555832102
-275.01263036660794
-11.064449462424793
-19.41815339939226
75.53796146896957
-345.99511257774657
207.89272070373403
-15.199155726387742
-312.160103974434
166.4540444303961
78.95793992866706
121.04652577145085
66.0097979975121
-277.2350406916353
39.336226659022586
398.0195705091139
-60.50919482642854
75.58513408013181
162.45821871252275
47.65316704155053
-240.61736332778648
400.4380725603623
9.649165683278252
122.41549521634336
-92.74553139091232
144.24564823931607
-100.98025489271556
69.28665309647229
-277.5973836800901
137.5037514837816
-257.6467468563301
-68.14837568506422
-337.4558817669257
-56.74670403469679
106.551053781459
-152.38852376752357
339.9787638442899
106.98242469257738
-226.26820571389598
-96.28555359002779
-111.6775274809689
187.0671439120156
-196.80182909559824
-385.7295531525189
-156.7234626681836
131.41943148605841
157.32863727696719
-80.97378193832614
-293.9807594051955
-100.0378139761885
188.50011759717214
-46.359920426178356
-223.07826388177295
-63.603546685671375
-252.52401304909182
-62.07086069107192
-5.69932384324429
176.90489392379197
-236.5614598565446
273.1553805057805
-114.5032621721261
-162.28340544392526
171.06863136700474
-65.52739426483576
-132.24524321855688
-250.67549425623406
-157.6886137008849
214.27246578510739
14.470857178761353
-223.05625417419188
-78.75868874488984
-16.57683067246488
-84.04280054131515
-177.43258812557758
173.24692548330492
-172.20684028203473
13.488520841528489
94.4378347622303
64.1372885545069
87.60789584476508
-256.6754270744061
-315.44540610955335
243.62913045957703
73.74588617571763
85.70397878072745
110.94174351758504
66.12182517982005
-78.41883918761123
37.25666709168741
67.26031747286865
87.44891028345019
-148.28329015740604
122.05758178446504
146.78763026748874
-99.16345377967914
3.7726386351592365
-206.68709730930115
153.49747132269107
-243.1487358886598
-164.31750908559604
13.005573942691065
90.90679473047155
-96.38404814503014
57.572228002854466
-124.42962633168442
76.7694266100428
-132.24883820736608
-106.0717672195037
12.515382780193892
254.69935768696183
325.0300545629868
-32.14800884545938
-53.40591669006492
47.67442415859697
187.6240682074011
219.32171300191612
174.40547879358508
143.06097193000627
17.262991738890825
-27.510768826804764
-40.19743521953398
67.48020781059024
-239.20342291255722
196.54655723195543
-138.52536838361064
188.50846767869203
165.34669708588993
-198.555318788296
311.57684076340433
-29.51543394350365
136.34075071268947
150.2111399041666
-98.52817878538465
270.9395295091383
290.3748117184943
-125.76110764293128
257.3061411419646
-164.64650038659005
-26.559674491800255
156.2365202206676
372.08845533816833
84.54436666088164
-60.51671601322808
309.2795733691542
8.237698332054885
81.21091252965405
-219.91236632620013
1.914986424605486
-163.4854628630021
13.67615212133862
-232.236095580763
-251.0424044163734
-0.3715166305668425
72.98188412235177
-45.05337757939846
-235.8859994144631
-202.22315445358635
-138.01247948590347
110.3210821920235
-174.98465336132008
9.497130480184103
-30.665714915088145
43.872556637209875
-146.66867412858778
-143.70420875839787
-73.99358408631416
140.34825066288298
140.00848233269724
-103.17158578944914
168.74027010074715
118.73678122410622
72.5778393899424
-134.76608892067605
-1.6984372106196362
-261.55257919316597
-116.74266585556892
132.2447939050756
200.04281748992497
-201.13797250041281
81.2152624538471
-226.0344151098974
-32.05991522632778
171.98096613944983
58.72264164289041
-105.79525709370417
102.03987207158325
-47.49768640526453
-217.06859751666562
-23.14373248227585
-285.6876572795484
99.72699295460944
50.75186123763107
62.728198166320055
-86.9931890205553
-148.60747656943047
40.25677321256801
-113.58499500367729
-241.51583183042194
-37.85938515285036
18.66862798276404
-92.27088054864262
-176.33800824172485
19.92230907715386
89.55501435347267
10.38593707712967
96.57746846173232
-93.2869342381664
-217.4310079701851
121.62958309475646
157.68049229549638
-6.896282469690199
206.86603104051056
112.78489092935048
-214.41209736529962
-15.434166775955378
-27.365112494968198
-148.92768832404255
197.36615691829616
-125.22308169119628
129.04700733386088
12.598871898833384
189.3343719439282
233.76341819419355
106.43414737084623
-213.2285762048131
-155.35158137002864
185.21992300347233
-94.07202107229031
-77.41856528403044
-38.69870222653777
74.55133239593202
52.066330324183824
-214.25795191191776
167.93191354128615
-51.42906226410069
-180.25683286004684
-181.11428137504922
58.392769336864916
-89.68826694316812
-134.7959797841391
64.53351441385186
25.12147473208187
6.3965120619311255
-115.70337893048034
66.34390802413915
-7.722453224404528
11.654822596133924
284.6024569497379
108.00346714571194
56.89999860160125
-169.06496941335277
81.25995439490852
-21.741127691690167
-361.5957837832293
-102.75510022608064
-167.14283901143105
99.94667923902836
69.31741395345271
94.9399314266226
52.74511292752034
50.38285983855243
326.9110175177443
-165.68125668893774
-129.62018416741023
15.914657766052306
51.686716520280314
19.126947397014348
29.832353290400366
212.2500255808935
-0.39960116857195205
257.62045450437597
238.20435100350062
4.6307522160347885
-88.87590069364163
-83.8729942193055
189.0969791694585
-1.6619328755335294
96.325303888583
85.5025095898218
39.77845473880408
-11.18399147517421
95.8196541423336
-12.488968002003597
60.95038899872502
200.18870875406182
-172.0346321240842
-208.70139679200236
5.647911785647475
-133.439495370709
-67.46506885591239
86.18404354193176
130.41906128436818
312.1977997501092
-76.39173668227131
-383.3020703245724
-23.298784584430123
216.00357357573208
334.21606702900294
120.06350668261348
90.77233191346092
145.6162511464802
-268.5888934495854
-230.44584598210497
-177.68438496150713
-2.375856150720364
35.568544484563176
-127.54206563453013
-200.24238519398105
295.1894222403794
85.94047277913955
127.84121025427953
72.46623261710094
-129.1565201317826
53.95166756546797
170.97858792834418
17.207208373481375
130.15208705558965
-146.15208303408787
122.42090885563181
-171.26521615735214
-22.077695583999834
118.58588355669252
84.08688278536583
-34.990997752714335
96.4180334230654
-26.561701626170915
-120.86479839199258
-58.22019840229061
-50.545783015550874
-69.23986277935242
287.14959859954223
-164.09721261836853
-216.85546140903404
110.79921550660386
283.2338378440998
-0.42595201633794
-48.091486083192315
391.6396402996316
-239.51282093663795
18.18034386134307
-13.566092281201334
48.34314468577207
-109.07321702751545
-195.60018454797125
-130.859620265309
4.264680908006867
123.40973959028732
-46.96478636265623
48.22631327925597
-192.04134930631784
52.46765694354906
-69.07493979540831
-291.9649895577602
79.78130597105934
-47.57230084380199
52.82732587620586
-98.13033423912388
50.67574905144038
38.14909835783679
-152.14460312343098
-460.41369253235683
75.80900263069695
-478.50997286429697
-63.64414783911087
66.70182057248591
-12.501370993692888
181.91924716524431
129.3679575181357
116.55924577340875
152.43282893864358
-60.52124383859408
28.379001794726573
-99.37089363735093
-186.80370745269565
114.71006529521175
56.98746397296438
89.30124947452346
95.71260358432296
-173.96371212995334
138.93430772127718
-18.732533314303275
-25.45078288147735
233.77577612662643
68.85310450727208
-322.3114861763737
515.990720767135
-137.62506968596395
-118.35582746765971
-87.71004631771694
215.65148865166455
177.53308400792343
252.47718584235542
163.18861681328903
-137.7009354621684
-18.292403548533702
-49.56824179739419
-85.67647210734528
342.309986589927
-259.96048928961517
-44.143528003943004
117.04313258879314
-38.860045581482666
-187.0556404483295
132.9762044518864
-107.8293982743373
-93.39392999412836
208.1197247781095
-141.4349341494421
-96.05252410793251
-206.0500039770289
-249.82945763097874
-237.31324579545992
-136.46794811332356
124.10973722388421
4.520354794686851
-14.434968670839398
156.14822750466325
-57.115408239172595
-89.77577238606489
42.570614055299934
325.7940141000842
-132.72079363055778
-8.426932444444763
161.0825517853065
-24.7420817955193
-115.23657020713534
108.52678922801766
338.7705613273233
-150.67770817789454
-70.06752022070536
-127.06880661603205
-273.31446728578817
-129.46017238575206
4.299934209111077
-260.01679673591326
-67.08481854030562
196.9709261171178
-211.92614875670756
73.86778381126076
127.98344557153766
-351.00219991305426
22.62079854191322
-8.241454891279801
-311.44369073433086
-66.16579033572839
166.61541830135877
-22.525653998637505
207.89492974788823
-70.50351483892663
296.2874663989694
23.780313467505707
294.72827088189484
-131.70263809452157
390.11738488025054
-33.7571639797066
11.673663825233287
-74.36441287184678
-33.760901119838536
243.19597377765422
296.793796852456
41.492821482730776
-247.63158657421863
125.8737603973205
-51.52600498298087
110.10990178190208
-7.33530591603304
110.33928858488623
57.04923385577692
41.74367607404111
163.33286436095017
-60.666454134784765
249.20870347296884
74.31130689846277
-12.725024633942828
-69.51266412233974
-130.5281004015143
67.04942182461107
185.5106503612554
-298.7723931641539
-216.38376828202968
174.07671960914786
-320.7846286110125
139.4757856059594
182.28983452825128
91.70010326813339
568.4747443420117
-54.28709930269164
-36.614810526739035
-145.33597790992857
17.746963173323913
-4.043896331513664
147.03841543043004
-46.88270304834936
-60.41204525832364
-129.24532897650556
60.444811648815225
79.40162224427289
-13.713781152784854
21.954831200955024
47.7192936999355
155.24867996007038
318.2426888993512
-182.81041158038556
43.036298767117
149.07950693748512
405.0546698272128
310.2387980187349
126.76668699395643
-35.449741800269614
92.04254526590614
-52.082516207764584
105.88552313404122
174.97484682625446
336.38914425445245
-85.42346357952964
86.18295283936587
70.14014862126068
-48.4041653222976
-58.40621342391237
17.83186421145273
48.048229402107616
332.7899297832958
-224.54305143275099
-30.354505585138643
-120.21096598121802
112.65220829418794
5.783837833555592
-29.340594332383866
-111.98306226689452
284.68468990566663
-77.95417678036908
36.600953835007765
290.9961928660969
8.775293806987813
264.4229140761238
-19.089896729093695
-262.3828715770843
-91.86409800817589
409.1637860087079
22.518153914585184
-20.71400592121354
-105.63620415201352
-57.4642404005959
-139.95424759581715
-163.39789222405338
43.07939625852293
126.62332473812329
177.51250924921868
169.16084593444674
-317.3049810204806
-98.45698011300274
-369.88687307612105
212.15042660380854
230.99107684458818
179.00508223059094
3.4992007341827804
354.773033554146
-102.82795075980567
106.56837437315347
27.644648547179592
-193.08830781489112
95.98408179381691
48.31700548671692
19.910706749146158
-201.8644234556949
13.625847874929999
150.76199617342021
-144.93722947804642
-152.04046607491722
-61.13801284572612
-74.0999675253907
-219.79937689469918
25.072366239561493
-37.914198295287505
-155.41198610493487
90.50000757871335
51.81798605239417
-67.16854528734768
27.33214724987643
33.76329803305663
206.38685493827805
75.00694608948109
192.02187426590393
-11.239834892623518
151.96850553566924
30.735344483076016
204.42292478053747
448.96366172640876
201.68782098166133
-53.87326609428319
-153.09411737810498
6.756661749076726
-73.98324501336863
70.12740636028914
-181.8750643136142
-188.77032491458738
-108.2835692500327
193.24990954438698
-256.9869277937938
76.22648529089724
42.56234848949645
22.71718003803963
-89.65407215935505
-47.58140588659961
5.964055868004296
364.3775291906393
270.6718263874173
-24.54385502036774
316.24929672991294
108.26588641401138
-206.26748701342103
7.6717607896686015
83.3458726133852
135.975214973308
-91.7402037983674
19.252885385156695
-217.53245150695017
-29.005487735762586
8.185927481235511
150.9938748830297
-114.71953848549488
67.95160404419886
-25.167217584681897
-379.05088981886723
-42.01546570093978
78.86582045816552
22.802501238827944
-200.00493759387248
-198.34158226235309
74.7898834332873
238.76763041456513
293.264716265623
-219.94095506744418
107.08625186528312
55.086974756334605
-9.445979255702337
-29.161383028224584
-199.67122543814892
334.31396581133015
-10.856535821155514
-263.01443350345437
85.68992101386655
13.678309291010233
-22.717948878682368
121.8592297521664
18.581964673063926
49.566629166966585
-264.8906163727316
65.35533199258035
32.304031294935186
43.924065226691766
185.4707410870091
171.1296485235261
48.6205924889389
-51.469087010752084
148.68341736165826
-234.7168290655854
-20.191508572523645
93.93459062508711
136.66226655069966
43.36624742724132
185.87974473565708
123.57380648156563
-96.07498964984411
-165.38510556877745
-225.68938615364405
128.34269556602933
67.83745291222172
106.10982980718188
32.793617555534986
234.8737540379313
21.73626162785174
257.2710005931219
-263.9645475926802
-279.83322269784077
24.450135756141727
-356.80145188803016
32.40297399651552
-17.136698651524945
182.3552271354986
-36.92981944711303
-87.7288529638381
84.28180446811895
122.8432364927938
172.9196598387578
-128.6898858398673
-4.020970109459053
349.920721429543
-85.84862827795988
-18.759009523292214
89.21986502746708
-151.0751946371893
-36.80531476385468
162.62476456617375
99.89123279313964
123.4789700575537
-32.06637224836868
-112.14036197471523
364.89367744673956
-82.0232814581371
-179.10280017592336
376.4270991488122
-195.60773966893282
-49.525166559269934
69.79150333686216
106.46180286569584
77.63227558393969
4.00427453463236
123.12866424196184
-71.7195694829473
30.22814601187357
136.1616400672908
27.992524702639074
-174.61733331373193
-22.289664289939697
495.7792095961171
180.01049492066892
246.35219187227065
89.62226781758658
-436.4719157198765
-133.41327082260028
230.77269223796154
-157.17543890975085
-45.058508816425345
-121.93382033332117
5.263314579911796
22.543108315429734
-151.2357336913973
-138.11854817132846
226.46367124067413
-174.6178684107141
-92.84512822974071
-304.86880454969
-173.50777513865845
34.39342448068894
34.26492966368477
-66.87705146017407
170.66629358445763
233.9663840327792
33.80429811416832
-106.41965993548351
-50.08016282766172
141.4558279249293
30.836851858629295
-31.833973490752797
152.6608916861827
-220.9992207710924
31.31184421410172
76.44175868719051
0.6352560195845228
20.009518821403184
-6.269275571437147
55.00298126408778
-46.50097116938762
366.882146617051
-86.2361188102361
297.151581202147
-114.82603962672069
-190.46518441456305
-83.16432691351676
268.338566737815
-117.59214917705775
18.939858134225954
77.12605359274762
37.39506189559746
19.452131857848578
-88.13054751222548
-9.695952518905388
-56.3885758127127
-180.39529066984974
-102.97912574121295
311.78348374089217
173.82932297318587
66.3072911067089
-172.94157844408238
-196.0614398487471
-198.83907762371908
-211.75066918559958
77.2891298921504
28.188655953385158
211.03154518619615
224.98252916515563
-257.0760748475966
-4.449187278737064
303.51433327669434
216.23884560671172
-139.74396941124212
-88.35984224450492
-118.63594382703788
166.42519159541604
67.13377286748982
-239.05904173196643
-215.39490279379797
-160.44000987511194
115.80208679628306
90.3472578094733
-177.70737447824175
-72.59458667442235
-65.4562675656745
-22.319285795630144
77.78211505186032
-309.49858049872734
149.17029234679177
53.27524439644199
79.37890574551191
252.5440011922021
-18.226688468145543
164.75613654734914
-192.43750899152903
86.52685182740672
-14.860974702955103
12.94138749480908
-105.76723178332574
194.78809835910369
-174.7874696630466
32.79706199379135
113.41041341402457
-175.78095462080094
43.812189456262516
-32.2392789700196
-152.399445902308
-21.43880495019253
-69.67954194156022
-38.58894863023214
264.1778711655654
68.52387062002796
444.58873813519244
218.92154028611583
-35.413588729985456
-95.04738035367558
203.21359515588264
137.82793886761957
84.76803765769553
10.62033084374037
-125.06091297955312
401.3666495791754
91.98138380785261
97.4809046015182
-227.99470023205856
326.8012883718979
-37.96301335998071
-274.287983923088
-130.4747032645599
77.06898593021394
77.40244050805026
95.57037018981823
430.97263872647085
89.82228348573625
244.93793785931007
-152.32521857521482
1.9073645955561633
-77.1128675403686
-149.00539581628024
-74.81484431194684
-150.31248665898764
79.22113034077958
-135.47645702018707
367.6642542543742
5.2667493023836975
-64.56959291933894
25.20792356657202
-264.4760508798152
181.18665394311577
-105.00657707768853
189.53951525634852
-126.39928450038909
42.031976405066516
-38.67667715320172
-155.9851900172371
88.17688301245839
-56.62431145695575
288.4713568700384
-19.738267134543854
-31.687519064742684
71.92001733401995
30.266010168014883
-14.302467387733973
82.72335732092374
59.4039939547797
91.29449049745617
29.688205703894948
-280.1872840720998
-161.4263314828215
1.7521908084018694
72.04527875348774
162.83911716907366
-422.8888037547385
-112.9168787643682
28.149307682734776
129.55165843188
-26.386068464474405
-333.9496205184604
-27.548738281306157
141.15493981719823
32.28053314702173
400.47834944866236
-66.0968904313543
-29.354256887564492
40.38769032012712
336.5883463603981
-127.03927421292798
203.3454801189771
79.4382102703921
-28.75161582979118
165.54589613644845
-47.13021368000141
-141.6323803713373
-185.30888127576551
-171.46863871306635
192.66026755677552
73.87995297747457
188.98413832328256
-239.64613306028346
5.120880798095785
270.9952028121978
-48.66978594310566
-244.29764983367312
169.27379264953314
169.33205595304184
219.09759029127602
70.33743101646222
-198.5840375516918
-93.79067813148058
-90.89128253680644
118.28730352987247
-61.2644429094191
-255.85142628649115
-0.5770367720029106
8.901177399314495
-122.97994676666322
-12.270819721545362
-407.1655630094633
3.436724618387534
-214.74868243237913
63.76710621706951
-124.14343310091216
227.68642905504356
-215.42549012628356
-12.613119992075696
-271.44189384379087
-95.16666585806546
49.33933202414407
-61.45313494743197
9.85263738501818
316.97572495253377
-79.10354973975241
-85.59409719437383
172.63197844842568
-6.6620091941370845
57.35778977638638
134.64413728035694
81.80300576483219
258.5728605626076
-219.42110797453307
112.15651261286037
-9.200223838692402
116.98032751577068
69.89858039604762
310.66710619305803
361.23414033038864
153.97476586542277
-77.44179527524084
-137.72926170117768
-0.11955407134558527
-56.90657025740503
111.46009716045677
99.57013579577865
482.41847066843775
66.41899817792142
302.8434571243555
-211.80752433546155
-37.63869586541023
-21.789342043852518
-51.875858877730074
-221.1403740880855
-49.92272125777651
54.385056110160896
19.2569418811331
472.4201629402335
112.54837005177336
211.65821541562204
