82.69786016703388
-67.13270904922206
136.59457286593585
9.34044465200506
-11.08626049087361
258.1122127575886
-102.96793988700475
-228.38414276558498
-45.225312580445554
-126.26797875706521
202.2952230009182
-277.5640006010771
-66.84472124848598
-5.142374412611749
-68.62398824294219
178.10502048229867
194.96081982641255
-108.41378216331627
-37.70878019919543
-123.99248469103904
-218.8255278120384
7.300320892577934
-67.68272255599716
142.24663261163371
-124.51901519652118
132.88029259163503
51.47767994165367
-42.756317253330074
203.74165140491957
-181.42986308130423
187.78050526330043
-123.791510761844
-74.01447239971
-116.275252421201
249.8631718853415
6.344971276617775
-214.75647911592927
101.90163807948605
80.8093180450305
-229.894913130088
-133.90459383186956
60.61957307831528
-124.78234174627958
170.3808578218259
94.65643916753943
248.04133119016385
-261.9194782523818
20.956329862964868
-107.90640540221638
-81.41346549177368
-28.12407040716654
262.28641986059915
199.23053851833805
-25.33406715199655
-106.24697760380185
12.218482544126578
-240.67896205788105
171.92970431263464
-71.21007590826615
15.405592069869698
120.57168242651387
-81.96541366266597
166.56688209746162
29.533864812649202
-261.65727645793044
10.411727311244945
-102.73964989897566
-111.91220228642212
-73.36893150398177
-135.9969757474764
59.303715439327455
-4.898433667477657
-369.18431098174614
-7.376711563379373
170.16320407868994
-285.0461560328742
-81.94982235670673
-210.7165271412982
175.90734476018628
-200.36637400878175
28.697143046421296
17.084548624233566
-87.40032496066979
-45.910751562404116
-22.93928800026715
9.783831004373113
107.48127994327517
182.61178098033747
-137.17153720650938
84.15029238835336
-10.436940417340715
-150.283377192818
-185.37314978759215
-103.00819048314406
92.7064918772918
-8.986056740996698
138.95440878039173
-90.5656411436637
35.622280054847145
255.05368764724597
-172.71052840430733
-122.86746447569142
194.91281209127703
-53.27652880334067
59.81318048092069
-108.07003882243737
-5.416205636208247
80.98032435316155
18.701412134924265
215.9941300434465
-110.8436553136788
7.247045252792426
212.3391283442036
-332.35419887502786
7.828218450765006
-195.2048497231109
20.172879343897268
-181.89320174080143
-133.56828717815506
-92.9708156101563
161.8944413889418
59.37487904937439
66.60166190203032
275.96678371210743
187.60196190447778
58.91239563344693
221.220088473062
50.175792576847556
-0.36364739233688104
33.16691359438817
106.9449844061414
161.59767257039763
153.44811954783538
21.047273991967668
151.71111803168813
-175.99815976004967
-132.72285882099123
288.6829984661703
102.76123153650019
151.06058390339965
-110.79714065778461
-217.5254378162872
51.8228583054572
-138.87067378964028
-132.99608296477658
220.05628934523725
-32.60334586877601
-139.4391464420789
-103.03498545754118
278.6429830050316
-6.501705876064467
-41.817753389203084
-100.93961441012735
160.74934354084482
17.186063628945693
-94.13503647273455
94.48977686772116
-191.2753224275582
56.03174823183779
-95.95370730238857
-149.59612423800405
-199.4248195848914
36.95133579276737
13.726410891701525
108.20464956070744
-284.0091766171035
-2.404312266840199
-237.86054485620068
-115.99385691143836
34.8082875694634
-59.65044483911339
-3.827062554435062
217.182433457049
-23.603458028954837
208.3501570610388
19.87622179630791
-226.83799834163707
166.38946968112566
11.024288057094507
-47.74848256972154
44.42965375888983
-11.743386766065509
13.50445118239598
-19.404794847026963
-92.92676180888456
151.03237498723647
-75.57958168505547
73.87356582722785
-104.40306641249045
-230.05929302332166
34.24873543132637
204.7668284000215
64.4995147839744
106.88838280739562
-8.264604263478082
249.94761165633375
-14.824369123234423
-41.09576662281577
-109.21402308523147
265.8504784367308
-150.24384268413516
-134.0319176054635
28.743971017749367
-69.95336525464947
-44.166150127474495
-25.11752241914629
308.1585905538529
-61.60154415595649
-63.08736643692182
253.1540536928922
74.9509728063562
321.17963836932944
-155.4568354912643
216.8729818567062
86.19553459622901
110.7920356564633
-161.0397190110154
84.29602586426977
-23.505243005060763
9.802478903189522
15.276340047585357
-52.15103319076032
129.27833732833992
-24.112338775102103
-69.29569502452917
-299.96993628803085
386.5015551932925
126.77665602588893
94.79918298743975
-34.583293083717486
-112.0064463594122
13.709829188195888
-19.920429228456808
82.97092031255272
-44.19016412456575
-102.84422340433017
-184.1133900058902
141.2087394407854
4.373893914652893
10.699592314043944
-6.841576252408838
-132.36661496013585
-126.58599951621781
34.16734022586001
138.02364589266463
-19.125052680057284
-75.63422673112228
-131.8982580752598
-41.6554777814541
308.28601825533656
32.343867986715644
-121.3604040324426
-41.42417214113396
113.85842595421514
4.606207591541899
300.771877701073
121.90693256279842
249.4351420519586
288.57688175883374
43.62460605274252
62.722246325013266
24.69738029178188
202.79497953692842
128.51110513681598
-125.28051468434164
328.117591199003
107.76618380094847
38.77714580758583
-134.94461444586577
405.57427130635085
28.0892008221611
-273.20511493968587
-29.066998486725087
-162.02418191009752
-242.59045623572243
314.36084498352017
-343.62298738797733
119.69496536827378
92.69697842130144
-66.10949432237543
-56.266361879030335
-30.932785399726754
-119.07870680105772
-161.5300253548568
-40.2895705315879
36.195238306577494
-149.7308834177492
43.47756140473923
-185.79330706020252
-105.4549137549987
-41.88306916065799
-41.97479956826641
137.24788977048496
-112.04178953963194
-253.31813834292922
-43.47143010681787
32.27185973211212
-402.675988939489
-34.03301919120922
-0.17453123159694406
-10.804811801835566
-22.845662613928162
131.14957523882188
-100.10255177887238
-134.84922151474242
155.48335544326613
-0.017122702491521258
114.86309438812357
71.83418928370253
76.96223913476393
146.66837739232574
-67.88851495915884
-221.72037828916967
-76.07493530200739
-269.4412675629125
114.53119821433117
235.4018699338268
-24.600266631892616
82.02264602821286
-11.914973904349447
-36.72786022221952
75.10025517839594
20.80598785062394
-99.6090305526017
99.20641819065445
112.94895058615808
40.90706760761242
78.40658439473269
33.208520871472004
-79.82997954448496
-97.75028634393536
253.05458367830278
-67.20681037082468
272.5146456129964
43.939204048934904
-51.20195115536297
86.32011915356286
-75.21930982405331
151.89764906344962
136.33171807497376
214.75335596918998
133.2227069278358
183.24014378205803
-125.35041214864079
248.46298881993334
9.31575180232891
-59.34153179276567
-61.51171490414183
66.50077804791059
65.226868504194
32.396540610262925
36.75644318801088
151.50837777771267
-138.27465586431782
-12.349102497595037
182.50456003647992
82.66383557784172
-100.38971322614397
140.29239046669525
-51.737717803747195
81.86917272589731
-243.62391253403592
-95.66762002622947
104.95901438298222
-14.25384139477993
47.76222717196668
297.28508908156476
-14.323762741431466
184.9408654732957
-108.28994584827802
230.33402888920207
-39.742550284517606
28.867613174940995
-241.2051381570242
146.80560890892718
78.12926110456891
-12.230555450242104
195.54601754729538
63.08353020957441
-51.049641926489485
22.147478244489896
84.3246201953755
294.09788993429345
349.0688944735346
323.6118638725725
127.8645903960088
145.18941851246166
51.48802046857214
82.86187859781872
-10.349288668502107
-167.91685373850046
20.763407318326127
-61.08275881815384
-117.93655236682353
-48.74235777068083
264.8026156264857
-47.19510084388617
46.84462559157626
335.73495854850944
219.19753301701832
-203.45436537677276
-194.27626263633056
49.33805112944273
138.80008602710987
-145.37857500801366
9.003933768082561
-36.11700695492623
111.89588331837389
-39.08721046107236
-94.08231108916591
72.59358973688157
-216.7337776567231
141.60635426534762
260.83692024491535
-165.9148713348957
173.33376280907223
-15.226477242160136
44.386022473565944
-94.97421465088517
149.3784819246155
9.465929452828062
-183.45779178449894
-83.06049837710424
-115.63977191428293
-23.983218689356757
-61.15237004894831
179.3208311479062
146.8243996358435
116.55040099133986
342.70350411660957
22.582583092711744
323.7895193543363
-141.07979035634622
195.63056277185626
-157.7156108450107
167.60381149096642
-13.57710782600224
357.10020222585297
-180.9256653255725
-55.819309577811836
40.315838411128084
-59.73231455357451
-72.04522658949175
74.26441559357544
174.58081945016028
50.58505220625089
-278.95344176933014
113.9847826938449
252.0629425500184
-144.95187228173202
-45.54265328337769
152.48941746913687
-272.45129077504663
-139.1762925536495
-284.34614320285647
106.89558504745695
15.493543585343012
-35.6056872606325
-2.2539914424485277
-27.83601585171403
159.8950853832661
31.7251067783546
5.820661870630434
-65.0322893610521
-75.63905070060086
-255.00998080033796
-218.4128892391438
2.9169505530444413
-28.11229035002385
270.12192978243377
-226.75333811365954
195.82408265427918
46.64352313755886
-323.21987205979934
190.4936018787496
128.51791608769597
-80.59644889514418
-127.49207505017515
10.170518388276719
-299.6778600226036
100.44359322323429
-123.5377305934557
144.30858631081495
-18.30328899440113
83.34803750214688
31.723378651765326
-36.21973236953936
-102.04516769628877
207.0009764306733
167.9063362254605
110.5402079353644
130.99895276257777
-103.22938115700613
159.29121005392824
-413.4376862617829
58.16718458417277
110.51731286698256
-389.62591081835706
227.2300776656742
-31.173328467160836
-1.9941037375260473
-13.026657184073105
-56.302034036347116
71.82599555918708
-171.68705414269897
40.63192964088106
195.28508281544939
-374.5457717486422
-33.294349358614134
-353.0773199000488
127.4569810186649
90.55982116727657
165.41946600898626
110.02857336533157
86.43314025809917
-171.41543540134333
-207.8587688386939
-172.83484259472021
317.8693447592258
36.33798084690177
-89.98647816072099
129.77084159993643
-159.17701005694943
7.665161853726462
316.94653207646985
-156.70853283230585
-347.7717687558276
16.07030003096496
-387.0156664676253
297.72810021526266
122.37112706930934
196.30432345630848
229.0942765024084
153.95990447841874
-53.84042864717871
-71.87949895641569
-128.50017837101578
-102.0180070699586
2.1682171900705955
-161.58598728216162
72.06941644227534
-35.07370014038473
149.22236662093357
-70.15702673447709
-88.65507475495477
274.51703708356524
-56.411089998140746
-97.39288387363055
139.735469129368
-114.56370961377168
35.42287670737537
-230.05697879055023
145.30864397352224
-112.56379246555788
276.6202927105226
53.71809392875019
-172.41027502121224
-113.98029076587275
51.666798349478796
37.79814283806735
-202.5234017985228
-26.036976536573764
327.0233381840673
36.57608091306582
101.95669707229415
-27.406050469799368
-32.151081321231075
141.51558696729103
4.400948522842152
133.9064987096232
-25.55631657975608
52.63453848887724
-60.274220459602894
-264.2676119241019
-175.86968016728818
61.87710011272409
17.92790958752271
-83.0373603120885
-57.15538907137589
-6.39446798137641
-35.88963779712368
345.4271157550355
188.2627110326073
-152.4169732996484
84.45832814272104
46.70731313956618
133.93834099285468
23.069525924455547
-146.32576396354395
165.9253454660487
33.94729845546538
3.825065726626276
269.6018654686622
-51.320928069150376
-25.963946027438546
-142.06389966555176
-293.79534789528094
64.85172221619322
63.4540851414649
193.0403460133215
-157.49801281898343
171.06323831390753
-42.49012158779875
121.9019103782889
-179.18697970245665
-46.25476185538536
-113.21585940515655
57.19596184976893
-133.98434425242985
42.64811080464898
-85.54986434985985
-205.95860575200757
7.096227264607643
129.2434958046565
49.33245830643377
-41.44643945523224
-174.78491171995515
345.58802551421303
66.81584135472032
268.76786474820796
-203.18422030667685
-28.747926681727748
-32.00580142836381
-152.65983558606058
161.5543970379583
312.9704401848415
22.33372411216245
-209.56124661597397
287.1799489542507
-70.46554392861282
-227.49286525743162
-176.0721677745175
38.420075449958134
-184.80154966607836
37.33920488308202
133.6437417554823
-57.60768317734032
217.76830250933224
-125.4392585535914
314.0950912276011
-192.798818872573
184.56410539867082
-164.0546417544437
-94.9598137701428
171.23975662741967
-75.12144219253277
-398.8484888397936
362.21129101177695
60.174155473871984
-57.38248945342403
-171.78574431952043
-106.79511489367238
-0.859226846439195
119.99866492816408
141.59606110616429
-220.54890434371066
9.355128119461648
12.519863650640769
90.1443923730552
-196.0188704186583
-99.82390111086184
163.9376986920781
178.75590005672402
-109.28588339342224
-171.35543590056355
310.9563378114364
227.78581591495313
-158.8313551638619
85.93581985410962
137.77850862758714
163.3726154502271
-389.11280174638335
19.153421360057795
47.997922411456074
85.13655634547037
73.34579931848971
169.75703282879016
-256.9883794770797
119.94464148616694
-59.27198278487997
-4.019379497000823
135.06673380098914
-48.259071395641335
-114.93219023225579
-264.83411152416335
98.90529017432361
223.31905967476033
205.6775019555929
16.57539067639403
242.04594965672547
-123.09183003466198
92.17470991129139
-166.59742246750616
-41.59540667263157
66.57689612547303
-163.3175295793203
11.017391195911205
29.57813475937347
-37.167761668245944
133.18849617766676
-82.49395323914965
-237.85718457127766
74.82540287801675
-82.55257190806651
138.2176845200789
-76.25777511258384
-78.52591191608876
279.8637215150271
-95.55526837457464
11.756388464963939
-75.82557185441614
155.22406338679718
15.65263964224717
-140.67897679371424
-217.55414045438567
-153.71451481914758
-247.66341758681915
-26.975717806632886
73.3534409380729
192.3587155787219
-149.2931554908031
100.77308085784536
65.70052345481999
215.59251871390816
-42.252957373339775
-175.00584394808783
-2.41800990528078
17.62539976455157
126.97663581400627
-68.53959340672283
330.68130589274136
98.6420270100295
287.1540322915535
28.197395208819557
39.69154531515003
239.63418211849262
71.48800253534446
-55.999794648460266
-19.17364232088477
-37.26361237197117
75.67166639978959
-129.95683988040045
-124.32068524942004
6.682696021075751
-294.8981356888524
-96.86518479731718
29.329257708038174
6.522861542622382
-236.31248445539794
-43.848418172786246
157.9367994634137
18.119819965496376
-30.43351983427727
-143.255711890591
-150.80665479620313
95.91003155207532
-14.773225570773329
-9.289314700491481
102.56421248972399
49.080247284852916
-93.52044157006
-76.71409491776225
42.81758513436712
-88.7791055534565
-134.99538815457385
103.59773621490787
-177.05076136198994
-66.52852984570109
385.28688490580583
-115.71490410213318
-67.15679698842906
1.449637537217509
-147.55411518791232
151.5986131897964
-380.3010747820928
-109.71961248314494
-257.25091785084396
-216.54495413824714
126.84247166048215
-2.7279430775373656
-195.52028346867326
65.50225936390613
340.7930506777246
136.71521507359049
140.27469419395447
-56.39514197882342
-99.32635804738655
63.336391375598794
-101.01981685724257
136.28628097798725
-300.68571671091445
-118.49896447042333
158.9000296363964
-37.81549428470474
-358.3304871971013
-75.99067764142995
-170.08415986297305
15.282383954690943
-117.96350786245706
158.1820942768286
116.34071281407208
50.4167956402831
33.978182333307984
51.036098273473456
-155.94230043814392
-207.04126348907806
32.49266535523826
-181.5801552139852
-274.8985939892126
254.8006256163612
-132.86244688742596
-144.83732732539312
102.90978271695415
-21.80108373447497
202.29360791294317
-193.83175320928686
-75.45787348518584
-43.457645497971974
50.00696847030637
149.4163826620806
-1.2846287351133165
16.774447878934996
-182.1630683003074
252.88820728695418
29.510298822067348
379.524735231075
18.90125348563191
109.43646782540503
58.459655661999186
-18.807529159983027
20.007728488011427
-97.24906278008457
69.608543580996
11.198188509766213
22.75779280600866
-176.52688408397776
24.147753650079718
69.74822976347686
-74.09573084068072
209.29695029013183
-16.624823389323897
34.297807142406484
-293.4868175840101
122.47896134431298
411.5041046994926
-129.53675407714113
363.82920289802325
16.3868857510939
32.766127018175744
69.60434388017177
-156.64769913193638
141.7648022034216
-89.05885651997573
199.4742504163135
189.32867897874104
19.77849345175612
-67.25795919624149
64.37995159434877
-1.5755295178571602
179.68891329862905
-72.22908623609501
20.618561240104558
27.76016618690009
-89.34609883853253
153.41746969509657
-180.4057763461145
125.68808603978721
254.84376919268962
21.82199376431499
234.91707609187375
31.164864435627422
52.185751993414655
-212.3003252651993
20.054860379924435
68.38575246385561
170.8705648169228
-134.49895598418541
290.67423027427367
-125.77018828088582
219.46312763388448
158.06793112080024
-117.86508607922187
4.419790109752087
182.4943182792437
178.7361739319202
-180.57079189455578
-38.102870851021656
-326.9339519293299
-47.39256377136747
-160.529664220826
374.78123257117716
131.01343254295696
-50.247123858141954
7.479052598425248
-6.06566085506235
356.44167918954093
8.695091689747343
135.68452577653073
151.94003339223767
-99.3656913321536
119.89072494423954
15.13852763948641
-215.38585769606752
-78.42125565905356
248.0188318770012
198.83548194145916
213.2172597481327
237.9133128750858
132.7570002280476
-263.1682568272632
-40.90707173767151
-107.54914706127656
-64.23805646005583
205.8303299295583
74.27398237976927
-57.356161828577065
-27.740245711528072
-237.1850734006519
201.31390859185416
88.7511671866215
-264.7266474984361
-27.75478029617618
-74.63941948753144
-5.492438333087669
-60.96464207461123
-331.24151137716115
298.43066744810403
65.24914016139554
-240.9822144354819
31.571514483751663
-49.360387091107974
222.23267788870263
2.7660015473035813
82.75306365230675
-34.92381086676872
-126.62781458886116
238.8257536690117
117.50843079717485
316.7657108532471
-250.77930553302878
1.108806360457299
107.9181845922667
64.66801606395524
-161.3125995964687
69.54799260191076
-171.7358978614473
-178.51875138272837
-47.414202264033044
-108.52869509858861
29.160015787662463
294.44762585540417
-347.7653096116846
200.98354884634057
-154.2852828537953
-29.15787175040303
-318.0294422836775
16.200054492669697
-172.62477974897027
106.08453593093333
298.53981707563423
-22.06872113393601
164.4618806355834
237.34436938200858
-241.250841234878
-137.10586730198042
-174.63629049765663
-51.45107027006753
-137.0487807892784
-202.25320252523485
-30.36230467144781
101.25275748945928
41.08291664031808
189.11193855287195
-75.51137594465837
82.5992082929937
-238.7588702515654
-115.26244254715672
96.89858405125659
128.77554050337372
-96.34414482673893
214.7001986827195
-46.15881318468032
64.05193769800513
109.15092358634239
190.44350564699232
83.17330791922018
39.62696978021388
270.57551569066794
-19.541451953325033
146.0799983472565
10.271542472174502
-222.29905858698118
-46.80717473208356
-129.56051719402993
286.81466418710755
32.43573222473084
-4.424397828119719
-263.2643803234356
43.9060758945308
-296.75350637262903
