-53.85676598954073
343.4552983955519
108.54453756788578
58.97821037506641
-10.79406323797414
-31.838706323876888
-97.20678019810741
20.619736076571268
-245.1883735164141
111.66472215521937
-177.495723540983
-161.61758640548757
-10.950127359939874
247.3422136970118
-28.33198684063823
176.24418251066913
165.13594389724568
-208.7433556935324
-240.19783380165984
188.98622421686846
111.06010450295491
9.58952746140994
-22.180248391923044
72.2429241268733
-215.22358882933526
81.21462957721178
-48.93959932915321
-235.75497056450013
-27.013024711002306
41.08563595478307
278.980070810111
-210.19240286028833
-93.2258336526195
-45.04392713332173
50.03952308374896
-125.2928915719734
-1.912196516509176
-28.929541505802913
-14.601240569688496
31.285226147736996
-275.8685991725803
-290.32193898904677
-4.171409744249444
218.96430155797268
-94.13002249399167
62.46819665588018
72.08968355434743
-81.53174139566893
-194.81704032239443
-82.51338143400315
193.4131521602806
-63.286668474825966
162.6687653865833
-227.77622955123795
63.46183221889793
-117.0114065804076
137.26875912137652
-200.6479243898889
-240.62676808270666
26.339267307654584
-190.19119543706543
200.5594821017513
44.21255254102449
-157.4818604411947
-19.621975368965508
35.25652143111422
-120.14501773709277
-5.73093681052444
8.947243114181838
90.41317695877711
-243.43620482193253
-157.78618274221338
-121.33863912474513
-162.5892510121127
-29.55555170844445
-54.91306372537476
189.69047540933119
-119.85216451881789
193.46998975959175
-113.58391995297016
-19.18945237178661
61.92770129321824
-122.99044135298153
217.54958272023524
63.79826041285099
50.53903029581595
131.81326261089552
244.2406714562014
-62.84036261064229
-52.24428908700131
-66.22697871894266
-156.35964743978423
61.0352351080147
-120.04258104992954
-39.878513347640755
258.7692894727486
37.49749659203121
-215.15851574346047
-340.6102183854856
-28.721308265246016
-47.21126804986218
-26.761366943628513
110.9208447076081
89.60346619004673
-41.4682594576714
65.33473625409387
-105.07864512486672
30.93876721617487
-280.1680582999025
105.22083642083632
-189.18093257494257
132.97391465270698
115.37638481872077
-267.74307966159904
195.38093903751107
-1.4830241155732606
83.90518621022926
72.685023034825
222.2257977971049
87.50740006578538
27.223104485609873
60.093483602993516
-24.206481060225983
57.56720574865893
-370.3311726467482
-173.65975895926422
366.5216798237676
198.0662624467135
315.49921159099483
-52.812904279999806
-90.00773578401088
-27.73805140439159
87.03969116048869
-165.36225703047648
-206.11175056478965
81.66524703778028
18.839104089573773
-97.83580184366271
194.8599675592588
47.551602566333145
10.39472489276816
105.19622418484045
-216.34212873491612
-171.9093794750846
-58.7460205492064
98.34651933226597
-52.92150773010201
17.470689504711302
218.55346755943822
6.664970796858865
122.49061973100869
55.66246538274666
56.901907221744445
115.79947106678507
-16.280207692279635
125.23182112136912
-207.9945865557366
-45.145213760661214
17.257645490528894
90.05643850838196
109.02002847279127
216.40975229285257
-173.3736074399945
58.22461412031195
249.83392054254588
-176.26801229714545
330.69061952015903
255.32798044495027
-77.70336591894292
-116.98337086108005
293.8050431191874
94.60172206863581
-75.34514399529466
-41.93487293674211
20.26397603004165
-137.80519588573443
116.21953895381374
11.7361812447313
79.06274613978294
-67.04011854819352
-268.67137999420066
-148.95098552658933
-27.73824795784572
65.83653609738275
-54.29031321667925
235.30729185388793
-135.45345352018683
-0.49619575404960603
-122.70783934987011
-11.509036715445522
201.5280183258785
-0.011579237207068216
-19.816696923115682
-142.51320201136198
-77.74677778372359
204.06381203691203
169.5212638229453
195.02584320449478
99.85664600955624
-45.233936742307904
97.6254835645941
-23.138636324084132
-11.427565667191827
-104.18197519834737
191.31453542290447
-67.24469094307725
-4.87441900093447
-98.41947010195611
171.31243224616475
142.73653507112894
167.8539966447124
44.54131300884563
105.22160938141582
154.18652412493918
-110.47158580640571
-72.80707807318304
63.13085410193159
-80.92667390539891
-6.9602308558015915
-73.55401192172434
-35.72275112122466
-153.05195720416154
-163.2940045523687
-73.18186539216715
26.686738052028605
-93.45247541277884
-96.45532391480036
18.248735255238792
68.13347633074984
86.95012366537546
117.97788206038854
69.64469408478885
77.968968020793
-172.42446059970152
23.264900957999558
-154.39273946390483
-62.45259992833794
86.03510014607225
-1.1710019117859096
22.645248395683975
23.899346820697332
143.06276452088431
20.54573702939062
48.0340567671685
278.46353846021645
189.7645286831135
181.91003530504392
178.42277731169867
-65.46618923638248
-140.4931842262546
82.08185447351654
250.79349595951214
60.04681512595012
205.26392470673423
86.9518600892375
-110.79787840097592
79.51032486605142
-336.6176436438923
140.28760324812876
-25.770608426417773
-124.68527742779764
-136.0595953290007
-115.9204291382401
94.30306005234938
-133.57780479850024
274.4279698303165
-126.23325524269535
-286.04137152598094
67.35862295604551
58.95672497303439
-266.3387224243214
46.50033059498879
-41.54962342860276
41.84808394772938
79.44251365801492
-239.71104916929045
228.7958639352834
127.84084555274791
109.71700446590125
-29.447646559156215
-30.750465175544637
296.6107651629495
227.48710950176886
158.02674465220213
-16.522442297651086
-27.059179352220962
100.40655644618955
182.0263055347979
229.66886689551316
70.06717004119456
176.8697672008154
-29.920921172524803
-7.4886597209745815
-38.99004012735008
-117.91290305571087
-59.74023665581651
72.02446929352176
-100.82706542669716
303.1228780353386
7.5941146974856295
50.923103162124825
-158.70988433987958
-96.90621542573263
-3.6938496079040597
-282.2223294212747
131.4619818748936
37.9516817599808
20.038962532410707
38.47696708943052
-57.06820668709693
-144.9628074119898
63.50846930701189
-107.72260402483631
-114.71532891063828
192.3443942889269
-93.86932291524337
69.83672170140989
-47.862213605328165
-233.91134814927796
111.15182159649999
-27.572768006995446
-282.77149637912703
-227.30241589752418
59.839137463700006
-137.0985795483703
141.59692165499564
-272.25305504585384
141.4378937909078
-60.547446754919626
422.96833958412594
130.02292778936476
-71.80076727173882
-100.9157434872528
-191.52057344430972
-166.8082836535925
-26.663609518511766
-50.87649574972404
155.47752438100997
-53.52648458819426
7.318796923830444
32.19986653688407
321.64356494943263
-1.1274977526136842
160.64984863919761
-65.32982853341359
38.51780851487035
51.816011525218876
51.59125768841805
-13.005131743399318
197.47265155993063
56.68020822056938
-378.4799547105783
-119.99869438292409
-95.99516737220334
67.1841201587249
-247.7404206589409
102.499826503627
-75.3098193914075
-94.05018587047776
398.6492521544104
-268.59013995127845
281.40582770633426
49.53016652972557
17.0520755512601
5.769648019344729
-119.65035552670246
-158.8553006331695
-24.86855214998727
148.56719483202565
98.13869498559218
-21.549446303720213
-53.231681048123065
-15.51169809035474
40.91098014391607
146.52163562849694
-37.23734273122182
-50.537273071535516
-239.93022125147044
125.01056992065224
186.7757148674932
-70.25548491774362
-268.47943553054034
-37.55212935925673
35.72980499731373
312.01182458405293
-195.18970629259263
-137.0841511786411
98.6556421024932
153.18573245608562
182.36734707764623
66.89377131578186
-71.7585599112393
-160.12739926009556
0.6326096878962221
-136.97682386653304
4.117833716528873
48.92027114717823
-116.2724305230078
-58.90323782286733
-172.83810742241292
-85.9727424296762
-264.6081221171928
36.072755075410846
231.1964731714475
-95.36538922885964
-77.2074695646496
55.008603024467476
212.2809604629902
-131.60969836424178
-45.88541900322291
90.23884835283478
25.055876236817724
-235.19652373362445
66.19995548290956
-117.98946326084365
24.46716906300092
18.744943473853482
41.71640059631716
83.9693377586269
96.1480493788087
-17.718429260777395
-82.88159986365555
56.61175774782017
29.230416154643155
-220.0634113414527
-129.90461266115074
-151.1312634947201
-81.38076908880718
-190.27034038194998
-271.121155628435
-232.39501686919442
181.80374774606855
47.049104840599874
-81.07000401131687
38.85969206444936
-283.491932124397
146.1651676158997
133.46646087800974
94.74152534764549
-6.2703625020945495
-189.46027514919086
-78.79240224087933
252.91678564541485
-167.30104155979163
212.61320346662563
168.2620957287321
34.896010566770535
-159.65825801515635
-98.61044579736695
6.024383420012091
20.246561041059365
219.36524864862488
-71.24184121287726
154.1752571691084
63.33936380884407
-30.71437510214245
-131.41885012634992
-92.30694259117277
-93.86692797675637
-10.737467643840063
-47.29263246345299
259.2408999978952
109.46815173162014
213.71111087154225
92.8502750360847
-138.44882314466392
-239.5118160733988
53.24920976946418
-68.27037384058556
45.83038216965187
109.41570551747894
68.56994091004321
-151.52146634791026
-12.001616721488716
-51.820755194351584
40.777745191313755
23.936144547123433
-57.262877621212745
163.23861966030552
181.626231690855
62.17351444018205
-86.98458704441519
-261.4134712565519
-47.49579417590659
-170.51296096622815
12.568529340545416
-229.0729870658208
128.45670018139674
171.650708901394
-193.20061930389645
14.342320341968932
-286.37874335627424
34.66080795475881
35.51061114305786
-1.1868926750404234
-3.3235684764552693
-27.672468576049727
-50.54515970094922
-15.112262625325059
99.96186932862422
9.956849212728347
-56.30916593625108
-75.81194074027577
-122.700434307937
197.0320334976285
234.35965327379702
-143.1742177783718
97.25470061488744
89.88285553733114
281.8183226967258
159.69101737764262
18.210385506167196
8.246822043681592
59.703834670493066
212.66324130063416
-125.31988733819844
75.17104944174596
-54.34666273801428
-91.32582146586796
98.78613715175024
-252.136620978
231.94134215223593
13.344038392487874
24.123612410728065
-159.9240464491942
-21.65782000442821
8.11496168503968
-29.307749297759113
-153.16517782275076
345.4477460427487
-18.61795198114184
21.4126288445928
-19.80542747643429
12.832994617833167
118.26885521153004
24.17921949422107
5.061462530915511
125.02683855569163
130.5335897129135
60.83264184330426
-123.41910118540545
-53.221451437469995
-274.3076570458469
16.796791492296943
-41.29766075484024
147.68138916822357
-336.7318431519141
-121.39899095876044
-190.4000227208996
98.37061750996781
-249.03767947714493
-330.6274073651637
137.07009188917164
25.186933462068787
-2.5385019574471808
122.065110884018
-108.96717175996365
244.85746947987747
26.490436415620625
160.5317318561886
-176.5463303703678
7.522937509404798
-125.16206198419047
-48.87611603376648
-175.1779588862508
-182.42630621295694
-27.200913340856815
-70.98885563033991
53.178883160639266
33.39258905269465
37.64160423079597
90.92138724868272
132.27600107455422
-117.38181063481849
265.83767473900076
228.26871981348333
100.72800475097038
30.144362516816617
-33.91835942287347
164.9010736681819
-12.813735148980912
-17.803822301358892
54.99022919253991
80.82410852085307
-131.25151261751543
206.46052109713494
-49.213630562710705
46.59015141345046
84.37369071623972
-60.356381094877925
-147.25495156344604
157.36328888719467
-50.02843015563804
82.35625641622019
-43.89266254780655
-40.253053195724696
-197.81747540653302
79.31912262826307
18.802689866720787
-58.73805531557513
175.38644403012844
188.8715981894422
42.92885852951241
14.501449016139798
51.29754332549975
-121.39395442049732
173.85950141975965
-32.00493415360085
267.67134576573744
8.49998116045347
171.87503336215002
-85.77283764996339
66.92382171915911
13.454776149026703
149.20810576445763
-143.61121366719107
-228.70064422801894
57.93369945890305
-66.90685412565179
69.77650423678585
136.77904174637436
217.03318605978293
-59.91278837116946
157.82926686314474
-22.267349114741343
-127.15709710625505
-83.06627217163359
-344.19545074406983
264.75202163940935
63.20205009236932
-220.51558235515708
-23.193921430854054
-113.07209872414657
45.658990053941565
-118.7893774024585
52.75613843368225
-97.56230010694202
-139.43450886251776
149.57515397409048
-31.128803776956772
38.62850121828976
-82.79861311681991
-122.22673508917529
276.1559281000754
97.96243984568571
-193.5370453043828
165.18477390333618
-21.85274535574038
-37.78479557667104
196.9403806416598
252.00972318299804
151.572340569427
151.93151675980238
18.956071210457406
-69.9804109586774
40.54128028886068
67.39318858913559
189.9509356129058
-10.008796556733582
2.969505412542888
-120.30697649889639
35.25035615178057
128.43227906550786
158.19684709005708
46.564512266123515
113.42893538342688
-310.05939175278706
-4.2500484571663515
33.94723372575098
-153.74856445244907
-163.1902420841434
74.09650257357418
247.91797103042524
-347.1195143260629
305.9784298803263
292.6728888631599
-229.54703566111428
103.77934824339366
192.60579373221023
-121.82325213409734
117.55586409911167
16.098284524804956
-70.69032952854378
-201.20309591226587
-19.522626899847708
-52.219491166177626
408.1532980085788
-62.376286842271
203.97341730776893
-92.39983624577738
123.2789854030958
70.61680998963139
3.9480628147021095
24.81900371442471
-94.64175262063257
197.018013152192
-41.56304959509922
1.6480786765600701
-142.5057666939515
-36.842144466811604
43.14662176605686
88.01029758991096
-1.7614065648529718
-69.92302917481564
-87.58431233730565
85.43094050655455
146.61893705308108
-35.8396347950827
-174.41801270977015
14.8190431648742
54.66647155641266
-58.0570148513909
-94.65140515697385
24.535563158139002
-31.95132517695126
-37.63075507036442
-210.1355200353679
163.56026071434684
-108.63599513057987
-62.62555620767898
-249.92641041412173
-286.12869933421587
36.64650847100302
159.97648110628583
103.09231469498225
-157.51624119957577
83.98262639130675
-193.01761096605813
105.8077650127551
-33.67356751810341
27.26499638358972
-75.47338715037658
-133.02206554000455
65.0003904824891
-9.748284414569238
219.96840885916106
75.04119996544387
153.5243574885659
317.81041717713805
-59.23538452013417
123.5216815541568
102.92437652366996
-95.80975716587868
-6.127840832515661
-14.715844985814307
231.23262044520973
-153.38614719093582
79.69150741133949
-117.63353934037349
-14.3943666365654
40.66792772883972
-30.493153612794245
82.56708357236938
129.3717119378767
179.67364974539018
-52.623396706713145
7.984455195506
178.71198181804905
136.65612599866347
45.04405540424152
133.9595661520635
-101.27047616480226
-303.76038911560187
-154.04545513175566
126.93355642604352
-174.19147665452775
-74.11685367675838
34.95538994909864
-41.089083206790306
71.90992460230285
-423.85904732373905
67.07278316626726
-58.2404259958541
-45.96690219034405
208.42626989900003
40.928373309326915
-95.69216424614014
-71.09642277813283
42.987183657498846
37.33940876800087
-65.54138172891544
175.35952781649306
193.47150062860177
-205.7805302612223
-167.27240034584332
-32.34083214253161
-139.40814128607784
-133.44974433913075
60.796245796334006
90.11820950390084
-92.97775605790844
141.88377030088571
-196.19529899968444
-343.7017463017396
156.50477316406216
-218.5389482691571
94.18865800397772
-10.310971575658524
35.32424844681301
21.94235775560631
117.97981999984493
-46.06640182520594
190.5982792882992
-33.84111096850791
59.15570799734414
181.917647851385
-67.05920836473284
74.4955007694584
348.7860322441123
-102.84461804602029
92.62703764964752
356.69337693672077
76.25923850994195
43.047527606752794
74.0599160742825
-71.73904582363018
-268.99395546972727
181.61672406188677
98.75745862975668
49.598959758110254
48.53172970268103
-171.2702084167147
24.994232551193605
-279.0668131390297
-110.26345635858358
106.45001700129038
-67.804251191208
-93.8391362685108
-4.01914105446942
224.6018133769554
97.46854836176678
-267.5874497959698
79.50833734884122
-40.48937120922889
-5.236005561528414
14.736747972534367
196.5594991827568
95.06393845760475
193.95381387691998
40.053788077955076
-7.858134821191792
54.904469851542125
333.3753149990803
-42.371397541751875
-169.1969360099201
-66.94586192193536
205.1442146389401
-111.24066692473303
-97.93415452916933
208.0827597839851
-4.522598464830501
-16.151627000516587
43.73449492610228
-271.9324155096172
-155.31390422557516
16.828229695980944
-16.31370719769643
-212.05513851415276
63.82348657833693
14.356795431429797
-203.1370473971548
-56.88561054099929
42.286271785084274
176.6570196215115
118.57437011149825
68.924750973166
89.10617364682356
50.239092944400454
-145.4758577049378
-233.80176533160284
21.297632431683727
-104.35847487977315
-168.67151622835718
-321.5003536488174
32.783460989539336
203.46244640100892
286.9152259698383
-44.67422696295055
53.88932332756086
200.3968594365689
-308.3866011021387
137.23079057308215
-21.935672694795507
-51.14598256097024
-158.62316425190602
39.29057948440012
245.8141019450281
-61.118051668804426
-14.874494094164191
19.99072464602706
138.28696683050458
-295.2638357607793
-13.259981112026184
51.24831997238855
-123.19569272762371
108.87530329165664
-4.100396108601702
214.73541047265735
80.79230902552534
170.15291699187017
-303.2376998793976
130.0040767498847
350.75621861449014
43.50516445260721
-256.3671251502731
-28.748212677427222
27.994498992543512
12.403607927001715
307.54619903950237
11.182913760369846
78.38686103334943
-229.4718064250837
0.27022223223364383
137.09079753036048
85.58646324455862
266.1741491310292
-92.89749298519443
59.6957422570305
-219.01736077286708
91.00302314665869
-77.10623151929889
-83.1665438316859
140.9945786843851
61.36808895926086
-216.3974789636353
241.98782948671106
-22.043693160240103
87.87815093878346
-61.1506842527084
173.3302059883369
-181.93862328525614
-105.08685986698845
-18.21263555743563
-77.3663525819214
-43.09895164030282
107.77170891519067
-140.1190170251559
34.91553765848788
-41.00926349314008
-42.9570451880924
-49.03568536772061
88.87486229854832
32.85848117805347
-126.60979536476387
-50.927886200513306
188.52708330060315
23.61269608604372
-269.15342552856487
57.75244121367959
8.191309146092278
-107.5715254630644
-274.6775267981253
-60.9747446916618
55.562985745072275
-132.71901578540934
4.308749865018613
-179.4426466359602
41.454800839746895
126.4112085556398
-98.59744842488251
106.28442189674391
44.1703043605647
-55.950506931736456
-129.29401481104966
-38.58363851662635
-218.4587618459552
-19.745302170496867
6.731556598088552
398.0564871090157
166.4213792313512
153.21438188280166
-19.383755430408954
23.93074121190571
-179.53391603536602
122.54848461716597
47.658261929266786
-8.104508454654127
54.66360512953938
126.80060752652616
-136.7988215002955
147.60417417581252
47.60815887276388
-21.755502054261875
91.40535296887218
-169.64647135538624
-13.967546338182519
-158.87736282526853
170.26329085875489
-122.71746335661122
-308.4118020591419
215.29854691891748
-171.9859884417651
-130.15172877718388
33.74940074098977
-6.17201560582393
25.97155688854131
92.2491568926614
46.596308280009744
63.054462244064844
-188.3790516424559
