-7.828163344849626
81.84296734098756
-80.06461854494448
197.4472687769036
-102.31112067377421
-182.3982552913597
-81.38733085240511
189.76223769460125
2.590553424590367
-122.440415474457
-30.433847138391187
114.86428871619803
170.36457329440805
68.51457175380804
-64.55305579032286
6.3793310162483
205.47988685976364
62.62541387102848
41.5688970189952
-28.23340283900256
52.400155046012706
54.75086124274819
118.3441815353781
-27.338697718843562
61.67986702738675
120.57876360084238
-199.35262639416632
120.76825281829193
21.055946984365427
24.42960922989839
-121.43815078125729
128.18589722928868
-67.4852441066583
158.27513616771824
89.39378905679243
213.19535288935893
-123.59114942335295
90.06637535611608
69.01086714997959
39.860808695766785
130.23196432203142
-41.04613016980586
-14.164691528724887
24.345874146170544
-195.38491266500756
169.80657580161153
-24.72319462195618
-61.539562035818264
-168.33306767767797
-123.75154051379424
103.73625540434452
-147.46406960879702
10.272947462418255
117.14437787679822
-212.8716856113811
-186.4322722732172
134.34750050626846
-8.322706951785172
-6.43055190187002
-43.94526202026931
31.65198561631174
-31.223744844970188
-88.41387864445032
65.01837696750488
211.3034460846123
-148.90917652328895
85.74319404047843
78.87850870174731
173.16243277781317
21.38072034901228
-36.49755590673378
-82.40629252277718
14.060439059737448
-90.76791865699232
-2.832736532349469
179.3006828493166
-205.63298848533523
5.144343748309577
15.850506957451074
106.01941822668303
-209.0090237408353
100.17179443363518
-139.73419574794835
-2.6311802692490343
-152.39713849117317
62.299232982436095
-6.5435480518280364
-167.8066817260285
67.28126100377374
-178.72923036264106
135.08818492630203
27.05878180679882
58.92505202907237
40.84208652182056
-104.66165983393354
-60.636879694323106
217.84619482013932
87.62085171877507
141.1961944710182
-95.37284446414374
55.1127500929686
60.976048538349986
-10.661939999339396
51.362434500410096
49.128253018837114
60.32258427261926
-22.049714046987557
21.814123204106163
97.081981320926
286.1758390180742
60.86761563420405
142.47974527617765
167.57496045132967
-153.43983643669588
26.271828172507313
354.7473835980849
65.81680160119124
-49.92778265231091
271.94345411639756
-47.68970079970328
50.67757547987587
-93.40849671952856
-54.9098876456175
271.85204249235363
45.785885034719094
266.2747545327451
70.26935224896086
160.49695655050365
-115.72867164198826
-134.02415792120024
-8.193050627339748
260.22965741323725
181.2975972709734
-56.31338492711073
76.17453301666704
87.18528828368413
-67.96499217276956
69.33587144570855
57.469754667277364
115.21018006931807
43.70907738285093
-59.18128103169585
83.80487157880378
-224.94772653989222
50.959242655860066
79.92860272899415
-53.488989611344564
72.1681112633228
167.36372342606575
130.39628638852415
0.4980937121520822
-68.83018258268963
88.56144339456068
-119.07455961813606
141.9304484123647
-56.927673350918525
-29.895869418643308
-212.1930330541953
141.01174482619746
73.79804405787927
-2.2252975805765907
-1.5275857156689236
76.34289071476671
-306.4363333805432
-54.76722247172555
145.87821422325467
21.40694867513036
-130.80436205449118
-231.37157125484833
196.0932398463959
-141.48290953895565
220.3864063596983
214.20870592025378
-155.5616596993491
31.97420421065317
127.45927445919841
101.12052403865381
61.99517784559446
188.93860197182238
-161.34325736059748
102.69316276332216
325.2260500464222
-8.56210596119124
4.11686498887087
18.43750493119724
100.63658861129801
-306.3718079375272
203.74186051168346
-84.87546755926842
120.12159006694215
85.19102726648329
203.864525799772
108.48575205465167
-312.3144392590206
90.13393465703857
-192.40368340805495
-73.3155059114056
24.74745564977042
-46.777304363398784
-141.95582362961957
-172.766025764494
-135.32594919571116
-55.89343198325103
107.48135879041511
-20.563215799448678
-51.760700971552886
-164.02891758087043
-133.17201313023696
123.53925758383981
-291.4892875510732
180.38636773641002
-350.63964601451056
165.12485283674565
240.6874593584292
-23.479287729665902
116.62156671984476
-70.19195210210803
-67.88363445230104
-242.5496387142345
7.288356557108555
50.27161706525864
252.83714432475344
7.2604769154724345
-126.90167206656913
21.17727179791156
-146.11288809883914
140.2375006173959
78.00093561301101
161.81368320379707
18.917471040212074
-76.0623601091924
106.18264741129168
200.81514783936635
-81.50496927848458
124.93271549675873
-183.27846471500263
70.65798783112487
-25.830960695186896
42.42946342465305
-137.53233487412194
39.406638736551436
190.0331301757254
45.687111315604014
184.7022944823885
285.58988217198026
53.82459891789623
-128.93576789232662
115.22772967810678
271.0681499024018
-20.962372780691545
325.45778231438885
-38.841662913027754
14.912163287633305
-101.27590571136344
152.08612024655446
-91.2425058612995
-121.13769812762378
123.97107752389945
-66.40246357202395
14.939328613708184
-129.43727015039505
39.48098210997698
-36.430681134653376
-11.638511157148152
-88.12968740061152
-147.679033495921
20.30215632713585
97.5574345650482
140.39733523818063
239.0759119713715
131.3837544658321
-58.41502806612101
-194.92140734405277
67.44152346871334
-76.01857423938462
-266.52806291350123
76.90971089040778
-181.55042991630094
215.26751627336975
115.31327648401148
41.25219893620523
103.82755664491341
-34.76381169589158
-10.239692631147724
-150.0079535451505
19.196729582275672
-51.5270496263679
188.06389512111798
61.84597004927264
87.25374344239029
37.631872454020645
54.70777055504442
116.60912468469748
-112.41510211243543
-118.72008192965687
-47.31765719459882
139.132092619225
-55.19913402384384
57.64457411284556
105.75266301969583
-226.0332094306945
11.376148439169546
125.00797556692343
33.66126060257541
-131.81074212832021
-206.81584974980203
370.20652053835147
174.77575050279157
119.91284911225813
82.42009474348812
-62.95060072950085
149.79842684236965
-23.17759829929112
-1.9239881339350755
48.611022328976496
117.4939905925556
-2.8414939136287907
-47.8169345226403
38.53584776747659
-67.06599748032315
-25.22553199148255
83.21574991374841
-70.70445637877845
123.25458593861964
66.76438402645375
-180.71994559176264
103.46312818332696
3.2766609683706753
80.73818182086258
-88.58045432095906
200.35360459849605
-3.8868863843065764
37.80834450014129
-216.13709268145183
-226.78627361825556
124.39530571794839
110.91226082153055
8.414505735383774
191.73087520348366
57.80941017488226
246.26432640607325
101.1623434780935
24.704826640301604
137.86348846642966
-3.7445774724538383
-32.29111774107047
226.07935474297344
-206.3813898954315
-17.556921884896198
63.79841294696184
32.89044946457857
33.54541643553336
-105.13107141533418
-157.31263020312582
-132.58680462375094
-14.260445197752874
119.09312134591036
-99.66829475512199
-165.47502967508927
149.48979179604095
39.63446110431293
-23.526037662046345
165.7899796433764
28.694940233307577
-24.037790014003996
-121.70734402631066
33.71362141166706
-62.87365324629707
48.94375977261273
125.44858947722817
79.99060424277076
25.458909516360713
30.59836290020569
43.17595481899667
285.14568227733093
-348.4791373388263
-191.9496649279795
98.59666046677016
-66.23433544947189
213.31022921868114
-118.65849205749996
95.21501253124175
140.86392103402656
-181.09895151369903
-60.66944853509976
5.872403193350298
9.528265555026712
-5.0558994071279555
-101.5612169947726
-75.93394698203548
10.715782722878153
-34.249316920808496
-124.9073466394143
178.96712647256982
246.6180919749724
-263.3698647531819
-242.79124258751085
27.617975702333098
-203.00553268193127
-21.26972831848188
110.68933856255455
248.45663845933382
-90.41157717233062
123.12030176076196
-2.227230798875683
68.33334029371534
-257.07091187934213
-44.34812408885547
6.328735368800643
143.87258903444965
19.637419597855605
-72.38265521126999
277.6464787431811
-81.74055023929972
-89.76017583209212
-64.91834625314375
29.08997824186024
283.7995776380791
113.37131074817661
-138.34538627704688
80.2439694031251
-272.0362666540979
162.8010415169203
77.97804055928954
1.1183864322535557
191.375743780351
-22.133493613078365
84.75174947666218
9.061022347850965
91.82546905527533
5.144827963390632
86.84145292108069
-63.36122058934874
58.07043980399719
-232.4900322836834
-321.1517674923225
-188.6871724130554
-251.80295217395573
85.00062633586408
281.95920279385876
70.81287949752415
52.92919667078081
92.89814823292343
166.6830885348583
199.02600294614643
-108.72528392714878
-38.87927180699521
-253.14281069019455
24.272142926365245
-93.65627214535569
-30.928312449069992
-22.753673506570316
35.65730429159749
-55.76464332342698
-258.63413556274065
-158.47814384269347
99.90517573153876
-133.33471079198944
-94.81908063118273
242.73640939463854
-168.95070173492243
-355.9141077594671
273.0451261663009
90.68127891417235
-141.3559255340134
-94.97846420723421
-51.385099784707556
192.1968206634842
-155.12915152161048
166.32345953477176
-8.549863450271431
-60.674151839017014
-15.658921554065783
-158.43347693757508
130.27907037179102
223.53519705132314
95.42272630261668
127.10773515527177
194.20550356651563
30.212309675072092
-97.84468283534662
-10.844212641880548
-48.016293333455636
-192.09462914991224
121.86743060407855
-204.8942879450642
11.114848273702288
-120.04291136891365
200.45672974005888
10.173677256133164
154.89153297293015
-169.89689413682797
86.26812100933047
48.70513443936738
-115.98611323170273
197.43486763471498
0.4344201337078748
351.7797018613478
-70.03986966164001
-232.46784340378218
52.27293205315479
-65.83522376002585
-43.165136644825374
17.523718803374997
-170.3484155140614
-50.6324903129823
44.88940003300978
-117.2681136486597
-29.9351518517572
106.97544412938196
137.55421100421327
167.9519536930316
-82.68709568227753
-151.91810783245683
-92.648437105548
-24.070854068086295
25.716835779149132
75.39330828054102
-41.83119643290538
253.45147326686188
-157.7928759387025
8.082520517564987
-129.224322825634
-21.763372191858636
27.94606994272319
-53.47036450813003
88.63024448764851
-144.5074794713791
-68.94600294250836
-30.830438985955492
46.12820140217264
212.65243568740928
10.860439107050956
-161.13284147669455
-76.49718344075698
-108.73987605758518
-28.453213141773293
-323.62967433730375
-53.76389496410051
70.48172347861006
164.53803707365745
-62.68785853679738
-57.069978312805304
-93.43465852429469
-76.1780001973704
27.295469577185845
248.70118942495745
-164.92312495400006
98.23465623174114
-118.87660659655208
-34.639625949214974
172.32433117011578
-35.370383440978905
-332.64955419377264
-191.6240337381609
161.91894201984127
-260.39501257117524
42.308673929991485
167.02467344016858
43.81527851395816
12.28997391282815
-102.84573638966192
30.876727195845945
-371.3660444641922
60.56878412229387
118.33746357193273
-89.82929198953981
-120.01437391719234
130.71650663104114
35.851479449469004
-116.96613317731085
-214.87286453556678
110.37882963011764
152.0251031297967
-124.69765943902121
-119.18742895622096
135.71199889493343
-96.11902704798287
-165.08271507423234
92.83466803610995
10.293692461806728
-121.76584047137733
25.3824344676103
-5.8949447897188545
-239.39459689980333
-150.3514606076556
63.8638215157402
-151.29269981970205
117.41973030530174
57.862312593663475
27.647447849883832
-25.71201640511453
-23.41422149777882
-43.9604348265186
-421.0385159986447
43.63215057441139
-3.4248109749844358
14.111906783488447
140.46450058877474
199.36280572800075
-133.8443650987969
79.95534363844806
124.24863795775879
-171.13079297541273
67.9495090070504
172.86831300486435
-285.92069390310866
-310.04490565539805
-85.11396147041962
-236.41924093216815
93.27061882435518
-58.37898091053924
-19.992308962538335
-189.98477039740465
-38.80676377727819
-7.786302873388999
-0.9411377410048594
-40.39702496244753
72.40793297481112
-278.9151846509102
-72.02317780272274
166.30958005443236
70.9391948445548
-347.56172468459306
306.437524953613
54.07015181660148
175.26278353620427
18.020468545388802
368.5542945662865
89.66331252218562
-127.19732291332072
-63.02536980973731
-16.34342961087472
166.06262910350404
129.48203307690002
171.8244532431335
8.306575338404636
171.71483608666117
-94.28804609039763
-178.7597540759209
-0.5195165275252964
56.7254351414743
75.01093540803149
-131.20295512746793
123.61483678387191
-20.807825387718754
-159.23434644258225
180.27815917230444
-216.3221784836861
-145.64083004154747
-100.91386018336148
17.398733480130094
-144.92822795821795
37.644848580390224
-113.40711927169426
71.56141385707097
-130.01464664978454
90.92158988852073
-20.93888993723357
-66.81960534524472
157.9919196774504
232.78953108819596
164.09513289559482
-50.915631931909445
-304.0254997420598
98.95461709980297
-71.88630882352975
75.69526315384165
157.34377110690787
196.33286921602289
51.811063590701906
-272.0819945228506
93.41241936578376
-163.65835729989539
-159.720388904507
1.3515003040463012
-218.4455470149134
119.26116432357648
238.12851578303287
-152.063654405404
-32.31825982525931
-238.53159407528506
34.97229086338662
171.4188981652935
2.3030113271608443
-10.914232819066486
-56.275730857659845
-144.15418314269306
-33.87300085188686
-217.6824404244676
166.05499173936897
53.42796841971986
109.13538783044491
154.05200065719873
-84.16934066505135
-39.591246730406574
-137.1197399971616
-90.08476496109968
-96.15434237068395
50.071837794121414
133.33879282717564
151.9549329938797
-351.39308085474886
22.019524980926516
166.36086163985016
153.03267629861918
-30.90704271628711
-12.465855127118353
-124.40543072798688
134.5132063954305
77.80288103844208
47.5714832027515
-78.43385981762643
308.8808008808499
-187.91335447577055
334.01332013702324
289.6391647478875
133.0658329108508
-31.384390564969625
-137.15849924659997
-192.72107676571304
102.31509778325533
0.2258387980148835
157.53214668746463
-130.25403341307185
3.0898960599214753
-86.82912110287616
82.22967698813166
138.09114399975988
-82.66966146010003
121.39876554988692
-136.72995424258698
26.97218505016633
46.968590660365415
47.15158104059066
243.29795239101247
-63.72069778009839
174.54782104379512
-52.12275593555282
292.3115584404042
91.52080587227236
31.787864848302924
87.16625640606537
-122.70447956914091
7.4750052481777125
-26.59437392184551
110.90337062049795
23.63952483828823
186.06698433485778
173.33312566746818
256.1035842727698
34.8458082910635
60.840119081183495
-150.28714213208548
-97.45009740060536
-191.5151768939154
-199.40698640735656
239.12821588808
-51.389764145904685
112.68364431434966
-195.395413577115
-24.3804875975123
59.16800235436384
64.84773456053924
85.99029951488957
-102.27207097909923
100.9183033194071
377.5500919981265
12.107560098600274
85.62230855236399
-159.327529095405
-148.0971595327337
18.720188839619677
-270.1066253450948
-25.743245170407473
-31.73653280507444
-96.45145733887277
-175.96476641687315
76.627318654504
16.289513590456615
-335.79634559940143
-140.36751177661537
155.9018570471627
168.59090549788206
-77.66828427070601
234.40446323077384
-72.38730910731762
9.993485352911666
71.84016564028809
76.78522144154415
-142.3613763565383
159.27866618825144
19.311171481453247
471.1452195028336
87.44813537628218
16.935653997502012
-84.1146352670223
-75.42129025350215
-105.63567137216083
-17.420486924536544
-4.510630684240628
-148.20311959265123
-87.3429979825632
8.363462251280671
115.32705742750174
150.6750727430928
207.80264513603538
334.71523593654047
-186.76787851256256
-30.189177387284158
-95.89145999615572
119.63539795150305
6.487429991176272
-54.13323896169132
111.77477250504634
98.54652246511579
-165.67593837563297
22.49170144400081
-64.34252139807542
-345.69750544910767
-114.91994818059817
-78.0542773072059
-6.856233451968231
-98.93210320807526
1.1787928975579138
295.7722286402976
-122.16717716821691
-97.69880375197344
-72.94276129219507
-129.81467341103613
-28.532000409730774
-141.9797705127959
-278.8441594292852
66.02509553907153
281.0319545989393
-64.24212363558195
-247.28718174623006
91.03601889865823
-53.49983733891442
43.091447428319796
-113.65486840182116
-320.19450322946795
-100.43678208021741
-82.54040269690579
-37.56070272214636
63.01001540268818
26.556711403784146
-168.61570958520414
-54.27192596118643
123.28404562732153
55.718553444645266
7.157733916479789
-17.652605486892796
115.09200340383232
-234.63339237340867
-70.0283052181064
-175.95802732783645
-248.0549208518007
-115.62648338017317
-165.63090855258426
28.29769155714709
112.02232649475572
-19.271019377726237
270.23351126570964
-182.35820176024617
-157.1421442367702
-10.91337167462683
-20.599296435489464
-119.62784671346881
-178.9015662260117
136.15286373457732
-9.76727337867963
22.12392226615686
22.67437973082444
118.68639038064862
-60.31960290235658
64.11605880576433
-93.97557415421831
-67.20905412557063
160.57735062505068
235.356541311529
33.7075153511213
-278.74245073760017
174.818118429738
203.35152374850668
-57.81722939192722
-163.75067299642504
-15.087444243978032
39.17599170022747
165.10309098289744
108.13510750423082
145.59575238187273
-79.1603456859576
-122.15055289037173
-27.480985727079666
-323.08104182154113
-65.9779793613012
-40.153963447444156
-248.6000432948656
96.3259162748247
-62.00597191854072
-55.911941291900874
193.55111729780128
-66.60305118612517
269.10154990852294
-23.494181244230667
-47.67237987869031
76.13979556451497
37.64881409339336
-255.89970290848703
91.7330886920592
-240.6869784998334
90.81925690620413
9.818563584790471
-65.94392128746394
58.26802541988144
25.68824006192146
115.35596728743269
-42.93777093751441
-169.79184536856695
118.77572027624264
4.959735508157646
35.19930924478636
141.25198849645693
39.91910450063887
-29.41911751873333
167.57865844851273
-35.1431931921297
90.54854212154653
-29.891809166446993
157.68972569150083
31.390642397043813
207.80248004172566
-68.50791561474661
9.178199493606131
-83.2246439009822
-128.51930467183774
-14.153820209767861
-221.3748069970281
244.8335124289878
148.57540787573927
-81.90692203415809
-48.94380955531276
208.413188871366
6.363869274551169
-31.147619238441234
132.47713059318005
42.24673870819181
14.385932826394049
-85.59372606531596
-52.86414116541
-42.15180142324307
30.130157963009005
-241.89653192024093
5.019934292871076
44.11114057862087
43.05146551069596
41.27488846288688
72.81360955783417
10.31636265674404
-58.27259909173681
108.65456306693629
-23.153914985054588
-30.451216265142783
416.89831568115284
-81.89790281457498
-69.41202311892225
118.04866349927535
169.36472180116866
289.8355618563137
-99.3407195996355
-15.721165114101357
-185.74822840496265
12.795107725465494
38.97201581456916
199.76588421905808
23.592748692895704
-34.733663764046355
201.55210184108677
-5.812348187802445
-302.39727112742
101.0456815946604
51.1003481382044
-64.51100798896309
-96.32234926211025
287.1189544275854
100.01390797878892
-74.56326809060447
54.45665536249217
-48.8943327376998
6.835364458687044
221.41139612628862
-110.5472646238383
103.67253365451212
-115.35570340301564
-193.62364662318316
124.57341132554818
103.37991934214959
6.473827973483482
-73.70577357665682
