250.9267483457804
0.718307345900842
113.29722931972874
-25.98536732376284
-25.824801466190124
-72.94800508725399
-177.09425177129992
-188.05344777972843
144.96510182438473
-53.11689130813781
171.97628208184003
-29.307360924800985
105.1775543487525
-0.7905340652788316
50.5375329259519
76.93626213793873
34.8929074489706
-118.28265704813091
220.2896528175331
82.00221668086778
101.62833295816361
46.90974231090499
-56.53868984131825
183.0843460203012
-9.876998557314137
197.48212841524554
-16.99551821898928
221.36670010476556
302.69444663530055
106.80300064359142
38.29133255231316
-192.23972377713628
-35.87622957663763
-64.34819021219691
126.39717584087906
-224.27028762888867
-79.04886197334562
241.91520931786187
172.93032540205155
268.2166406667628
-355.8682731335513
34.338120593233654
13.290489107810643
70.96420171610306
136.62252334277667
57.96917996151117
179.62588342206277
-177.88886842846745
104.72565445567048
139.85569749840576
-32.87168977058491
294.3715660932068
49.352270879887286
-68.47662012513705
-179.5141398279262
-109.01025816071255
-168.12054613672717
-23.833058660604138
-4.836663551572789
84.81892086957235
-18.05975178735259
60.69201005899096
167.95535621950012
132.26485383693907
198.0964648300624
-30.27819863638297
171.3997777605636
78.77568250102308
-255.4451059460974
60.576931553577936
60.540441993649594
-255.2601795636132
-134.49368987396298
142.31695100380264
-94.36807460448972
-200.45640275657274
244.45368300950392
-25.056753593139792
-289.8049818228633
74.25118826939601
-179.1064238949186
50.67772236949163
-5.561763187871934
-175.4958664965746
133.82621156642838
32.54674125610423
89.19719308635224
-0.25014827993033073
183.97065590795168
-166.94399262609733
-319.0108686819
-246.08285091820076
129.8232724507292
-63.639385785151475
4.795588539100187
51.258027509602634
161.3595896472307
186.0887801597326
54.61028201364458
35.820642055712675
11.425557483576005
224.93692311773572
-6.943754949757827
324.08551827708635
170.84413759980873
-16.28154274395927
-298.38305204173406
-258.2926058507059
-124.03422907895548
44.49582413999182
263.1829453219741
80.09159903583826
265.0298277950291
19.612540446464198
-73.53457215222367
-4.152554850096907
-98.38957543489127
-38.64297028291619
45.23313382009413
10.765314098562234
118.95932733047184
119.44378865739687
-87.86701187148661
-50.03359794311433
22.36068589261184
83.64453238557174
-455.552110620949
318.82186919352205
67.63388702469511
-64.38763613326297
72.73699935345063
193.69841121350055
163.38627173038708
109.87460930921131
-19.740164288092327
-88.55541956426079
11.790174060711484
-192.19650919818383
42.99437582285026
-213.72529141045936
-74.73399674007698
149.14107102147327
22.00594166717428
542.7802280929993
155.6254983232457
-215.0162206857663
-189.79917182191048
4.165901686381928
164.01491643155325
-132.74481664197913
85.07992827869582
-47.15624334249271
-35.81540284455605
-222.25757166937137
-97.34433080578532
137.68529826630018
26.470882278476417
172.27281915235014
142.05034161481507
-42.56935858287341
-312.3898824602858
-51.090729918394125
-25.51907599083989
-50.85342404407978
-16.399681776764
-40.928567593400636
-287.66836828724155
-45.300609975504756
-5.494323796671395
-127.98843355618966
-163.61294257065305
296.75593047764255
453.11769999088204
44.545095891260985
6.499811540694691
63.17368930416161
118.71878873750839
143.98070564662027
136.3682495544374
99.27930519312197
-61.51289853130977
1.6583207300987028
-57.98535944586081
128.24271219437998
-115.21534593397571
-32.735994519069216
44.84422948890029
-165.93896226186382
106.07973632895465
-226.68981985475298
107.06818646817764
-151.54964457521686
13.593596123723863
-154.1838204936513
301.53293023172023
42.55063616614732
43.32235141037347
-71.53575094811418
178.21671175908014
23.361250328433478
560.775824917289
-66.38719925845152
65.10967227784045
-32.15975006975645
-153.6036989989262
77.01260120086478
-40.18091959969593
186.9863169068518
34.24657690366471
-36.342581543249366
106.86067457082214
-50.266910635318204
339.3377186441172
69.40974970491254
-214.86553444280008
273.7436812856546
-27.547981041494317
-223.76339187161608
-267.6558827637675
-204.13078915893567
258.61447691670963
-112.26926158835634
-92.18502147992552
-33.30120230378978
196.57391872455946
244.1150998498915
212.87463422361358
-95.13248033967086
42.86787686373797
-33.151966396544495
118.67190035036234
166.9215714294856
1.7978482981318986
46.93844069298334
-70.55627658461577
195.18125331532366
125.49634234080735
116.02380780828292
-54.19878663502748
18.61498043892872
186.1537630219824
64.28113796654411
53.3291552972493
90.3861364534382
195.08385556894908
7.464950672243381
-339.42919147498833
342.2233841150835
205.18625745175203
-42.73974777756606
131.06318823226835
-222.4496133498461
224.16032530711144
3.9532962733409835
43.87261753499597
359.8917149011789
-180.86737713445248
-67.09990346885841
265.73715580782164
135.5831441855594
-5.655382480662014
-71.69193582180156
162.88707880236566
-142.16143918845054
-174.86030862402507
-178.3182304503897
-355.4788566807301
21.939289016615028
-166.64821935901833
-325.083308733185
173.04684472986656
104.12303977632465
-59.91128626739516
101.23523426719372
-186.4066362432542
108.42605848956416
107.62112413147366
297.8912377862601
-130.1540428944767
-128.62815286428278
67.21772463307416
78.27155958773079
-228.2206895470987
-70.81597334422831
-117.14191578317208
-143.58272704171637
325.1788890860769
313.48977421364816
250.25104221241827
82.95316914069075
-0.17900410631012864
-29.854914492749362
-312.600679958514
-0.938154178900171
-26.81506816452794
102.33582184786347
-452.0638663573475
250.08615031761855
-215.82982256799332
164.75291043304452
-233.8810293646734
108.85751318255988
-80.62487933726936
52.3646666526863
-71.20476450698595
3.0870775499471765
-39.30874588062911
-150.34386129972663
120.20635469849655
-257.9708684892601
-284.7140063272029
-122.3637794590059
104.0279687202716
-174.0934140609848
76.7392007375995
102.9993229781796
242.74146010060718
-9.400108646418253
148.44790659379223
31.975133638425067
89.73658611990766
37.918139010179615
-139.29877701644486
12.514686172402318
-47.1791895188766
-90.68345937529307
-192.84032599086916
-4.695647226075753
44.032567584905316
147.44562681360833
1.228927369796661
59.36151917179863
36.405211769464586
-42.03161105323793
-305.9245084212316
108.8129282596366
-74.77561220464166
-9.989444905504175
174.99765348101312
-187.09500346519422
136.92808342036025
74.98573020350109
24.876779547887818
78.95151856446095
-23.30900476817733
78.65796155371702
-309.64020577350607
-157.2471102829467
69.03729377664696
390.9765079172192
18.787092219088883
-24.88575844684236
-48.415071019428495
-222.96605297358454
-139.75514296914963
99.51534722421262
71.73541079583364
114.63637989583896
-9.010606561758827
224.0214826841801
-14.503715254221675
121.48907702185087
216.70306406221556
45.836241531693766
-180.28394325079103
-180.07831743752712
-117.1308934178909
23.761714979053902
-66.25095586189002
-67.34745108321471
78.60957735373287
204.8418879851286
-268.810339198094
-75.25311324693027
303.1624255992056
66.0454230723775
-1.8665892592476467
83.0111857007743
-21.65281581047751
93.6942120729533
-10.321176187585387
33.32645648822302
268.7854261355935
-103.79873441372318
-130.81621541600896
-29.143324960833297
138.73111814762277
44.13657880923192
-227.05665452602088
385.3210620479727
-45.82844094743622
3.2311201674998076
-83.9097419344591
-127.01052704207638
-223.8774212211225
-11.08257536147994
-76.81316286346062
80.64024812191907
12.282183074257778
57.74056093833131
16.35819993129414
-134.96120442519782
-97.71457805787644
233.53720633249583
24.087071613646675
-81.35249955788129
213.62786844648136
-221.83691146151259
-13.808377334394322
46.55507237084645
112.17100304976843
278.7649445662828
27.63757067127151
-65.89630417902953
-13.025697228858347
-571.1111437366529
-356.35688710594286
-41.392957068879504
99.46496458204652
174.35069651467828
154.55276671286458
160.05840776484385
284.271622874674
-131.97034729869858
1.9218318468887128
190.83016391636272
57.993023802060556
-79.55444929740855
154.71640714509445
-174.85399740839517
-439.8952199247218
104.50163944170374
171.82725293791543
16.34007656343573
-16.89134397375705
-124.28937325481056
-236.85107236448903
-142.10177096064274
-368.90370639070335
411.1614289789778
279.8385651699929
183.179156632214
24.79802026571079
-107.24332110866335
34.20121754360682
-170.67752475493984
-211.06665459438995
-112.55646950781968
83.17788809230709
-23.728586605116146
-11.13285926828585
-117.37278225057237
-74.17392623647704
-219.66591868877106
162.56311823638308
117.23695945111422
216.01651599407398
66.84756906682085
242.1358186856006
47.80459916625043
-188.66056465225586
-123.72193489116903
-238.4552010029942
-32.87690052873988
-203.15245863812322
-123.29167909795044
-135.22646241346524
-172.9897402053994
90.74558184339702
-14.05118507291188
225.8873516990506
-147.2451986538957
116.8821465787591
-121.67182408539097
-305.7577775376878
193.11347223258156
-197.572251558022
75.92042460730985
347.3201841036256
-105.49572813462005
98.01167919015901
-64.33497515778987
78.51532256905288
-218.13987819044237
47.18728107783588
-348.01119988261974
-91.33642301773274
154.9156456235767
-175.115797334498
-179.08534153306329
233.51837186804025
-95.46225800332259
64.62456970178154
-54.706448509978244
47.13178833976303
-57.164585104200306
-212.2533017991608
-56.02293512289662
-108.77939720587648
101.68571572136288
-41.62303201866499
69.89794180841702
26.724455843136617
102.83350473724046
75.18431389296154
308.8462380801547
326.3265326553795
95.49532983686649
-272.31855274422895
329.6724608292831
406.8200919379038
-308.20660856116166
111.71838167844797
-89.49851603991475
265.3665618695649
68.24661174141295
316.80024987549257
241.63684240180635
338.0802389044474
-433.7367657811111
-242.26279569329162
63.67112095642084
-131.09139732892277
-225.93931457382513
-322.0454261796376
30.21653771457643
-239.54243064415786
12.598263779611633
-170.21261365025023
378.5165231203025
-16.29334837733277
-85.32376016281646
123.53735600657406
39.00795591057688
14.778729305473494
271.2693333815974
-192.83696889261213
0.6793267950979012
-24.04994824588665
-268.7440973763676
-186.27646662762166
92.52623303685661
-25.208304376629847
241.23132647827924
-177.68356564180033
161.7546305236952
-221.37278302998058
-228.62226953981394
-157.50370713790142
-93.4029604116962
-114.48138185379891
93.51198596912334
-226.95925307462696
-20.373961069013266
-93.28309935377068
81.04673758930015
-142.46998619807107
33.020449833864994
-142.44064712710195
142.2374520926144
-259.9523800439881
-309.94143625943775
-243.7268380119827
-35.34334310582411
-69.006994403406
12.006736241205289
-213.2953401158936
394.0741087540634
-188.6595316313147
146.74361149375463
328.95076928357
-204.27350825375453
98.38487537634288
-187.8690589172284
151.61578359144494
112.99544303157224
-37.99067213130432
25.387873038919036
-210.59355741103616
133.26519905931156
78.59143118428659
-66.81648694351728
74.40117354524804
-64.27526217601402
244.65491627495115
52.14511191701638
366.1306069060309
-178.61884147422882
324.92290304597105
-14.697812885430514
-195.5080042970897
25.27625781392156
235.8460220481937
65.12832199890056
344.0455012053224
13.014143013132138
-240.31772346665525
-37.1197211459966
309.8998756379866
146.19981558919048
-42.3739358112656
62.946068695907094
29.58977610535129
235.37367590904404
223.65150789206592
262.373662110002
-110.61937314841236
-136.9709546168802
156.76940134937578
27.2985265823924
-44.992283667435586
260.4873960275359
-237.52117731978973
128.5998075095374
10.149439132505211
-141.83106487697756
-233.67970888544434
-227.1554848712963
142.92882114336552
-205.25026015853337
-50.54202648125032
-408.52772481204136
-88.07642681799801
68.06103516664552
-82.40094001411849
-79.16744070726608
-214.443365742491
-198.48028961496146
94.2219658269115
194.30167674747102
76.82940122388129
-218.94164433665975
43.717267258843535
-7.4288095809173464
-262.3805330272589
56.13693067303469
72.85491957454383
-103.70124374218778
148.31514461326532
298.2202937655786
15.416966701316664
234.2779269221648
-85.82394012581808
-122.38679998385996
-146.25042106213124
-328.1161852629184
-353.35139180129397
199.4495856655479
21.591109272116032
-99.56891143250581
6.650888963869941
-177.46518438095583
-182.95775678880057
-93.1923240573634
-184.1467383941111
179.34565366560528
-192.22716652027063
174.95330696678332
24.93806920615523
298.0171568214264
77.52049167796449
170.2972847358133
237.84065616557848
176.0271860553801
-31.86789214082181
17.269607478531828
85.01447510003295
86.21423009809807
-93.07124617899589
168.81505604966762
50.39344054364443
-261.51791600016173
-21.90024248613227
-43.742414064661595
225.206863997746
85.63406612930557
50.97593868363275
-315.260931402255
105.29869972932877
-105.22036858255422
210.90547429626884
14.287095479271638
-323.287139506493
-33.50893531522528
16.606103867470335
-24.66581686157644
-134.32638955714665
242.26042432569932
37.83238383532761
-233.18683753096775
-236.47121686359407
-264.17644457053154
-84.71008266032983
-193.43501916207265
-54.854791193330534
-261.93378801040177
312.8499855611839
-133.86024237194283
253.82504472814824
-145.71983498875625
249.3118249974459
25.473936533096268
-38.42786915841045
-177.97594592994176
97.38234147600996
-39.7241854254852
-279.7036250643631
212.35171406423095
357.1660245461949
-243.28233747601678
200.0113897687162
-34.58768477334334
-104.17987040031362
-43.561958305514246
266.45624595055733
170.78213902169836
105.09783473958939
-125.46341625644712
-85.1308583130374
84.85630796480223
155.92356991699512
-226.94239119857212
-140.01744417742717
-135.443884313142
-125.36980338564403
121.33529066590607
44.97435502200185
64.48725424888394
51.72900546229812
-96.41632863752893
-356.74880052044773
41.039515442291794
-183.56533164915487
-109.09219057877117
107.46668974396106
57.24032631004543
-69.23676265640792
122.22830546681747
-88.18510414032112
-59.70620796048658
-324.32685114157914
-90.6995424510237
-99.01435162958069
94.43322606652829
-330.83175230490065
-105.28633466012708
128.2570235935724
-189.27321689904576
178.7971429687242
22.479921015779688
-152.5814048998197
105.34092596201873
161.27607381147743
-162.06785907496194
-24.695109273496346
31.83028024221229
94.7568836275426
477.66548932676056
-83.31648135281431
-179.62318550520033
-7.379161220899194
-168.00764286944974
-218.9417400807564
109.48735574308508
129.83440604271766
-221.40981000100297
-28.192452869932527
-163.19265735705306
151.84452424560214
38.88324109621271
4.910536879393023
71.35445961602092
-187.26155743501656
30.718174020655354
287.39299417232695
16.908012114661787
-118.97625787470571
-202.79942199280538
-2.063891480121097
-282.8503108925735
-85.43275128237062
115.7469184530029
-69.10751031390342
70.43639733157833
202.29123090727543
-87.15786797683779
-190.74613696575554
22.285510994181358
-8.267138651068667
-83.27246091145896
55.741769605216575
-186.71348435236598
149.8019845754496
-48.618173723623784
47.18526792385331
218.5649946475654
208.92342125782153
7.713765083585312
78.71518991631761
63.086163491972755
64.9489722012059
32.335392642627205
-83.1673074167064
-237.05980668117357
-0.21397990047522164
48.95437781834513
-22.415483155877876
164.27660970929008
-12.189007660476111
-371.3724988403211
113.81356230750059
-65.61861437747702
-181.36536270039593
54.53699651140389
34.52899337917132
-16.263793524056272
248.09074422907287
-71.59722871579342
345.5621497582792
-11.873358327022626
17.39208961921844
27.42229997604499
50.274129307789345
39.12874541274746
117.75329951486601
67.20176344393067
90.33617870067414
35.78196945941869
160.66991723589973
64.64856889693482
321.05578575650827
84.60848231444733
208.56420418690965
181.9818359692674
192.98777519892792
113.35678249492143
31.96150103371225
-194.37722809649506
76.16606228041914
-80.8199518727342
316.564789487413
168.9866641318009
-32.25588854491439
-446.2799381061809
130.21327141869725
-490.41884742311447
309.6602287695039
34.47816573072917
208.80723535853932
43.569563430948925
211.46110385325903
-53.488231538937626
385.76074376152707
147.3820586891045
115.01650928079586
94.58394369836496
12.811427307354267
32.22313701584942
-56.08815712063318
181.99455276636604
71.78576823352334
-123.72063788573078
69.39351915170437
192.9180912993708
-226.51262458173932
38.6054481971232
-24.845058643058476
23.401177438808432
42.6418738764645
-123.80796185294005
-115.4117090224358
-188.50074057695895
-51.46954350286851
69.93348065898292
1.1431939879551343
-395.0079670321549
-197.98130913377673
-16.10060764169846
-72.20891707791466
214.08841361815652
-236.92442896885728
-16.093184029683673
7.953624115235025
32.70307903123666
93.09248988668793
-170.45250897066518
-95.97390479976671
-226.88285322448306
-138.32032229177415
125.11364718927518
-52.396048813736606
-105.49335532174295
-194.23685242444378
-86.97070967615676
-264.5289384770481
-87.58022884053845
-22.3017802853306
171.37192504561995
328.89434763534433
-45.2172054665864
41.37960447780866
90.11557171994043
-386.91610151810903
-87.60875617362639
83.26541455163553
12.79093013819377
91.1026586308875
-142.5271141430388
-78.66512113474944
66.6521197649411
-32.54831957462986
56.630807830927914
-1.9365521392700908
23.359974520568272
-264.6599641803084
93.34612839468343
138.48803640344002
68.83585010386419
194.19800104317187
-112.87505298553052
-39.46278772813887
-137.44417625254587
69.42869053177515
-143.36803658249676
-1.088628535134481
-159.4912701390298
154.80262157368495
-55.47365627497997
-4.796165145106801
-121.5601785941272
-154.6360040646642
-34.66215264053388
-173.26192028785508
48.012457904672765
-189.44183301178919
-108.79267463567106
-8.207647992296698
-87.88159732231672
89.16088064966628
-41.841076154607855
197.21211844450633
33.024066558557536
-35.94598863587593
-151.06888805900022
-459.222330435461
113.26421298874875
167.93662239977942
-206.05634202509628
49.27695446404134
169.520215752166
-43.5380622844172
-73.17583326856594
72.27694992214131
-101.7424135052673
-51.02068855032746
49.765159180913074
-122.72547760788906
-9.401307279423419
66.87101548682203
18.70931190438259
-246.5993133850135
158.6468369600487
120.75147880297972
-36.8694599213501
-6.830595424377511
292.63699986806455
-177.76640360094342
-156.23961957240007
20.415824508294005
48.25291322433878
-256.9107843366473
-115.1379554320559
161.76202776480918
-3.2046977317607586
193.03652655166573
234.35327397827845
-48.01583683288867
15.191624081708689
319.63516921839664
-4.0574310775513975
-291.2283138289172
-221.37231366835724
215.14566971492695
-72.02097276549298
-15.040867624089119
39.40653772571472
-158.25392662041983
88.60027087257708
-47.9130978149722
-2.7564711020945074
66.25228583704126
24.453540688943743
-115.76880590236829
-53.593329790251516
-28.101388547638425
-94.15682780421706
54.549827444023215
195.72059648154217
-76.94915897339943
239.03621328376266
