156.52022476823586
-85.75036544440489
107.61903575325623
-35.33031488477339
-137.47593864797238
170.66019112846374
168.12230990770811
-33.58019320622759
177.23097477836603
-255.74870055276463
-111.60488884625431
242.80517036810494
-275.991018318698
107.74120377957264
-196.07761453782825
58.91913753157381
-56.576591869355674
183.94192866078083
-22.332997078995415
279.97357594788775
-165.71004079259288
-66.78622665760287
231.6342828844107
60.331389715381306
28.11219019867796
-237.592363797095
-95.89844073462284
-211.43135684530642
-232.54197440820496
120.9086635850179
-111.89777006970336
-62.52592764046114
131.9652282792835
17.13955265549425
243.28146868782434
19.813277633446937
57.601989797809836
-380.19630817066303
122.36422300735533
108.0496969403993
-123.66524472686851
-198.093587724197
90.18010239856203
79.97258889072005
283.903794243529
166.75256568225788
50.47012217596629
56.84664622292696
299.8818196880586
-83.69898474825698
54.47994072916271
174.29373778681452
-45.86368314396551
35.061443668189625
116.53784485740536
-27.26767234865988
156.71951054445364
85.22273217627759
-144.07082528986888
-63.8089759516121
29.699809957992755
62.417880309092936
16.1125569118814
-74.0994348793565
67.66951990785053
68.727499442773
195.59115049187096
107.51763190532843
-144.9553977130991
-17.635545328704435
217.69603394374406
-77.44051570236284
-59.223184064876854
-171.13653870477862
140.55238551194427
132.70027703091418
-128.3250872819389
-150.74795218704654
137.79610628670912
222.21467538937884
207.53228331288085
25.66221497998554
145.09297690335578
134.52653993696694
-178.15033764960396
-129.19277029611314
-61.94716683999352
26.15221886204517
227.518121600111
39.20730907914637
-50.5360330123097
212.49187205811907
-8.01085377926962
78.14678099085548
422.6686467932646
280.77160678311037
254.5612849962307
222.52698881687985
63.22624236725528
85.04645381161663
160.9087433616867
-5.042583334626163
5.090780560816459
100.29942507114524
89.84529961049245
8.40594718323408
63.10170653386236
-442.6490551550007
146.03055819713174
-142.76202283433585
7.7879537373247905
15.412786726336517
-5.717613394586407
-57.06294922506793
21.522701110180147
60.43481924974832
107.1409175826987
-4.085157993793107
-9.821446217893568
-222.36971040301142
-82.12273222872531
-113.46148292391028
-177.59096560073868
170.44768026274468
-175.40425786313313
-132.07146779612307
-91.63144997648108
-60.7831949801435
132.7140980555756
-199.0664708532159
37.7554488925161
274.20942462455855
-403.9423719339146
143.72164250093613
122.56479851940902
383.71025766172914
-2.8744596465411147
1.5944326621427103
-19.404716942183672
93.26568477876445
71.62166350089113
-114.22393868519706
193.36071599664626
-61.163005103725595
-42.06299916686904
-0.5379740630341203
-157.41467236239154
-338.1299208842741
22.23614387608181
-200.23616861859395
51.53237765237989
-183.85667570231445
51.89548196775975
252.31741887570513
39.462052389124466
33.81592431626445
-281.57089241699686
-213.19899879643506
-126.31118845782484
-325.1071164659063
-58.98759063078884
297.07451260214515
94.48039667106623
112.816088498414
-137.0331753282697
-100.84334796512327
131.28123297051405
30.95856033989588
82.58013249117435
47.70728602111049
276.39766388078976
-185.38888754587416
-174.00554431181155
64.04596915188644
-100.96575236853313
65.10048364531015
58.545353933775324
-148.62036888896088
215.05226725472244
-35.26768640446887
411.08424846621773
193.79771721107895
-102.77636888735648
168.34630053308274
-1.2693656010172374
-220.45328943379243
135.06797699548963
-126.80897735513935
-158.7783322442969
56.43014068179987
214.43941172296678
-31.5442076474212
-58.41510035879773
229.41016734263408
-62.387333905798805
106.55139169689646
7.090604769088472
69.15405463724818
-114.36923613281371
198.78100146392603
5.965853538638663
20.787622551027084
-211.83384322826606
-152.8036485575594
29.532095167371043
348.7110943589683
66.01614795324426
-142.31790380370498
116.05823199393386
-18.99192639778667
82.08125658795213
127.15779845847764
309.71278888433733
-462.0802744560382
267.12835914477216
-249.4184602697618
-54.65471815706105
-497.9733627686317
-122.46428173463113
-61.67613822829807
-251.58803342668816
-82.72473295323695
-153.1963023905209
-224.64714216374585
-419.5657810319084
8.256490662993563
-135.87437743962363
88.09494833127154
-193.87317689269258
28.44983857439681
-145.90607797759867
-20.253091476564784
-269.8626818969214
569.4284321491784
31.449246889907176
-77.29399767582244
-21.46984143142172
-98.7491820844262
189.98777794847481
-20.052964656732154
-185.87571787505138
191.30470615215106
29.060990403080844
-178.80211128639783
134.22566441699098
-172.05245538630706
-79.81724252855413
167.31089889136223
24.163661030891575
-20.404939308132214
-149.9530322696823
-84.04576931834272
131.22701069342426
-112.0290787285112
-5.1964676348751215
93.82288775461323
48.00400167251483
202.36821432018772
-45.23124117757305
-359.0957367379022
-23.48338711091124
207.903355975048
59.68201729920663
-167.59744080634218
-77.7367757753173
41.38163293416177
-379.21754938913983
285.11016813106295
-72.85141517046353
42.8052328474219
301.25343241220355
-334.39949553594226
-23.274412421005803
136.05080212442024
-170.2425182331133
210.29385740384083
-153.3423385197828
-104.83296648595875
261.97004068021124
97.58168040382371
-220.6462677080489
-269.85544530056876
133.8007689470382
-115.48441842663573
65.45446805226031
157.46617880598373
21.81755950579952
104.36535601110657
53.533370360102474
-81.30075785694532
-95.79914784896836
-351.56778963587755
42.72629580232928
10.730721068122106
-32.513529594188086
-19.45708720971351
-173.8013194655743
-126.72156223917905
342.86705056787395
176.25605284929946
-387.44506681596
36.0351198907863
265.3203448703843
338.812044287974
96.45287110097043
213.634784041468
-90.7186462713432
-134.30895163340085
251.78359956314424
7.3976923016730005
70.84100665911039
-141.0930133207064
168.88618796705308
-10.50710424836609
233.43770323335124
-77.78248383179441
134.71758975730293
188.9669957894824
208.4551802277852
-2.1143024790989857
166.07615773745724
268.55277678948613
-114.4617761903164
-156.15196160885898
-56.533955347309096
-19.467302450302654
118.74141129521101
45.190980779073946
-206.3326772767789
186.99093676698305
35.8163738373234
-27.087828109115605
177.5886987451962
111.22810444657694
-100.78459492898018
-96.6665105900406
38.54364302816823
-252.33037723695134
-12.209954886376693
-65.64016223909123
-196.46158554033948
12.702282964857266
-115.6550300629763
152.94948929883608
84.8448626440501
11.778465072972203
70.76787311097932
-144.7535889657727
-95.42135872782686
-163.39591548983455
189.0348240203606
-259.48271650788774
24.201899637063686
189.15009650528106
-164.6195311500472
57.77904914511048
-86.90915521147632
-302.142720079958
50.572879633499596
272.6479364438616
28.597164286734465
135.3199536898152
-101.71213450549888
199.29976543501232
25.445291632750912
76.57664319078737
-48.2893665387386
-90.00729394342888
41.15445300394072
163.70964670125758
-210.39886235673825
8.794828192290561
156.32051994137393
-172.90110659885116
-11.759402594713102
-296.89793424148274
142.32601519661392
-192.98438973693192
-67.81466904533936
168.11951108617166
-0.1179904457372174
151.2919663163357
-49.51351600225523
-274.0903380620346
323.4421798376769
96.46236125100427
92.86055139771939
-22.615922921626538
-6.287282018318953
42.867997964373345
-158.55084180793935
-215.72392331506316
333.6289247209204
78.36328413054477
100.85438853115456
-57.61900051832701
-27.23372963738137
-35.292225463064426
77.38366064758752
39.07472707903424
152.14731121351704
40.69232583218337
284.5207980307117
-3.4978357111812217
-288.3714901551957
-132.6604704042416
-77.77825762847816
31.004946027775883
93.8700199501154
87.11657758985118
72.14475868239326
-148.1473090686123
153.9713519446797
109.99152654416932
26.551872933344274
118.73495185541717
-262.73822757702663
-56.03370734142661
328.41695652515284
30.31178436691826
54.819107045798326
129.8156965741671
-247.92606687703
264.9137996796193
55.5093497710871
-294.36844925286897
75.1804830851331
-155.72147160813512
114.73360119157512
-12.491189729364542
3.808048223505045
-4.589634828661369
-299.46426042221566
261.5369975416942
44.326271485899646
-162.06469229728873
-335.1625036066757
-237.82319908706955
122.01772659120454
-35.292677326265036
65.41357037319658
37.4559156667623
-43.00950557973352
-92.62524562267544
61.17140172498395
262.0105670984782
-210.93270358549765
110.65314010031915
117.30262953680264
202.85986860689303
-146.19648135663599
-304.1249457473104
382.4463223178472
89.06978499334834
-57.12968659700612
39.48708613956339
329.99264347286027
-202.1846946855332
-225.42001251569877
-120.2585113874154
24.49651297818791
-132.51548613386626
-70.00784502068682
61.40460081638192
-14.895088402892675
192.30799141535468
90.55805352999182
-3.7452838729104103
81.38184527940398
-131.44338947907818
-10.471036950609863
-28.59514911055205
-5.110350646816087
136.68122570439482
-75.89041161278158
-208.23031468945675
-7.412381718148916
-64.04915999796724
149.13331736373777
239.37382179327855
-125.78224436784582
-27.94547463440064
-260.7595756873371
-250.77951631069325
179.60870805211852
78.07247716234612
-108.72793912196066
-231.91753453959825
-130.70489435013823
-73.78622453394327
-125.74485713824309
-218.79310491182622
-61.08985775378621
50.92079402578015
230.0310330254293
-1.1839824648182007
55.622959753701025
37.248409763139136
-432.5067685731367
216.8929468944571
2.0937677631409786
-293.8763098252494
200.97835677522454
260.77948188352974
172.91342341137002
-99.86052442843085
81.03734648007759
-118.82948027071355
0.850458520839663
183.41907607912287
-155.6824564373026
-151.8737407223175
-223.21222533381905
-162.99027100013703
-114.52375606358588
-126.69318351236109
157.73225303998015
155.6280023323691
-71.22545869429389
-22.326821499578905
-57.84351977604251
88.59941725093252
32.94276080447533
-54.7669196338497
11.913139063670588
1.8517127387092447
-141.2477958697174
130.4536785888925
174.79671738440013
19.303531778911083
-81.49917528038743
-100.49901654060812
100.69907114025995
-16.342499538513188
-278.87239469357235
-40.039013141400844
35.93000796464375
50.95856830699923
-182.3920082802026
-51.204291878194454
-8.275081776330392
-211.19803323587908
-84.52597474864014
194.82524900849936
26.310684607368064
179.10520644402396
33.71531676014544
-147.42948220065003
-75.18699450566184
-206.65149421151443
80.82694371612601
-183.1152442157233
-197.54420143244008
109.73100481552628
-1.699970369901755
220.70410363748516
5.004815874431525
70.87701908086275
-5.995313412045083
-20.055712479607365
193.70096395204055
11.146519728822312
-28.447797467316843
-12.790944183508179
61.25916034617946
-78.42769024084947
-143.45787972974114
176.1052914151703
-47.377497389290106
41.404615466073636
-51.354061652537865
297.5269299418794
114.74494937833506
-248.86172862119074
-178.63798650884308
23.294641214288962
-199.47726922981806
-4.68142098850534
-91.44338513669204
518.2171422267759
-93.55217841009522
87.04279367950295
65.76845272422769
304.0429126379601
-29.879084402778815
-295.8555094627812
17.70822515778897
-53.393771616109966
112.8466661685696
-150.5603428022088
20.124300483960706
-116.20842999735832
60.30063039016654
142.63043900305757
-62.92124372169222
76.0426092211275
123.59992142428833
201.03840451064704
156.97102808039375
314.6565023209117
-114.55589934534288
75.53752342163854
-281.711724915397
-218.29568668212576
32.651180450367484
-145.3588076466224
-74.7168877602333
58.544119341235486
424.47434574020355
-236.10724306543648
-247.65771348954354
-250.17056502957098
-163.6653749183783
201.19984745172738
342.7376074663237
389.3049406981658
44.106315752251085
-116.04248264393239
122.90425542212563
125.317994668341
418.82478178252296
-35.51370475276502
95.26725008418964
-173.68667997601986
-23.11790693101691
218.95815069562852
-73.02385628339168
-260.83814125330287
-46.68462034775888
-24.34402523907455
214.51944430467373
-10.426812452815053
-19.159332995312024
0.33593144359116744
-144.4596596020064
-62.52381856375225
182.19591545530344
-43.89506417439462
37.641694153863774
-89.67809378650657
15.999199308144844
-97.82107710233062
314.9819685740583
303.05755993773175
-521.0677182477683
80.95412332884295
-328.5840859185469
-117.00210355712618
-223.31033418562865
9.975386400224876
-29.04294598469695
-69.11848864595679
266.40498280258794
413.03149673278017
100.16182939169713
18.554726373299445
-130.3360114606187
-4.970992429906828
-235.94755795292556
42.920894980156504
-18.49360583633988
107.28775358181804
176.77469639979657
-27.48409450309892
72.29087308688455
-110.9850023431777
90.15109911590451
-321.0893379583217
248.57776217733394
61.61696060129646
-213.87718352697917
214.65149331391763
31.010672477269072
76.9937597551576
183.97725247406
-384.3650065930161
-308.5654476876747
94.47982483025199
159.4244439956193
110.12512769964464
-29.798023513340247
70.50722135864476
-62.69098320527129
149.93738225850157
-12.398753692137031
51.96758783287509
-228.25932921462345
241.461874605893
-22.83981609440543
97.16527562768286
104.90653656165992
105.08248641594366
-36.54943813299466
155.1071393653258
161.58468839177297
10.44909502417283
233.42896610487864
-274.9939849775483
391.6481737390277
97.10467617330126
266.1164693690168
-32.54897840133957
-68.86066650097311
-49.28948274653222
-1.408492476257718
18.90648129268389
19.66902712179502
166.20829323655295
-143.20301583074115
-305.29997512199105
26.88665044451664
-191.27545485201122
10.88011684754324
-276.18350892721014
72.1329675448945
-111.92470222108955
-13.718650741677187
-20.943568698237875
-73.15598668800526
-92.63286313045946
165.50627321131108
46.118895724082
27.587440813919024
22.71046063480379
122.58594794358554
177.04844364689654
-46.11641765880691
-17.968456972827422
145.25763820977429
-92.6291404321031
75.49896437540441
-17.735155972824668
-225.571148206868
139.35129941702786
-263.8246799218178
305.3907293182456
-201.7902268015143
50.66892177427124
104.33404613823608
8.69240254264399
262.97895410073784
130.98662515054855
-47.59673737226595
-165.00026809803757
10.543230451840358
38.73644081486798
-216.8058886073498
-347.4863782727686
-31.993290993382693
80.35256083907187
-203.8013841221001
-28.52640093850833
92.03814643408606
23.074467870603222
173.75394589440126
108.59296090958546
44.01346201548773
-36.38354352943262
279.2623044980311
-231.05051304877375
214.73568756991014
135.5850910647502
130.35294377056087
-172.00074919454582
-73.55935938916559
-92.39219539119041
46.49383489950682
-24.597325045535722
294.3047612268673
-118.84044244813916
-281.724559310724
25.501825199965964
145.6457829577851
-187.92324459144297
125.08089392343761
214.42238567087168
279.064294992664
29.113379794722114
-4.431965521881462
73.53891493371036
125.05337585006363
147.2585377775289
165.41482383541137
-27.451328403715348
122.44805279616844
-302.948416847508
83.12440402565097
-238.0970309366309
67.08069636071201
-95.98207395450943
89.52291991470602
11.012763823497805
-541.7688665713212
-276.6871073327578
152.52631864475632
56.938569497800685
-227.09912376418328
42.63463345188389
-104.34771490141752
114.23553998111876
13.608464467324916
29.95225428459961
-45.432555973287144
255.67662420847168
73.96529457420503
2.7198251632168384
67.00751035843827
-142.98214595280672
125.27247251977701
49.88517111124157
76.10280646001974
27.83439263095633
-61.44211937247577
69.50852954481454
-262.0796416401801
-117.08168473590194
-46.66303213445156
-134.3636535118487
-193.03882859339114
-2.6629164303972175
50.60843986926972
111.51046971442578
-12.72139892579802
200.02817994546785
-141.41946973712083
-147.99952575822104
-273.67683880893304
-148.72504404800952
453.0177178901163
43.549655460824496
-94.66361439349117
154.18891485440446
-324.84486910146614
248.16944695126546
-109.88502236493106
240.8055483567611
387.2769687388138
-172.1003036689713
460.13143447492047
-26.226379396228744
117.45782099118298
206.0359180601424
48.10873619485072
281.87285820361785
133.57496963862786
-10.09695347630794
-145.83379597781155
132.9362722911005
-298.39810047701116
61.043254916793806
25.561337216992797
-100.68142209079224
363.77405833197037
108.64579560991493
-13.18078650560841
152.43476133719255
101.63783399704984
95.39390359501307
-82.40927924333796
-86.77363842317634
382.6691417295095
-93.29150977766919
1.9133510846906523
-275.6249103790322
67.06872152447687
23.236957895888075
237.36115700406847
203.61694115477064
-62.324279274185244
-125.7898546753435
29.191342112495676
-166.68322528988017
76.93047361059645
-276.1539586151931
-276.3849924838712
180.72720746027068
87.17319826554196
147.84984157567698
65.58316474814501
-41.98067956114466
-580.5342450011944
218.96546684051162
-12.610170195145926
156.24476497335044
-50.761456627561564
-33.273684734191484
138.91774615459204
33.868771018412275
-131.89123751105433
183.67026213734704
-77.65496886476784
-364.51049880390923
-102.11115806470157
115.09004388421887
127.089957213768
-232.8904535416192
-8.823885116959787
-190.11084136103412
190.45138699372689
-29.303794104994793
20.997302318569506
138.20964037072574
-91.6251845541982
397.14669273524896
-123.22510239018935
-124.28536247150299
155.62218842890886
-3.295545743845917
155.68072176026376
94.75864080653685
282.42454267836075
-307.63051489992364
-405.56681304880874
-82.59578156937258
-327.3826425965947
-115.81766966593139
-30.43080966451792
156.46247883601146
-115.4790994489755
-2.3124949182999437
-72.63527691701502
-101.16072244295223
6.7177841532771465
-65.27530047181176
149.34379778945845
104.009638076298
92.07525988422178
41.69260215324616
133.89198617166693
-20.31887120459192
-114.02132224819937
55.63787383524595
76.30355220401042
58.519398846463176
118.96289334507429
-97.43549118734165
-97.56249469886866
642.8366886863247
181.04486401918763
-11.999865755047734
-152.1421978947294
-135.75077483507675
-61.26322694744413
88.03826845675803
-2.2648698340656424
376.6044267969477
168.25877963784995
204.95972885486597
-75.8455172029948
-170.43755484362967
-467.7199925581642
-172.35666034861106
-4.92223442596604
-15.506172495545954
279.8314285705512
111.921748381318
-270.2111088485541
-40.539046738121584
47.0931538248875
66.01323639023144
32.416639708117415
114.9328141905146
137.8921634585713
75.82861612750617
-229.30324615755111
-65.3762651252106
-165.26541160608417
275.89392065960084
-491.08359624383803
182.23283004770437
125.25531884772403
-65.1351826247142
73.39466652150915
-134.6990129202063
-104.40457286585102
257.94279500201947
104.27666646604496
72.24007234456742
93.89808216761634
45.654757356118914
-115.22393172596713
93.25436121342202
-58.69833765890374
216.92499239091705
273.73419157391186
-285.8480439388321
-288.9586727048055
-63.330760192096086
-174.30951042673837
110.88767817472086
13.474008545692872
35.335288898283075
-224.67114253909057
127.10843855146952
240.79169607913545
304.06072411126206
47.55228392688867
-142.0841291606022
147.41485448909296
-110.86146706275284
