288.8842134004525
-311.486324264299
120.45404041117037
193.20258204348178
200.92007740646457
354.1773244274666
-15.237473158275336
-241.91825742249415
-61.639480875415984
-208.93970023459272
94.30518073880944
340.00035482601186
81.4744981597582
-31.422841610978345
335.27880907279024
102.17237898485786
112.57520118906928
62.362278819749264
100.11837209449325
-41.421520191463784
-102.64630592316274
79.3475926815137
140.32001189962227
105.84118759722568
-163.41779571756496
-195.27887873170386
28.286343505424227
-356.3741583158547
-165.09654134088765
290.74321110630234
3.679493282755195
21.67481942939794
270.4297534862805
-119.21302617498985
-291.1773222846474
-71.89439319640289
270.0620773883763
-94.18101585540145
-188.75956542080812
-81.69206381812188
-174.92220001979518
-124.22182558641319
82.2495525883869
-7.275859359762801
21.263735519781427
-267.5897346570598
-40.43925737915007
104.96247076623382
-190.50503149697045
-116.06575813935042
-173.88363340137437
6.719295123614969
-58.14139343590549
174.95100599899627
-141.81176809316443
-248.0017723644306
12.418637764165275
56.5198802075809
162.56258970535285
-93.83512728534907
238.9055936504486
129.51477881494478
-118.51792364878769
204.00257195222576
14.825830328447843
205.78249387067896
53.92675670566114
-74.65785512712273
-333.8914787306386
271.1384286492817
7.3694708425677575
-40.73315804152263
-23.335141979230603
-28.34431161551242
33.49890463761972
234.96055208403496
230.6273523299686
131.43197945785397
-287.37983729918176
118.67363302715917
-13.744738772280389
76.39452413130407
-250.18467788764752
-311.78489411023946
-37.11472993365363
56.27192148844401
88.54902766711845
97.72357824948693
-52.024555976445704
-125.7394309038003
-171.69124807704083
-174.87910875429134
400.1101377685682
46.55342797452242
-168.3694418486559
-44.032875862983055
-67.74532096671355
220.60306774831693
-141.83950201320246
-134.49538901906882
341.8353729665669
-60.47534078295907
-95.5842854224918
-168.67883777715917
-248.90374375689552
303.59314920969115
-157.4017526965167
53.60994779829161
-175.61606208620216
149.74873942601965
51.36178478971125
-286.9622526505492
132.58841006937317
-314.115583691582
315.10972633680166
157.5780672810484
16.406612740127763
-30.329298175052422
52.216496792087135
47.061180481851935
-76.85821074882244
-1.0277793468170888
21.719783496001238
123.25339686094075
124.78563820745403
66.90750823597604
-226.72014998145644
-261.4549488110852
48.913292868136224
-8.200451711551272
133.67039904974203
18.453785880766535
98.59903713427258
-39.964984531001974
64.53491892171016
-110.43172732400613
-177.0641957172399
148.83443396970165
18.03970146356983
-113.38921957694333
58.71181196124378
-59.858513948880265
60.03761464121988
-125.2314090086349
-253.6719368070313
108.20353491701988
95.50908912802693
-125.03274421667379
163.90030856473905
-53.253196530350735
14.182500665583554
13.078608972039168
-186.1187767197213
-327.75928701941325
-144.87302704959959
152.73358376426762
17.36841969602908
13.119367893997701
218.2611174448642
-80.31660338991404
13.794886642246135
8.80624645967783
-21.947461794755387
-207.5097495385733
146.41588490771738
7.829687256878142
-110.2412836975558
-59.66872284334493
-56.96583829430801
54.6424390239712
-137.8443027775564
-141.56836789963094
32.39222251930724
215.84056437439884
149.9343677601312
65.8263714716104
5.2130441017782765
-150.73935115256955
-164.50212451249465
89.96041601104744
128.65841743775957
-338.48745909042844
126.03600402920001
279.22615411713963
-37.333450151164286
98.67909825907
-81.76722088811375
24.159603951152363
-221.65759974555053
-175.0261729837886
-168.66030884017948
63.92518204387291
-311.2209493107476
-117.95675113108386
-80.17241246109226
64.03225444257683
81.94771977737541
-222.80620984220042
-235.43178321402712
-48.63668224334298
-85.3811594721809
18.572199604799266
187.60805563575178
-66.04616788568286
65.94509928916843
-25.70167643905604
34.888495543788174
203.17464183675963
214.37107896503142
326.96399204070144
280.4105297496707
178.83042835710663
-269.00779831204625
-4.611721028435918
-251.08281097876113
-130.65368118774163
178.72883227907917
114.26976711988021
171.693987040324
210.20608763324157
139.78297120333258
21.202374118200716
-9.285383697078995
-183.9555094279205
91.44776758039784
177.00997089388554
-31.012567413781905
202.24742438058053
-101.7815405685142
-53.67344170078561
248.57293440575611
15.335824600282889
379.45795444918815
-147.1430381239798
-65.1247734281763
-236.18506606519574
16.497187025750737
142.4580401592699
152.49458674564488
-270.4459340436728
42.89120968533212
141.84080575045834
72.38009796395764
-78.42420284748474
162.0710586837945
235.76499490409392
159.0097546817376
78.07109836211923
24.48910033839642
-128.40720767680776
82.18379958565492
-244.85086066471834
-135.93361055908997
-218.4589434104753
-201.96206753665578
-73.79733074818327
-215.16748119727066
230.8099274211419
165.96400425375433
-140.3867899576869
-0.05829730943766398
-77.14572892683283
92.55522284336647
28.372233097414416
120.47046609686866
-104.84707525135703
160.71735068202722
159.3867264243713
196.274209039261
67.6781978691283
-193.08850528365952
212.48884888073601
76.159323498996
-36.864400807818036
-196.14401825506764
128.32311920484238
86.96186216771372
359.34285316570197
-199.8359709755141
-77.06800523237744
57.117387166859785
-48.5501864703188
158.58312515519475
-137.90824196289955
-176.69198147230105
87.34484016135707
-113.77234885355107
180.6919805811751
-148.04595354236773
251.9527042225208
-43.72436848695957
46.93966686382254
6.308535755726876
-184.90851479631561
150.6011047310111
12.27068499363378
-257.1299786448989
86.24512821823323
-58.23733986375669
-125.6494880213813
-46.07708518784205
3.595320357785847
-276.2112895933496
-101.90642943023781
-39.154685885123975
-241.92715076075578
-316.5103705991682
-168.88654959078644
211.33253036008094
11.46594073956573
-263.84968856730666
19.62811151199505
-94.64405464524609
-142.1477208618608
-24.369453270329657
-224.85673057882772
-9.980326422970554
181.7958393948454
81.53520880629098
-15.410669032420332
-249.79244642102435
-149.26905569670689
19.91931076101012
46.71780136836668
337.2177643230242
-139.81729113107377
277.62015388519814
39.44561919338716
57.76040187763192
-105.55626588976642
289.4265168446806
-120.44590666961528
-161.2082095051973
59.94868276046975
271.0940561552492
-24.434999197665867
57.99705482173468
-53.71298182532759
125.09210826696797
-278.6087643975173
-34.162270599435466
54.00416876894478
64.92990364620694
309.86858515312286
-93.62229196487111
7.322012196009165
-97.3694884736011
-255.30278291400998
-33.968977580104074
119.13680088489421
112.26585985202885
31.234486266863044
36.51456965398722
227.065305878205
44.67882897413556
-74.96347478663455
-71.99500432304423
-219.20447722871162
-201.1455853716979
143.42365219865547
145.0471452775642
-91.66636967503551
-178.51051698616297
-235.57341619468053
364.2786352923893
-345.93166643428106
25.608690874280352
-357.81582713532123
-138.50776597853067
29.141313153480052
-30.470634342385146
-144.5738075046199
100.79625042024301
71.01988337035807
40.05688292496354
-44.91194017174448
52.86970185911588
-24.453886428777594
-97.9937434978496
-313.6432454334992
20.896779204408418
-94.4515952050718
111.59974958639498
-143.8893694388535
-50.22868590743487
166.32935976556453
-78.7949823773911
-32.59747370943131
52.30752346425598
122.08934648051255
192.63613231924342
219.41413807261216
92.22328355891047
-14.312711586525497
288.7846625226262
-55.15534103982922
144.41437915191688
-92.62639686414119
-27.679757569141458
-96.93812766288184
31.084436510295202
-83.9103744086686
29.434799327042047
-103.58930246815935
-45.33036058902718
-10.943047547203738
-301.4699128701966
387.1859194765118
32.33672954176792
-296.96709246039205
163.48766724196585
-15.278137389211038
-60.348162050759356
45.83671310252939
117.51838564994814
-205.36266791231893
343.7245678538926
-155.1588035819753
310.9657180835427
-97.27228325387075
76.6635825622833
227.59733618773672
-385.3587369743701
-197.36341871527148
-82.6099396451702
-143.4008827867654
-5.79175723995209
17.897643203891388
169.72210098331144
-72.0519509980126
-101.64953626948696
-203.3938346014094
209.20650476150314
-180.82381382325332
76.47611735763778
-27.32706322648695
-94.84902155484211
-160.957649726367
33.459730583211574
154.22412036522283
258.2887007244215
-57.44147910703905
3.711176933945391
142.54502148215178
340.47812851795385
-137.99558416015708
-17.639122240493613
510.65823494613727
197.2856160698522
3.1328104518422646
140.5599234616764
-309.96236246293546
217.09259944369637
251.68056628655071
-198.33813614963097
-290.4847604456455
47.643828657398124
96.61218288048251
-314.311811956322
165.60132495184914
65.42602903294315
72.03503606484415
-92.87825198105486
50.97855735794132
166.3899973870979
258.4213057020714
159.03208947074148
-1.292816137257128
203.37868196551784
-8.430794416913752
179.84966948401302
3.6348533371155742
94.04245398114529
283.0074945036947
128.26333386217237
-53.37625661645465
-74.31270842883912
214.4472832665328
196.4888604532142
-146.88026899908965
-210.8155784803401
-11.20453296411307
205.53187503091772
-111.6834005371947
-218.8373117507863
-38.50956684532257
169.76002251192662
-23.94571848203645
-108.94938765344612
15.087439896482294
243.1356903710003
151.3562941878983
392.68135933267587
202.9926346177758
40.71455539726413
46.68704984433
72.9829830046147
103.83396580237635
58.72051408371881
214.29887227774142
-34.95222106769233
197.15695189806965
191.05426054674206
-119.97004620628027
150.28463422916371
-128.46697718699428
-48.7373242481974
119.05909728302358
-200.48681956516882
-0.05097031431723309
13.936366271077508
-204.70891592877075
133.44405361366123
383.01886153715895
-46.75589474863253
122.94540130943604
120.30525495118191
-220.2882037648106
208.38278560566044
279.3145655651376
237.01564739260974
104.41759192079014
13.589085112853525
-148.72290654509382
-118.49071989943756
2.6415974517817284
-60.46516391158178
-118.19461350422276
52.15272205088543
142.94605680173015
52.35209007030932
-178.28067315109902
16.196849459242426
-2.4913394762669445
-28.4171825034275
-193.26166153859518
-11.237051665184039
-30.694742085512164
37.7603081227122
-6.705173345949414
28.98257262767585
-128.65058632858063
-329.5984562824156
60.81951905890949
-43.11129948275127
28.189398520501385
-143.1012293508892
-284.4047279435044
30.244960143370903
2.9154884178855838
138.30438555510614
-224.12300864379063
85.78293632348986
-26.17165820722687
30.86048480090693
120.93565630615142
43.257675758032335
-36.96044458094295
-55.97811764721337
-131.02463845679114
30.767096094709824
-114.42545968890144
302.23814366366514
-42.15664022538266
3.2215905228269097
222.9189041555002
278.06837002946605
146.63852413464534
-83.81354525163333
322.2629790108185
177.57606404049378
120.66547070357203
-129.37186258858665
26.019593004162555
-123.70221413845952
370.92362950641393
-431.52047063294833
-104.08217439988455
-249.85905444198764
-29.670346962226816
91.16212112217593
357.75759222286837
-13.928604968234998
-74.89725909168392
216.52822829819303
128.58170314351543
-203.3855071717271
-263.22426725667
85.16550961151428
27.39525043468218
159.9412248333826
-27.54585309445161
-71.17208746757117
84.87245331046948
69.28931962100074
-106.72438505520203
-81.76599357152291
27.462597244310537
-77.14571292790318
127.29600636653112
-201.24421653054068
-22.440568182335433
-170.18288361708824
41.759849167442006
-168.49321710789113
-0.7332955785339177
3.916314057445155
113.38273466255212
167.82188230750245
-45.31492637061088
99.24522946935343
155.37946240849345
30.085805074751
76.25022860136052
40.13462992034817
-163.70214570995384
30.58799870507857
92.1099559581443
63.850742215731685
-35.38908268562759
171.4704189458808
88.27813871686972
-45.904659979092116
-166.38030716146426
-53.75528497464146
-168.0147747651903
214.3734258325424
-2.90945059900917
-27.857033564235522
84.97478406130404
-71.19409816821451
251.49445826549535
261.1991717142093
23.965573650609333
255.87336970231715
1.9205065464225723
-170.417542201925
-184.92171344698508
-70.55979575420038
-281.31096068865327
79.77917026670576
117.70758354555348
10.751309208578324
-273.1801276346124
14.67608607755027
348.09758969686885
-151.63287684801963
-78.18624600530974
66.30174369466407
36.88061557429398
133.22278037489738
-232.61186083036168
323.0762203139949
104.41909959981787
23.809877826375253
452.187666909818
-233.06305314940255
-144.17684083773622
111.90795841015294
104.20599836351953
-7.0651333981479985
128.8450170759704
64.47640602327014
225.0587509411944
-138.62796253279052
-145.76527766841937
-168.80205309396518
42.30855170046957
-62.60225639958796
327.65360371423947
60.388866308610694
-132.27897706285336
155.64565471277558
-158.34293413627006
-70.64128627673473
160.35993306808973
233.9037636194574
-52.24930316799986
74.22574707314809
34.786857317311046
35.41210039677938
292.38206877913717
317.7610225114779
39.678081775120624
127.37323005099122
20.50857248472404
-173.88007759312242
182.01264442540887
-261.2109347547585
-101.76810560884215
-201.99801113966663
35.92071213773414
-95.95241484408889
253.9010518901412
94.3562506086366
-63.802244716827275
-78.44496427707166
253.7162834321653
-274.7762717415354
164.60009872553005
-47.93169857932493
208.36240302230834
-100.21985282891494
-82.90582264395482
107.0781929448426
-417.1914631083807
-153.74219009349767
-136.4011631223143
157.69858176874502
-29.045183818341442
218.18674140316944
-265.8447865898227
31.723314046864346
-162.99088740676285
183.28647419964508
-122.70455295353725
143.83974899208235
-94.58428182886328
89.97583447632107
228.38494864779176
138.38007457963343
33.80925214584731
152.35889569254454
-91.14734202643044
71.43296641136507
-97.28037888680443
16.54039915114536
-121.74236532156934
-368.3894270058792
73.76632230281106
26.064044585985954
178.54065509044725
-129.4169947937383
78.67735305374057
52.98866945967443
-338.4973799970511
266.19342594702124
307.14755856828896
-6.896867938976111
133.58472933592398
212.86518263592896
83.7095257388275
345.68517758931
35.283307078852864
-16.35158360882393
171.08843135249379
116.21625490878498
59.25334563989878
-61.811350775715056
-167.88939015488978
383.25346783729213
171.06465940064166
44.66060796242668
-33.61433830466081
44.8358798265754
-73.21561612177788
-166.52189290608445
390.5636767249107
-316.65821755647096
39.909988473705205
49.92159684503528
5.081342895355492
80.17338361252942
-39.17037653114257
-203.67643417203482
83.20845069176902
-98.13893144198049
-154.5139336681777
168.71219446054184
-49.312931538756025
13.85108233677778
87.11356034475119
-244.83826841723726
-108.71652689738472
174.75768434299087
4.764530770904448
-152.41265467643095
164.76807600032026
-105.9625541421225
39.39685130875182
59.981808139504025
-245.7454609647812
-181.24494963788194
-213.08813785339945
-111.34170429655691
181.9708574098963
108.85169746054844
35.526384108757995
-54.249655327395224
-15.331064187141827
-140.73965468435028
44.01876267593581
509.2620550303278
380.73483860857385
29.668989130097394
26.709698916985737
-283.04530789898115
112.74151626094621
138.94198847389143
-87.99768801412687
134.96611546572072
134.1446694589025
213.90718378308497
-221.2090100353341
-97.16526462028564
-287.93303451293855
-162.06826141799067
77.60379676929001
95.02754831663616
-213.48104720785346
-195.80873838541564
-145.82914412891284
117.99478151188914
-348.23664023089236
-17.620601891602085
162.3595537586521
-194.8954031075453
259.7425952477922
251.67487687387813
106.464037185884
144.2583666561528
64.12544143708529
-205.39716208528804
182.4136679117225
-213.2774555587438
-65.48287665702264
157.6415619151773
-119.03524693289458
-232.90894271042464
-163.80194745372557
303.0582948051734
-136.0056324833212
-142.30999783576854
145.60277013596618
-67.58461515130075
-100.07202776733675
104.15936822919885
-155.53964195221644
244.17116260645076
217.3312522634754
63.748328783297936
-13.75743881976487
-18.276046955912154
151.61152885384885
-124.3010300462992
114.29767944975288
-325.36250026774627
-129.28813783430138
349.72118068307117
-144.7938950477056
136.57115749507685
2.6805428839780205
205.34608618103042
79.43414071620055
126.18213716859418
283.6414778836208
-28.776140507713812
181.90956423583202
-168.45180240832246
-34.53943652922089
194.2855001870059
12.620623676606932
89.45378311879074
-25.099235861130932
-0.9523704235306429
-362.8778070011204
-9.025670546572131
66.81962398125644
178.63204056269115
59.99610629330694
215.54112727574
254.7042465572102
-100.2300429959622
68.90455052742413
124.32666012201764
96.9918056046449
-1.4975634490727392
142.69489894069588
5.878576536414036
-14.620094493765317
93.77068922340017
16.600737499314533
34.90367639768183
128.8737101454923
135.10295826940902
165.25000021938226
-120.74393072417963
205.6999793854845
33.035404342593985
11.762527468840574
47.646900657125386
25.1689191280676
-62.3966205845615
177.83528050907887
-92.49088633639452
218.95121727994393
-114.13667837274818
33.02949580105777
-260.97386997851385
156.87693041420414
-69.93663373262
-11.20722586120791
194.44107475129996
-207.01586857977352
-360.9554732073133
-27.87069522652532
226.81309853713145
-16.4922343046135
-89.43427791784191
-50.193291040948466
-129.59968551397264
80.03336558258218
-119.39763744482245
-174.98614503397337
-26.0042569818072
-5.209248837605973
-13.440205587301781
111.59353567453215
198.7927694353917
137.5006691797424
-34.53951806785611
-141.1111302714646
248.56567931335132
55.665476713440285
-85.84061903887144
-208.34699879723775
-4.1683834370921
132.5108949413155
18.17696330399682
2.2627486076106718
103.65604595847235
49.12485221578924
-40.908401715645276
101.1078280771647
-81.1819421216584
-325.2785799258049
122.801395888896
-59.06445472903285
187.7687143582709
-101.80669951922064
-24.993786255018232
105.56414599899489
95.41772042235176
121.48949566919319
-292.1618760408558
-38.9421028528804
-8.22012146650902
-206.75588224382395
215.25604143769695
-242.07503226931135
-21.99690791135979
6.1065931222427405
-164.80362792358665
150.65519296368007
238.6696533544884
-36.747005367858186
7.245102642322309
-84.39760231321146
-9.342811175211908
-155.1159801314664
184.7626807117983
-153.7397112873644
-172.0202439599032
71.28953503747964
182.45709387485365
243.38463515460614
-335.4562713965348
65.88626832742264
-219.64029942969424
26.909757555506477
-57.85821949487439
-230.53919571341544
-104.90614168577375
135.86868079931932
65.92512727439336
268.82522373284286
-70.72700109437359
15.27829775101946
-386.7128334579942
-15.260647354874884
-95.42609009839276
46.7588891766606
-74.90229541104088
86.3529235152599
-173.11655522157596
380.37640189505925
73.9277320300359
171.596328241324
-18.45929034912138
-114.50935887439094
218.69331874248243
237.01892622150572
108.77760742773495
-56.98635362721251
-195.79120350684155
-37.89531037784326
-153.8517816451103
-329.55606827041373
-52.93994705493369
-98.51322091084651
