-113.32401740690013
287.99050169190457
-152.85855217051517
280.1755616059931
-160.3890023718661
-80.22773807649098
-128.5430208914799
247.91372106348842
85.03275597896285
-220.65879172932884
-95.91045559579521
-41.52636798965029
120.53522200748493
70.25634235675773
157.46589578241966
-28.606779805872716
90.22203500820002
21.548072333922235
140.93024344726962
8.299646030497062
114.36526518240184
126.72361373311034
21.229979116352695
209.73089671168785
128.79868774533028
109.56954006927937
-140.55273253545948
169.6050774344877
-63.1283541429293
-31.348277244457726
-169.9012314026767
205.79537079335662
-88.56689093895726
248.88828852451167
172.78541416990132
278.76055183984323
-85.98077091174362
38.33290594002693
-3.8294271491296668
26.486113267582407
13.893201661423241
82.1640832178766
31.70478502295556
-83.89046274453354
-125.4567604411915
201.58917859900257
163.24620745257047
-289.9105816526852
-364.2164881519977
56.13250447528107
-37.72206309632352
-129.79961296945612
197.49108103925698
141.6818603832892
-140.65583836242075
-63.4006682720693
168.78436758179248
-51.69089499569037
17.491444332932417
63.961532084835
85.04674645248807
32.264365592603816
-179.05449242109216
130.0281805231141
400.819542275898
-90.39393090950205
161.9942886493669
-29.22515814091944
221.81965328088395
66.97928106808233
-109.07539669788792
-9.000317150436539
28.735489642043476
-40.73952913617664
-10.296616521441559
148.56501110557465
-120.24933511296304
15.882906021920766
-20.093849382505727
48.6251300523042
-53.924731574552574
1.0595625397702129
-96.16444040526211
-73.99226395475092
-184.09614382106088
34.43612815615957
166.70592237978371
-233.29229621323037
159.95008323665934
-131.98879730392204
121.00648098415165
41.097502982490276
81.4542187326766
100.02141085412192
30.32682736935963
-151.5804299169099
207.62611194646018
137.2164212470705
91.3748720918773
-59.339220570904125
84.40645405720747
101.02602860025549
62.589959615948594
183.66229890430157
110.07385453724551
-53.46742661720242
64.26144319376394
93.48615037659347
93.30570558477561
131.3001112373733
49.2955864983744
200.09478765842425
213.32837380417473
-228.52905531667386
175.33922810656836
350.6862755993588
-12.659867292638895
110.93984154729756
111.38666022466742
-121.87129934388247
71.77642527946935
85.64920818934867
-7.397914041240344
224.96041626533315
116.4715759110329
391.97616230647463
-1.7833928117013187
280.29137639466916
-129.08002971112836
0.562046337133311
-49.07843844491535
24.47013400926169
144.14065693432454
70.61406749699456
221.74785008608566
102.71768860847789
-10.763169236927038
13.484712465899015
35.570245189009086
211.79714946236973
103.5367282041813
-109.57310327709311
191.76505911448578
-302.64553839024825
105.39938994586609
120.81343223891308
-5.6571664874318195
221.62262945334868
88.61471069894014
33.17219636611904
-54.55313850517231
-74.82991389116869
139.1020541455944
-118.24178648185635
194.23407928524765
-104.27917872814538
-132.67117713515805
-242.65743411016098
39.164777632979515
32.412667409737494
-128.58626384027846
28.095315478003577
94.84781519954966
-270.2578449632756
-181.41947292701255
78.22003895728528
-94.7962043586058
-136.9241373850057
-230.41926296597669
385.47995126193325
-96.1941363696438
249.427025629573
221.40260695190423
-197.03247111633922
67.90258453922708
68.82430898772579
145.32500750354745
16.575369780786616
55.68167032409193
-233.96649343212343
98.66229425713193
391.9603989065006
52.49650919450268
-33.996546839467456
-167.50203443712132
51.523256795263876
-374.439920615218
134.22009886457906
-150.53574558461767
215.53843453013337
120.14246644850114
-25.027685792930864
-37.62938490920196
-184.97695510173693
122.5669924755374
-168.31207183131758
-66.97189105967945
-4.0469711480652695
7.9043153464919245
-121.2991442989188
-139.83529822490814
-282.3597067620393
-16.580237034905892
130.42180538543715
-38.908743178465684
5.136106721174499
-279.20942348133025
-41.22334673759818
241.7919427444764
-264.98277862855116
236.61358911871642
-505.8974489157044
41.49172445712691
179.30310628031947
-100.06385912867619
129.18427826549916
-35.40897847989269
-142.53748615825452
-411.9222657503192
72.5558646662077
280.17163513395735
281.37930327611906
27.239388246563603
-141.17047911124416
-4.556312051456478
-125.587339191622
92.49436256919667
44.765189837621094
209.20561838115472
-37.5286355446492
87.43947948015864
389.22795047181563
155.78847886477527
-43.68399611586259
16.9739540705997
-117.0367500471354
-169.1067959245672
-6.246626419918955
-75.56525417867844
-246.75572642665887
8.470219740157932
241.95205532234021
47.21893715824653
248.7969893825794
392.15627912783384
120.68987141056273
-180.79026426517052
27.060009513178155
334.5414473251654
-66.52652617370386
373.8693484447511
30.493687455578616
-57.407203034099396
-63.3335604906638
112.85009672614808
-100.42003742234338
-126.0880085215147
250.41084946846902
-24.610233154388595
-94.49678518738719
-225.19987381517186
-43.49585434890447
24.282051677451843
-174.95896024489994
19.372018476034413
-150.37759477059714
-7.639785662253434
187.24812503986706
193.71078650848813
313.2745254412902
188.24873070474447
0.0975505152370143
-148.76465469349927
69.45394311629916
-49.14868006877474
-249.5640674380567
321.7919928973955
-164.7741069992704
188.19941173689958
174.51456175144804
-139.56157114023924
93.22546783857723
-152.42954068778974
-120.83205746977414
-101.09305830767981
0.4428395616945904
-51.515216842583804
346.3642618166797
-51.24321054919559
-21.278393444989167
-17.033625192284568
-34.36842616501038
105.58498105621942
-32.07009511876276
-33.294148559536424
-64.71812695816483
336.22460631956454
-117.11428895763778
-12.50465927546076
125.29616699110942
-196.33339003916467
86.53830574633257
212.8932341433345
-67.37416426032203
-139.97302284426863
-141.72636863731933
348.04112608752115
184.66221291337766
255.693934056939
144.40101854338505
-156.07682008222815
133.2744956384888
14.614889848239121
-66.63768704196762
-86.02597521900456
59.20507703838147
147.7927583837077
-109.33909348702937
141.9601451289269
-27.178995602192273
-199.0468224592453
184.564522027219
58.10403307306628
255.31008002693028
186.29277996098838
-127.98835626655277
28.24315593687282
-199.01327600048774
73.55714569737395
-12.27305966938206
245.56724276314847
158.8288407442453
6.602393038096547
-306.5991136051934
-219.5050310153691
7.132982550584682
100.91340866424582
-106.76279826272896
119.25543974504289
166.30365003606863
145.88509828830166
53.393081471088564
-103.1984174982868
115.8503134790553
-9.356850164536256
-24.757394979046325
145.61907106198188
-30.59464238013859
-1.9605949634652644
149.07450610790858
35.32878943477348
66.18223430816641
-89.78965441158262
-114.03231355493473
-120.81450320587587
88.63504715970709
169.43847160467968
2.248958683358503
-104.96725810208426
189.02791845456937
95.03019286103059
119.5963758081369
76.48039159898616
37.43955078483255
-75.54051311718848
-134.16112628771575
-66.795362226097
-3.8252788701170783
-41.03411413958054
371.79701267395626
13.640615587071853
70.42946590837393
126.81095811827483
72.05039342638756
224.00942792931315
-339.16918875675293
-203.48111624810494
87.55801767765085
49.464171627849495
213.377597929111
-201.9833083334776
-15.325869331616344
132.89272176671454
-206.0385334578048
-37.760454414209185
53.781977672784116
87.45250982467883
70.82266199595067
6.626862328492867
25.591015248368002
161.42076740178598
-64.76025554395498
-119.87956778354285
94.78975573954453
212.22410930082756
-188.02689955575443
5.207201446495837
30.540473777934945
-13.709007635329638
132.53133319190349
228.32014998500023
335.5305268413833
-91.62443002015995
139.13018249312108
8.258179254157847
-96.49980252114732
-261.29261195571297
-5.554609353571542
116.58439860544475
110.14782468294302
42.23102069334299
62.30140985484797
239.12079221830678
-5.531286346973636
-179.47463925150004
-4.905837097757921
98.77782856189867
402.9715911819767
82.64134188063126
-231.40351119589752
20.538466907400164
-363.4594527137452
69.5017091177033
76.28539918644303
-68.98456237503959
331.76684922166936
-138.7633504340837
0.35655500651432126
74.16634599494238
165.9395162868511
43.769268993679084
53.82280771370837
69.92753355310023
8.396578000864336
-153.69105199443348
-460.7949628840784
-292.0210143705761
-114.70839780088204
-26.512936153851008
313.95737751257536
56.181463776562204
-29.782541891369036
170.5733691918529
29.700598220242036
203.85552030971084
-234.89172507276564
-1.3539097630249426
-210.46203301091396
-70.82904149634264
-20.62546894316251
-80.82107146977664
46.824086167173995
-30.05634392181018
-132.412445772598
-373.8643598520598
-158.57208435080585
117.00938261946449
-108.84079514055806
27.824302759290706
418.4113215061184
-180.3544491190155
-274.1261429600179
325.9130021085945
93.91232900382224
-87.39278823945652
-169.17349332822556
55.401877326924364
55.10557279183266
-17.034499597249642
139.30050983397587
70.03432806399478
-196.49032329044607
62.15024591402581
-227.8943729954952
99.37926562380807
285.7093199089538
84.15339442460954
140.78300022367725
-53.52388975094356
-18.347566047420063
-238.70483904919993
-142.1939814548128
-60.26820246869903
-233.2979097385238
228.32769032079855
-141.8533419991785
-178.4895009017438
-171.3940194861908
130.6834987925255
176.40591923311305
124.79637807070986
-104.50386005211362
22.88721871598464
118.75987079678485
-44.831486503720356
157.0798653835883
56.85957958686045
345.04467507126384
-226.15847850439016
-195.37320677803532
188.85723692859125
157.40864739443367
-155.96701169982282
-126.92677401214485
-184.4638286702014
-209.5997449373315
-38.91485620970371
5.3614986129147395
-250.91723827597156
-30.869716270269098
9.52022422169342
306.07273778201204
-80.64824401174043
-268.44494636655855
-105.31598091822994
-224.7317512745911
-17.082587353719777
114.22510345953306
-92.65496411247504
92.399447552429
-119.62929872503487
76.78780896726762
-271.58128518336395
120.52315011489911
-61.43247387906082
-106.10645141591613
82.21977714386624
-73.08740803935144
19.983905060463606
-79.74647103086033
-432.25548650054867
257.6440558008916
7.735323151365634
-337.32932796627085
139.15594051681248
-216.06164744654743
2.470873995136351
-399.9521640087445
-49.15281995593865
136.0638682234608
214.00559584794578
150.77477947793258
-94.81374543305654
-194.29798352465855
69.20459366088514
-12.503318595273377
208.21674669081784
-56.07167101636791
113.67039266791426
-66.0109608203616
92.28004876450653
42.61762436224514
-88.30003609443611
-239.27349491282433
-152.44531995972406
34.41729239520241
-207.83343883103944
136.1793291689578
175.49763076897102
-77.47555189131847
54.27035392693987
-69.87715382203352
58.149372751692916
-368.58079359055074
221.35886531921375
95.89006175505352
40.00217388957738
-291.58278721036487
216.59490962611542
118.23801614479743
11.822033292603276
-314.8172706279797
92.91029545713491
176.24928541343425
-93.89477963679775
-54.54605601712809
139.47672608513668
-74.62296037890566
-133.16947757492073
9.871006915511545
-2.268070328949883
-184.52267472371088
46.04996699918662
-79.347083867544
-280.48138149455644
-18.879868956611418
57.36694347549804
-236.5820403557368
-23.283998587201467
196.26371385217104
-55.5511666027748
-36.444902397237676
-18.78380638076245
-74.95823744213101
-477.6501080519913
120.07533774529307
115.46365250939265
173.50893438760656
214.25832784019207
310.34061709016123
-149.26638439822972
-79.68601117757629
30.42272386502102
-238.48787576630107
2.70029421101347
85.11509625062678
-393.5505217364389
-242.82318366171097
103.25637302434124
-298.7697280188846
17.24315906340418
-38.43208520257005
92.65005607102448
-184.8958235334244
-33.046517553193986
-13.774874535594684
5.191559475436563
-257.9589435105764
-12.424054338794141
-224.79671005984824
-114.6121654694424
253.16423953931937
19.40389985980585
-401.1627294868008
134.7975952220978
60.49501523214019
59.08912955656187
90.46826109086794
378.4189031810635
-25.64768335972186
-243.56259259099133
-106.70430533243906
-20.650367575880612
280.912818982029
274.91817917415665
198.57279158648902
84.94695124044647
224.239115147846
-14.503017395259489
-323.2903411364904
13.606579096357942
145.2304403503542
32.91236467771212
-255.57306408622736
140.11018983475395
10.8643551255239
71.03203641198563
87.20409148075042
-220.85265518451172
41.695580437523134
-82.65162979149909
-107.0568981919838
-89.03203580165052
-52.874928742804016
-170.29840802462448
-113.01751913704706
-81.0968148169442
195.4033925452837
-98.17293708409468
-163.19119152398508
145.36354194345012
220.83456570991592
202.15384396049706
47.70551428038143
-281.2126274120552
107.61996740006502
57.47366360811368
101.74139891620591
187.85884382608765
168.3524060947759
-114.46177140771294
-297.56160851694824
9.716908181666938
-229.3979952699601
-174.24965732755896
-89.58709816806211
-284.54804772638096
291.50206895064736
403.8092521695213
-52.309300991049525
-155.5487799316804
-143.15158938438591
-106.69106447070547
231.83951502181603
-57.836754491185516
0.13391142119726007
-133.10066037297577
-318.74722187577953
6.517633587750956
-219.1166093789007
150.7780504742044
180.10977307427154
56.99036480585515
42.62900289200192
-244.32970139007082
-43.463549031881946
-36.594148814115194
139.40876313648238
-120.2519620914198
33.78455775180568
127.18512752298545
139.92719608896857
-281.92813301360314
32.18734885388233
148.72748396925448
258.1937114850396
73.98800601768183
-84.01800403002807
0.9286081854811192
89.49766985864021
118.96203318304656
149.9393735741815
-77.91260730875287
252.2845998859899
-100.09425076800379
244.7586346256179
274.9351144417374
25.195210558937156
-69.0515796475955
-76.0225852213654
-120.61654317261365
297.229889458838
120.3274576966627
157.78547479892305
-216.73299493955454
-122.5768002509959
-178.58299930289482
-32.54945336662589
186.7270409420047
-59.1743418109028
-0.3144837299936456
-20.904990754188262
71.3396786267633
77.60308113883737
-114.65139452358491
244.05411982313842
4.395598208408311
-3.1605618043205403
-148.18879927729165
361.6259414974157
115.85639098054405
128.3007690121164
148.58836975350002
-204.4089881813491
-69.04911796925784
-26.71854709399131
15.854750951208803
153.6514532990179
18.94706533311763
178.83749342528577
391.70017277516814
-2.7747785163949352
75.09462549579057
-91.6624779659155
-135.47079532215068
-204.81441351620828
-97.90273486613722
128.16536977867383
-35.34238180100227
79.80461736848592
-276.7120833580567
-14.698239211129309
-39.03274963507993
90.84846481305323
9.124626644533384
72.72690722440714
161.65326272247205
269.0688486638077
156.15454438798335
272.5829028131503
-183.90523299339992
-213.73590078834232
107.2985062172973
-93.14541062140783
32.11035971369627
-131.370968554518
-185.24290176762392
-73.77842328572085
-57.899303287256394
53.645493559277554
-369.1317394376596
-118.14797384294147
187.52823909744956
286.3149142510083
-65.36006657287736
230.67196291047273
-185.89549696969397
85.01432572048597
8.283541001698843
29.850605986960762
-278.66009169264936
179.7880911321325
-69.87412519032883
515.1080087561505
56.97433021695152
64.34192829461429
-166.38236799604235
-239.23157475530556
-56.52605827859462
15.597302863308768
69.88911037930995
-173.19809396901562
-67.12140471033733
17.879065018036876
104.6127814565453
209.68858996463368
192.83500293485244
382.08480693053605
-273.5209475808259
-101.59061874894333
-152.75527926142328
28.4549755722874
-157.72595087949708
-152.93125862890497
-46.45994057777694
226.80519044271307
-302.84810564175166
32.22490133268145
-88.32937794285034
-270.7388430282046
-0.02557871550238583
-150.66713939526122
-194.5836959078707
-32.115891757586674
30.516341692773832
199.41903574055485
-10.888579553823277
-118.75759414534288
-108.41414475661676
-6.245892672977881
-18.325006735295005
-36.1658115757779
-337.9489643709092
67.3041525777606
330.76521800395415
-40.695720562539755
-397.0280019341424
120.27065720395042
-61.86077510115091
-29.510136267296833
-81.20119905478164
-301.33600286831154
-207.9673552962125
-169.11150665314676
-81.67148211250975
42.79792032331902
51.26928396412487
-325.08225687254094
-79.0425336228321
0.6953433009662942
57.38079970597854
-93.8484008591184
-91.26456268008889
2.38342012516072
-262.15173201840446
-168.50490995027204
-375.0206324409385
-373.4766314777485
-85.16229813207231
-194.1413281226172
-0.8805879635887286
67.8695475124105
0.06780402238722516
290.5014388178971
-82.08813211003881
-176.12978006478622
109.45671425458191
-65.02855045189285
-127.30359815550837
-107.54688979648161
201.86084528679257
-54.3662641141671
-98.49066157273764
-24.58927024706412
161.75305650812774
-63.65316682677556
52.46724703641937
-18.094480611975232
-250.75075858069013
346.0370192447025
403.35597477531564
20.30796471841418
-363.3109123643747
286.86319595411993
232.4427270810583
-60.98355555225777
-56.947804237878934
-96.04407810983642
-78.64980976875266
190.17725917092756
235.40927964664044
143.16415327355648
-159.7888853980883
-115.40079374121626
96.34352000080656
-315.56094963111485
23.231176217579595
-97.475932421945
-80.10920719323288
181.0719327550552
19.41729379378533
-130.12590518470526
158.88556870010348
-66.24797939689822
278.79858777120114
15.799329453823972
127.91056592132823
-10.0693905024226
-54.99284461030417
-281.80549384388416
106.00292597565239
-247.39420509210473
46.987838137454965
121.47569996526303
-28.8251358161382
-29.065135631277627
-35.06408308957884
240.2406376391073
13.308973529604753
-361.21210565488644
144.46249884226023
-60.503119676307556
-11.531095043498759
-79.07552720932479
-16.93014377735486
38.958148312660285
52.94652369629448
-67.51217410352223
-15.586193704302199
-88.83044005553319
187.926351609239
37.24887281677016
114.30012773832543
39.20963981915851
-4.589788785316183
-20.498141815401194
-355.0247110011275
21.109294469502643
-272.9090154642099
331.5059312806494
-7.815028021232778
-234.3358661554609
-184.23496494665352
325.0811176092568
-117.50316774366168
67.59103780847725
154.25747627920026
77.8802952143133
-85.52854927946618
-137.29398676224747
-11.817367949282891
-75.24930165878398
151.48663275043916
-293.4612692274793
233.52123360281226
-13.09561132764514
30.854768204524326
-44.61950921043161
131.64769864824126
-99.85484637527861
26.510189014803597
203.77109468901
129.17836386214367
-141.02876547848624
339.9051933244229
-79.35954008144617
-50.956103052793566
83.1901063723144
262.5439627587739
405.82959713364517
-104.43858267897095
37.267309003036395
-79.23569530423431
21.98920718042016
22.335380978395392
97.52501563663515
-2.9242087450309757
48.603589279312835
286.1146211336954
11.827740144114937
-289.966156716707
174.57328886968605
62.81600384755578
-100.69532931898821
-107.34681875603768
276.06483249895456
152.4815713526321
-77.88078954259103
34.0539372795202
-28.552129084320836
2.6638600008626865
85.62457237504562
-47.45585031644805
13.754103666838487
-181.3922162511852
-197.75499784893674
372.7556003114607
179.80510191520648
13.336682620715559
-47.495925251854686
