30.750965450000322
36.180708736825416
-165.5437653937712
41.94535236814738
-322.22377465790527
-532.3723645260958
-62.12267798654847
139.87641884362944
60.92811192254004
134.9804246915934
-9.961356038091939
-244.86119225302446
220.982847326138
26.724893108893703
139.5457780778791
39.59664774659847
-142.3020544644309
209.5021665649099
-227.46275428444136
122.51396380590101
-345.1789898140796
202.82638303364678
-53.51427669279167
-61.90779981693387
-87.11433660089716
170.3496326772066
126.35134024522084
109.59897641494499
-75.47674079395246
86.05601195875862
-115.37909428086382
-158.54203052733314
-184.51352041569044
94.85882171444212
-291.92291274304154
96.75299086149204
14.679386767672272
-137.35844651937077
75.90542327293271
-190.0907313186274
-134.99212275982978
195.89819143351937
-211.91347465929545
28.69339610602098
-196.72740743687828
61.85631748620145
96.93238066685335
204.78721005818431
-268.62074807178846
177.80179961922667
73.91938674518578
-182.5001874992653
39.179068354104984
-30.020755444230186
-9.19411355338283
-296.89977381133514
136.29034209778746
-153.35823833737248
168.71857617746582
-107.57835168954635
213.22857758595313
163.6127649978418
-148.36270847308487
-38.385910787830305
256.9720636583644
-180.84913535700304
-41.164914661811494
-203.3810494436776
5.106916045458733
-220.04859668425476
-31.382544557459852
-57.481430896103376
25.142688680576057
-113.79416933850766
-6.645639046597685
-33.85264343984064
98.54748116136525
-277.09125962560813
-30.93129227693541
-164.3518412538689
330.036834173322
67.9902282617559
225.8422338398384
80.27164276528683
28.853262072103615
-81.99351951412153
-2.6623520913141694
-98.10522933832793
-278.7343054109581
162.2707475210313
117.86222228909027
5.503761158541298
-18.36795677013685
7.499857030999038
71.08258474418113
36.68058182296363
166.71383517337992
51.589592346949836
2.6155433832165693
-8.000019511311462
42.25013069538697
168.72680793804884
3.544415468744106
-73.27998892227265
35.352394034658694
-197.3834328117073
-257.8269357526708
-49.543066560098275
-13.288338849598823
306.5989862642442
42.39012326821931
-135.16364130242647
213.67438367821606
2.1035158636799376
-37.60680778998484
110.16802318064877
182.46752600838198
-214.4673624942328
135.2657156740397
129.28101212659223
-76.51533289792546
390.07704303520035
-343.96159945388973
156.2383670679799
-265.3161252858272
-17.737382046518043
-7.7638895334359965
1.1110002939537713
-182.06501962113603
-100.94072366688579
-108.52551781966783
312.7831591330757
18.143209176265344
-175.55164666963088
-97.41658177500906
-47.23546439507718
-173.5848281473608
-21.9093525236862
255.24270821511365
22.21765992162487
-88.21953920580346
-157.8736749194027
222.85661862641095
146.58358122210348
-458.81535236409235
-174.49087917501532
-167.86161592373452
-55.675331187601785
-205.97581559959966
-29.919489404213476
-16.49546530638522
184.94532803269698
0.10435357613481666
-255.1023193972897
11.098253464553725
158.00800901448952
77.57556566816261
97.20884282562247
-198.43113384574028
54.473448838563094
-177.32688598863191
296.34821741550445
-7.319573185980235
-138.87798070332056
199.50936695570655
91.86761976692289
-48.57351857596894
377.9214015082165
7.132394966328361
51.91424950074191
174.7211806823042
-55.452341020946996
-72.50582216796666
-58.04636550695488
-90.65313939450823
136.88180880960022
-231.85464210460916
-75.15003124363199
70.89647511974533
-167.29697220298738
-53.64213560394651
-116.33807151731529
167.19391349244435
54.11311800817958
36.78560922924208
337.52119926748867
-68.61922780906497
16.786604311312615
223.39310053481813
67.81166120121009
33.5384438587551
-171.2790261943626
178.20533338621337
-208.05084436050365
98.37988850554744
148.88648546330498
129.84133347019215
98.52772035114455
-46.315501512804616
-132.17889627552768
289.6405798700375
36.4764809201468
89.27853670023244
197.9314211042867
-257.23250898436277
185.41136634659605
304.5989922581022
187.555110715707
81.5106052280399
-155.26024483347246
-269.63655618287964
171.25154710895058
203.12642386113424
379.1616754783841
-154.00279669620053
-86.20165288297295
154.4951972916602
-87.27138031468951
7.5471692540616715
69.27098966885383
-12.269638987961828
-240.75081198009326
19.966091067748987
82.53521463803577
91.78632203797343
167.06091729774045
-106.16313857150517
-186.33356165992876
361.35491669830225
-161.48555219153675
221.05863911269287
44.39829191595121
121.40301736838343
160.17292168487188
-417.988200189531
-9.212454137733001
-233.941615232138
158.99143101306151
46.76857381140973
0.7678357471858157
-46.5510777629635
6.591809280244644
-140.7293576758927
-221.45309927106453
-352.4934054853612
317.92064643512816
-129.15094081155115
-167.54448719734333
184.9358823562874
-20.01186436176946
-145.45624728424
-104.18970825580736
-17.731075457738672
98.42657432762803
129.14701944000745
-29.56976541414117
-106.19063274687971
298.60930219894396
-175.06058399062294
21.21646292572155
101.71037545760967
69.86153989223735
-31.3304291633711
138.61648058283222
122.79802373531147
50.65304183062045
-211.92055340364027
177.949241715459
226.17311549281
-14.173620839920135
-105.72369271565104
31.404374128021036
120.14150385683403
126.53674110118561
-181.92294464525563
89.7143198975703
-80.5316341462617
156.6277803281935
-203.33322069120675
50.516414476308206
-119.42433158991233
-74.59541799267544
-56.56642619976277
-30.074235944230782
-59.82166340724108
151.49970175522404
20.540179193382304
-51.6418412014444
-348.10031758192093
165.35989181558264
39.68135915216599
17.677032748201153
105.33406133178192
-68.68985998644601
-227.4717618330663
50.815615664541085
-106.45327820582088
-318.65800971432947
190.2241706944197
-22.49782145933475
2.281858055008323
-168.8862190530518
-286.28928189503984
-40.38804606213864
278.21002060141814
-10.080353970344852
32.39918735280825
70.98973022518028
70.26269479434698
50.82843147227384
-141.08352603130763
-121.87804649932175
-135.27459256347836
-82.35436347303137
-258.087238648472
-179.43247862039323
-135.77449629358304
163.77984909516488
-44.371382495732234
74.5323622604487
-12.383621367344167
52.51176039228647
-80.50497952889468
-36.75093852287691
26.984127464617917
101.21558851294627
279.783360321418
-147.2865309381907
-19.566221032201717
116.11739784099156
-278.56755042157465
272.37008611225593
175.6174383205328
86.77391954899824
56.59725516232502
279.65540759715395
-127.22719890054952
330.62053673928244
30.11070647859215
-129.22902712985382
34.996105811819795
-73.47537209287937
-67.39229867555088
-19.68633647546808
215.56009611904025
-77.50818274474548
113.64126672512612
33.17955396058596
99.87419799188983
67.95595074065947
-130.89026970723344
89.47884791428535
-121.14570976412234
-84.8457865471342
-85.8322169992075
72.5192521693168
-42.64497342031122
-299.20348587376634
30.569933733676336
13.615057839360395
420.73465483543714
-74.54466363276778
70.02103378758949
278.27191896935545
245.37949007168623
-98.0963798035599
-109.14397749991561
-102.17260483908098
-146.35178834604466
104.43379918067171
-37.5156928147097
11.80157357864391
-27.969567211752228
253.08573191795168
-266.15614844872874
-21.87372140813559
37.28824811048797
95.49944537085732
-221.69895806920363
-424.37869274378875
-230.91185234305567
153.21341910223592
-79.87025095957186
136.32614976525815
-100.21407023439815
-11.027587864657523
216.33105326032202
44.13888919840857
-30.222900676868488
167.86154387434374
135.7477784745916
14.641391146641967
-192.19793092127045
22.318089453066865
184.6478590513921
133.9080463389816
38.825398693011195
66.95815568971973
136.4873641900958
-212.62125780741732
-7.29373909907105
-326.12252217609216
-31.0627757725815
-65.20507916392903
-205.18959002093348
259.1452974439784
8.807602072515415
-180.0639237824539
-303.45569840975145
-193.0348475960565
-333.1006568248421
152.67651936309542
-120.6920246260427
-194.08473405713232
-207.0768165970181
-307.8527890065487
50.98375194733246
-68.03632612381041
-193.49151717544834
94.19294152893384
1.8935492881138805
-122.7257197065356
55.012651547363376
172.57443591519473
234.7541101628026
-74.68137624491581
25.72597154426061
154.70134243219712
56.74941049144358
-91.10601966702191
-43.88510780082513
-196.17453258788476
225.45437527711348
234.3023312387983
165.52033936867178
-113.11180351309089
-307.8562622047192
-96.80600677430805
-169.35378874796882
211.82087497038003
11.984585283534795
-309.3988770700064
-176.98203195298066
149.058095259461
298.05917946551864
157.7575778026568
96.48964683954
-80.24871096461729
127.10757102378226
-214.2816156280665
-139.77123726199218
4.1219568249582
-116.1598145724162
265.4829634993302
72.07073834286344
41.97790773794509
26.736897945350105
80.97985264307889
-286.93451529482405
242.6947992366681
-46.87528853353887
97.69008403594376
-103.56666708040675
35.27430494925068
-62.62351938125356
25.317969262925466
107.3581307209794
8.148708039311376
-327.2238511032367
139.49929678064777
-337.64714494411567
-43.03495427261288
169.80201530424083
-144.09290028729197
-72.28446287653546
-102.35766834172411
29.048383144465962
79.84516942340403
98.48237883726595
-59.513435246711374
-76.50336063614819
-139.5038601225395
-32.64276667519444
-87.85127411015779
205.89204649493814
-44.5890829575395
94.20550798430956
88.24638652196337
-238.55963945425577
43.42021483880337
-97.20275830874687
17.691748398498937
-120.65379241424246
-16.78704971140959
2.929436068585929
65.33545444397792
-74.29137275603428
-138.62363275110246
30.135724592673633
5.9824660653167445
-114.84972873349699
-55.335773404247476
240.7788393604966
65.33112990744927
266.4371155472944
96.09167919916172
56.51466941158598
-363.46992295979663
-243.49972537771288
-42.60512018506922
51.83409744059673
-78.70130596792974
134.1261670223094
77.71920376781883
-8.573943710606144
-200.9888992327928
-156.05739522466942
-6.039288871031375
108.5865971216088
-106.67586254158574
218.08782268529015
-83.21922115222266
-6.0091152755356045
113.69664930401413
26.021540151692175
95.73443623022285
-164.74009688465682
-183.25859415505008
58.508114899192435
228.29061802888234
-34.14202996784218
-83.26989518324787
-197.09465864681306
161.0316345150016
178.21440759612597
-264.0329747035905
140.0062107465721
-39.65790439839387
116.83935837213178
-41.52645457406083
-251.74504433059698
24.31976746415497
398.9787645583171
-42.6800160812647
64.93053407086293
-11.336465749027688
-243.01083414241822
-122.56150346855381
-80.83318053569475
119.95889587206906
-88.18341681281937
50.7675711509818
208.74116628249485
165.9430180229404
-46.128859581359826
183.74642237885965
-28.766792670961173
-25.974750097107528
270.6935288028447
111.3737009815902
51.93037320194161
-66.13427836326815
40.39692475532043
229.35252130223097
135.8794845288828
-62.359435112621675
83.52968844624871
-30.739273806590514
100.78079408966732
-149.37325668476407
82.84202927675959
-176.15713254970024
-51.31492481981676
-90.0775645405861
143.74032314827954
46.17643856746969
129.8856576387987
211.90744061891175
42.433657374814274
78.56417147047713
9.465700738213712
1.8345248808403902
139.38726883777895
-128.40339760613193
95.57325161715218
-55.00252906716159
68.4845037021559
67.98151158441642
-188.4122017538288
-18.022409400709847
60.438451713677196
-59.03662197484611
29.272187455333444
443.33123731403134
-174.30018787847825
11.061509348618932
-59.313626731240895
142.7515280477479
-230.84484274186772
-22.898422003302173
-111.56660914566643
-10.344053117689237
-136.16213229758281
88.86832279748728
-370.72192769048155
-60.137302844525
-64.38290641403485
214.47437641400896
-19.313670927829843
-171.70554262835276
86.6471971098712
274.9989220236747
-76.38140826154944
-67.90058709525132
176.6126440565567
-76.94432557919612
0.9721274343240367
128.5114754385055
58.93798987093041
179.67414376439322
127.10258458271741
-180.73056770213054
80.67537029492229
-11.279815406201884
114.0829851214072
107.7701082858717
182.50341591121028
115.60179750721848
1.2362620963546704
-43.74733963912889
-118.57900616219715
103.28122616896441
-335.8127010320796
33.27315368552924
73.96569532198204
-212.1882876578456
-175.26520101008674
-250.57333031272094
135.5431394526093
51.79468798711944
-62.55639797090953
-132.1385730266094
98.42804118294579
-64.62850109373278
-20.616338530903363
79.70975852155156
-115.52228155191226
222.35856011851618
21.245539990853462
-234.2518753792165
-39.38406332931975
-53.4472325686778
-41.782642031539396
103.33634697764246
27.118131799649138
233.5888240111964
-164.76189168084116
29.12441147711194
231.79242388930348
-39.039170421641
181.70762673151813
-157.12100055450375
-115.8546157401033
-154.39597059485783
85.43038904949859
-81.81624678839898
139.54028529628687
146.643481397895
46.50025928008564
169.68811941705556
166.4441978235761
-34.36760890702645
-323.89935459806736
261.01963835817645
161.11309720737424
-51.520996007177125
105.1582963424233
-220.06483038966772
-95.69573170720452
-56.92384642360426
-57.17112221758666
3.364265246024928
16.75210211062984
142.9437120594377
-35.88197441626811
71.02843970844377
344.9331772215142
-76.71314210928934
209.4822616871595
-611.3093087703729
-126.99661985159412
279.37667995198376
96.81199952433023
-35.65876425923656
253.55427536137933
-173.53013855036335
89.3934634222654
-302.4915166946725
-212.642737444798
71.78628555545654
226.83163788363976
-42.33961785863523
-67.27302860154607
-51.0659246086119
-20.06087791683008
-245.4590830787212
-124.44611621024991
250.2708429773228
135.11911628967167
47.04957539553114
60.235814414176055
217.40365419770794
40.91415640252975
-237.25105376681742
159.41426323430673
65.87304159347437
-32.99433489284191
-41.433313604269145
-153.59628448692467
-7.40497295550476
-26.203868386083006
-130.63843367998405
152.13935496550803
-224.69329539942746
-114.69281323496658
-113.71626568734416
-114.27431168193924
-267.230900605406
129.17865729247293
110.33439834838937
-306.3707291458362
-25.953532532947182
-61.03857913014205
-52.05288945123193
43.92123721178163
243.2276972811642
200.0762616139874
-333.6507875252576
-182.09340088046744
-370.60103255995006
26.14980332883104
-31.619953795933537
-48.76844588869139
117.79783248918888
130.22124397080012
-147.89621303587217
60.21642418518053
162.01388276090609
63.13547004144121
66.80585089271479
-115.81199388423876
-11.754544895909959
262.60088920167027
-27.0964253592109
-54.49676810568073
162.36748293001546
-113.24410989577872
-233.7397901570982
-106.3652957897942
-144.72569360674842
325.91901426984657
13.393217657601387
-148.87734890433657
-97.82146142567791
59.07769249253447
-126.18391904850678
-309.2772456501642
-334.23721918382523
35.50216852470638
-13.967406264386817
-54.101747814672734
229.4084814982224
-21.33512773691784
43.42810982206976
181.6045030331633
-125.57900412822889
282.27334399029957
10.528007371827032
-66.53752338759084
-29.497750377782207
4.922763342266474
-196.5384462941141
144.67990687679102
173.62129445008182
32.782760008069914
-88.86489047496882
135.5692718054636
-80.47942888355966
132.20780233990862
14.134362336938402
-0.33706482621121403
-245.90580806789873
-39.71095728696261
19.80815242679897
-12.91907378590215
170.37345365433404
135.6064691534968
-130.84231842627588
227.83437644073555
52.20251395209283
221.26334376645232
225.61203090152293
-114.7961167184742
-39.05242293382447
-183.79470168002078
-109.86435969288932
-176.46502105909602
-7.904445424891117
-29.96627316720702
258.8666381720319
-16.303680074804806
208.4392870005709
89.75631321335378
217.66323497932768
-115.66425371804637
-178.27122376873473
69.30248141042404
9.336747093043149
-273.59791755573
8.990538085692398
343.55036628258404
73.27855466078401
10.114577474249835
-15.24228614922091
118.54511511134557
195.6616278313687
-20.588076894189932
-118.25349955179459
162.0758776491809
-6.957731667739225
-343.1346493237222
-54.85094653328554
96.1585893210104
64.87910822474278
131.1146515712045
130.23607837281074
46.28680936997346
-72.52331405766628
-190.57039961345325
300.72504914975514
-82.78838220145713
250.17613667226047
-13.216191693391778
148.62890157074108
137.1957222570871
215.0686386521334
-28.834511072808734
-153.48642566560386
-55.85636041241105
-9.753763107442403
85.24085975064648
-166.2553634395982
17.65526702649505
71.74062737935547
-94.4997011943167
77.4243214965951
17.206294686021256
124.79542924275935
129.57191812320417
24.594123509930764
-37.669046183749124
121.82417976511381
-48.85153177527013
-451.68619017408486
134.21383750793908
2.7605195045346385
108.67857261287095
-102.17656296473947
-76.73553775844486
-92.12124928607
-253.82608439900224
-61.480692555021655
-61.70779482591183
-195.62586582048817
-369.9890264372653
51.90372178684282
-286.5404040811197
200.87686913745472
83.35172181704702
133.40018658633596
-195.09527256077953
80.48763441961216
40.42223289054352
-66.8083949723452
-349.25467811933225
-73.87160150041535
-47.110744632169435
-128.7989214180239
-100.90976360128754
19.892395825774333
-156.6418199940948
-13.515081043073888
-73.32759244343491
13.275417581655066
106.33555139625597
-56.33586401095833
205.59997273703078
-147.0494806611645
164.27834880592013
0.2016117939260311
95.93955960906983
-184.5817043523042
-298.76210424664043
40.797630809200555
31.41709925469401
120.54565900927534
306.0121494049642
147.56101869631675
56.92092985227793
-282.47737922954497
4.066774734458401
4.515023391379603
-194.26889114729934
39.25564936123119
-111.46340293794177
166.4123551832
-191.287184256564
-20.831270236835522
-123.35093602379685
393.630776773068
78.30314949353841
-109.40639693418048
60.99763372979616
270.72553216461375
158.39649040644565
-18.34522790291706
89.03168181465398
23.75518185980349
205.4820819854215
93.48696817111644
55.40601481366736
282.7511035485703
89.98288645054016
-198.23923501664672
242.71023985270753
82.47303770969278
-61.891964171169846
50.44809409706094
119.18744593701241
42.34474672645433
37.2787648795662
75.79579428149601
-128.392555065738
-165.79821441961374
-253.31581674117305
-331.10048541546394
49.34582620923142
-6.827465623446396
92.30065452775189
-169.62268777362442
1.2711343787370653
171.81659951791792
25.74355064719557
-20.51758323846901
-156.96832695705044
-149.48548657967376
-231.07660998299642
78.42883858398538
-73.30428112124737
-22.972633060186148
-48.10656026461893
-186.9764962672493
25.824483728914903
40.30835769637611
-159.97175062424037
34.92147479937195
133.26120131456437
13.472407246575825
164.67423011213063
80.33481967408653
-74.21513863606854
13.287831983185766
-256.5264559310542
13.306260392131227
-121.11917462212826
219.2948302127563
275.04042759614015
-295.8790113737225
43.248203230986235
136.5787557991128
113.05370473898749
-31.905244874690077
53.410646363523824
-65.74629493422007
-19.25722668758484
74.8977579440857
-45.84466810374114
-6.199935728121788
-43.601470614124445
-168.56325250372956
17.245681662511764
56.126180629804416
324.43593477923895
4.670438384745379
-0.8406030216031793
40.90101462204685
-259.8108960541156
28.54164716230522
-133.6808666644148
-151.8872869836174
