-131.30521237971314
67.89617130061977
312.27765725395
-217.60412101499983
-84.22125586294142
-113.71503151639843
130.20367755518294
-105.73734929578352
85.38206935057002
-83.18888421523597
132.4980371750754
-262.8753141774202
-320.53950969038897
-62.96285518772448
-190.8817346707718
-326.960451863802
-87.66715195053848
176.43425317886633
88.4047530470833
88.98228175075012
-224.9845366752499
-165.78167266566095
-176.80590432820708
-125.12406210742492
114.8898613066412
92.0693739251357
4.8592031754766225
-57.06765341609475
15.88762068700806
-75.88034280577656
125.44452104295895
116.20812625476131
-116.31621042843929
-62.98510912236425
263.06558367868837
41.60627614206541
-86.05654268717946
26.831989955666263
-239.8134256596712
-80.62021105984324
283.43033851403237
187.33186027791612
241.91303303971569
-208.848720263728
-58.88867319597205
-73.2355443680279
16.506040908221696
67.76269243621141
261.02964979297514
138.9139729723755
53.294895640732086
17.729667351621167
-48.44570598397523
-172.27930224880004
53.29945560143874
-280.2124358964869
-42.998933195337536
-235.7323555475423
-53.69840642078963
118.51698351700148
-221.62389820460487
-243.8615399288182
59.565666468205585
66.1979994980999
-9.52618840686722
187.04870574404947
72.56737313489499
151.4327231667472
100.42112440378817
29.229285662300057
-284.3361596202024
5.765206038026787
42.1881075809196
230.11300335292347
254.17269749337314
-2.647371496269862
121.79453911233642
109.13865274232877
-2.9728006614064704
-28.819156513484042
-79.06632387108658
166.2785676977205
232.77367672526776
-136.73818519692668
-82.41636180151308
299.0438316764448
91.229388065973
-111.68261139601607
-45.10458628844572
16.821266759832668
46.50188194517525
-25.098619856330238
344.4415006413087
-140.65192625056946
129.0618496931864
25.428146105928413
152.17287753529445
153.765365118147
-37.14204345684331
-75.01688809580045
-87.44639215715142
-132.67955707861316
-139.64179945655508
-89.70613365323149
113.29796395382527
-64.34589337431112
86.99618002447612
139.37470399041155
47.55511821414267
290.3123853358211
314.6031929548005
-226.43210996036308
-38.765388449161485
73.797669444701
-119.48937083830228
42.62806753711436
231.981981531268
83.70937710960995
-315.8978431523704
-129.78944291582397
-292.2465025061183
-172.7421113836959
-180.8350451358888
-91.34132961738291
-135.94759185552837
-404.888589125364
5.015717331874381
112.81993114316134
-13.777888180742282
110.28967695883938
132.90421569593568
194.16161615819857
217.50607337221828
-143.53885434552177
45.43880121053186
201.8388972275887
77.08016233641604
-289.83803989374786
90.3164642914121
-222.34582680074033
-109.79469454090051
-292.8645550546959
67.45981093018564
104.68828961369107
385.71447156899325
31.05996933767022
94.48091369816277
52.63553684788778
-185.27145807040964
-165.04943722863388
194.37660037447128
187.01020448589765
-72.9976380595285
221.54553860446003
-237.05469653027373
-116.30414365248004
-139.5159304312041
-86.37919523676005
85.5895168449972
-34.627919191708706
-393.46557545166087
473.8523041370264
109.35710686123927
140.53835488088885
72.04128772365982
30.64487501302471
-50.130392713868645
-235.33710435604021
60.21695959246418
103.75784534684378
-32.293365725800776
46.037556015311935
256.57392160131434
65.29292113613243
141.9985927602145
232.13916812919956
-195.62928734595198
-76.94540648160554
86.85662873019962
191.60273220911733
-40.690261180064915
21.26792585799594
-175.62010532597233
-55.57803203964225
-162.65202896288105
69.37583539436774
-183.90357924617055
343.33592791689546
-250.63001118033878
38.667003664372906
-3.909738015860426
87.06340033273518
-239.54901406458774
-355.9181629391481
52.48677629652867
-173.57220374829055
310.59262843057223
-167.80288235321132
-218.60203822681385
100.46061027663266
-366.7949529336566
-171.52995155518252
-250.1876621975961
224.08229055409683
41.95550001657044
10.276404093005056
305.49837953758066
-168.32015977573977
57.360672572666765
194.24195792608228
64.37669344467167
-257.96026608221223
-159.36574987824903
53.68092486830445
161.56002171412194
-38.51140515763339
94.95005149880441
186.99200876352413
14.673466581418424
20.376340288575484
69.51510134319825
96.52938205131642
-126.70931446070558
124.32962899171378
-256.7252672447412
57.871104225588844
171.18872205951251
-38.880908227086685
106.04611995591578
11.242763510819584
-133.4787178000648
-147.06574801951703
-241.27884298410783
116.64866509501572
-87.20948427624347
37.95550199430942
81.53848851421574
-30.3290040862287
168.39859478278845
-114.02037643261724
209.1244968633668
3.972013899245581
180.09649177680976
-33.64175209934787
31.904027808117498
263.2996774028252
-38.58197228853187
-160.09792130836092
86.17646255612051
-266.717874382047
69.30203992652774
28.58585491976519
7.289508227638537
82.50904946473472
28.407181644181726
-414.69052724299576
142.7095393760511
-66.41604531161285
-262.583082067326
-207.55886915918495
46.02564647337505
497.08472842254713
87.51457201163755
-128.71226573116382
-133.19199570281182
-99.49015232873906
-203.52418840969582
-216.21337130229625
288.3638891024679
17.47736033723451
-8.55895473801356
-384.3650133481724
248.77118597072257
317.9846912620326
-34.118429753985104
112.81616106125817
65.80542971146696
311.2513278924286
-65.87008546048347
47.01079829706634
-59.79554004266512
410.2198419676724
-210.37794348343763
162.07702204250293
-172.23839257357363
-267.9576393379829
-67.25643860300019
-54.767217990767925
-225.64353811706874
-112.17526379134836
71.39052115191305
-71.92267512403225
170.64358607658733
-0.13004977528344686
11.944871552248207
132.5161861423676
-229.10402871247976
196.50074043831333
-260.3766915470681
-215.37841059863962
-125.82078360568883
-13.61056308643396
221.70690726247918
132.36434632849202
-201.17654523842148
42.405724122673185
102.85312982991195
131.73601111651303
64.78672779744463
-99.55934239343162
63.769924725086156
-224.20767220975208
417.4791121086062
-196.0802525673831
-340.60770196727935
-26.804822477649537
171.96158475301277
-77.9226566514399
113.74291285378922
-188.41564877151566
257.65399227669235
272.25856138526285
110.10006709345505
201.05009444685962
-21.201627847719244
282.22635488283703
-39.52079040808082
-40.13808176023189
-140.93829350848475
-30.98422482543627
183.43035959917367
-94.27332059083778
118.92056768495407
-100.1490631936701
-218.23671860076598
182.6484001234643
6.747425825264079
-219.71546563403393
-209.8214296030361
-222.19780281088464
-35.26881414968658
85.79671718544667
-93.71142538819603
-221.93298203486128
123.65546815948548
-76.72253744213478
136.7287773303318
-179.7432420987278
-98.77441767852865
-31.69564739078701
49.905766637343895
-79.75134429817274
98.07924266789149
445.14128908253844
-206.62909829496223
-101.98473953620224
261.92629353224174
21.584822851236815
-249.60861630269187
239.27293400101576
75.68667404845415
-141.1893136452824
142.6328338055825
-15.192519632635314
49.497726792308676
-73.48022847111697
35.57319015725839
118.78987388530624
-57.32510071297817
196.87074610480568
281.2504563783912
38.16487293043666
80.91450731074534
-89.63002065216133
62.26332276637007
-6.938580757077505
-34.761712561593235
84.69802347631806
165.66278855262215
-33.287983288883595
29.608538936310797
-173.63396964396117
103.41735939656593
84.37512997399325
-167.7941555988644
116.81277810304054
-195.83971540105446
-174.2885015100831
403.1189376561608
211.04379718301806
-196.03200326947635
90.89644898697922
206.40853133874973
-194.36081400596984
134.20525147531947
98.30816504736386
23.95018391674188
-188.103042480459
-269.05899626282957
113.8469451096904
-213.81731137482407
418.9377202462668
123.07247764574157
274.43914419969417
211.2398273951139
-93.58775301356586
247.43315940869255
254.59802310925815
-226.84639611062164
-220.39425847746173
-203.2988478100288
-5.58495786485214
-184.400461985682
-67.5125167888026
-178.99430992817668
319.49541945245477
-143.4638221413091
-12.001204812140292
-14.466619813078783
50.78353796747388
-169.27301237589364
-181.4035508445291
-15.771236944424395
253.2496714627939
-261.3830717425173
391.8678075362855
57.050571473416866
57.981546314691606
243.18336189684524
-48.924369971011934
249.52357106181753
-27.16253716267028
-243.11434833868057
-28.277257466879732
58.85782842972282
-164.26579646914482
-376.367488393365
177.26761610711145
13.224101697939616
-184.6637481900103
45.68207295556644
-218.75707784320642
-135.50610756341007
-152.76576172442805
5.196791989791576
4.8576274299113855
442.04797521713004
29.2645428760197
212.26671708594316
34.403792380649406
127.17712934362521
-143.64585262640438
192.38266038844756
-10.729208131702991
216.2398354890919
-162.7922027834051
93.64874567271019
-152.8455365042136
-78.18587796576168
-72.83708762885128
-30.065314799604682
307.58707636971127
98.54270897968438
-331.94298228695413
-520.0428856535171
-67.73483580077993
-217.8209899087115
-493.5137099539828
-142.10935791511815
-184.68401758442954
-148.3202060626762
-207.3828894318888
203.84920584411927
-32.19937279006813
255.14711002580958
-117.5959344135472
9.010723876926981
-78.47080162304503
-101.62974623561196
40.32500680384942
-179.24925266575016
106.99855465101996
219.59005296085581
76.30883579365354
6.361707911899171
39.03127116756638
-430.7149095056871
193.80843036468974
-56.238043922888416
-26.25613868610215
-377.4706856501723
-294.5517386518513
28.3394519649229
187.15859579965996
-121.49684819439365
80.1803102787638
182.7984152739598
-2.501623917066269
-303.042104335587
-398.3173892907699
-57.054862235954495
-228.19946274259306
48.27856448293723
19.621623959143953
199.99297310786937
-185.38383143254302
-119.8203675115693
-87.17311072275321
69.47121369126991
-270.9196228955257
425.63138785223674
18.65095899585879
-163.99324902502056
146.4659220260914
-72.56926657894167
171.2182513449213
-101.2372508817084
-92.78455100944275
162.74075985949
172.2986094767493
119.92149907137976
70.90758026883037
61.05236564737882
27.58920133882275
-97.80744250820722
-107.73565035812373
-201.12717608123026
125.90669982038517
159.29162494980736
17.357120969256894
258.36629929926164
-37.96884432184012
278.7333370706859
-44.79042189070552
-57.27671262262383
-10.66620708309121
-156.1481291120435
263.28751447919007
39.11435490868863
17.639180199487175
-240.1355224328149
80.5134272535312
40.08050012127836
328.86397660235946
-275.0087595927102
-206.17455576503295
584.9815163336361
-79.41898833520781
-93.80810202052022
-231.07372166811135
79.09844025015727
150.1977543163359
26.890751033161955
-125.99945839589957
112.98610979150936
250.01940172104904
50.946360254851136
-268.74352239268455
-122.91861144002756
245.2815524687997
0.14758538916084113
-68.8264338661763
-192.59874241951235
-77.26809225177863
-15.96570434513172
-52.26257800891445
-165.1022751416091
41.00814315709567
-74.61982143219609
-98.97442071982745
60.261305903418304
84.66032499947376
-79.72518383904574
173.4630415612801
-207.36275566614984
75.50579327935257
498.04303188772957
239.88625478047987
6.943502566316468
71.89739488239253
-16.68332414915985
-114.64068201602372
120.4180145882954
-174.78057219634778
-325.790133342879
-112.36352627736481
88.67778194549192
211.65210180528211
-69.92514914077745
43.473263883316164
283.11419438851027
40.18948350805874
168.4355983757092
42.40025743593898
56.23329097462798
312.30194679223456
-27.913837854554583
127.0010933434364
-161.81168676667835
189.3495320532166
164.39112494266578
69.86415611570115
230.2975911739332
-167.86291028650834
-167.30046842144083
339.6379576102853
-18.031115251239722
-13.407815620569801
122.15418261780648
-93.97579606960964
-65.00478574828355
184.33468479887043
-40.219437342607236
-173.8992935482941
-86.49243405425881
172.76777584946583
0.0797190027260366
331.25617666921687
37.163256557450495
-69.59671390808938
90.2154608787254
-178.47313476190226
179.18710181686623
31.14956090042286
-93.49854958653302
-236.23688660377988
-345.9635471842356
7.877265223259406
96.81621844904095
-0.2171210575468645
163.75988754492485
-109.21791074644929
116.06993359310846
74.12525825999744
-55.775783661363604
209.98958295134912
30.188785523832905
19.122609651014667
-16.335578666969294
65.34613127154955
203.767693805376
35.255343397997464
290.6271534517537
172.72839434265882
-86.18295498542587
-99.77382396239211
80.29844353065663
-121.45748962230451
398.61662382187393
93.54452597176964
295.17146093482455
173.76945695212288
38.158093614103315
-122.76879561617288
35.57551648849813
-146.6572161627408
273.70364091009384
-23.374516934260008
-112.70228965008478
113.5815362297154
-72.84624558178092
-33.27927073117283
-181.41266067191572
5.02007237421184
228.45850957051164
207.12830135258795
-96.2071072742246
13.832718502729483
147.3085733404669
322.71369668679387
-261.1283316759837
-79.96943692391403
-10.190890989757602
-211.48036861740624
-128.4219455680455
-33.592775588430285
320.54641101398227
-21.300295561605008
-141.69324888333705
107.98518297913193
-95.04721019351489
-18.869960761878083
-90.44467443123256
40.59880928890511
-66.84696823357982
-1.2059075928575753
-133.76366598737863
-108.28604107391718
154.20271062036494
108.68284395313331
-79.26017925340534
-207.7228767038536
-368.15602224867473
22.254038817612145
-33.36405863719298
-162.63610049371633
63.300988535441995
-151.22620058581842
-94.2758753300993
340.77231338134123
13.847020469008317
-106.82066770171937
-139.28733214586325
-57.90677031650873
216.98323285356742
-470.4760386472908
1.908024614486849
69.26738338994141
87.91703838425083
37.684052881629036
143.0346862902551
36.427435290729456
-106.83804026685817
41.636919046580914
1.6429140598051766
22.562250406714355
-8.982208231406618
-98.52828202870964
-134.26388327496795
86.91892360558172
-265.77754709219977
94.73063282324495
-12.446795704899772
-105.34328227092784
141.23258938751027
118.26157622235617
-270.6831394858249
195.03649487934143
307.57310864796347
111.1965448900246
-196.63657982157184
12.059402956192017
66.60324491545784
-76.48696753707684
152.00465774157556
-110.41720273586616
33.80953743605911
-172.98007839225934
-180.62826360433655
-0.7501938403294242
596.157910486005
-133.28524063109091
-156.23495163408057
37.53683676983121
-56.51656115774424
268.54643173364315
22.717413978042583
-211.15329542912954
-102.76580244675054
156.0969701988912
181.9352564860334
-261.46714688937664
-3.9070526846138405
-91.87629273104807
-417.0338902329421
156.62049945174687
264.84991220120736
-134.5197019175423
143.43513295271083
-177.09832957736094
-208.23500662716287
3.5573232118095506
-85.28834964318085
-69.58441412971652
-6.63084330743574
-158.27051119405004
-176.56521368032355
151.238058097236
19.564279292656398
-118.83945671221315
-111.3611757681529
-121.90045032220873
-140.25034185112833
24.599753081648398
-158.44321753399305
-136.1639122266337
-86.33986767758118
-213.08813233437775
-77.83084125274667
55.5873582465574
302.92269521143135
-71.6579260371172
-258.2126029535432
-45.30458143794645
309.1436397699715
-281.260593884796
-286.7885740263898
284.56869815851854
-76.11465264128037
-176.93686197713123
161.52246911211793
-121.25272594002895
-99.09180380615781
15.084624785638011
280.3117158170565
-31.284061493363275
-382.5808747241631
-425.4023333903724
-161.75006258971973
-271.84650349092624
-132.24891629224004
-218.0162702327881
-199.46000349685838
-227.40668491851386
246.8546040066957
145.91560013376846
30.08059855842916
29.599001385483376
168.466614909355
103.86020431133619
-172.8767632606087
115.83048685763856
135.67658300798016
-119.95956730050212
-143.67426746080005
120.8149568995314
-26.213761560401508
-20.26550826552521
-120.97813937615679
468.6963583225649
108.55706204458914
125.46720481556616
28.14126217154213
146.26094812414647
-108.36543080274346
-408.42919081393177
212.86519110648058
431.45602480267144
-60.03188094074735
-51.76067679275884
100.47680347424246
-72.74620190977123
65.53595449669966
65.5700104051805
176.64236989431666
-110.20909818763411
-279.67261232938836
-171.5868100404423
-206.21641281572653
-21.288087309344316
3.956024216566133
212.65618165861986
-55.541169137468415
222.80465131437413
-9.319215105113505
-125.61267961387735
126.28807355042882
154.25095929727507
229.5309206497109
-149.87705722920074
61.18901873118341
-41.615194081591575
61.51537494940009
269.26843499055843
248.8953401607324
-343.8570110168131
-198.91131489337457
118.85249905132919
-45.8788320571858
-79.08203218269686
-110.96254949618543
22.629612025475787
-82.64330424373212
185.04296309756114
198.4710156264413
142.0700054812793
-158.75520081394487
6.973752355116403
-17.430947427510485
-276.4684284726672
-13.592547866973353
-20.948422817305456
389.64678843579344
309.0569341264272
257.2641287059696
-61.95768446513854
175.54728762565554
-89.81330110857103
-113.93148370068413
197.23975123730582
-86.41611154278412
-79.41767924183189
-98.17686336004051
497.9374738596664
-59.595195130902766
202.7273176873509
133.34870803726454
104.0723642380401
33.028843501916526
-87.5882170077914
-24.596861443542647
404.72669355203163
-166.60445278780955
-84.65086940223416
64.96950273559027
-56.83926662274337
252.40237560012972
-449.5091910708749
270.2201728909521
112.99171360229899
7.915946843747819
-227.23912028996935
-118.6259147974878
332.35241143270997
-74.86257298868146
-187.49827898266125
62.84338792128775
-67.85972980683256
-175.4317419703506
367.79921986263196
205.39379670743176
221.77634226273838
80.4368225332267
10.033461778000644
-217.99795742688775
-84.38076229178007
73.80016688033366
-119.24385196244859
-153.10488444198518
54.54305006770375
-330.7879981886235
-108.38070173179915
-140.64589075645205
60.0475127635054
-12.738894114685014
143.25171841405924
150.70042991594306
-163.5916595512091
252.50482581942882
-8.07737089183235
-128.73257443581244
-36.848897775864685
89.36471791015994
-214.44912334818787
-46.29772644430333
174.5793786720068
-51.77496168452799
161.16403236237076
-255.08064273325803
166.05354652144248
-84.50834382872215
85.60334726591401
121.8848897777106
41.99330233055987
-30.877341167467584
45.56613011079478
-71.23830264738903
88.17401130887933
12.383779773505543
-308.27400798337516
-68.62344196640883
-287.7219650708285
148.5271244509421
-152.645468446182
-151.5108316433623
-47.550467053576824
191.85977951904766
-128.81315439636117
-71.95176306457145
60.16245708590264
-276.28000617490846
194.2013693683414
17.969390788707116
130.85557753476982
93.76902220316148
-337.390869083652
-208.14822687462606
-113.26257831401132
-161.74607978638045
20.409787668739234
-1.7794696937789938
-281.57613997872807
36.47559705659629
-63.896192194074736
33.08754292316248
114.46426678491977
-160.49169996782618
-203.17663699869567
-108.17067609959885
-215.3956996879044
-371.16372187160766
-264.6318540851547
30.902043938059023
-88.94051685109936
104.47419072214646
-54.642127042689886
-157.11874541244543
-86.16749314896414
-244.22284029431393
148.28608658926063
94.79322439143253
83.69798748526557
115.46955495217968
103.35521945726315
-131.71147674233208
137.65864211393924
-141.18363075050837
-99.47425878320236
-88.98473144660474
11.674756367448037
