244.120423259985
-274.32084801493096
73.86558809041124
-246.44856208315656
-75.60770277505878
-8.63110084251544
266.0411133622366
-22.532252709688763
49.97584162699695
-75.97930564993412
-71.41811054310648
-315.51602581229486
-232.99837846176467
298.73959366187324
-481.60684523316985
264.5197135118785
-238.9836446532569
74.27411047554835
-109.37935710219308
159.46471849832636
-84.25432490566126
214.98896732912561
-20.63375104859098
90.4682188395214
-98.21574902634349
-182.7110007741099
31.829735799457154
56.583245873484145
-137.05340233714094
109.0316443763737
190.6838854157525
237.66088962014334
104.82911938693447
-481.3108190908251
141.9937974627229
-33.651187188863496
76.61321507771349
119.56728691473924
5.851504076973062
358.44164703857496
40.21000871633394
-236.47076858972937
-116.56546265858915
32.125223030348565
24.932586790989042
-206.1736665927266
-340.068074487591
5.842219344029308
28.84337535079954
47.47212443612082
151.93892262149328
-354.8074416121676
95.58960944072636
229.46042341884518
-112.25218518073379
-274.43421654262806
-22.734442010434453
53.57577383715818
-66.04378381831806
146.37197589131188
-21.615824364200368
-302.93820380526245
36.28797104757777
-28.406529742048214
-37.31975870759016
30.16928750394411
-309.79785827580713
-82.66974474067018
157.2972085097577
-260.60266430155514
59.90649292173372
-127.85888155458339
-101.48742976737405
160.21564558461972
107.27015911856805
-182.35031450072168
27.04788372210206
55.43729233308649
231.8573993028796
-217.4981658460029
67.1342801195477
-91.82707971489671
-222.16226285292197
35.501387631927926
-115.36327854856873
54.61251651844659
-28.072849923787658
9.79983059731872
47.460166807583796
-324.1858819876968
-128.30625691765147
-105.37685407730972
-183.66520113552843
228.77457669824716
-291.95131303761275
52.706798212533954
-24.16582470367045
189.2664728075946
77.14742737591304
200.36901559600554
-93.40827548828044
-39.04983048167464
214.20488594945974
-181.11555011877084
-256.4830713470741
221.97586077409926
303.0395362519039
157.42462637220018
-218.52939482625752
-143.14829702798508
45.85913757518655
-82.67750579708743
-163.92024741575767
-243.86749313782605
147.93893951364726
-167.4503159952737
206.72911878178192
150.59691494189963
62.703354717961204
255.55308522567933
62.969232781022555
143.62500728646103
-25.54883490665379
-207.39995605953496
339.6452666544938
-44.34771416020908
-181.90066499196183
-66.08936871827906
169.28727965584534
32.8160847896868
295.52644254876986
150.25265434040108
18.140356458205268
0.8014993328226947
136.1606794732899
155.19442578496788
2.6007716983364775
226.47453770569768
48.23116461949738
96.62438172539113
133.9841675929838
-222.10515499044047
450.17678299958436
-4.0944159496333015
222.42667743601092
72.97325521560438
-11.35883083678589
234.4651000275309
-186.01345766875647
21.730373270926048
-321.61173581907155
-481.9273328665452
127.95610860839585
-203.9757433038767
162.29106041913735
-65.96788660079305
-289.40739998243794
-216.33143790496655
-38.80938021877028
-350.19086592078963
-127.51008993057417
-177.49130804384134
-211.50371907037322
38.922582649861404
-212.96653446947704
246.3945913277985
-194.3355373445137
171.09989623274387
-88.18968285492817
-84.66180633262738
89.80958227076955
176.9018945489812
333.89329452217345
52.13578054553233
-174.74063684820433
118.64801197067622
119.69455693240124
227.55232510520554
92.91555713642931
132.48322106920244
-183.58105333488206
81.6609546735097
128.4510037971035
-44.02915551501209
52.80266441374339
-73.55708546554607
-56.314675951728496
377.84106404767846
-151.06609310078858
351.6313515447801
276.8109141167497
386.34408251876783
-79.750391947336
-32.38120048384188
8.862885976249382
269.33034535023853
216.13061357920418
613.5108157897687
83.52343736366228
-330.77752818735723
-147.27369639496865
66.81564674160015
-84.11546618735424
3.7319979533759096
-135.5652029990778
-114.31003913321238
11.81533717503645
-65.00061534927474
-18.22758026834621
96.44115436781624
169.97694724582692
270.78060130237014
115.73461370594997
236.778675765415
243.22693693129972
65.87806827053764
-29.675956452859623
160.72072332677823
-147.4219439908551
127.56112588765622
31.26572573195365
-293.7335833843125
142.52602686000327
-2.9986371839326327
129.1223419243447
-60.087028952708955
297.49143257596074
-85.07636043336335
-299.2140360368152
-17.101828665891137
-189.20380125736642
2.1642296332665154
23.670363163114367
-51.96825930656003
-13.57004044951824
-260.04682331001044
6.740985312439269
15.85115550171665
-36.11713256091148
321.51166492225764
-161.1279118405107
32.69074298142197
-147.5945523538488
48.69313465141547
34.00969064268777
-159.9345708522794
158.32204492161796
-266.73925790679897
-200.09377137240386
110.68348970393463
66.38629770190188
-38.77904519902621
26.75027068358276
-99.90836721741965
114.71376036664034
-219.4728690752262
120.4863992934483
42.65928705454227
27.727994065884136
-168.13454595016486
136.31757520514824
216.2520898816508
-23.640014568340582
182.74526195718784
-318.4179284340741
-84.5715464807557
-173.76289084685163
169.40581094034724
11.857567939901504
248.70787173410872
-150.33815432261386
-43.917675807709045
143.82790852973415
244.89905843299914
201.88675966763728
-3.9043299205877235
-106.32732418184635
209.15122040234226
-78.82222775735478
-129.37970701704938
167.68013029430523
77.09850910108648
-127.97481556901374
225.49733471532653
-257.22118371805595
-287.5576221059198
298.8166076348287
29.04522870958376
231.40687850211654
-207.03872410671232
159.62482724910103
-290.0349043169853
-174.49529910036577
-61.07317623125452
-335.87199518903725
33.279507633786956
216.0765496674574
0.6676092025284699
195.33184026553096
71.98028927068263
102.91971985098611
249.26560074158678
249.15842926795105
324.45490522711475
276.1897789857589
-347.3482822396611
144.55391890154473
-149.6411189110169
6.097888038725605
-145.52094959872866
163.31223698809995
313.778262462195
-159.5850160735039
61.79414276667038
31.21348223754763
-93.24537640853619
-133.4393778797823
186.9569404845356
506.53392941660206
-156.70996856209237
-174.79291815689695
-7.644044507968911
260.23559097187484
103.8733706820101
-12.78421449130037
-319.81752854278926
-97.49537894162667
130.11362542046288
29.67419050218995
181.76677100473202
175.85961413298148
131.26757975727622
-256.5042821850747
-228.7335863293314
-118.16301341348371
98.22549523656312
78.22702596234627
96.91505192393905
254.81235145520068
328.2867807002323
133.54273340418715
-22.772172510940567
-29.256377685431133
-61.17339901907615
37.139960253496305
25.291295315390755
213.36735163334927
-70.60552196943601
-188.90984837233952
-3.7979497356918013
291.9667022905106
-363.3441635380706
-119.61763781571354
103.84412806424962
-366.4291570015266
-15.687770429612437
1.8119995277249854
36.550444160832356
-342.5709287708866
-134.1335753251877
-91.04732470397663
207.50809325664875
-113.74171000112598
3.76187561066386
-86.19961504312491
135.02690784837912
-180.52653675972988
-13.30769898621579
-63.33539748397042
-294.8031726771639
48.46712228473616
-56.77759366946634
236.69751673589516
66.17210623587434
-71.91432225912634
-192.92864931317854
50.74666248293134
45.83415761747508
272.65340034317575
-26.534751551492178
-97.21304944288546
-241.30152362387994
189.8724800096499
36.56880800403536
-144.72066360708243
221.83069498303348
-12.797866372613184
-63.001255835721274
37.96575808606973
364.55296308470355
-264.9797483298007
-92.85992363632323
-5.470364279321523
62.93265643086444
-175.7615628589694
36.614455731388624
162.63261981755727
66.33015075496651
187.6829250450231
-30.26620076254328
180.1842982074306
-215.6786678760641
-158.3530974186279
105.74935016092523
97.61189657651431
-20.694420339543385
-46.49052069554584
309.1734054078473
-78.55166628129643
-48.82663317001833
-10.616648549171607
-49.68105870833857
-208.29215474970266
204.88028151583563
79.6372679080495
193.0224560261598
123.47748252905807
219.3856996065768
16.30729683015887
-204.80938433300355
-144.10431209796138
125.24346360621345
-20.85373561911741
193.0319809208336
-142.04884481178536
-117.71376164151155
55.39887905191171
181.20370326719848
223.34614452630075
-93.62976535728922
7.0659115327964015
-42.37625208235883
-172.22503092250696
-505.8056766977318
293.1472393510347
-291.54200045818123
10.653659735323032
-425.0533833400905
429.37539818438086
-195.11799042578696
-141.41446022102681
177.81039000326825
-23.654648032140354
20.58096549902396
46.59957969976519
-26.56123253843594
154.9368460129598
17.14977824575661
-265.1936446732605
542.5954831456462
-2.632379494884086
-190.19351190157317
61.145954783672735
-1.4717645067930998
-64.1812586529628
129.01333608365977
-114.45509772227247
-167.8173254817921
254.4569936880967
120.43837972053682
38.6811451404085
20.21273851525462
175.75544215141406
-247.05293636163674
-16.566623201329023
-54.33910975640105
-197.3176397161387
281.26964092525265
85.8591328234928
-95.60220913603246
4.914881496514678
-368.91844661387705
-34.912092583509335
-36.94905792115219
-106.72161322823068
39.85104364760926
142.046261292393
137.44244891473875
185.24198752514638
166.6440899940229
84.35744049267221
-172.743996302668
-203.04420873050188
305.83370360512583
289.7016588180667
34.96627144984459
442.5302840122351
-337.61235599677724
-114.29784132786503
-298.72491099245786
-50.707097346683696
-80.97555012649066
-431.13929337141303
-117.48982407566143
0.7833447826075814
106.22158073982655
-259.08664530586765
-197.50597769304642
-89.0233122736702
69.92740358720711
38.21070511478377
-38.18423820573421
-76.73214379336966
23.017634814749545
-20.129433453118548
-347.6610456450876
200.66999097371752
18.861626700223475
-61.94982072155751
320.9165890816689
239.53821423734166
60.49865768129444
62.26862655196465
-145.9456284994324
106.38271968670742
591.9760166816719
-176.98854814122078
90.578431436962
35.62474409970545
-60.22842400975351
-226.81084410134594
-82.09717751677381
32.47605223241185
26.391122733652455
-60.625278038700536
-69.98868607864189
-280.9841183075954
-88.52887937391682
-182.83651042674725
-67.38326711574511
117.81940526711833
-212.83744094392753
24.49107082962214
147.5799409815467
158.43469085222287
-34.225672736048125
-31.109535506547658
196.58733646873756
280.13755643345576
-75.2103973050787
105.644632467331
152.7389623264707
-238.0735855723099
18.216918275861655
-397.3674683981245
-96.85658730383588
123.19579436995097
-2.372825759871539
-146.286754283092
-392.0744470709435
20.471167116673676
75.56133577549954
-318.5190333537277
68.34509383050332
63.54994963961982
-181.81602140497392
195.1409621245395
9.096969434279313
95.93848641586982
33.41189532184251
-216.78143678137556
-43.05565327562078
-69.48482103991154
9.711178311589087
-66.69558329505924
60.582066162871214
54.147141669246295
-62.192086101729856
438.66300792620933
63.68138144604178
-223.2482680388416
-30.11361145915238
-11.97279006584814
-60.039252312305756
6.067323452669282
23.600527823874472
-307.89856991647775
262.58026007792154
94.89312339288563
211.82395212202456
5.864906772931059
170.63545783800024
-138.04167322031503
44.10205554112391
25.280389420887794
-269.1298456271753
137.6769921867874
196.57623686809913
-203.81801568222886
-147.09799449181395
-154.82905595872447
-8.532967326224473
343.0394954305167
-238.92161758941592
-12.842578254121992
-91.65694452165182
-183.41301135566547
-347.59714090595816
-120.86469851796569
-144.84803085250155
-62.36884887261828
31.243711619216256
-81.89004147155886
59.963647861524464
-274.18939756840183
9.263308395744742
190.07296583408115
-217.31831512726822
12.006859648949707
77.12831319412813
81.11496903235381
24.78753270364898
-103.74732365671903
-101.06597428562412
-121.31203066122754
286.56994772958905
-56.54443480616073
-122.18906992049652
31.374828999685203
-60.017596983401766
134.7434105676297
18.696666895817312
-5.849240356851984
114.22014968160647
-439.00089224657484
39.18868313276883
-156.05507177677302
-71.16778177840715
255.96657067688653
49.857742435330124
-175.01416001764522
82.41579568809068
-220.8629603268175
26.63222433662471
-114.5391189958693
-178.34588120312378
238.39278240626786
-17.11773498405931
-124.7787846675773
-126.72519613681108
113.06331248307048
-74.13708818674411
352.1215911229481
19.95135435640039
42.69570511067404
-208.07918971623474
-329.83409512161023
146.6603528984255
-140.66287459242682
-285.14244856774064
46.96449187441959
-134.6921886639841
100.72920281402152
84.12129396292731
-156.57687395834677
-66.64472796723521
-139.42049804245215
302.5036846405116
295.5880809923164
160.3101844879655
92.99770917319584
-204.45318374652751
-257.9534981633653
-244.06710622770768
-89.3487637239337
455.52774982597657
21.810552347766542
-21.916102037514655
-167.62408013045416
-5.314707335532689
-236.01755841025778
-244.31087647005836
-67.87142011376989
13.284429227230927
138.83018734008894
110.76237856434521
66.08827965896224
-153.30929901410698
145.70566168197422
-380.6207682058713
122.3814904682607
166.59117913582756
-268.42528792179064
-149.82084593677774
395.1800450812786
169.3069242150125
-176.34415495059775
-195.4463929201866
142.89754229540668
55.16694796250583
48.81202541625733
69.40401717973201
92.9856374846517
-100.66952250062724
-158.76679735294346
-113.78366997782909
41.71687417868519
155.09044843803017
174.12229155887275
-7.730324188117019
45.89897736143966
-423.7693706370358
-94.54567117432059
-262.8292623573745
141.68084863537916
2.3157272195938368
64.9995123478057
-105.46816871750836
261.71515725378526
317.4116483634288
92.14566641139038
-222.18455137518987
255.7655840080092
26.212150200899984
45.601471021108914
237.56785237334998
-103.05545442065576
196.39590160392763
146.80282895683953
27.527064872380247
76.6664300269349
116.27185026780829
14.361358823952596
-134.82990640962845
-164.37861219343023
225.34003639630248
-98.39949200264078
328.76289447990666
-9.801885233356018
-19.55943359544131
-208.84245959421605
154.66340660791505
-238.4750977609522
285.9395060165456
172.47630374156918
57.026660381605474
-157.3662977008878
176.02810513679572
71.7490530942178
279.0905751911365
-261.09712207657265
10.418377561719698
-139.22349386679696
43.36544101048656
120.1965041871485
-12.188437240445422
-50.51493723606769
-241.3618071245286
424.4472915295421
-138.6507456943743
27.747874309982095
162.02811298512313
101.05361943891315
316.06379418678176
223.19779591128884
21.617149627199087
88.92205610063638
-213.41675557614312
133.86555197251465
-62.72321414044446
-112.1820554112753
-104.21826991507962
-3.608775633310249
-90.6582923473807
-118.99775920959863
177.15474362579997
58.663659536218894
-87.42989766485164
-60.039946385676814
16.437881748739915
-121.12932231543833
92.5265530485641
-164.81958981711352
-230.00040580484787
-184.65136695861557
354.46677724101835
85.84177911549978
79.34163797018091
-382.2664354072226
-126.47932267984903
79.95236473941505
54.14127952777775
-46.33480164802335
292.72817662342544
105.931143115752
-300.19725122427536
227.82391801805304
-229.54034749332
7.936250208461463
-25.96282760870936
95.08418450043759
-45.208858597919146
-63.71767631257967
-29.703600300867308
55.63017145022768
180.3764321859495
-245.00770486763332
87.67250450151208
213.31787378454752
63.53543969788987
356.2513889983058
287.1812933974942
55.59014032489118
-30.140898232165313
-13.0689207052387
257.5703708973613
-131.75208518727936
-306.34039726175206
-58.45716706110205
-15.053416030449014
169.311332121791
193.66509278781476
-107.67044629832708
111.32434994981936
85.75711678133577
83.06970791431073
-443.464861895915
-34.42103952327109
-161.20227748717932
173.03899972001955
8.521413799028704
-467.01460526093575
197.66791424446907
55.08612386509759
50.02290579005418
-251.56135022974564
-3.1370006239818387
102.96758177017958
166.9973489676745
-130.37592984805323
117.60364538332658
-103.24720359973216
31.2394863691808
129.1800308311386
84.67003981130419
-244.0049838763419
-158.03814411731284
275.71523750219916
-197.15256360453677
-129.71117384224854
-128.43901222030496
168.4575593798661
162.9878426233857
10.418158488979143
-200.8354818377932
44.36687084572968
3.065450270435968
139.94879590944794
-378.70313952702406
235.68006663986705
311.2596062987581
-19.80381615527812
-42.65133951733906
-10.208206204348292
-35.754643226652554
7.356927279672242
-12.930626896500069
-120.41286144865856
-384.719522876553
-32.571581259829784
-2.642253625541519
255.5720846711495
68.24421543147206
-371.0167667799906
-39.61346048721177
98.06873524653793
-12.189166224496867
138.16418294087526
-139.15112063249592
18.723094758118634
88.39279387255866
156.56508733844174
-87.52055901759678
40.654507599625056
449.63635696965156
183.3123306827521
-56.456598118619844
-174.97203619847542
-22.745444095080153
-269.0876666527553
-237.76669195739288
295.47996440716264
79.10638674011751
1.687499922555322
-73.94820507861708
74.07128134572508
-84.66073045171261
139.3458437331836
134.96797170706913
167.78793446617644
-45.35729213605856
309.3723032390019
111.93741666659027
-225.72041343275066
-191.16030633108375
-213.66325151430533
83.40393811386288
-298.62377814892267
148.6362874126414
80.02741470872878
90.01440699847578
-162.16184341665212
-9.763966894265153
142.06070474645065
153.45515410388032
278.3879872795719
-109.58328535764737
32.409267182928254
-70.70801300204636
-188.00401637204018
69.3042987648432
6.502007504092151
46.094500861101245
142.0858932705524
-21.376181639003615
18.620012972671
-264.9790793182763
-303.9977083928053
-231.24696948359508
-218.49128037650965
94.78091917734662
-73.2265437161495
-88.78884957006598
-106.92052915568385
-159.27551213561287
274.78109939515855
-132.25481197352053
-75.13880776904948
35.47357285122547
-9.049680764176564
1.9128250000134057
67.52330970939072
-291.55858895998387
221.54630337570626
-163.64602734249397
123.14791301007989
95.89186484293613
-175.69122086576422
208.17216917678363
-124.34773754106627
-70.92264683143175
106.35558453094522
-5.51643604825371
67.19402152148203
-50.829226454648015
203.18885152260495
-275.11417186708417
333.81581651398807
161.9238301705326
-157.5074219888834
96.9544097964698
-85.95024666508068
150.0191954820998
-56.98361339650504
-63.082131259915194
-75.96715005905457
163.6926949327109
54.36802388467299
113.60672634864055
24.07891811633145
60.2978095908575
5.125081709394081
-176.15186347871048
-120.87190749269894
92.13518532631842
-1.6331906910427165
321.03585772376465
-69.975066588228
186.8345126324033
59.38533215000592
-193.3113714955411
166.43295059293013
-73.01113084200666
177.5246225011456
-131.26474705315357
-364.0883173821857
-101.01105735147068
-131.0608916064933
-96.69255932572955
-131.17947538151049
-118.98028615523856
-26.305497606017994
243.96787927312835
49.64893883039877
-94.67522261724527
110.88913451463597
-99.01256476751229
-62.0946790048484
-231.40267664158162
278.47080681348876
92.58332689832258
-452.1163418809291
-294.92618492122887
62.63619151027745
-301.9697637816449
-407.073807168069
-77.57816371435649
-78.22495950942303
-254.97519515751355
173.88061101431944
