-152.88534212316415
317.88566372813096
68.27681205352346
-38.523348160193756
-26.017312747472666
206.54183382080478
-69.64263349640932
10.026286704404624
-51.96614039935738
-146.19234540263386
-70.62678423443352
221.54908947881484
-216.7339643136481
141.7224651454566
91.26680223943742
25.169021471955077
103.73660498540153
-104.28288746708543
-217.59281396755847
253.28876821626207
64.17379316379719
11.811051413494628
-50.56795516121917
-276.3702933961915
-19.313516116619432
-143.2042983744495
119.45082176997133
-35.36204420911558
252.56506957016762
-123.63402212539037
7.020877549829773
-144.29520469125126
190.52137296478992
-95.25182454968656
-30.22412404103978
-61.117545856629214
6.949087700140376
-293.00409000853364
-49.53320753342926
-239.54954169644574
29.49735577345037
-185.2954543702061
91.49195364103582
-90.42659410260728
-108.30714074208763
23.68841130805876
-19.821685142542965
-43.94993762072771
44.61107129520098
-214.63315616995374
-146.28993265909793
295.19001208536787
56.75158792649667
212.7828904510844
-202.37462415852445
-129.1624981209998
-79.26219587588085
91.46851113997694
183.31628475546773
-163.19684333228662
101.12103289111967
44.50832225712337
163.12751302736447
146.03829402149282
191.32715447481954
-145.59634488646097
-258.9477130421999
92.09082906120868
-77.66463217296602
-117.23664034977382
-79.04313578135239
-140.96638668344747
-70.79870344791831
-101.28355727191179
28.632380623508794
197.63263598531276
-142.58210810794952
195.91849883360194
1.6121016905002519
-135.68620204897113
-99.88917943949134
92.56017674307137
13.856719120188822
33.19874128014602
114.37554479338756
70.9400123400037
-98.745425555516
158.12551263447935
45.500563661026476
-249.07394614642593
-114.24833531540395
-78.97999782538358
-23.22869234038583
-201.15584002371952
-137.21715800512527
-126.50763015367778
233.37585148079867
-74.00195638352906
-4.4912336363711205
-139.49159339402925
240.71815654620414
-533.9991874671151
-288.2164796972238
75.1391830000233
-1.5570826555777324
-1.4300125266371062
135.92075677058648
79.66138977937793
-89.29530952188298
88.12989946472076
-48.254773254982716
-126.69559404296771
369.9825004845818
-94.5675912472702
-68.58828220606819
-21.81672536872486
-115.30426693310959
-85.59332229523658
146.22717587963456
100.69016568269632
-55.90827016073616
234.21168986317002
197.3516528704571
106.91682124857921
-360.2253728773421
-123.6505855535027
101.90067711838343
-30.685693880706488
159.0317794437514
-28.795126157510733
-21.87740059769833
227.35136061044028
219.5543208063702
6.220673012270893
302.040714153501
-82.4553235760326
-243.01281590017842
-48.66360657800001
-328.4515782689898
-158.69072401939508
-256.08762919321566
-29.32915554147915
-48.44442268951418
266.01333620413027
8.702578772117377
34.92529264729045
197.2525790654528
-33.88437112774075
124.85767785490415
458.4955205949009
-73.59663195018868
-267.95579387380695
121.6689056811708
-99.5209840010649
58.443938406526435
148.09754388533142
60.20262850609739
139.61112244470218
-274.6818216097405
315.1430322132912
119.56752395829776
38.429819799238885
-31.05635660080018
-88.03691768151334
73.38374960128337
76.47053454787795
-199.31285651232764
-136.44254040110704
-4.3506026437535725
-16.326739303782528
-4.687566114600299
-37.28305165109131
113.9509806749554
-225.1422873772985
26.085225753659422
6.653016219718012
101.74364733868761
-90.36344597248878
-112.21410867881113
-45.189309256698635
289.89536041290285
70.05391731327173
-81.74362776561956
-39.502277131346304
-129.80329390564572
240.4948272396363
127.6655059313868
83.34007285023078
7.523736998985607
-192.68336629041812
-172.2818802372501
126.06390146318341
-226.97715024593262
-108.83280143437533
84.01957513164344
35.44616965398589
98.24597749260474
125.0331992933027
-121.9628224158675
-178.85456149308007
-205.53893846538026
-134.88325952323643
-227.52680703657154
-277.41964024106915
-143.05351380106623
120.42544159641062
-98.65393506660129
280.11255872568285
151.79311462346868
221.00641844884262
169.63122375984798
-97.29273648546311
-10.818729133072406
18.25807352651075
332.2558103917661
-119.40606335698253
-45.92536283975693
-0.2127201511360246
-220.83497000674683
-57.351026830122635
130.3825258611545
147.18913513673542
-30.214511329263907
138.98459606717313
106.27841804026909
153.92983094993195
-135.58631522521193
-193.0797465983162
-248.4615212533619
151.60291393765698
-7.355319521155136
60.621800802623575
-13.983720097308556
104.65871358568359
-153.3086571221013
-115.11795436072869
-107.47637006576099
102.21429082113887
35.06940749609663
1.738119893406139
-5.912883289949323
-307.4788852657907
-201.43845518746727
-6.7773403691713465
-76.20242914684373
4.976759104426556
72.86155584772989
-159.4391407245762
-8.743706370611292
8.64471994018512
127.81337223278184
214.85217761282698
-204.4755148126428
-92.77765599604338
-296.2888353264954
15.578879313446818
134.75166379004617
122.70411327150184
-60.75780687166612
459.74232429299104
26.215695931128714
184.48259168926077
350.25348681468927
85.42233542827232
54.53200523562722
-116.99759809134785
202.81631353634327
109.17164196649259
187.54022025827376
85.71839888795382
250.44251758553006
41.417829638447174
90.964808863151
242.7200276076995
-172.9625459117929
147.43664073570955
30.15567983212718
-145.17951485580141
-208.3846742592537
329.5272692194007
52.46702917840263
-225.59607657905872
-38.34041809015467
68.1915573755669
-279.03689742394505
-203.85364172390402
150.65917790483675
-125.25749849947513
-438.6124002260171
-94.0812288571938
-31.921659769799007
265.76940016783317
-5.022038682546909
-150.10477753222008
-233.00657642170358
-101.39895271260511
87.69448530352777
-125.3533362027446
35.85410174584746
-14.68081690315724
-45.740096440939745
-13.29594088905557
150.63669555650483
172.47852154600847
-37.063911242797104
-56.76475947883986
-81.48789792232405
-39.333033545726785
4.798017243966684
46.47115670545085
103.76072624891844
9.152714368136854
-153.6148687772449
129.1637041686908
143.42811732356904
85.95550454158735
-181.89201918074394
204.25797176575614
-165.74865172426584
-84.08569043023002
-115.55521180594147
46.32473608084859
135.60045197454033
-71.84768775426879
236.9100986714677
244.91280751954207
325.62560352168293
301.22455392511006
-144.60746112437735
-25.667625510155013
5.633469566518999
414.15054055026343
-1.508091895935685
116.8842573112499
276.36464265812947
-112.99719293437532
-82.34291251746583
-72.1138529987464
-4.024351176792207
65.37198427481759
172.9938082514266
308.70679509657066
-118.6240386981361
253.92181701138074
-196.71434603949325
2.794414536739026
-77.99338400807078
279.9847619717347
-67.92875862440113
234.60824538294858
-112.14319975796117
209.0619938789955
120.54791238956832
-8.384271738887072
-64.40777474568033
-32.528582669447964
111.16135219016654
66.78154948647713
-242.52063232604235
-17.62465295536951
-117.84851224954828
296.1334370967051
25.036633132822644
-88.55072242380571
-397.05632518756875
30.920002666103137
228.1146103926569
-29.817546146274985
297.42661759815167
-229.0642636549212
233.70012463454987
-127.01224879396354
167.51007739794568
27.15568717380124
14.037292445223548
2.353585339365949
-114.90423591503496
-89.92155559511033
-109.36589189550453
61.20210561869603
-153.10624476064595
379.7991431999344
178.85160617800972
196.2679417249758
-175.16379088920908
-17.737038059851457
-274.6482102426069
-166.79762629141257
133.61943427388914
-4.807774345391632
-98.51467963011766
32.59331188582724
41.69986142948171
-6.397802816658745
43.210175207481704
172.29991752463928
82.3672307605834
-117.28227318292684
52.198043625270245
-22.507031479389283
-8.453494959595126
-147.05103957838722
-102.50079307006537
-304.7050330231078
275.65838511190293
37.575525176316184
-100.13834145487131
86.69019380342986
-471.98716180580215
-6.203519444334841
181.93881221090058
-74.54601021341982
-51.80227525840192
86.42581736227557
-15.670477110343025
33.5962872173239
78.7030243903501
83.03599288377397
-106.69558327631975
57.11087145180614
-197.07317638571794
-168.66482923170977
-94.67389099793196
15.984403243486948
59.33743266524429
-322.3625562267596
35.58201208257005
-63.41462638384893
-69.90672635673246
163.77013808483218
13.816534845995935
28.22541496461325
-70.5324613436163
-33.0040525984132
-77.6230085828673
36.166295258581144
-38.044376570722314
-105.65051192463758
-168.6120774012383
188.64794461270526
125.827011516703
-220.3375397050661
61.25510408422924
186.7866436238719
-200.28323809681584
112.90317221870176
-113.05869043440985
-239.8494205863928
345.2690154122266
-213.1307454817371
132.64920800067605
-9.92399475277977
40.83403856059114
108.80399736688626
-54.08577630269468
-304.7051216197884
-247.22478087599248
-208.09155630072274
-109.12521777171362
-127.28553018416139
5.057453755270327
253.13965326110036
31.17332979193213
173.78889755458866
-149.89342013874543
-180.1892199091705
115.38434014878506
247.79567561290187
-115.53809910046039
-15.146192388669567
-13.607749428553188
-25.094317030979838
51.502461300279826
57.295272890476035
43.200475477515944
-51.06761690296268
35.98257940898826
119.39455308530984
211.6981425869452
355.6621795696891
33.38063125829641
77.81045794642627
159.03376135459385
9.41439412251826
-5.066450307670303
180.12435529893713
136.47409244982452
-95.81540726761743
-161.15129297422143
109.32295370801
-39.49633053272778
104.79490558324152
149.62534946509388
199.35364196398615
54.62696517038291
168.79259288564705
30.32933229707585
-175.3970778659915
-32.52201838418853
123.21690402144118
-120.51543541428617
237.44249152064774
82.67347369222946
-237.27765778501364
221.0783248157688
-163.27872638439172
133.68388066937618
-59.130202623218416
455.170388705139
-274.73847306981867
-305.3193203844461
-28.184503299624062
61.25271902020426
-131.84554213602593
155.01198448176422
-246.00829123243128
-163.17195832904414
-199.93316300030506
-48.789430782884125
350.3969288510557
183.15871771186517
246.804647302935
24.98920210069283
331.65838742939735
221.29346892252445
-3.66102836728198
66.5212258016744
-142.8796215748615
-142.46469321332933
240.17277627477984
-166.38735656862312
47.1136005923461
-89.06778071004527
207.83984045385375
6.630751500244641
0.2640877786000304
157.76033504832893
117.63460586421847
-73.1058468159135
164.69042795622428
-168.6228946166428
32.647448775836416
-42.41473728504585
8.872879154678467
-13.021981847624849
85.87282830884857
148.9508924443013
-2.9037383104606773
117.17342831384065
106.3505957315291
-25.092876106393838
99.03424690609137
-131.58795371305212
-59.92903078660565
113.94105242903841
-66.95428859510348
-59.92850472688223
-39.092185471735824
-264.38145248180405
163.54278035960587
47.511523107174575
65.67762525920276
34.30048075386746
-178.29861755484106
-210.77565865573007
87.69743392340762
-112.14648242013604
-62.005088670383046
58.65905770105121
69.75437739294605
111.60700536626523
-119.47618651785788
-271.4619567136172
15.739422249172542
-135.21664737411615
-2.6313760137585502
-146.92969320809388
-21.037868625584366
74.9350379082655
21.025348135018472
21.626272698128027
293.2953575952549
-239.27033122632147
75.45083124983807
48.99177901850781
-32.25676650776573
-145.73685995094533
-32.9396287810001
-13.952646997272721
99.48937642240513
-32.960146543311765
139.17475369021454
-40.66390365309279
11.01276715027691
148.7183507149277
130.40375047105636
54.026613561187325
6.637755716420887
68.248015010055
364.6306523904608
-18.940883641535404
-282.0784459813093
-252.9473584830561
-131.82657893777068
-12.353682555892437
233.71007509758292
-320.0831225710016
82.34233978151249
176.09159330909063
-48.15307699719112
-35.25774528050042
-54.74818641385265
95.86733521792533
-115.95049486977122
21.83203319656138
107.80209335715351
-308.0109404516361
-56.47126070905846
66.04184158427873
-28.739134437362697
-25.586111514681097
-51.843475931068454
198.5414653332945
-179.77909624322993
-144.11902737651513
233.3738809034524
-483.8365520053415
-95.16270385774493
161.07417632406606
139.11261669010312
-275.8029544338937
-147.03206902287084
79.87263095779865
37.144252030351
255.95937987424062
-134.71049321554352
-250.80649431142362
-81.35790431538071
-24.468496245514903
49.692476225696716
-156.3366997496456
201.79870686810293
176.19415979334156
-31.184290739029944
-188.176952856678
-218.05521780459492
-135.87030794178747
-117.0737883662772
-341.72382341123347
-35.063400936119855
-100.83455647705027
84.05998885944213
152.63166322668712
289.3748830076851
71.14477316209
26.278531605625286
-17.410695237726014
13.15451991427852
213.57947993367512
144.14776761933973
-0.4441840065666295
61.525978280256105
91.62048586880826
-82.87020404193002
-43.108377188657116
-56.418822372369185
150.79832351492766
256.7145268266976
-161.80136175094214
-29.079079412944957
-41.25849659438784
-22.240498777447126
254.25624843227712
180.87510476649462
-141.70983646039096
286.54769584240347
149.89075016762226
256.8264281684626
-243.85483739151337
-168.38270465841856
166.97880203201137
-68.20688250911732
71.13676094219188
-80.91938250673232
-268.57239295007605
72.38711889229005
72.3165820122694
-242.1992892791829
89.92301645222975
107.9458342640907
-7.296849485932004
69.79706904701686
-125.39988292805745
-164.29785958209737
-39.06571934335105
-171.84037973570202
-62.96791703587531
99.50718587349459
-42.9744136936072
101.16538823399962
-85.101562865028
111.4029806765289
-79.33388475187478
-10.43648538472116
164.98935732600447
315.71975547294966
154.5509670904826
3.334219979296721
103.5947938290227
-14.482591834468906
-241.3488666114445
-152.66305200417813
-39.72979147691544
-213.92334037812435
-70.90043610614333
-132.03688173092485
1.4274738519443373
-67.64796965713202
5.707893123752469
-118.62065962039127
64.38536666069007
-15.205160196170802
-159.67334742855218
42.44368289661259
416.10627620249403
119.68490204264047
-109.21055150766264
97.40759398554736
-214.20352653661854
174.10842902117162
79.19313558628376
265.92460615199457
78.7363492601612
-72.92077941089862
-9.897555656637751
113.7373513138052
-18.946460208067563
365.59854120028376
50.517926866814335
212.5393512749391
-359.4528689441888
-120.31585570568417
135.93654055152706
-1.9797366603880635
-207.5934567152234
460.98164084491
32.82780100443666
215.91147236710037
-22.36080386365368
173.4287816376122
80.92286624809803
-187.74032855019462
65.063350531648
88.68803444434342
-36.67287091965439
50.447651260745225
55.547056046064405
-234.75214034169036
-165.6969322953534
407.2326907706459
-126.15310692006196
231.78497275926043
-401.0746609284212
-34.53184122940263
-155.27803543894558
-73.85967863747159
146.20371647189577
190.32657957521093
25.551662642427033
-81.5734425960052
80.16274794213727
23.860546688211052
-38.136084921378064
-101.62353355953175
130.2004123985374
-396.6827004744527
6.652126364367909
62.84603498423454
0.3073171376216507
114.80754272882044
-79.76079923066939
285.2557045996029
-137.06324695273648
19.320571005999305
-137.50571502355527
-49.98227715832697
-12.04560993787118
-195.8129806633088
38.94179863212109
182.94930863044652
1.6844544771623489
-207.16414058717638
-182.15705021133616
-79.22546829572235
-180.24364115312738
87.64742146997497
325.5187032627414
286.87397289003945
-132.31393263648008
113.2250536677407
57.847606716252116
-274.86370771667464
-61.73785041193149
237.49351565678214
55.51272579246817
-189.3829204338679
-58.98606270104654
431.463786666141
110.13040151790902
-124.12208726032765
43.35309550050935
-31.844836980391214
93.8511102036709
283.16315724213007
104.24001182434691
18.226983743530543
-1.3826527705838254
222.0478313770137
-128.074525725362
101.76796513026451
101.07262800795363
-311.96582525764387
22.656344940148212
-10.75742459664202
-2.8690116360453874
-33.349305745527566
-15.07757935514176
35.407166476623736
-297.16703481465805
-17.667436858901524
139.17722336689067
-136.83927816317103
-148.36089339935936
-44.90286319270209
-7.1299834776659194
-200.84419396093665
151.83922671236243
163.09266042253907
-73.99335380752501
-91.77025405814899
-308.33290555443085
-280.99558914056337
-296.34112959480893
139.95597135177024
214.01177865636413
-149.81137233794894
143.58739763994853
-98.03407788625725
158.09435731362356
47.17112545070542
-46.577786616413654
85.88654699726473
121.9844966515541
-128.33792748632078
197.73138970075692
54.15797886260601
156.74482667041434
-20.75168626524488
173.94487899867494
-101.6126591465012
155.4763754422714
-291.55803688041294
-186.75783661232973
19.611176759559637
276.26334003721246
63.721509732130315
-180.70788385451579
-110.65806753800243
-71.08481665130888
205.29649332426368
-63.336544824591506
66.81720173135649
147.66205237951118
103.52998955772405
95.56644314199184
172.05070786453024
166.9154721872255
-170.206141910209
-7.82949825889323
46.23958099118196
-196.72468710853852
71.36731167700539
376.80205548748467
69.0317787226215
-81.2515763202191
-45.084270820132645
-64.11696814544412
46.196507164447354
-97.90701324292566
-47.81447971013555
-84.82339132007098
-77.70411265137771
150.85252644310967
-38.04548648462362
18.412335845492894
-81.07419014565139
-212.03508519710704
120.94588382907529
-56.251860169022095
207.67747555381956
-105.14238472103042
246.942833562652
-232.43434920146325
-190.74540498400347
111.25732355237992
153.5847085273593
21.178209930883142
64.20267451128674
271.08138597257806
69.61047285300457
-113.09679658789506
-100.17768501237053
220.0297599317959
348.94839719996355
-268.74117532432575
-137.60723536461091
-163.36636858495993
111.91024175919955
-43.98129707138067
1.5896797389674964
45.97797924014747
-147.7759052842768
-116.08703394490887
-321.0108443057802
19.714781010771638
174.06773553041285
98.05708793146103
368.65195828596796
-7.852242628897816
-144.36849754776688
101.14137799251772
-124.9022807793588
-73.37947213281771
46.49146191522798
143.44776631093498
199.18062538795965
-61.7456952124213
51.59578439817707
-61.8168949923418
1.0988685253738613
-161.92180919366436
-25.14773195689111
26.510719474120137
122.40142255037702
244.6900922126871
24.33782147900133
254.90236467916728
80.17613999749314
60.026177077652015
-288.43952068490495
70.48394677531994
285.6542015658478
198.99414268740892
-190.4572162620165
-166.37771956172008
102.34632466419396
196.123483627523
-318.06214437004377
9.661247747612496
-178.51160314098107
17.908871058452952
-42.20432071957298
202.9045242940283
324.3529970932219
-209.59679014734834
-246.11705700371954
318.68560914268863
-27.47941099252119
-64.20136546756106
-202.16638846126747
79.10482512485879
127.8071080465473
153.0770034919983
66.67602713578636
-251.9560174090234
-283.8129910197296
-58.00257336395869
174.85975127839643
183.4315963969785
-117.68259826148493
-142.6616033865152
220.98546666879207
-94.51988340699337
110.51637554951137
29.728496025320084
-341.94325540217824
-128.4557893969116
364.3795888939543
-319.8235531153429
-39.26855145452636
208.18288786169882
82.57172308585103
-131.62861119115965
-166.9096520154191
-211.87422413115442
156.153127662271
-120.4519883292419
25.70685646031279
5.760670148009978
149.332398759392
