-55.19933865124459
-62.28846123721988
31.733531924492294
-31.449116397417498
37.23410889730931
219.13741095461268
161.15995555650252
-76.13965257770496
-74.28613939056066
-47.145363808518354
-307.8338374029179
157.1406590773995
73.34927783591958
28.489855179224186
-48.15885928400356
-97.97660039766394
71.949428000414
29.59156463590218
-65.45429927724409
55.281511600652166
-52.83822382539723
0.7009517680083825
-63.345835965932366
0.38949994402212473
-266.4373350578017
21.792906472112215
-81.45488643133297
-233.43763655388733
41.50157761665352
-96.33448795210113
-32.01473313248039
-170.0639780446713
-144.75162063038445
139.95979508638155
154.3627904140568
-16.063863520226814
47.84133138222906
120.63266322914903
83.01715753792249
-66.93338939095834
109.05439680219956
90.98874870723074
143.00158653859066
-76.77662403479196
35.52519530329282
-127.73324725050158
119.78470839255723
-195.56796207387657
-24.86174684645151
-199.31086238730433
4.8084120116876425
-225.16533717273862
-79.97751818959802
73.29917780791729
42.65966076140729
174.97714038481007
212.25336955039526
-121.2468903429183
3.309973376524411
54.07408036423792
141.88847901732913
-105.73086199420548
-307.5460341233926
-212.43832858594533
35.179452609356524
-55.431786074802176
9.207489975485538
-79.20487223862307
-296.5096981218717
246.97038250127352
20.014177018330106
-242.7271629138619
45.722360844698755
-210.36176584964892
-71.09017432401758
180.23886402397767
136.17029661315107
-247.25410445015157
195.54052741055443
-98.79771980967232
-160.0179894064277
225.65297923511332
-158.46827712715438
-58.37885122074691
-72.17874173961467
3.9887872876515207
85.40015321680313
73.27781121494912
-185.79980277505618
-4.011889403884596
-86.62498013820397
-29.108285738833523
3.383455002744128
109.99419413527578
-82.02867988099015
-41.50088854551599
126.58913488729416
62.91006539916634
71.39554060166286
-47.04553067327438
-147.88091910398035
36.86645053615744
-95.20122508557169
18.913609147311135
-11.510371780614971
83.28382529544518
-57.58499727325084
-88.38284473539372
164.2479790857443
34.3493750855977
-184.69471963150448
123.04486015484275
187.51599998721832
-75.78248965957734
-64.6992536037065
-175.85826866301616
73.89765683619986
-39.1320768178145
-211.48332215743318
55.0186570265096
29.201887726425927
-16.727650971120557
108.75661555022693
-29.420003389313134
2.3840356370568703
-168.2172401758006
-91.89326135666361
50.90789961943398
249.88521438711044
238.29161341778882
-24.359402790042306
-58.33537103169082
224.67049553630645
194.1036651997959
118.3735319961355
105.12788366827714
-11.960230591590882
175.89518111088248
-69.76701132782043
-63.53150032728424
5.414743581162623
-114.22814391864154
111.99191883982867
-84.03756996411907
243.5764275306134
19.215049663123736
-220.07476694414572
147.29066602626162
-34.91964372843729
116.43155216600954
-67.558625558743
-133.50787763249997
222.15556216407185
59.82968615130872
-39.56082511944957
28.676649473731047
-227.92826946285953
62.57478503640726
75.11904162484439
230.57760686916237
54.52461670322831
-21.92764204923931
175.83323414470908
-23.685597806996388
57.1706424836473
-41.55085764027124
15.762946452858928
-76.15285985395012
106.65076239075236
-227.9085224926749
-80.59567364424639
-13.068519222820877
6.171199675680053
-98.21032561624705
-103.65606329241952
-92.1123954839197
-242.35026945449422
127.23632650905377
-87.9111031432931
143.1038304015137
-134.06640294427564
70.63221469212236
-51.67851635769758
-266.09690191606103
-30.5571409602934
1.417273830881192
75.82493072915237
-117.38249147593731
168.52513957238597
29.776707191827192
-60.94378010017246
-18.444367119589344
-22.1076610378549
-310.19924174624373
40.713082869517066
-40.56087450008223
68.37182976490371
-191.69688369194046
52.76831239023318
-218.6515485495442
-127.92762580084936
73.2052384823514
165.44362584137426
209.49259769367066
85.21692711919584
-61.902723307587834
-297.15334142359984
-25.77856499598721
-161.58468576433944
-55.86409891805056
62.585432179181545
295.7652349487072
-63.15452486915437
-58.12115436609975
56.74628292281249
-157.04707581303958
-126.22284951147998
-143.44606326057806
-47.87689961328079
59.72497031158437
-53.08042797228486
-6.494379513627581
16.659810829237347
14.293816095625647
52.262084158308056
54.8632823868767
-94.89259109828598
-75.73420468672084
61.78949426208329
10.990225956958806
-32.928859814959814
174.88017359790067
-176.98619768256634
37.21021582824225
-29.73139185427892
-202.89657764028425
150.50106872143144
-96.29812987137875
47.47861480330861
76.68312688409836
246.49095958707886
84.05937502946188
64.98986898929577
-198.41419609336154
49.787773635953556
83.60853054782714
46.61897124184113
17.116187065819815
155.72939067345956
116.38146276932466
26.31327080742905
-188.05584286164728
-13.36788318718391
-112.36227307278342
-110.6775244877771
-32.98965744385198
23.70822072704591
120.03021514357967
36.90721554652195
-33.586497777313
54.966932657462294
16.62842777118299
-146.95896452099836
-25.541614192726847
-4.195898321722075
165.9768836627117
65.88123986034896
-1.4755517085093348
153.6444886356644
-91.56010188649539
3.0579750240637544
-164.42770060811935
-192.52640466443162
-104.65712147389588
-162.31405086826058
108.03684524620395
11.634529369694876
95.03606344059001
43.86888689412571
37.10270537832892
264.148369366442
-206.7336473581512
-81.78875745315939
-6.367684628966458
-42.38985397202505
-79.30513467472623
95.30200189272543
146.2832667213776
66.17673643910666
299.3023481258923
174.90288350773932
1.9940009568741377
-46.65145692597813
-83.6258897022864
220.76144700813663
63.54495415643822
74.86221465151597
-44.03199264863909
-73.87354004046921
36.25313779698502
65.54020527439825
-31.426038343009097
-9.726706377013688
2.1499802964169223
-173.22923047349335
-229.1092416376705
10.647131674674338
-65.83514766903063
-94.81073665316295
37.9660807174309
151.03776123321015
334.5522316118606
-211.8326482393496
-258.87067060710956
-27.65031513299495
166.72582157628074
253.66813728677874
-1.2636063531634973
42.93294524405099
55.43773497767319
-205.79953175353995
-170.19940357410366
-70.3273899092164
83.6851466689101
139.97309149992617
-35.56787903578308
-165.6093191494052
136.49033154819676
104.2377680523415
143.31574821783
42.108604670454916
-87.81740092000211
49.42609084693116
138.0092566609035
-20.171862143109916
23.34360081588605
-124.04263985236835
89.42186714004048
45.066250393279844
-186.39811832093787
154.8165657981003
97.78075966683207
-76.71890949009303
-56.846153321728096
3.5345577190721085
-79.93027338549729
41.83491264776487
-68.53713642139579
-62.173139411208396
65.12639707409392
-73.02732717300368
-85.45502663689412
-60.37989387882398
70.62266805198408
80.6999532010715
67.40162830441078
123.18127679975916
-48.518859826744325
-11.627519696021087
-86.3826383913953
89.91711855214245
20.808627935872114
-95.53694964228221
-86.53858046020002
27.090205985160104
183.9111192256636
-67.8115303184124
65.94557353545301
-45.94131092570787
47.51711268820414
-8.850214877078004
-202.0011786172212
57.18284326617144
10.200830027714662
79.55417828266008
-33.25877648379539
74.83054346274814
-68.43758645150669
-132.33790644912798
-137.61740338069862
148.21810718190153
-435.73086243909216
-100.7613231902095
43.180667636641886
68.47502056209704
137.68957955654537
-12.59642161185446
165.0755389462897
100.40137532174106
-119.25628308619837
-62.82883874275087
-181.99992545689676
-157.9010545760411
219.77103201072566
112.58842067432398
103.4732716332658
47.307205014109144
16.105596114435937
103.32239583214539
34.56400266712998
-62.064527869474695
110.40575180187409
41.024193567352874
-165.93249446649259
294.3620261465145
-62.34930968269586
-115.40037536434332
-7.422133194260965
74.9926730268292
50.81708898647241
196.03336050056143
31.266725460648544
-114.36098998240521
19.912328663647564
97.75213447504525
-20.776295964030613
251.3984972350494
-99.19400284223728
-182.66861401805386
-47.84810854569171
66.26260811589677
-116.01623517483452
66.80773059525681
-96.19429200481777
-32.89814600554607
355.3522213925332
-27.91154935034001
-105.41445908482338
-222.154791454565
-334.38613610590613
-21.00169566938853
-164.0384154732804
3.1194495600150023
-96.40709388588267
-88.66950488518336
216.02842931022545
131.09097964381715
1.209395928917358
-46.67613365720316
319.54755976821764
-62.467458426353005
160.94336802978353
66.95591366598441
-13.353722731208931
-69.5856310529563
233.26347184866455
179.94514933141332
36.91971992705662
-91.83373554613743
-9.440755665701523
-174.09261477152884
-74.3418412499246
-9.561327401734992
-153.1490505569073
-83.33718200720143
78.02855379322118
-226.13016016241286
-113.73660233849114
-33.133890814570655
-282.2254044934229
-11.710897129472288
-86.47011280120421
-179.29146200314335
96.14442562054562
188.27724588724715
-23.71555507857889
189.08456530216557
-44.30118758993087
251.17367002366322
-41.90917439034383
99.58168636383608
-6.0326403008795175
125.68912641572386
-114.7869960383746
66.34312707658943
59.47411235540955
-86.75506391514182
93.53321967969725
123.85276881539038
87.75380625420699
-43.75893989710778
200.8740054889825
-0.25834706964199405
35.499481891799995
-45.26577869893331
128.59149216466486
-50.93572128666615
74.4824803525698
102.25186200781073
-164.33343687519348
67.19172665018591
81.1479183447839
32.93662900329993
-131.46229742487463
-111.53171045053578
137.64398138503284
97.53644000727033
-198.88417092341172
-50.1848141457568
212.2892902661472
-251.81589854368136
122.71147193297764
83.8000897602045
100.54410299589047
255.88323753753036
16.307051618874304
-79.79324851349652
-162.79324406530077
-75.71557900456865
-60.81353395349069
69.7071349764879
87.0389430332267
-26.58378478596838
8.752317367996717
-29.178994260627974
-117.83201210705346
-48.326755933466956
-52.84432325800954
37.10122496821056
47.709539746197954
272.91869544529885
-192.50043413043457
5.093193684190921
98.24655490551717
330.76915137002635
109.57454531000147
117.07919450687426
50.00818892230053
44.51289915284552
70.36346012659072
74.82828902935297
234.8321675900404
119.83497190883259
-26.044760310298212
-2.430943882567955
53.71396011459479
-89.24453411220789
-49.040309678942194
-81.1065078256949
94.8234756895544
198.20035742774698
-172.43249091839357
-63.204756849169485
9.888153788088896
122.66160494189799
35.09399800532731
10.364989346386219
-135.74065490909578
215.94210079897476
97.90976650310087
-13.527556808534223
137.08942045578303
-38.11453561857642
113.73290198307637
65.72993161677073
-104.9681250520307
-74.41491882502491
296.87931895947963
39.39771544017367
-23.262292312683552
-16.036885934600754
-77.8814480798285
-85.45051446172938
-55.261409885880255
-2.953978798955905
140.41291454725177
184.4624292585811
74.89572981112228
-183.52671318167262
-45.88282855169772
-153.6141458304913
215.79136523571512
-28.678179126193037
71.62537410522827
65.4908657266092
353.1131673842757
-50.82911383610136
49.71536986782862
69.40700150481277
-187.38553104478922
-54.26861900628602
76.91407207024777
62.52732253811306
-83.35521966556935
79.72325191946649
76.25439065754685
-24.392772743215716
29.733825243408663
-89.96758718293103
-66.09417784456153
-210.23748369269504
-52.020884757132286
25.094584650957927
34.90287806426475
-46.35992073298233
54.92694504551724
-182.33299605616352
18.769237758778107
120.8907554631075
205.3437648622731
41.09858220608413
52.301233512872756
-224.72481513033972
126.33435879183446
-21.241457426584006
151.01015627521477
195.53830642691997
131.46625788470166
-10.292343683565809
-103.78557031310328
84.39226695397599
-35.306787928133865
53.81132889240779
74.1000238030556
-220.2925041739777
132.15473194756316
64.20060408409867
77.04824719723409
108.26979925344122
45.54593699200106
-34.70434668000126
23.48228908474734
-85.2363329343678
38.606097322632834
81.57733682061507
59.61885354016714
-14.603554073987459
363.1075395931578
-67.54222047203996
-124.13372815983774
-4.294597845434336
49.56187632270974
71.98512071465659
-98.13697524212598
-66.47002505232874
-103.15398947300639
-48.01676200779332
136.1714521241962
-41.810567325982234
-118.25254540791514
31.195324206042358
-55.929166558321654
-252.28921872493225
29.419231675798073
55.380530300600284
-25.653011176002668
-219.10757988663315
-156.0675913220469
52.28024343784164
110.09559579750096
141.9865218294045
8.18060719500548
-36.53218247150044
46.51221647285246
71.23386955388071
-61.35134031948349
-92.86904080886039
-29.49990942212389
39.805941650722374
-117.54491795791728
-18.03590585080528
-47.686037069867396
-23.54970847678838
48.74162312048314
24.027840650356552
-97.89281471373117
-237.45466751104962
6.513019361657559
123.28609195606639
24.033941901719647
-4.957915386497091
246.74229098889157
136.1369723841991
-22.27695696275084
164.9285955131393
-118.62989709620186
-136.96675177842093
-7.71178192541144
150.2337387132727
-16.54575631006896
45.36170793546805
108.23249225330962
40.74961480079794
-279.62385863657664
-160.1587102480167
160.8456705569135
-59.01481019210964
103.37706715130841
-46.80969601555778
203.08474607256494
-30.579645838416038
98.90853161890331
-184.99490934527543
-211.94008446855742
107.17758113265344
-139.626215662345
52.949386105043416
71.29600524313423
73.7974678679445
137.4331873425506
47.829650972976424
31.51025763331744
84.89559867124237
198.4721743796681
-13.068037267503794
102.00256027571582
103.08548370502506
-7.036963199909066
-37.17755984114861
-66.70514797118726
41.558786122552036
75.99064825994037
8.439992539519677
-3.4993924622476773
20.569935645754384
82.97498785537348
-51.77659988682484
143.7416353786094
-17.45447641841533
-51.786084993481175
298.9231307848673
-94.09377654614374
29.624597083023872
-126.52874224454895
11.028715875462114
46.86472320824686
128.30001664910787
77.17246564379012
-24.864371622220652
19.90797470682722
18.371450517905448
-63.22828762846207
-107.07756035150699
44.17788696713149
386.0621038987832
97.64232967995352
61.675114222682296
112.42362050051011
-218.62749841106762
-193.301968389735
273.5880068845475
-286.45516876922386
16.857085104864247
-28.43270589944702
-40.017538327275645
-77.94769928176648
-221.42360768993447
-132.06193540121333
189.71308713385653
-92.38968599453658
71.98260880690654
-159.38136211264168
-75.60030448196517
50.1724941996592
200.8873755803009
111.95002704524313
160.49237973519922
179.73876367615077
54.724750918910026
-64.21794689719647
54.44512346294278
22.416901563674795
-135.53601020283958
2.7931057315963552
-24.025329774679903
-66.24126922451016
17.46426722772783
88.52567368542913
-0.1826395370062397
-20.042108771959576
96.57037308718583
-60.463839148571715
7.194787836444591
343.7176841797494
-40.23683714683103
176.5270954106259
-98.78696748834811
-98.08694651764249
-117.62834071673394
114.12295487895518
-173.09430802780022
78.89690815050739
46.14853038644477
-32.248181880792046
-13.384619800462762
65.84804208402016
-23.46668908041434
-97.78829205935497
97.11757906899071
7.871867260008082
192.03340788501828
83.47390919854323
120.91237985653643
-127.42021437711053
-217.21898569947373
-96.70083794675016
-147.93213493697743
-14.884148030796876
128.6526751590349
188.8634128602014
173.428531822511
-84.76749634587676
-73.11433785118405
242.071392777526
166.55694857970047
-142.7323742134261
-29.42484225328753
-160.30054947228632
-86.32171744932916
148.5859099739942
-196.1626026630608
-158.0547499900273
-209.14780600061874
86.23614965511523
110.37175493500638
-84.1537495426777
-59.18950967862021
110.15489994224677
22.269513286291247
-15.15461036658053
-198.1864107303653
105.02466709755534
-71.14245793357709
-22.103843487572966
195.20660485656884
52.64174709202352
90.93294057255206
-85.354582559707
9.741556972551516
130.10937234424358
53.2681416880351
-150.0469317833175
6.098472660025127
-236.5037248646607
5.5275760175646385
188.09694267524446
-131.03518382678246
33.5841782425127
39.294059194474414
-96.94578656239626
-120.8847848214682
-12.44359280488311
46.338699645983525
71.5557782343347
-22.978595875788315
195.82354204197807
157.63816851406165
49.22615589688363
51.2079031424761
126.03150047699307
269.83553731871046
270.564625045324
-25.082477645236608
-82.57403721491568
239.26168089847653
-37.483913572836876
-19.342889115633934
-43.29229672174994
287.0748069760344
-11.887046614777896
-76.82623789221468
-69.17775515159757
49.24491195934099
-26.008582537586488
97.62412584545044
105.0501513634699
55.3144476957369
86.18802138989292
-130.84862303914642
-104.85227389789199
-75.08346869012051
-214.52550683665444
-6.952006984749173
-203.7820458141319
-36.83647010419799
-16.20952963291982
222.13806741877679
7.6953480307900595
1.2562247200912557
52.13641402716909
-61.3863657760339
-17.426110230029924
39.26036221668773
82.98715194072717
0.8658717326917094
-22.18265348989085
-60.429806993004455
-41.13139567637379
126.64069256910727
-162.3223608337467
259.53399873939026
-7.331484237768536
-37.55482526431149
156.71195943959378
-59.39361365742208
7.790402541693274
93.20624175662661
116.05022333972065
-46.36795863093898
-162.1557139494746
-358.19737669963155
-0.18925671990767956
-31.084479692200908
-37.60707671517553
149.1409132716763
-385.41705002516653
-196.47570288665486
-115.0468140886921
25.92674019830358
200.96476164517657
-116.04287384224212
9.572526566598818
47.229831219070086
3.290682963579208
145.97202605575347
-88.04439285098525
9.867042933810847
-4.414189345123651
241.2161431612484
59.000234626542465
103.1642117876323
14.279115917907305
20.420047503191796
-128.7398687321138
10.503662273576378
-78.58066418330922
-102.61886342161878
-82.512380613726
31.755278099736
74.51738519817603
61.95054143808511
-115.4670553483364
-76.53180129270416
148.86715254035852
-126.6469970351379
-157.8523025794815
41.385174185722384
72.12689187677293
141.80602398312004
-94.8222899755294
-167.70604358734656
-24.532956704517673
-93.67080444912172
13.294586668402207
-143.0932856117099
-203.29088507066888
4.59202553754324
10.045935462006282
-57.103819587034344
-114.37541830854751
-244.86771800578256
31.677924104440894
-181.26723712088167
-84.26335704256849
-52.793953065226404
47.21240553475727
-100.71634376332332
48.42285384734476
-157.78903429377442
-45.79235390521876
36.036178568290914
-130.2294018611866
33.10946317602796
215.9815574775116
-33.9694087684487
-52.23376027260988
161.54451107565853
37.86333041440077
55.98497731610303
144.55447531193394
133.79012763356602
-55.25989729407359
-56.85727692397436
92.52768500628963
44.97034653273928
44.755774200902785
170.33852419021315
259.1095817567241
225.40479133276622
102.19871759754075
-59.32962794316448
42.07407968360629
-39.94159738004955
65.10261116710575
234.76163278601413
20.655237335688742
233.41890943099773
-143.34285991168238
204.58232240074244
-212.85323461939663
-169.4771406512485
-134.00205777439243
-106.88810601889332
-64.74743633686289
-19.35830474179922
18.360962978182542
-144.30213897300715
348.1681978813593
95.64623032231486
191.32959581214965
