-32.12372779315975
-0.7587876195423884
5.0006994672901435
-20.147758194990733
-107.8440335086722
-64.95530319904873
-45.43260748072505
-108.18443701202219
-34.047811108695186
-15.165041983753936
-57.6362071396252
-20.425383986272085
-21.131776461381463
16.305245664838846
-52.60441453004389
-8.357877754579144
73.59532681202624
28.157369480770353
-28.306060592897126
-47.54391573881183
10.438755952349156
-21.50441555714734
-46.74857573827478
-84.33381726587753
-103.27735329183449
-109.47475308107836
-42.25025386626494
-53.941113141979656
84.85863565076197
53.311169060149524
-53.98023226125261
-28.978619910058065
-15.764574796154537
20.94881833613289
-11.018566053740132
-16.421316660675387
-16.60650572430209
-47.71775409467118
52.75151194968369
52.053187720800004
-99.59273468857012
-87.12512148185755
38.163115036720875
-12.486330665961791
-132.0298587399588
-100.00836260797861
-89.2387104049365
-75.68834626531704
-56.997197690377575
31.043900078487688
-112.97282359756183
-76.19509411238975
-119.93508898891557
50.28272518469303
6.525197654460535
56.18841481782183
-12.541406893737003
-75.09487078900341
-31.33806859060372
25.557679330489453
31.504644473611986
55.80167896392955
24.436760924786395
-43.305225388507516
7.742023787857556
21.012626870558996
8.589057833459371
-3.789642623236329
-41.61472919668104
-54.08966209151777
-3.37892278846068
8.664352036954012
-22.921145281532063
14.845134678383886
52.83787379538453
21.98545231705028
15.12751583401711
34.07222286298688
21.471500524905355
46.94717155721242
-8.532058659962303
36.07632466090499
118.35223985867057
11.762113598488746
-38.027524036829746
125.13714572512123
112.50520542191491
-63.374169288141964
-19.1162309002826
0.0659597916365342
76.55296271642852
-43.33324233096945
-35.895416964560575
-10.318607076250993
27.331437553228984
29.61556432351521
61.11988635446381
68.34382860591077
80.88889018974416
106.48592233766263
19.559482384916578
12.187831907238829
24.887924192774502
-25.05033589909343
-5.7390713076559665
3.5642115872304876
47.978701202475065
16.088404273647736
47.250151914540886
28.822953919167936
48.07370354498948
-14.138076415595425
-70.63792232301721
54.51832334160783
10.695881885299181
9.96575547267598
54.29924799958611
42.868773792614874
-6.851201415096749
68.22485491471045
11.069294803059885
68.32262287300696
24.95682471355615
63.48341302402523
1.6122947382715702
-42.72617401011659
45.87894378779428
33.64584519882514
59.01694899768243
77.73061268973173
59.085429408576275
-24.008218014732233
-4.137281981793146
70.89465772041237
-35.70679274224801
-4.035877948203253
-42.843067429095605
-23.974736948704123
-5.18678757423223
-36.66447831845218
-30.02597369412781
33.22877548599368
152.86641543021906
34.08572444574938
-3.566155819666996
8.09006130492318
52.03472423844739
1.919394298441929
1.5035330659029493
-104.16971800133454
-91.91309917265183
-28.619772042362463
20.934202510886642
-54.704649838468505
82.34814883315298
7.759048095605534
-67.70078486269118
-9.501050228194666
-9.203033311362827
-46.33561209379064
-46.05120735837787
-8.792901186682172
47.09119256458904
-73.46058169457764
39.76803200708858
40.55397398018572
-71.81203461816628
11.246006977065338
118.29272840183835
-13.167825054763648
-45.07359141115394
-19.88591225429068
36.776858972755825
-57.81240270602036
-19.381158770143387
-0.9720159001897358
-82.1355144813448
37.56303058391703
63.259175277215896
-26.484724444663872
4.269792984872018
-126.80390967416655
-76.5985425449092
56.12398066715132
11.80710582727209
41.94134346525463
-25.886451765048236
12.891070475160118
-25.97468751167693
37.041153668640966
12.36322263160252
37.100874399048706
-94.79496411931768
18.094224140117248
55.31785529143492
129.56237305025695
85.21087836446759
22.080155059641996
58.59272134618766
141.37414481034472
28.588324747024036
-4.469198758890252
77.26123182710398
-9.654401629107312
35.1552458370684
-22.034189136541833
28.383861064095633
46.8483625876792
27.342445349337755
44.04877525405073
12.75633268895785
-37.894583841102275
-31.88439364769432
-32.89974690121856
-32.76874599169349
-7.557483235425897
-69.9049428656078
-6.8779195665572
131.72456327288597
31.13824912235044
-25.31561725149145
-63.2985869633716
5.859863827945016
-13.062371265209311
6.437944528959486
6.631059507405467
99.22644376444576
-46.0724228695069
-38.822797876528945
-0.4502186512978674
-57.391362968754926
-27.22092639281816
-3.6712113107718665
-41.23536786896953
-34.120572056936716
65.44785661150243
-10.11279922667872
-22.05498469122319
-46.86386276868119
47.33141161675272
-46.6839102739426
-33.99580727395531
-2.7479029150915113
-21.453882305553513
-9.300937696586788
2.4886995467480353
-16.459737490644436
40.25594765372778
-35.44466301516014
-10.643411047739091
21.01234590555874
-9.476103354456983
-28.332117016684453
-48.13794175328501
-47.86098321077089
-4.899909639576435
-67.64100030033059
-35.83457028675895
-10.785080318764109
14.564661904985302
-55.473418989002504
-36.632732696301986
90.11391312927482
57.216515793012974
32.16841422740536
-18.076526079826923
-57.405586319214535
-0.4722180811172466
68.97234035522021
74.69123840363872
118.11972970935314
36.748198255876446
-31.559332510531647
-95.27354786214505
6.741740912264428
32.43310730721147
7.85182957484492
27.649824578485283
-16.256520839235503
27.13930041019344
90.89982222409698
22.71256961772671
104.03746551159314
72.95038737408298
-83.14411124150362
-21.018204994289107
9.738863463276237
-47.3067967462205
-44.074094084994705
-62.597440970208
-100.96344391422733
-44.971043634508625
14.946464314430497
-16.7451782331258
-48.325923462355014
76.69423487193042
-61.34272463803796
45.77188210318189
-3.896505183053888
-80.03083510598282
0.7762783761791837
-73.83585831353071
45.65641082173078
26.67197258178218
-23.286559311370134
-23.68414484595436
-29.775272814259523
96.5702906343143
-41.28427917424483
9.562656542253299
-65.8430436578208
-22.03597363617387
-53.787141569580626
-48.50453689003167
89.61455555027469
-92.8745719994926
0.7880005426265679
76.62086501450268
-111.44468675699535
78.1659920325685
65.4763332761721
-3.85807204102783
-92.28381376737269
-40.74844206879141
-2.2859728257601875
28.221685315758293
22.246593609432228
3.335013228035722
72.07396456240917
-22.415001689496144
65.29610323554186
77.66501332181195
-4.2045692098396685
-22.732666011877974
2.596762001143824
71.19062937262314
134.3728162833415
1.0684219769744598
38.55389604312468
12.75898654025551
-30.47943568152197
-25.04112408487358
43.84316056824857
19.10294065514683
-0.028800386872341127
-94.47890532112417
-5.404895210840439
81.87615013613913
31.5436923269933
-19.279669857797757
-75.97886860852363
-44.675277601226355
-32.68984479763275
-58.10466246535556
4.663414932967601
10.638226050320108
98.07453855530711
36.550229134764606
23.66442027161109
49.6957321054073
87.33243885067778
-19.326901738683905
57.257752664263876
83.178311727166
-22.61369371607311
9.729863799519267
-59.626766034534
41.12023917219608
-16.63379644555163
90.22777175475154
14.882960362035965
-10.494628243581719
-97.04744986472213
-22.047029754235236
3.1106979727767423
-33.96434076144836
54.28468702689387
103.54528798015625
46.834878310162296
19.81291421042929
14.19584569320769
51.40780196407278
70.59809225937748
63.89788851850507
-22.360374883423617
9.171066571182058
-46.72630210978524
16.04168870082672
-21.551902755790092
46.91667950025176
-46.72968441361141
-54.27698618429131
-53.76929412217455
-28.765155008930666
-21.65218298326412
46.95994345550143
-27.745077290503378
-10.317339113462447
34.734779955809756
-46.97122249010671
-27.7988960194194
-38.62406519771924
-94.98926566150669
-3.681874307567857
27.97455166283544
27.36378401136775
-92.74290561955759
32.88586463351677
-73.53662579398774
22.05830119366111
-79.35071599535551
-42.66284782585746
-23.986711719337208
-11.742971445670497
-37.28084111099108
-112.45746771130325
5.916209944450957
-44.61247412590045
-0.4296121230712977
-24.345234070013973
-11.794393958426307
100.20507977045528
50.127203467427485
-87.27069165115137
-24.015604271348003
38.56775947302812
70.87408273909564
51.01620952468846
13.945168716906245
-24.10853605886095
-37.2620133356226
-131.52674699353827
13.144280655084364
-93.12499920197354
-5.2007970699085915
31.86976240289186
38.207438537160975
18.586877951960485
12.978626151773788
69.24335748409612
37.92087127132501
31.84582196340332
101.26455371425757
131.4673094837589
75.2594075157626
87.3077401737554
-31.457920785990225
-12.686488326791967
68.80479140429892
13.911713595449886
7.052653121460381
82.73904145649163
-23.724574912890862
70.97159793522411
34.16306837537604
78.35068909146779
-92.80990442823948
39.5411727366585
-17.963033096023718
-100.20824921162615
82.62501584762457
-36.54373111796491
57.90557373112852
-66.97549786003202
45.230698504673676
32.9286563014894
-9.49847047458648
21.55835437404473
66.37652674889613
-33.852610936344426
29.412736983532593
41.66619388720116
128.64769477146058
15.059168510872988
-10.427866444601515
-47.66202861346949
-34.91948666044047
47.285436216797756
34.17022372820638
-48.30585266007586
-10.27566414508275
-104.26802561036149
-66.84594153474777
59.239971051410116
21.446703684043577
102.35832855691228
-4.523500867847181
71.01560197963552
-67.36611021752378
-24.365107941124887
-18.966838550846425
-6.58410906083655
-38.454273909589176
-101.0765468194599
-6.167987784777175
12.128766683715709
24.040868268583438
-7.910414948904159
-120.94921835783317
-19.960432813999407
-126.84069757866256
-51.73136912837338
-26.743201136012136
-40.33471184469683
-14.670631049857501
-8.368057347300681
-70.21511345328345
49.25227211561393
-19.41335787261734
-126.46450418589542
-51.84440318719102
-89.73702763385928
-38.098780593559
-57.00808067956731
-106.85692640911813
31.828268518845807
-44.09193409506995
93.10402636539784
56.37682535848521
63.460837711555875
0.11730449777282748
-42.84113228846026
-30.437026563788237
-12.132771207334564
25.09269538192314
10.595147002327497
-71.32509705818488
35.74704576592549
-77.60770547525951
-51.61665400517348
-58.30438351884835
5.205343915236547
49.60162572363518
-70.66748223003047
17.88341341666268
74.817533131354
-14.255774110366701
36.29008743362768
29.624095566046375
55.2352769694682
66.79699449753508
98.64928631684627
41.7327231452236
22.725960848478614
73.33968970352001
117.23574246191275
3.9891257831503126
-14.518260100400942
29.169306204304988
9.590932645931531
-40.32890021738307
28.346705796094195
41.1197911404203
97.75267167828532
48.259351983750655
-53.279501284809314
-3.440792124085015
-84.68217010018093
-22.262893856502153
72.11068022270469
-15.416626542852413
72.12135077992856
21.91669147682882
14.793242781934861
-15.114834509104007
10.100634724938025
29.35303345871821
3.9391834661696077
-83.8330168909827
-46.42863845724051
-28.37633353432191
9.03352991230225
-28.446746396616398
-4.310900985230122
-48.10875576304919
-10.83706258634652
-10.440370591008863
1.752260874335664
52.86980681389649
34.063400594335256
82.5197725855493
-17.628713063429597
45.71049382661073
-60.501705269790335
-59.96765623793202
-109.87912085612366
-47.99668036176269
-10.481066917054871
-93.23067029997631
25.333668867466802
63.13825975447098
-24.437365801024765
-37.23724149028278
-31.18053720743318
-24.853642451500335
-31.711468468418616
-120.55154252866697
-7.348772435981952
-63.90586944804023
-77.31102304167138
-14.180340511322186
-7.811956140609004
-75.99360615052073
-19.568810778636212
76.04332590113307
-49.696295765127246
-56.29544546036526
37.43627565280675
93.6262091441459
74.9430007095227
18.06834520843427
24.755217980992448
93.48223032275374
-0.43029580216386026
81.38628032714989
62.99003350494382
-17.77661646330288
132.72691727000054
-24.560508128962738
-67.94191664443532
31.495144057620248
-6.7425053596654205
-12.44842588871131
87.93082611766395
32.13629641314401
-36.473905595848514
51.703890534098065
145.1650060109036
58.55135558990469
40.036774457394344
2.9098955523519225
104.01341242088111
28.900076087955625
29.34357144740953
-14.433691998493114
123.79882139213645
41.457757732961646
-33.308192926128356
-13.21969021803139
-50.752083212501894
-62.94841154069281
18.659442412282687
61.09768447558003
56.97173120948146
19.313585051897945
-18.438482414331556
-6.526686885020969
-75.02007569634613
39.12040539945168
-30.569163320138586
0.3558634191182436
39.65717441398216
152.41278751322872
83.12179391456984
51.17798150399171
101.78904140128623
51.89154155388978
15.23102527588231
38.91899686104688
-17.54533825205703
45.274460027804864
-61.86183181780102
-74.67833923414457
-110.64533615643802
-22.432999928467794
-60.3951435005587
32.94949285549048
-49.58181613325078
-168.32857611935822
63.501373226907
-80.15321106432405
-55.70221408629162
-6.213546647846625
-74.80316809790669
-62.2121930350507
63.142931736362165
-17.671018045683546
32.84183372395507
7.492625163830222
39.05800154091117
-29.89920616434887
19.006087540241797
-5.373646584510613
-11.324326654896593
-37.085826075112166
20.208742092987347
-42.00422464743486
27.97820821684731
21.924313192162472
-21.228443114893636
60.08345733622989
3.706963882693043
6.259503780342562
25.442304075203058
-30.723244667300282
125.95816307413747
13.272039823206795
81.67963154751155
-67.09214133347137
-29.637143704217685
8.61320781097765
21.650917055606257
8.797115904989273
-35.60169875285161
-16.904416598802612
9.624423563013874
17.13532216149055
23.277963338179134
85.08141674428596
35.44026013574032
-28.29564801448442
-53.224382383462164
-10.26963426391724
72.52937263913472
22.51288473270901
73.03347502303946
-88.64451727228055
-87.47158546420272
-81.7491491891298
-37.04859719402479
-124.00710142123356
39.026040568278766
-25.15620225639961
0.5027716360429237
-49.08764648060004
45.7063745622294
-85.03360054403228
84.86627605148608
-3.660661384553164
13.872348738607185
25.937129818888383
-55.42823119047442
-60.32495260040057
-30.09600264119729
51.427584791424735
-36.555212063760465
-24.74257759595873
-11.537688202786091
81.87203878242252
56.20257096876686
31.000588230199703
18.459493759624504
18.382163657460044
-37.94580348600768
-50.799567849559914
-44.752346335797455
43.80625754455601
74.69546205049467
12.088034064419093
25.308372356071647
37.83240573844647
12.34785154533884
-0.10883500126249611
69.64053151603416
38.436544070243485
-7.516147977506081
-6.944709687148627
107.13431303847703
19.162816106987783
49.35138336769617
-51.55622905449476
56.41437511697256
143.78043103493434
99.19875742238855
-0.49769894528969333
-39.390772372959454
-26.296774033514012
60.82231546153764
-84.37738391889864
-15.078529219406121
-65.05895774302913
23.33143832360426
17.438789054613974
111.54790107332035
-1.6534845347773497
-83.46953720542417
34.572571642331226
2.7846844272466944
-78.95801233253036
20.88135847104652
39.89856618973112
96.02045978307267
-5.700982711684185
-43.702067257630006
-7.501206918242514
-70.34819258270367
-19.423897271355692
-38.40998680768758
19.016151899264667
-24.70127417296086
-125.18975717890953
75.4768734667433
18.954326800194686
88.05402467850953
-0.7001756875825593
11.264718326057022
17.42470604514922
-8.394612698993399
91.8316921597158
79.91561810695605
35.13009457731564
-109.5708068072261
54.46083379758248
4.764086465315132
-13.37722565409493
31.31650253799891
50.90710219935954
-1.4183859439205926
24.887034616066362
12.12121592665382
-63.99183085796923
42.360235568991044
53.477783115521945
-60.006065599644685
45.26200540358427
33.34804256452673
33.277215967067505
39.97754224296173
34.16161090685961
-9.916751606692811
8.836466454316456
70.22551819090299
-41.36087318157799
14.763820292576838
-55.1336285652928
-11.19908413058018
-3.7639498430161344
40.40372152137176
-10.978851861249868
13.776079055100697
-73.97376259438497
-42.54718626943291
-34.98418239701333
-40.22453330609266
40.42647797744573
-91.25310752569774
-47.977784023661876
-92.05578919462508
-42.36144869830109
-22.979503649733097
108.82492056677336
-29.520528601062658
-4.562282406470601
-80.78613914957873
-12.508739784090674
-100.32487258330198
38.55097512831672
-17.149158823230184
2.619637438152993
64.17506753763203
64.15090459872101
-42.02211414524674
-10.990126228264286
-41.52022982614285
-60.62261973774743
-73.64363952162975
27.652779390452988
2.886192950148195
-3.680266608349
-72.82907082226359
3.146608017652275
15.102832944664529
9.164158726659483
-59.70915422515747
-46.94962767387789
-65.61957613407631
-41.27620860205729
77.89744307691501
-41.59863786280285
9.727705747524304
161.06108039219222
60.811920994386824
47.404772960395995
21.582951234869082
-14.905993393636786
-39.86042164601524
-32.72393587585395
4.745859170523889
5.5224079618220765
10.887584012321563
-126.36902682093549
-145.25904965775473
12.761347660162885
24.44808132997093
-2.656544709973886
-26.872385772949638
3.692111049684635
-39.70229210254269
-0.7597824532551891
-27.497816538560755
-52.56818588791965
-46.09122274825282
61.14015617787246
-46.07346044582985
29.54749328663534
5.441982050389894
10.633777952087195
-40.34551818530706
-39.05982028395164
18.314074329533362
-26.51381702696555
17.590059607267868
-39.1697354631975
35.973130178158755
-114.95462695790715
-39.34004763825773
67.36919469784827
15.914606901996445
3.348643030864184
8.64225462091434
-40.77327242196249
3.640579835059463
-20.720053588236933
-39.755922041702476
9.945610407586749
28.731205650324146
135.56749293916042
-103.88610127719433
-22.838477733436473
71.07255762979939
39.2315680567565
-49.97737497809014
-100.19349747643214
-106.19397021228171
-112.50211076128005
51.56677956208949
-36.21247083855879
6.977508822103231
-24.686209485230595
94.14633427629268
50.68273519467344
7.688825677342444
-79.66191713240339
-104.4216971114956
-23.621287311873
-17.470042697701015
7.293693820084437
-24.11384342795443
-87.56500247665257
-50.65518335431755
156.11773301462534
-39.37384238466913
36.84488426184776
-38.885918797256416
-120.66969477093124
-57.87124883582692
42.93395806341121
-95.5209734486757
-57.16880254366656
-88.49522149882065
-43.957080419499405
-0.5423778889857169
-37.3642825364187
-112.73481610052
38.09932237509312
63.757979179125044
50.977685584304645
-5.989729847264989
-11.373244376459514
26.33818873037659
64.376609029696
15.22232421723258
9.562785313940248
28.51818467002104
-29.062288198880367
-41.18766604199549
40.69483884379697
2.692106983257197
-10.253471493964216
-15.86558517916964
-53.69207575290846
-41.836049431091176
-54.17002625145125
-54.8230366257389
1.9276084475142232
1.5569923278912148
84.09440174775688
40.681217748552314
34.19426425983295
42.61597827088704
-51.6514877346598
-51.75875840302067
-14.441270914657775
-33.53915122468444
-9.190774169683557
41.96832129161591
106.15599230572153
-57.84857283516195
-6.0181626422839125
-131.62568592489473
-55.0098434829647
32.517087960974095
77.58126300428161
52.96557946547339
-9.982875817159835
9.508223244594143
28.82526664683711
28.567789884750283
5.659862630641396
-25.276523767459604
