-172.24941016718282
156.14971819471108
-101.01211883378782
262.96011626557487
-133.24907161410158
-171.9037665234282
-137.89531459840072
297.2264833627886
72.71348394716978
-226.46447046115318
-63.61064278342221
20.24606550335855
159.16631266876112
87.95164257273404
56.956615335272225
14.86644727670622
122.52082438791516
57.52306833279409
170.6693326315162
-75.23810372472866
69.00191639405769
106.41308153672549
54.254621639474436
96.82599459639512
135.4932544163571
102.58753975216833
-140.3820312334621
136.21620111480453
-8.987639479248498
-32.77430804877632
-221.4129460341879
143.0272788797258
-121.57613501461616
212.77376610451623
168.09213194276379
229.42127172086612
-117.27439916241167
0.638018052724775
-75.49997483539117
13.953570229951287
37.81832626030904
57.789226574037706
-24.24260414973338
-85.80968843692338
-143.0938204182536
209.019741328628
120.2872264126668
-147.25223531211768
-277.79175098483324
-3.1845495015350522
3.8034990987291013
-156.02930225950973
182.72539078402457
165.22090236300414
-188.56268419464928
-144.6138568098019
139.90818058755298
-84.840923512784
23.37043440783645
41.16873533329398
109.93041181356841
-3.2310942429811202
-121.59088407992665
123.52977031345219
374.9965609109636
-106.96106817754898
111.7868081063764
30.613634911493772
174.59712216038602
85.99894669064076
-53.85125235379696
34.93608962553898
33.073820959428545
-99.34986371781298
-12.258825253871876
195.84466580443518
-161.6505615967448
5.942509527725662
5.001744760118115
49.08047599396694
-109.95650477682919
30.000855526214995
-82.7040824337245
-102.87442883763597
-113.36236387234705
1.6728234214963855
91.68645862713959
-204.10551151692334
100.37449466061302
-206.7315314596941
148.16833712265384
42.11893533814928
-49.32119748303563
50.8465658911772
37.58862953478819
-39.09412756233349
180.22665389107289
137.30909656427056
48.40221086184853
-67.7323512792145
71.4824309803338
97.92771894172462
85.55434813807987
148.30323090061412
45.66580557025062
22.4115405953067
-23.03144054139918
50.603802945024825
114.7992798227231
169.92542947686587
70.6943194995721
131.79734220139943
202.6817349268663
-174.68229553504924
91.53463985101988
330.3870625140968
15.478893557489956
40.11174072841567
114.25131010103749
-74.3713668932444
35.770049660300145
77.57671697892906
15.335992459049818
305.3900129797967
130.58102628098436
318.81548701686717
7.299003301001203
213.26575413232123
-108.16574288656851
-8.120219408021704
-7.949913340554108
98.00489803977062
180.09005759787834
51.050531437303334
132.79755224399497
137.65716857805305
-52.38674613939627
35.80229216072998
-1.9445024366829733
230.87268119458486
99.70957961971308
-19.43658953267755
191.9367774197772
-329.897905753311
92.32485747933056
168.26251249723575
-20.4584251909589
129.09575936016884
33.57444322107329
133.7261934845031
20.203001279608145
-24.700805454935075
99.83944864799346
-157.3749433389749
158.4341014992245
-134.68284661361545
-110.24809221284619
-242.86767718092386
12.231201192374042
65.87144629752203
-130.3188713019585
20.756797433581845
61.86035554917737
-254.1204702872488
-172.04384611354354
48.74851684816676
-133.32352003237884
-146.90374918945275
-232.63779141749748
282.57499697225836
-126.55235389904193
249.0697338326252
263.0814809801676
-224.2990306704366
25.778309558968186
36.41538837613449
136.22527514445113
76.02580698645113
61.734431154789554
-172.76365493730074
147.768743306084
348.39375595171975
5.768178188925982
15.996598284153363
-222.44423420384493
124.16133369661587
-341.9607486467399
200.35443564408362
-151.54969298128236
144.52614295748347
108.06884113432162
69.265962469927
-38.17805018871212
-187.7393382497538
73.27623540080073
-139.78574933350166
-66.2345787363499
21.360192901222018
-43.16475574723431
-127.48679805440109
-208.81072119211754
-194.70209883443408
-12.219614417339482
101.44895442549775
-54.43521222473846
-10.401462553104636
-244.3314923365112
-56.05385172223631
231.21753399638314
-243.35190659450103
272.7399603255598
-539.2474534569363
76.93731623010531
247.34483043104717
-99.01865162654657
145.12674016797814
-86.87647808440478
-136.93485636189598
-357.0405514836844
64.5696012542873
241.54580449340568
285.8513170696174
-40.8258042507836
-167.26933340007838
52.90814055095141
-134.4967183155684
179.46116304012563
66.40922323431332
104.19085949258677
-1.8389761764767298
-63.85391444624996
230.6469738966113
217.66193224299036
6.747064434747228
-6.729242877426622
-111.67278982105475
3.2604983857581487
8.712744895756071
-9.051465199089753
-148.54765483728818
85.47427589964703
272.12966819102377
84.49606772543613
261.92673240522697
362.71424498645507
56.881981109534564
-113.31508910631615
80.60130972169841
283.18756445029646
-55.66821768911147
314.233803043653
-25.199791829447538
-38.19209092887006
-49.13564642796107
115.22715365734673
-106.52285745535092
-121.11464999935205
162.95645935342765
-94.24539096549309
-96.01681388561589
-223.3403618869407
-72.66920675153014
-94.8241199219321
-179.54242000655302
-40.35298947118189
-139.55697567831936
-38.15626673824368
93.65750041752507
135.41206966055532
291.5247104419754
131.89753967410076
2.9876044828663217
-68.05736914907396
110.45783693090439
-6.898568468930408
-238.77342997816478
232.38140467535055
-150.85923846683153
194.00043903918376
176.27125605259883
-80.8991935767496
77.2168669706096
-50.34341925493096
-73.86826663705213
-134.2507155318472
-22.206618072449952
-13.625004562461937
338.17594177386565
-21.398313393273156
20.900801001698486
-60.05739134156567
-10.482147698187877
113.57593065429914
-64.81921687397332
-69.63624104406888
-74.5865742365378
214.21932524691752
-44.061357821888805
43.302377296588766
150.47547064520037
-157.93384819866543
105.59847707833379
162.5207462287009
-2.218652754841913
-184.97848785734644
-97.54965741174443
286.97157446443975
157.13151417711765
98.96038552840677
154.91942268721522
-66.36552537450586
142.48477955998592
57.54170263354317
-57.114250750895785
-120.28880740871983
139.28595148341003
69.65089645775478
-143.49160426058071
124.42917436864577
-88.7846164590434
-161.0774208683163
124.02210237008279
-70.5343784030853
216.74835175579406
184.51858464465258
-110.43079497198292
2.8425256401750243
-173.12754707207037
-20.459916175113683
-64.51331580806631
260.1896905519432
146.00918582399308
9.335577978786453
-293.55547659950435
-240.61828726841551
49.27726751526571
164.42294727254395
-117.84007483221497
145.68780317094183
139.50115058645
187.830982245808
118.26390119549971
-94.53523363098643
163.85964323036498
32.0432034054722
0.07213993052132195
188.30212919623725
-107.7505659288954
-22.979193077627098
84.25473590815805
26.28621555013527
133.2092814651509
-173.97270796784352
-86.30370316058648
-55.59025660573444
7.43697932313258
68.30436712156546
4.923092267376402
-78.09131171400023
148.5738728414904
52.186117326546835
138.9785883374982
77.30124707778397
39.84738980189378
-86.03058716581461
-85.41499712447194
-40.65806249491206
-89.934254911676
-36.94315647620033
266.6976094753441
35.334303782672514
17.42239413316015
60.58909513433822
128.7054524540789
304.7369130248964
-359.3002622534383
-120.63397763644042
124.6915823285021
22.402952600373272
192.91520864891513
-179.1139567514208
37.03015763672098
111.85125500329802
-239.72248285043113
-13.252144653114913
65.09339943044164
77.72769113708931
13.537844715489488
-17.1026993840006
51.88559442008652
58.18431727588479
-45.20312304616344
-138.57669820377873
93.13890544587721
244.04585350814364
-201.76501596831488
-100.50359565969195
-31.69539231140386
-89.06456460598852
41.89754183175772
218.3749947145275
274.51990688825356
-19.647274387490647
161.98647819689762
-32.57780276364463
11.25535187178431
-282.4092326124385
12.083174656615654
113.41665356296433
196.04698732218063
31.75410164860842
34.26485976002127
184.97158063517634
-52.863531251690276
-120.07083840307274
-25.013642954691935
112.88981413027224
418.61771136821375
43.448296612473584
-214.23661787226825
123.15750751447597
-355.43442430548447
139.73962032237299
100.25005148528008
-109.89779684369982
311.18658867484504
19.53552481030631
43.88118010396459
74.63563240358633
200.77420788689855
50.68808652325354
24.65754179965733
35.65988098459939
48.23925002144489
-247.23061481054998
-429.4131473442343
-240.97082882435518
-160.01851288415094
-51.18447737202862
273.92324433297523
47.986916592882736
-3.122924809549125
185.39174134051405
38.70471972980306
114.47810790830658
-180.5620303754537
-8.397537629478428
-252.76916240339108
-145.49779711380899
-73.26272244960118
-86.82906624656215
14.971259484393325
14.93735479601938
-117.46019845043975
-354.0000578069823
-149.37403930916705
114.75467001576392
-141.47207258251427
1.7220635389907182
371.2377621492745
-235.1323480040077
-310.62400978891606
350.53674425695255
-16.292475249535563
-200.0942426187297
-80.1810764290139
59.33445193129708
84.80387895006503
-64.98690211935032
137.7979881540361
27.537909440229132
-215.72575704231969
9.23112364562951
-177.63928911887834
71.73391780561725
331.6770063962568
105.79441906073968
138.28895139585924
-16.81471029788505
-28.93626634395046
-218.06048292208567
-66.32493943306307
-60.88294840282548
-187.41813859112327
204.89537940247953
-108.73946384067982
-131.35659118043816
-155.43437684469603
158.61907837518868
103.34685998014143
140.4319413207983
-131.2248497877114
32.428269050153105
113.26150700624326
-132.2627010472291
212.03798554679446
57.28991152887318
316.45670942473504
-193.5895293713967
-156.41166378336416
164.80054161237248
31.215165896640993
-74.56269004065697
-35.051475996178965
-190.3012070201749
-197.93229373560465
33.75975062066898
10.325319934466075
-120.35610050805195
0.398784643826563
-0.16617241813897854
234.03985490290896
-96.65946817874799
-171.25629096194595
-154.71629254587722
-167.664778526988
-4.13358925541638
111.41460650221599
-152.98472519098073
177.1844455448654
-143.33485674275647
-8.068782062750685
-244.06500754876942
102.09774616726082
-57.36976088962974
-95.40257429597307
48.70529626610702
-152.56139092284974
-59.68468710567389
30.10195512587565
-247.68614094062815
252.10682859747513
-41.294601299757105
-223.3579353687959
100.82757100968466
-204.28036338971262
50.12975219972957
-396.0190822546372
26.5526451918923
99.97718875879973
183.3686909890929
53.10482423456868
-103.10335525520227
-221.9385094778477
74.39017065257697
-45.4392327904641
123.96560865483475
-9.496870971002046
135.1937095382933
-76.98210689083494
16.883069131767254
8.807510518681271
-59.64611181289325
-268.58261473909454
-133.05432729747923
162.77490742269507
-301.34545489251275
144.2886583515812
212.80588688875062
-83.27366479353626
-2.607113018946955
-10.184005319472055
39.41172776354526
-343.29818779858743
165.7614674693094
131.63831368281112
-5.092252163590434
-194.8437646224175
207.50335704322055
86.20044926986778
-32.990866939309356
-257.5906730395546
98.28313048075073
210.6266755771418
-90.05943070164511
-19.758633960316555
142.5717692973796
28.121521092190314
-154.31204412160835
77.46159455003226
-41.92488372454951
-149.2370731658175
21.55887114503011
-19.960541768516514
-332.48122156706074
-43.86713498349585
94.69263324323815
-219.2388314168727
13.556759764668683
178.1733060029985
-24.005991761362527
26.36203094531612
8.614506688898555
-73.95296851089742
-422.03686406119704
130.58619716598994
50.13691282868053
117.74748762293693
174.1847869436151
324.97252080485936
-175.00955684489696
-74.79018551143587
-17.643565169104807
-196.0869811946016
95.28241859546574
191.0455186760766
-319.7573974748055
-275.74717100394804
21.7673526818769
-310.25030287579244
100.48404124206313
-12.264186157204081
14.32851672828884
-168.71250216218812
22.272859396057758
-59.48052710101758
-20.430962046944174
-176.81747150300964
9.910319018071421
-241.1664181540993
-161.53442751761463
234.53799255497552
46.66902666749752
-393.5090837010545
215.19528050596352
-17.64878225123186
113.46458299491671
5.145849061451607
351.77680046330397
33.1149165337578
-179.4770260524036
-42.49069667274123
10.875618833942978
207.34546516495521
256.7574061603066
151.38587459537072
61.008648812176745
187.3595035891679
-36.11076690295151
-298.5789641854817
-10.203743853437137
60.4943860232177
66.82931477674376
-117.20810448929204
36.93940114149477
-96.50233178416167
-53.63673706078904
182.1248677942234
-170.74463154393698
-13.827700672841972
-76.87001957371655
-78.83811817277683
-159.29358215731023
-94.0662889315959
-154.76237320706133
-12.857800776349968
-125.55866835547279
150.4783649563
-35.14676092659318
-161.34593446297197
78.43957399310275
183.34479760303321
153.11692455955023
14.803542008483928
-348.9842126816806
98.50773825301104
20.639588859288637
87.88945851041737
181.71214618934283
239.91206957315535
56.101627348711176
-227.8143143257332
-26.318300670052515
-202.98700399975476
-42.363128326389734
-77.99957629356062
-289.1764692442255
209.8519497639801
367.4275056532567
-96.42049625837423
-84.94540675234381
-147.7614203187436
-54.574186375028304
217.14236274683907
8.700939749074127
68.31627963827822
-20.785259718925783
-296.2872099673855
24.7974263347911
-183.63147974601128
283.4533450458196
96.85751687862106
97.84762994076479
22.71526637372587
-223.30731764320285
11.385281472483852
-107.87737838995884
-1.2240946767836007
-43.458837391515296
41.1912070151657
155.40583088280502
206.69906912776085
-314.48154873109917
15.806207806046446
142.64684681338588
191.95656239891989
77.98660289568242
-95.67623657554604
-21.253525397809565
146.7757521574896
176.43101677393696
176.30225849966502
-100.60144261851316
316.12791551785494
-166.6218537486086
241.555376636917
202.52211544992525
151.3779738158739
-38.0854054542543
-82.0438984440161
-137.8670106515291
245.1022530062801
62.104174233680894
105.9605550954386
-196.98366081493455
-114.44722063710793
-164.1694428029396
5.930962961223711
171.76614375219884
-88.82400433872135
-31.485775794665706
-48.96241159960292
140.93929783346215
27.07321130085724
-77.29577998465597
200.20417316128405
-35.568794739166556
39.36479097951238
-130.34553715268817
309.98583236597597
82.79485232467775
108.49725319148499
131.8646533883961
-182.16400235280702
-64.65303697603683
-2.0438577810526875
-2.703223795926567
173.88113654967475
113.60692135850834
81.74130573248152
273.7178251572629
29.362276875347643
4.631425432193419
-59.61160735532067
-160.08949604394093
-159.91757747429455
-170.9571124880064
125.5281606662002
-32.83806524579648
128.99252159624805
-220.59627115037105
4.432139595047819
-101.64008157019452
97.71850323920796
61.07256054930796
24.72697870563191
124.68652535389442
250.18902862354543
74.11864530900755
116.98488334675922
-173.3854198289531
-172.1143974310171
117.44046375186916
-163.7942082955653
-0.24403360818156927
-117.93903414715938
-94.01096128113119
-105.41856439194802
-4.5093080270737245
122.09310751796001
-373.6897374212457
-133.52627320349612
117.52060901263586
281.8072281143601
-76.0109238415532
225.3192292937863
-203.30016933541512
74.873661718352
45.08748032267402
-4.847674965976638
-210.88560228259686
165.8986647088163
-7.808918086278036
394.6261935708156
42.90217268760325
-13.607848294293252
-202.40456922564917
-196.1631165992559
-109.03592710525486
10.375194129688461
60.714247035374314
-206.49805096382875
-68.27793460626883
-12.702529304816357
143.63698818654402
189.64857942808305
262.95276809052643
374.9811757897308
-210.80684680370334
-86.3281787945875
-84.60437616036324
48.44569951339997
-84.97852120020866
-113.66025826620142
20.995655069620227
158.734650575385
-280.7205869439169
15.650191154342457
-117.61418830235681
-261.68895243306065
-2.440368845937563
-82.85385677841023
-20.621970227095318
-101.3711344694289
24.36876234383462
280.3708229261326
-80.74886890304917
-57.01200587975346
-62.52134720704753
-69.38541983225238
2.4985441022299915
-66.68514700166766
-351.7762268414935
49.57610011537633
282.8466624481176
-58.50653470062863
-346.1970714034506
169.50195252229014
-35.9405670828655
56.19574184454143
-99.50185259437265
-339.49207521845926
-217.39714388942795
-169.4960329802472
-39.24458711764295
28.125277382622183
9.450434180105168
-261.40994233479876
-141.48618885434558
49.40297590482718
31.574353588206666
12.764187607113339
-29.96336444309201
120.85036169732626
-230.2631958911075
-136.46425446056588
-331.13717663352975
-295.1471240043191
-68.33079602771532
-251.43789697447164
81.07784775792662
3.6351645816484317
-53.04555297914401
216.61176306486382
-223.53550616650492
-187.77413691421944
56.31802547190971
-144.64201371017046
-102.75884942039886
-214.96628505951378
120.88393619839766
-45.36243506022426
-83.34913659393578
78.09701793114755
135.3680097556552
-79.85354148525872
59.237522864041054
-27.72028504565553
-247.24818209089827
277.5698605562926
287.6442821142293
32.17900680545733
-426.85243208519563
191.92452671823247
217.83342652783895
-63.42720504074697
-72.20353268639069
-185.2038494611201
-66.90456864201201
165.13356264418394
302.9080874226433
140.70628539653265
-108.36038823301976
-89.76560587257553
60.069025839715046
-351.4721757437639
-32.261104123807506
-84.88165757225076
-148.08317465775815
153.50557538683893
-16.612799410340344
-120.20494210274092
155.80478802878056
-57.08058802993175
255.96731458287346
0.2710166361053906
83.38967406831317
-5.054618127867302
-62.59848355778568
-263.4055366071413
119.92200476725746
-257.5758610593577
16.807154115311974
36.14141469773742
-65.55580564960029
4.740352985938579
-33.878491604063434
174.86529751860039
-14.368110930587667
-305.37087304658854
164.38339228802198
24.78608693918171
6.265985850929105
-23.677709884580672
41.13392450104142
82.08472867317124
81.77775942662066
-52.01333741424729
-39.424074702315565
19.041105598156197
194.70552378404855
19.405676956520562
194.9818726373273
-68.28158534880708
15.939296714629695
27.02470847401473
-274.3504611279807
-80.20709998118734
-297.9265091676814
291.4020497407277
58.15131922815111
-223.97314075037016
-127.56198724011398
202.09363174051697
8.215695387378135
29.71601702683308
190.29215454574634
88.7825410642288
12.641968157124186
-80.84021772257786
0.6926052045500692
-57.89029063670297
117.99434194669952
-228.74959773164466
178.66357702946888
14.646397915841797
-28.587294226522744
-41.15003149951768
141.76403620210107
-8.348229023774488
80.15570410714382
192.3789451773396
23.42192690233946
-127.63094856305469
293.9492182934169
-32.5457338577729
-50.0617207368571
43.83980913351148
255.85385186155005
364.0105139430476
-80.1848038081949
0.48554938776671985
-12.232763923008166
37.42095055606975
-51.14502044809565
30.307444484549137
-51.87768222078427
58.9521372882141
272.70806585724455
27.277965965651024
-355.4516827679238
173.68273762512516
73.11037323485981
-96.18523572265103
-101.05605154810716
288.8232212399202
49.355734639448244
-139.35618896707697
66.07537458406692
6.692513580247747
-11.663323697880186
138.1321316556997
-126.8718535784568
71.82398992441487
-104.80958817992718
-248.9827415355037
279.2022572172138
122.1065274121859
42.087021083408224
-21.253874322341467
