43.635994216172
65.61530453950348
98.77641951021465
-192.6061819976567
-278.0425394375112
-24.640457665308592
37.65153158757874
68.2279792086336
-77.38879599069435
78.76265737892614
139.0295375800496
124.35843008490075
20.238446422499116
-90.79842572589754
-173.30458848948896
9.104300663567694
-52.82071667283581
-10.167631247256358
20.39286941670002
86.25441508797523
-91.62545338848808
-13.550169432339663
74.71349846813834
5.703590646569278
231.27523271801113
26.15844328494849
44.12145389310132
78.94366834888743
128.5507530821965
3.896518878573939
209.42694324737323
-5.698570928980795
54.203593542888626
136.71453623419828
-82.47766564565748
48.58949038935033
30.668737412883225
-18.26039639892407
-20.820390178530726
18.008136769961283
-52.505635303490536
85.66741536314333
153.30518461805633
-260.8830601635996
121.04631995068904
-92.33630388876604
61.78569030932715
-121.04487718792481
-257.6051008112668
66.00317173013293
-12.30365655968956
183.3117498053649
191.71110106373933
-52.693692265525854
-52.340071204428796
-45.23284045184973
74.18265514271711
-177.02422654552373
141.19219852393925
32.44776432961182
95.61140618298965
131.85697161032098
-118.00997027623299
-126.88827595727709
36.39736868638737
-133.6861957175692
48.39161254603593
16.060924845661464
-27.152835173899994
-1.5903923407702982
11.474046956150385
-45.15974270213123
-72.50479609212522
-33.56908403270999
-67.15515962524753
106.085693035918
94.058340186818
56.78260396614986
52.44184643107725
-245.17764066958907
-55.20568201218418
-29.55810205460889
-168.80481002330131
153.62375107091498
161.2607705209661
101.95060112081327
-170.13163228537746
-79.24694334432685
-150.4101060247017
183.3936448049961
-185.40290741762604
-73.56779660981074
-84.82658990201475
-94.88822789952934
-38.19647797856108
-184.55860547650826
-116.87587728563402
-166.84832322488197
-102.16789651612972
176.57928704153045
-112.64480979672953
-76.75964534476367
-27.119486398412477
-12.010717992666402
-40.605025823682084
84.81862523652381
-177.14320125696884
-21.599145830719575
103.47261089767998
-99.78622308274034
-27.59110200040838
-74.8569471165226
-73.9400399445849
-79.93615911820764
-321.12726538862876
-194.1626718362291
-116.75821270901056
-54.61545545117381
-65.94600691238077
222.25446260670964
102.42789527528785
-9.970862855441146
-37.398785864229076
336.6309311804758
-190.34456926049816
-183.8763343406407
90.24674822151466
95.82403222306704
-56.98216044426825
-24.527413578490634
-257.4670088218301
5.990359133761202
25.64144379827217
-136.39854570683116
-134.2658465495436
41.66885847234918
-90.99807176085403
35.70156751312438
-103.36725956393742
-107.2606542295515
-20.153096755947587
34.34199160083425
-45.34458239328761
-172.128136447722
-146.1250216085289
-10.600492074028175
-50.819297706441574
75.78396413229183
-102.44890230557144
-21.42739133169126
-59.290446190656326
-88.79213298529486
-50.28474311313106
112.58623802203563
194.56251418431575
8.01008270982153
116.30323350250674
-58.815929032933774
-64.1545476909406
-259.9094982288689
68.30691699285187
6.630042202128282
153.68088697734987
145.6326348091113
346.8886213848984
184.43889315765892
160.0732421662041
-104.20654898399212
32.72200038729292
-234.16450241400574
18.960549540283626
69.62607532895402
-230.44789337438004
6.696429467707889
49.21910095250732
24.32204744348247
244.87365360468303
-82.14028595173906
-54.67808791828713
-5.796256564606409
-179.1820768902122
-3.163580929174006
19.443936836587728
-76.09824224486158
-54.39092634188119
-155.88920301661008
-3.2859795255856037
92.03921911740377
-212.38497108254393
-62.05797749674236
-137.198238731973
103.97062593396464
5.368173697545851
51.98683453731555
-137.4806211153426
-57.01470177956486
-4.426137645479377
-35.76707046188895
-68.05606563563015
-77.68262033058461
-125.95793055468049
-71.3708632757781
55.758312772366665
-127.45887466911243
-47.26793169620152
-163.16887723547066
59.4876969292908
-177.88481360301697
34.98031546503445
130.70575465619928
-189.3483597813469
79.34503727768849
41.83285186094544
129.1095350524785
66.2330462887337
59.62092155101977
-121.05007925767669
-109.11339284870068
109.17875530928674
13.463402717142142
83.00557035129816
208.30540840219106
-156.05184789808294
122.12906397215336
-66.61841720849294
-38.95294630769862
-94.97431500373914
-66.86623072139874
53.669348607163315
-103.1061354513653
-297.7385077565819
207.22597671348333
96.91999612008601
-76.05418822506516
35.85239544426102
-47.10884172014858
10.056476479640999
382.15002758784277
-62.55983914590499
131.41738776999637
-173.77504523387788
-3.6822647875740366
-78.32885161440522
94.74529649817262
13.774243405068358
-44.57915074491154
35.81591736365335
4.314746193024
-21.127854386989533
-139.8743556795943
22.805162111217566
95.75847408578275
-218.87383363227656
38.76313499414568
-67.89216157213234
165.7243814051286
9.743112690829973
87.22655959760776
-95.38734411297229
134.21625579253802
-11.386005481717108
-53.16356747493836
162.01429011404076
328.50196862699556
28.803440180533524
-90.50356431887288
89.04702462793763
-160.64754978470114
139.60267028205732
-56.84975026878901
-32.083771299613346
-147.19713821973974
166.98587995254448
-123.23997176760224
63.37145960250852
-17.22041299707362
137.67210011362846
242.94324975638665
72.62159921882312
27.112048216427976
-4.424679914999573
164.36840355710896
-293.66989015492163
-201.7384011351589
-126.6121315616341
82.53648092388505
115.8740235134376
-1.0320668398217268
-18.949030589894623
61.627063349964146
-181.55847485442428
7.186676706039642
-212.45174272561908
93.2452439339254
-86.98690398840597
125.48944657917252
-151.10422874974793
326.01393918001935
-101.52844351324066
38.36733756824898
54.12679985467352
115.65014323563787
-150.61419038144334
-213.3833369156775
227.4548335979853
7.898460141844107
52.11570010821438
398.7036845232608
-53.97810385902983
30.82091853558535
-220.12753602782024
-116.95451350832731
-189.63640585754058
-111.65475080427503
139.85646688088625
68.26579582982565
143.56537765084667
43.845520022999175
-46.621474940200386
78.82800357211237
55.04893183055047
36.18827530380749
-48.607759600098724
88.69271011582819
182.76276935467826
88.43258444517599
-50.193394055890515
-16.542907940390243
-85.85452916015521
-55.01900350977064
34.89091577170467
122.36252983456716
126.99222169907881
-43.852897079249395
-56.060514267734106
5.6280735282251655
31.129556883088476
121.87304425931434
-232.0756231201702
60.91486613600827
189.74352544165242
186.0956624253556
273.52332728270363
-106.57873518795233
-221.8757939990492
204.47464595054942
-90.92560455478105
-13.405843164855655
-9.28613098322035
-46.16435039442311
-131.13684293536525
-91.90640683772928
13.958528155332274
100.3413647362008
167.2241357300101
112.04700263073109
-39.90326840396953
-25.732716056249085
1.125778771450607
-238.1335328071077
137.5593527736346
21.8858095390404
-18.643839771254594
154.11495689778096
48.79193136585435
-24.361260685998378
92.35628088395755
-95.09388465081996
-49.94348601696448
187.54850163500285
85.37847032021442
-174.0138170016386
51.85987118012722
70.68124716429848
-163.68090746581677
-155.02808464499404
122.49067600757402
156.80511082707648
-81.99771150411948
50.82570661295151
163.57171391997542
-159.01528883663366
-147.44056929306197
-51.58911350263565
-89.71969920265413
-1.7340440898197134
-109.39203336385849
66.48684130278913
-34.13229006375145
108.94523316892226
137.9762192283625
-59.55798115101082
105.56548731154527
-162.30621686848832
37.767071533434226
-155.7323550186853
-119.00035582935183
-30.959639230272206
71.26175338773356
-22.5022409086307
3.216745222877422
-150.30339711226392
-26.305739211137624
-38.19657961682517
144.15428028302006
-129.92607026822034
-2.9320414605454124
-48.8418757267419
64.61357597759815
95.9305485600063
-26.58861357753139
68.76304198883494
-120.1620662934626
-107.67076411807312
-40.328313383591684
-131.2900210196586
-47.53028569678461
-147.96492450233134
243.22702708202817
-10.313988254859293
-243.7957139609104
-88.30864031857999
60.164062209762605
75.04281429639367
-115.49228378464224
74.56584973799474
98.68065367357808
-188.78925324978877
47.272245702002024
204.08845168609596
-115.51150504075044
-109.77482564973916
161.4250203013568
-60.3119528649669
98.76566147901913
-12.180272199261303
-139.3847647958082
-89.60980880920793
-114.64523327709647
-141.2611186801159
188.64296752801215
-82.28333541789553
17.645833718618135
236.8813524880543
11.546073307939679
-53.693994080249496
203.42326775676932
52.99536772024303
19.66604977850403
-76.81518809786694
-36.22886182561982
183.03161377846305
140.11707899955337
139.19363324187307
62.6566872394271
96.4113803592933
-95.04825183677139
117.12058103679642
136.83839445345887
-26.875422277126173
92.8841365008609
211.78707077979692
60.89443163194282
150.52456575565571
-10.281316003690153
-180.1474755368709
-151.0028689534639
-107.65575859883825
-19.903488375404066
-183.61622390575252
-55.00882103275153
14.91442106635224
161.08696113459405
-36.78054573103659
2.3157902969729176
-14.064106533172545
-133.83074846358176
47.30192810113845
-172.82074503041486
171.34937911204653
46.68225899080104
-209.2753895966733
255.1158560223946
-198.4841325624968
34.92374219861648
9.222457169273282
-54.201958359104175
39.20538860911543
-153.16522105063262
-82.66241499382404
-53.285199610946755
119.711328083655
56.594007369599964
-127.61422450510102
70.8044276219795
-56.85909095768098
-131.58063090730312
45.39631095936635
57.02188455920642
135.31760510244933
-64.62065416188706
-82.69410970552232
52.57883597639492
-8.310873911919169
-82.81810178690762
-30.266689342520053
73.65275378915028
-178.37486371347703
-7.384180582189476
-13.734177667089112
156.33256328261825
-114.43793705139744
5.1473170420553105
79.95884134720653
-189.53129958285672
-153.95920530747293
-13.97244638524127
-283.8115576482661
149.76252891166604
29.693866644913367
-200.16147255066969
124.62069579706377
60.2939751867469
63.12885113670239
106.15635146575856
29.572841210169095
-165.83586319964354
-6.446662395546163
121.05818054238073
83.49317430155519
-48.14065689763877
-118.1325234783069
9.109074861139842
220.56763279108247
43.343919204544385
-28.6348914763588
118.28787612916781
-183.09371183638902
-120.57704851374147
67.25993636338038
134.2207420339078
-152.59057006488956
-95.20066143544865
-57.28269014174887
-233.3906910302752
66.47783405313837
-367.61679058951717
88.296616846594
-89.58150567845901
-21.497575682021154
-344.75635382837584
2.3970327992321523
171.9100207395287
127.61856253370979
-201.15513781069194
81.61883009202549
-255.44663803882065
74.43235196034459
-48.99712841651693
-42.38451933084611
-22.02927172573892
-56.304198697435574
180.6668250148101
54.58936157716708
63.102878602967415
-169.28055129927984
119.41583753525627
-50.91449807231664
99.92630112268205
-76.7712008385851
33.94175463448853
108.36566261530874
-23.244400467553383
-37.02131918631376
-77.4312059608291
-202.1471151210723
-34.447983116078476
-40.00475958743465
-114.06332124123792
-232.99710114278446
41.20916139218782
-86.32043905729982
24.810088820813075
186.99941242183291
80.16426096795155
-75.3582414812349
225.20433701440797
-58.046037334657875
-38.454555002697376
-25.301218129320578
-69.55936958907441
-5.158996123316168
3.2552576419615367
157.97028374807766
76.50077585250928
107.76260407362074
-138.6393759898735
-232.43011551711623
-379.1718022190255
-121.52375577492047
22.061796105948947
128.67831432635649
-37.27655409290224
-79.67101495594142
-32.5532937149894
19.664969154979897
169.597827204373
86.5340719040134
64.37949031835325
8.376787567660203
-59.70071052522005
-40.252368121881794
-252.41967709204286
106.52684017565298
161.81369984368476
-202.18800892676114
-210.5637140226036
295.1884406061152
31.425724544703087
65.4694043010394
36.62081349353609
-35.8468493862233
19.625339185219023
64.35612953296693
-150.65839150726052
-12.617150643346717
157.15740236167167
139.53973545039773
-30.53050697700983
-55.74161693298259
-49.13494860200068
16.157928663760693
-122.02519680328822
-102.75890128164009
51.371975292453214
-27.766538045035183
33.14290357390514
8.585675105840254
-3.2245513088290787
-62.39033426405885
74.55181280160384
-76.59474075874395
25.012113689732484
-74.99590501361666
40.67458897714612
-135.14993524299481
54.5486883862809
-51.032830334945125
-27.459087364266498
99.04531933594974
-196.74649319710662
157.0571944913041
157.98393443993413
130.25446354120768
-15.888790147745476
-121.58543794988967
72.19401657518117
51.81679618947163
-222.5450873644881
138.68101937171085
-157.7167404921346
23.117889267642553
-7.639671145933754
62.242468554129495
168.94331741583773
110.29161540054778
305.46222582350686
-69.62724833292727
82.63691614442973
-240.99989105595824
-128.58426502012455
26.04147755511994
-24.105470447766713
163.86313468963402
-23.432142438110734
51.215724885534456
35.460402973961735
91.832160063813
142.2589015165899
-44.98211345191654
182.42758754116258
149.1578540194302
-28.497068179366416
-46.515172611946134
198.85647571428342
-58.9077968268155
-8.282044310379241
223.96179342940874
-89.44429563452564
-30.163592173984643
-111.67156963582256
5.197054260718358
259.84819544649366
-14.214397954870705
8.072022357985883
-30.47276426891087
-28.35265404609215
14.061553655684257
-45.07092349422913
25.60360472081404
-20.8654353337208
140.44694645973019
-111.39157687960268
58.05034557922812
-102.32886876594227
22.15681655030984
133.36649368472442
50.98288059284383
-11.796347541588789
55.87055519199204
58.7091221929087
-50.99775370825982
181.2681763350535
-13.947233713736662
-51.765077230359935
-129.27742067543448
46.713635468969585
-147.54452669439476
-156.12828709463838
-232.71529435313875
38.815040757742345
-26.52133688176744
101.73029506254328
-267.89246752086774
145.8502808894852
-23.125374366830222
128.5502905521271
-59.61002796237472
143.17660265995954
-69.15566066570584
26.06496350847102
189.69128582984857
-81.01227212090187
128.09971579665182
-121.12781070303977
12.787186012839527
31.749116762404427
33.56740120038825
165.18318520408928
-65.62811831439456
-222.24136662524907
107.68951076728855
-143.2759307541896
-23.95918008958766
-23.40811957305292
-146.70034481587203
65.43940259620427
-8.145457504785606
74.68263309833593
-43.59910508537056
59.569979631033256
78.72191794567482
13.094519654647938
168.97476142698412
-62.3790687759582
-125.73440103619832
106.80308701108643
190.54914775810414
167.36161160715605
5.65863397966295
0.5797353175828819
-18.67527955936005
-55.20067373823249
166.87125629818743
-241.42448369138415
111.01676659591764
-259.1812587134071
-123.66720672035024
-21.434496022414056
18.690437333333936
-8.32660581974983
3.3320017771428625
-233.0816739902289
-3.5334274735586773
-136.80833265614
40.72001779873902
38.467989790510366
-63.0377886338345
56.666471454581966
4.577332421603389
54.2370190533283
-78.94378820905052
-35.9870299341039
175.3184500006705
162.68739596879905
201.40202084441236
-60.16180990053425
120.66603251938196
-10.937109263605958
183.9435316006097
-8.330131436191248
-128.05795524270218
109.70139356029478
25.33337261666207
61.25630506810257
48.55472676232944
109.88978501117734
26.39507344732092
-117.31151333311193
-90.84414813564786
-97.83666360565951
6.828971127543839
108.30975656697022
19.048353960644103
34.64307747458275
128.71145218520329
139.23595555956854
-50.622517180901035
46.53099230831485
49.420055224896586
155.59898280429496
4.166515767357724
-77.66733230973732
-41.05711119872731
-76.93897316657677
-68.24975351706443
137.6066779799954
-152.17138618046565
-168.11050756561448
82.02843176264635
-38.592345863622384
11.856955069370139
113.25356939058454
-58.90931058946002
131.02126300609072
56.03893684246775
49.288152482660024
-147.90619887870926
81.1856283331574
161.62658336495898
304.293556576728
100.39929306124533
-157.21361047238835
1.5424207583809233
-164.7490437605576
-77.13943039357679
-202.28678077966194
61.40023868095534
72.09749467162317
47.74890758625808
95.94005309197797
84.62117102673166
15.482259146546424
172.13012719002597
49.62160241244671
-25.038220140371184
33.5905520104069
-93.64155533576262
-201.18154835226588
148.5599266581406
156.18731535695983
-18.946114113015526
157.20024367955932
-213.5986927041174
-96.36074179179187
187.96595829537694
13.688242739026029
-73.67684163898898
42.47669767222798
166.08012925392904
-29.172387574565892
1.9748281317184826
52.77689785280146
57.890075439801905
-99.9653797154703
-88.35096003422993
69.02730570960448
-64.2856630756559
-177.1553955907619
-26.783383840792432
-137.62714030754813
-22.458546177067397
180.05991231139927
144.25497994669084
-49.52031159134424
7.893506577978404
-100.00490647949003
194.02801675462607
174.69417678603008
-15.96979006982187
79.07132155359693
-108.17807266001385
152.54848902768182
-14.992881857353337
77.65211172020005
-78.69764242243978
88.78783736219216
-200.43253525094943
36.17432857422842
99.9934808649575
-14.215332271268888
99.17623159312848
-36.363565948866885
63.684546608367974
-3.7192383968969334
-126.60322466855752
-92.47636176000681
-5.563624451066534
-126.38801654972761
-157.4879380208935
-27.755982797421503
-13.48334151930576
51.47490954207632
-152.22986818262606
-229.15433339109077
-86.35841797883717
9.14961598636163
-82.66305128118593
38.879593400030906
87.77167336367798
-264.64224352857934
-96.3769608103295
170.94882656406713
91.98081860892282
-127.37391126939184
-25.526601970762382
-102.54333094529538
175.3189562644866
-88.57542817331422
-187.21838239480704
-155.54352254007227
14.485841508236177
85.38726200856333
63.58996512303764
188.75421497555413
187.71563499002045
-56.526155358748966
125.06638118058022
-206.82064585984506
182.71253289710617
261.64472408727244
-47.7850209650127
-162.16531986406082
-31.22863413995467
102.33615786309727
-73.7561373231358
-110.04439914909415
-72.12059324015364
-2.216426612874595
27.10479244482054
-153.98289684866907
44.11095236960237
100.41481801995972
59.3585986491732
-16.027780864573423
48.79816226818987
-3.1621219528388806
-40.316665823760076
90.48465829806236
-15.236299645269996
191.54358878310572
151.6763343845675
-257.5191231018654
52.07953107954705
35.34068536409164
-93.08592196594239
122.4878019567869
-351.4849955306731
12.263013123662038
59.42916819716563
48.3754931592004
-435.62073973756634
18.330094392273924
-54.01083823426132
-154.93614395973785
243.07447016520504
-0.04865440617419137
169.74736106787998
20.06386562977741
110.05710588484826
180.45899050750577
18.344307696485302
-3.143844575875285
48.94659090451722
-43.744224392544936
145.84563496666019
91.84879926101544
-15.673919422086044
7.199476685041817
-313.749443569329
-70.03014238076487
-138.50826099491815
-49.97966228915455
181.75770494122642
66.43215578511298
10.428463247947523
39.105498136141634
38.62332340441894
-112.34876752982898
-86.6821687069114
-150.38890036927398
-125.54928869393163
-168.29454142170454
0.906781653044514
-25.336946580963602
-46.452195333323736
-34.91232738097325
161.3112693064572
41.555334726356286
-40.015982350731576
