196.57342866988054
-33.655162095744686
92.81326843529861
4.089518341133243
-222.3813270642657
93.47860326094472
60.35021522316289
67.40227773671478
203.62051952953723
-173.30822128283694
58.333695499866906
266.54934625195364
-231.408749358048
7.06364797660033
-154.2605243482315
14.930959737127427
-162.0174999266296
29.48074438545473
31.58098519265573
155.20273315753295
-122.90155221744283
-29.0825380168258
195.73603463567395
75.18236475309395
-110.16516701171057
-348.5340778771572
-96.96380875546329
-24.09350513778849
-280.67372212637827
88.0718540138242
-40.59083982241652
-132.24508432355023
228.94036781280582
94.13800280049811
238.51120287160055
-31.39894706864737
30.048333643579312
-238.31522364124388
56.305164472645636
1.231755448416098
-173.19872815778575
-177.64453972985672
104.27990663162231
191.20080778043976
195.37504021953688
46.4879429824632
192.63046509060788
272.6643015726809
129.69670018378127
-19.286921052954828
102.01901191427879
133.77057722425437
-30.82338525935056
16.1375290703428
-85.29363632645324
-35.242861027616165
158.44589925332008
178.05843613857394
-84.67288087097494
-114.37644251920862
95.56733064939168
-7.515967079116837
-51.12901449701288
48.613698810756
-36.460270314289254
141.3881607646082
237.35882329614623
15.31578524506295
-7.656100264046662
24.141416507942594
273.9683907922251
-24.66748118724351
117.86321172527556
-124.65838968182251
207.98807650244086
55.55865936063928
-56.78649646297646
-105.13700933016321
42.294015662787274
314.6230947083589
233.7618174555069
-11.413633550675595
189.87436940406604
6.388452736095865
-164.21460744021564
-161.3052217411997
-24.39032397896072
81.31336957840217
85.45292009281535
-60.147896096256964
-172.28590369948216
167.08998494974344
-14.892693166723452
32.46262072176655
352.1835926250812
338.55733864104957
174.2733297459732
293.3313683740826
99.06051692839185
18.116568412608718
41.39682195843495
-72.16838810504812
16.448808049270458
66.42560075688631
49.67839518710293
-0.341283804330349
148.5587107297477
-279.93829511968465
79.73962657659497
-131.95127329270682
13.032920049664673
-70.92053196858052
-9.779432430578344
18.20877557557519
67.09539035007225
200.98095247263794
168.62605115537028
-82.56751821384645
22.282294798460278
-121.5048235100214
-37.06740102387606
-45.63049915670247
-85.03786658478494
171.44554455677428
-158.30364429159778
-178.21833078498352
-54.96684879233884
-175.3645204521031
-39.58266806926671
-102.06297743675879
51.91053551118073
50.00802527765246
-311.07515694492713
-22.69636989247411
-35.073045933351644
353.57987642413855
-84.48898774446185
-150.558628751745
-25.975713070233645
48.09961369415706
-74.3427982756986
0.5476451382644372
140.27570662277367
-41.60197845536437
-4.200261645759451
-117.38418171928495
-142.52468482071993
-292.45180419811663
129.0582884226881
-75.09320004219448
123.05256316570797
-108.13251778066679
4.983892557658313
285.0373467929977
122.22104030984927
-35.00662140735179
-275.10640461600235
-211.84320330601696
-60.08467578508298
-247.43198624991413
23.87058327937748
293.4966742253174
157.1499617596189
151.32148611392938
-54.740399181001806
-154.78217693904858
125.85357592508403
97.89455818701828
230.02497970902198
127.90691231365538
155.28074650763915
56.012551732838226
-99.84706513052043
82.50467051800112
-73.93964817025878
17.385334051566375
74.2425979805207
-44.235091882407005
133.83170668484328
-83.78943790753365
464.54257418089327
187.49192489448757
-78.81228854121386
121.99226103248253
-62.72764248070004
-75.98224302715502
12.059230442449387
-134.94338334259743
-61.591833649569736
55.59550370091867
66.12078106263597
-57.70739846677505
-79.86194956908986
139.86330880437842
-29.14410218356623
5.416857837437904
51.667306185899925
72.87860687139475
-34.68063363911435
214.52876971653376
68.19627642167107
-3.5508431214498803
-127.63175179774153
-180.2392967345726
-31.32369101004448
346.65409415254976
190.00035813864
-103.04498689315172
78.93918057511301
-228.82550630121904
138.79854696088634
32.29335564754683
199.3800279821925
-388.37865734062586
115.3748836772213
-15.890998592209494
-94.70093715658324
-345.24932760573216
-132.9768115354128
30.504802535747668
-241.4336584967526
-25.860394451771533
-105.44439873399877
-145.7996093164141
-271.54762284509565
27.349286126783063
-51.398767485598775
92.31029935640305
-144.8434783210373
28.901326537754613
-153.67280222212725
204.46863584586592
-234.59121766815846
411.15301488997727
-4.314807062602317
-201.75227588843197
18.53975285123137
-164.78692078793452
21.091686541519945
15.10638253090094
-128.78731474129683
38.80803635333862
31.887986470764062
-76.63109163864752
160.80669768149696
-97.53213957573138
-27.496166255103883
191.88491269341912
69.94502333237324
74.4469400226166
-259.1778922071048
-86.70769093968688
111.92365126253735
-86.27990575657503
-46.18312725134382
14.932780275133485
-19.497680124683626
81.39405278567718
67.95304323546713
-276.7437040713902
-56.68559727052698
88.91620349525851
70.28169896416979
-81.12757092079255
31.804631707900988
66.91760663095128
-418.58391970261056
243.7164159455151
-215.01777362970745
-35.93259269194691
212.09495766207525
-173.0173943146285
-177.82931588571728
39.70812036730613
-218.7978839928588
61.17507485320682
-57.482327190913125
-79.42577283673619
253.49601427927456
115.57626493894762
-297.3262699055213
-368.36676184312586
96.16093679415383
-226.03006530377817
139.60970353635327
196.6980405177035
-16.15082625324389
84.8341527672118
122.82980531392786
-77.60741566803412
42.572827059669024
-373.2817997854763
44.76331394134128
58.36454184781276
27.63276780955579
-46.53165996244509
-132.38040395088893
-150.04364331399833
219.58372155004272
109.93439523545635
-301.9401783256741
23.39909180104401
182.611001814566
119.73277579456737
88.98112654306699
232.6200141363986
-36.49912534837986
-132.28922452004718
305.89855173140734
-61.431724260643946
-44.046186134895564
-107.3887772482581
63.60465679826852
62.74011114551001
239.19792598453355
6.510535452591333
102.39804947430059
66.09638959159602
193.55386854129668
-19.252443075578856
135.4141089367408
181.6751936533054
-98.67278431949494
-80.10481713012372
-145.7438549157504
16.13054150213811
148.32237536869647
48.89653515568219
-132.95984502488395
50.346300774474365
-124.73558862551559
25.032489392815524
286.0707052064583
21.425887334546317
-238.21924543076673
-60.665996601164224
-52.01762699657651
-163.44496496166525
-18.93381849347592
-46.77486010544915
-272.69860370151235
48.892512668304406
-6.458687701760385
135.04693906900042
77.60025804464523
20.93434905145224
-0.6020831146461867
-116.70958330425302
52.772976430279606
-192.30548301122525
174.38385970910505
-103.64603587979175
-77.87310123138222
174.4644657592666
-114.98942219509959
-9.435436489498278
34.32350025220861
-72.84886566971488
-2.1234697195821552
160.5120493425164
-3.5138339947034325
70.86403105641584
-182.0925523500197
117.40918740151388
52.52774990746286
19.269435922927663
-0.7907304616100361
-68.9222666362767
76.3169979326708
251.22352797605288
-157.22936890606618
36.92781371546475
141.9723867699205
-157.14866700398434
8.419722450905079
-297.4667283032323
75.26313373749917
-73.56801483911207
-8.18415579621595
275.48911999966595
101.58444325439689
153.94647095483037
-68.27318315970533
-250.02063002933917
347.3584502477001
207.83778152334926
119.3393150495375
-100.35608168101828
69.45956549771152
153.8441721148061
-150.40783666448155
-320.28347123621296
214.47994168122048
-26.14953258028068
146.8834208735995
-157.56120582237017
43.7218357405255
34.22621500442834
138.25492593444906
-6.244054822535406
32.699208006223486
56.23964707447114
163.5834140273613
-21.264694285087106
-330.6078794113032
-12.57103154703039
101.50368481832571
142.06361319314487
168.82821488755465
111.25038494798119
29.593556233521046
-245.35358558005433
188.48774949930694
37.12094215525128
82.49838202745474
106.31637407834666
-189.87193945549276
-50.57704399852727
355.43265982830326
3.9719104110769035
56.296353362414166
-37.56873588861883
-301.2068912183279
204.15312569393674
47.360783019174114
-214.8983941409177
-87.19073006149135
-138.68491335982844
52.0597741000026
-80.89164186702725
42.06717825555601
-51.20663749115675
-205.95710781357496
254.03242044734515
30.85139301617894
-94.72583499885945
-388.6528393257541
-98.04832095476506
126.85799595392677
-150.88960143709565
52.77019446770346
24.21051990602361
-49.08669476674704
-139.89518398489778
30.358149737118488
210.34568974580864
-101.22136669422318
137.20508225904277
196.86923005227916
93.62438879170176
-102.42666001800386
-235.7179119428843
324.7638555484538
-57.47958540240548
-47.07067104945112
-5.293415544706706
227.74313699094535
-304.3680482121537
-212.4164842141162
60.65833087455937
47.573693173273064
-175.95842153659285
-161.92719936166597
102.44760439624763
17.562537646818846
170.213156308099
46.51786176978094
-167.79300726383116
-5.5679563795830544
30.133519621081142
-2.8735377446601604
-35.86756101784717
127.84923017438862
196.80959241579296
61.5206160223439
-264.1919767770272
16.56976627028833
4.462631316605461
162.4896111852804
189.03518138635818
47.62052889998001
21.33904337289421
-348.6690123326034
-126.52749341029413
129.3391689237315
202.18545869873878
-45.30408893174028
-128.0243361971431
-44.11995492265577
-118.69127083779362
-175.3788712568607
-211.71727499442787
1.8279535455351712
123.33101615550046
311.1412193935768
64.93283413393733
72.30395954944969
-28.351668471621366
-310.6916045330785
193.11016406595206
-70.98853632312797
-121.73851689687042
304.5191461923678
247.22783417015543
115.52167313592433
-4.428465791414389
75.77379592991602
31.210429322570462
55.29519832715755
108.35301824572515
-91.04555879816448
-125.8482533974795
-145.1337892569707
-152.50562111702195
-3.452698613718562
-123.14340232993395
78.30823717630354
30.742255068314243
-38.57626648881591
-34.74307307245373
-66.21886259612397
80.12277405870397
-89.27804291508595
-36.076409951159526
-148.5055302690595
-4.024106025324259
-177.92359017318236
104.35628170246363
163.00383677958334
-70.94286874756982
-78.11234917416614
-200.02641823830143
-25.06014164320467
-30.154635154026796
-194.50938926138613
-159.05581966946465
50.70290037299737
127.04912261109375
-86.01814312243366
-112.17233450971196
94.29133925709843
-241.5255003965915
-42.0501882143237
222.2623119400482
-102.64828486356802
46.66172054526774
-29.870259127806218
-105.14901444331683
-72.31388886639732
-193.29543837364662
150.4190733741274
-204.26695887998068
-87.32141148073698
56.16696944306378
133.71097043333165
199.26328107333345
-69.36845904458474
26.61631576885212
-93.00115614551021
-37.28209210736975
111.04292765922216
4.200473903423096
-48.01721867472159
42.722614308190536
44.51673112403712
64.01291189680892
-118.74996398611776
130.49286940696956
-94.95196261318573
-17.267063705040126
-11.553386474657101
243.5033202382673
31.90561482769845
-110.58834142798871
-235.51608867718346
72.76186345816183
-149.4582954262256
-88.85832442344498
62.421855793502395
462.2812274555453
-201.31305168901014
91.65178781497426
97.74844685838593
235.2984787831395
-85.1704856583301
-251.48231175975837
-62.410397089578915
-65.65963866629924
28.735751084169475
-203.52770307254949
-82.99192346988696
-155.17174118302725
-3.076286996555792
40.16693380443016
-121.2916002758746
17.953039103896142
37.81620709562042
220.24161861297196
181.4745317200301
277.6564641424889
-44.44310729396017
-178.9962780702409
-211.8976312932468
-106.90600158329308
101.42555965836597
-195.23217763285888
-71.37161431670789
-49.19220157129447
180.37361110870452
-184.73651356476375
-182.9671023826758
-180.0721553062782
-100.35349572500496
82.25392076731065
352.0598168449738
189.0147353185079
-52.87310356731554
-141.09758546104123
186.95366707855723
38.23369753837132
329.694533707299
-121.76044973195906
-27.15603255697425
-156.03409381425328
-26.164986451794466
167.93413577806368
32.03696147247484
-136.9292659969038
-120.1043417660768
-7.452807777605412
79.4046464687612
-51.66050201647042
-82.46313817943671
124.27527298273861
-141.06683493654097
-73.488995720683
64.6640172949052
-36.25789313193061
1.4126025119521053
-29.376017004443444
126.1202962592327
-129.14794673278206
285.79500368063503
287.4964196533194
-365.544065508064
-97.05592994327056
-260.7459437752979
-24.949522091245726
-214.06646054581145
111.34600304635433
104.97757395483846
2.914473198061957
230.4201423601887
256.00362555545865
23.640088859936547
85.05450802489213
-131.4404158378397
15.099507981372653
-213.86758620628277
-27.666248712658653
-95.93468779701291
142.32961354571685
224.5435022162097
-113.59604294232966
23.989333138125634
-205.25302625521405
189.4572307438735
-251.6085847602418
316.07073057603384
17.94552870583372
-175.25375869057066
255.30798417457584
57.38123043944156
80.48806064494937
166.00929732830065
-322.93331401455526
-310.55723658419805
65.96941137146887
240.50608973614388
235.4211822666603
54.55108235990037
13.868835644952043
-56.306212041958034
85.8039586971673
-70.8525313221115
16.184058292562856
-214.6985437590404
201.30426748163117
-35.03979053463777
71.87985799560877
68.9834838969083
130.9649976407632
-56.98781416541853
150.6392862460646
96.53076515065304
-11.595708131504
178.70956791803343
-203.46215790356098
342.2349776791738
173.5070182599929
240.39972273905946
35.00803867083791
88.81649757774369
-29.318356566080343
23.65933722441239
29.76765411285807
-19.670216706977655
255.6879750836156
-15.375889454246325
-143.65071564806084
-17.929213231018686
-71.09191080213058
-8.918092044622119
-108.06655113617045
55.730518575969356
-128.35687618960804
77.924887460213
-80.31150373065476
-30.534773283509455
-8.522149982656037
217.01176084553356
108.84296455801898
-28.159193702325943
-85.32898109694912
166.14947238099285
49.48254168573843
-26.01407626430442
110.5211660740656
122.35094454602185
-58.10826246175983
164.0388341646106
-86.34327972682809
-168.89013879607074
26.849433654764013
-74.9348723207455
233.6417891069023
-175.93929037516665
-9.451276030866303
132.13692199916858
107.9521384989337
269.68564774091845
136.07953303376732
-51.93467382943665
-214.13511097288708
-44.76685906397388
38.347269511239716
-234.06247754968578
-261.3539329601282
-21.860783702433796
103.31665965847456
-57.605194861585176
-44.63086271120022
7.032970166433734
-89.19740075971788
162.5844068504481
173.351318398131
103.27510239197844
37.96398791749533
133.98713509417192
-164.16385769992942
88.89239659152214
62.693838612925816
19.047464530258523
-155.8324915867276
-28.413940816936307
-53.85548420740796
30.69873628064025
-44.250172249053534
275.1671503678778
-72.04353209193667
-325.65757480035825
-18.619804168059474
180.22113499388584
-212.29651943725673
133.95209605904518
190.02857881045904
138.6943906730915
73.8337875283898
-9.073956614416446
175.44575770910262
162.0463074434147
10.811249867842694
230.67766116107637
-26.21478299610793
161.3458751006669
-271.1885284458563
172.9059626741611
-235.74465554985295
69.2265970189509
-142.31328174141922
171.51980910826873
34.72727699100055
-423.1312213534889
-163.9320946173535
57.397179359952474
75.17047665614226
-102.44977306835703
98.84504460451284
-110.16723061176222
58.49458184872466
8.670532387906436
78.62131176360428
-10.617504993336295
5.053730811472436
100.74780258276552
-151.41908109841648
148.96854207380548
-242.25057282573408
24.369562094255393
23.428411593985583
123.43577298134701
-64.44685310022021
-21.329494138329895
183.28943821050467
-201.85880031161022
60.300896129538984
-40.47677275222875
99.65977689592638
-127.95976052086269
26.913099709444655
35.989851559921696
69.46947434864248
28.631808448933587
169.01417624496543
42.03697661340215
-76.98686157900941
-222.03291564102724
-64.87864392533095
386.3974271769566
72.50506182237316
-207.34019476730478
95.77557180353111
-285.3527793125355
198.94887747030674
-115.1939963549005
132.14713590252316
361.601558517173
-141.54070338749392
380.9430849930693
-32.43471135622661
168.44202034384202
169.48416088331805
60.615257628655904
242.78097485294606
208.13440545902316
8.216760816646905
-80.42623647942332
-49.76577725441252
-48.722670612138614
59.973825657914674
93.66398793700128
-66.18119755450479
125.2327168890308
-6.195658429137601
-50.76360097858203
99.61681029660959
98.81680519236019
49.30626147414228
-68.71786138981261
-106.58240262140929
273.4382386335237
-124.7274203897129
-55.12688861767513
-299.77003679658117
30.900356093121005
-81.08473101404503
202.25829420398048
157.7634100502855
-93.03281385827589
-185.96874790735194
11.848371157696024
-165.3507821411434
2.44636160875248
-212.15413646132112
-208.51952996220427
230.14723641282546
-14.534263960698135
99.86078838742252
132.25792521096568
51.64186394305809
-567.7082619900519
204.348544537101
-21.153792913755073
98.18330852431082
-26.31050649908003
-27.832624958257398
88.27326909003477
-44.682370370659456
-67.57512128005261
-17.681885432724336
-58.659051384363565
-215.4057270521581
20.58743466570909
63.847607342632614
114.65130278621754
-203.90784179777302
-215.08548147524655
-85.19264346510039
111.99783267539358
-95.65814647025363
49.13485913344451
0.978253421583517
-6.760092183472835
140.085990954315
31.363944410712186
-85.94924156442713
76.3175113707371
48.34232384481105
207.48669527630196
131.24109705080988
259.5087547399578
-329.3727868465765
-312.70521290349126
-191.92411856765963
-279.84618453778836
-142.23600239240415
-28.712488692879614
120.93535980707776
-114.44797271751814
-29.595491499812443
-21.980455670194726
-176.53498399011733
-9.015762649782026
76.30430139465923
249.6040222416383
191.4237792596287
141.3950557740077
9.711579697203716
118.59252057432366
-51.18401777205454
-71.12160767797006
-76.78049877484042
73.75144459810392
91.38462708798481
189.30704803739405
-165.67264766299556
-89.55121663114411
359.96602016949214
125.7063603948128
18.48310488126918
-85.77718706784164
-226.51101047253346
-67.09763003991836
46.21743670349552
-106.23854223547865
305.2832649745053
204.60315222451862
109.88464800868427
-58.195396097555985
-151.2606894574705
-378.27819436185337
-123.5348515025346
119.00472167350246
-151.32022354398782
308.47526870861276
-24.34037744791394
-233.75588095023653
16.3404895528412
-0.6238860681965637
106.20571088715435
37.576258128988265
70.18009205095767
174.56543429662008
42.499128147149285
-172.894906806217
-71.46196842522355
-287.30593596175163
237.70263055639666
-390.64520138078046
107.69836380066056
-48.52451216092912
-141.98083200897017
51.32167120086978
-18.26947389744461
-96.2131628217805
240.79114524556778
173.7620091386405
58.56708838733782
125.1167280925157
37.66292637680191
-5.221714215047106
39.41604406776497
-5.753819941891468
63.6344830986773
271.386265755043
-249.84371933345318
-348.7679173087968
-50.862337877059346
-173.54014581966544
146.30326327496596
20.517323782505645
2.6128778680408336
-203.74519079550709
-6.068368812577075
153.4220824940885
111.19546680653644
72.92611893037177
-133.83100155909213
157.13492159003778
-108.4706481409433
