-170.81202401869942
186.29120794414462
82.86372629500121
-43.21251901631419
45.575635369241894
96.88723783803965
2.733351263057218
-22.768250620107327
32.89049683656927
-99.59326845922148
20.475591818679185
101.5923789053335
-80.17673269269815
147.04112674062833
73.75859489133428
-27.83610012997961
91.34667807035507
-83.07026869578632
-226.4867866322152
110.28330167500332
159.91423895839893
143.98912827613114
-65.09782509794843
-39.90608921931487
55.06420474364791
35.86346340805422
46.186572664240366
-19.62174061959634
213.1263638235129
-134.4669318370606
-58.820984894934675
-128.7436786803106
279.7157479865105
-115.42868512172242
-26.24681496195502
-121.13421652297924
75.1932795503362
-247.36407476779326
82.75145204285779
-137.18990955184185
221.44451137248552
-41.44246901453063
-97.18864747493045
29.57027670298607
-49.117281393784985
-110.7822359394889
34.08811338308865
-229.2966673633252
145.10361616125513
-162.98800765087302
-158.3118416090889
86.20454628955667
106.94719228183487
125.06866324620381
-25.51471069587995
-101.60958038748844
-151.93522718068337
-0.9551192637725059
123.727920608376
-153.1552949817106
102.7478308930117
-86.0581860605005
16.523118447070075
13.649330106217809
141.09103795589726
-78.18002318214567
-121.28522206824341
48.20968169256511
-28.788000007805785
-1.3304814815927424
-25.43339370867313
-182.2725628151119
17.247069196306672
-144.03173412687818
-14.62473156397854
117.26782983537602
-171.1865966685074
28.369202848998693
-8.804234998048866
-115.6999454351336
-84.04503052067545
121.83268074400456
177.81167239851203
90.8722237000333
-2.3283244190947143
53.79920062382979
-0.5837423785052045
216.18333947787139
56.47521497396253
-223.9208026591815
-77.85465408424241
-228.34457256706105
16.822647519628685
-167.92251213231245
-65.11266652123082
-90.557560549752
152.9823268688122
-12.073474105699368
-0.30188814078360243
-81.60012453866422
295.77680145338843
-294.457618324604
-128.349774966242
65.65644458284574
43.196380668527986
-101.63260280832104
78.57707598919232
-27.283130355918438
-127.20133773622057
193.94269996648995
-126.86439232245878
-95.3054914166954
162.13879454098264
-94.65881417095122
-74.94518605485649
-81.6158071948593
-88.70288830458054
-17.99102037169271
-30.257675097269335
-33.81483685110599
98.04003864259357
54.19277136973012
131.0257503165069
66.8393313333239
-269.9508001586523
-174.80424413581326
-19.457063141906556
207.2738422414205
158.30945581724495
-104.60605430391045
-60.477207434927756
95.25688029886018
155.48246267456156
8.822387387055418
145.7635602263706
-35.6770497454704
-180.542831214705
-17.41004048552455
-167.93670559810545
-143.02860878171683
-61.01160035149978
53.13112287059173
33.550548671846144
247.33792201640813
166.84789469296797
41.642410172099794
60.327040775082715
65.30166201883775
147.50063543673613
369.6017985778848
14.145901461639053
-63.66589596904285
225.37390452290856
68.79228449304259
131.93402305549023
93.9937880550529
97.01702679285766
86.84287491003501
-182.46364655316904
138.76296627050883
114.31756711506546
120.15950239131875
17.085712488765243
22.685853169296767
78.67222694372902
205.2434973870301
-173.58963308705552
-185.48694756102333
-88.28138909772588
-83.94324870637816
-62.816761373177926
-145.2937588831339
94.34280046790113
-126.97009956793022
-13.530140438819956
-148.3081983399478
117.28078104441302
-50.38868803624245
43.956782205484814
-36.97880832183518
46.97972281596333
110.89160365932996
-129.56133403374798
-48.04627312364964
-0.7830826148748438
256.13207877717
153.84681007787523
110.76873060532851
4.890695410106202
-172.8380161564635
-54.02811447495057
158.69994405442566
-11.857419782799273
-194.63029299794152
155.91513186325287
199.42493190192175
-8.867115452293211
176.80424524283154
-162.29826079533294
-117.83145200279722
-199.03117646828989
-154.39492781027275
-166.00513044262155
-191.44748913995912
-194.49606616833648
30.606740195381832
-95.54249973581007
262.68105797671865
22.913163688873126
318.57843415320883
22.45329672307999
-27.708359915211307
62.89290660245122
37.83815480270287
343.788234618836
-58.55860567706055
-21.77064711341975
-160.73935065051268
-216.38438363111513
-25.84537511833388
193.9237128689202
117.39155419678185
-26.066541785974852
-10.333427523474494
-57.686670102725685
62.43307155277349
-103.50449435149122
9.230190149567392
-122.49891687455006
64.49735816405014
-39.96432892759071
91.02593995733692
-76.79438015610779
141.45580174116282
-160.93244609438108
-35.9308111692227
-17.968343588507434
63.26672795130097
-111.01854343527347
-79.35292465591404
85.52759603008076
-191.93965248176815
-185.0118816543023
-67.83153486357553
-112.82316522041778
-11.209618459555944
82.60605602154342
-40.427868001428706
-80.157808630202
54.08950506849486
97.7832835773523
218.47113326934587
-257.8805907219778
-114.37586637850565
-197.25943813767108
85.26052126808924
35.11520568692483
121.62685368246834
-147.4273338182337
402.8345638298228
120.87830775003141
70.72522082848
309.6611866657966
13.408499824025293
68.56651684941787
-7.991596495088608
46.48880910075524
69.20849010129233
-0.5708838059841777
-56.53367903157103
93.20796607268453
50.352168725683065
151.83149454688873
125.03386372332214
-111.62077975896048
109.32259708835348
-61.293906956986554
-211.12420720253675
-229.39184417182847
341.3952840367861
-30.689265460812425
-143.02113658130764
127.27195093939247
27.859152843295956
-98.8426400198852
-214.19122684601342
55.89501744578105
-32.9190222428659
-279.52587028723525
-84.5134783887274
59.1321195983902
160.36227915858646
159.31324078786193
-84.9733476040467
-212.25271332404935
-6.8896970463796565
-12.200383206764135
-104.67449061967575
-92.97598039264518
183.63466488895028
5.049285345661627
-20.806096601882317
38.30619413804642
78.00974792222054
66.04602554936905
-92.14094339719313
-59.00995559266408
31.220207447825196
19.803241355046154
105.64414319887837
111.13365495497341
130.25769868665054
-190.0827247221714
197.51186636036414
90.30158825090274
102.64147350741395
-143.49267428018592
72.57584293991154
-47.51786672339953
-22.674433684639673
14.5441467059591
-202.84509736807178
83.84778129145502
-62.030380871158535
208.2682212013552
118.45104507072386
206.70124795847957
187.34526982996343
43.32556037970421
-53.599346744492685
-66.82054479973647
360.6066571237694
-65.37528811224598
94.09202994843122
181.6953328386014
-155.50771301855985
-112.61380927801548
-142.6793278730149
-190.0674657802596
-3.6346769268198553
58.28667042678544
244.4642847311269
-189.14082704447074
119.07288106973297
-70.95594163038636
-22.10867649668737
-67.3825969860861
95.23638454736032
-30.709250633255905
102.49912104594875
2.594871420377902
216.97632702233378
-10.842798512115719
-1.4253100820985827
-72.06769273652768
23.3284355924386
-28.447130097944218
-3.0961024871533707
-224.70298991892525
58.27709782561547
-53.469176225319785
237.24500774707823
-41.43534550371707
-15.2701635010452
-153.2634370472076
-15.385230117328812
297.92546235396725
-150.9516624455744
201.7974193496324
-93.20717877860218
189.22085458327908
-206.30121071861498
213.97688081761368
52.277155983154856
-39.63222248946148
65.99656330365919
16.126019232802733
-70.63390942104242
-12.611915869353513
25.031210944042623
-201.41248244983632
330.8626675566325
15.695753397861992
79.45199840726528
-91.03671039555209
60.63499705896706
28.263550032298216
-159.65242671229697
-40.858341599152105
-96.87891016821756
-60.27498021483195
45.39834355630796
-45.44497260114847
11.533437921441168
149.87182274498872
200.46071626469535
7.017984729305112
23.38283167573397
-64.81414747839246
-20.746826294243945
-24.717112797316215
-160.1672331074155
-149.74808947176356
-157.33227312698432
159.2170230786953
7.718398474965067
-106.82366716352782
13.105544837823444
-337.258604320883
90.30252430091738
96.22675250725524
7.92836425807848
-92.6301495554597
85.18592163645835
-148.54665772338652
152.8747005244344
183.9554736408939
126.54760192228046
-33.473426289497894
15.069306869742825
-296.98102598240354
-158.5904746839741
-12.59307655447753
-87.22198738305325
-23.56827728572275
-153.1431296315929
4.0340804095332645
-178.91280285510447
-40.46872974830133
56.20116124103577
44.203179916069516
-103.06026833464347
-167.30796652767341
-39.15279932886985
46.11784321055994
19.870970564280583
152.07220025554875
-149.702372534643
-152.22437306447438
223.109702245412
277.5014284631162
-160.14619044726643
85.71183284898851
114.80132768659014
-72.8366090404069
89.5421925274847
-48.320559059722115
-53.0685030480326
223.9690529877936
-147.9355897474639
56.96333821062515
30.307556751671257
72.7609732715684
11.73256197342648
-12.162536630580073
-155.75507543748338
-104.20806291442275
-91.90833123896445
-36.41748170109826
-24.571060197978937
57.50641924103764
48.80167596697239
-82.61834996077131
30.24762221411687
-57.012804979229855
-208.5476983973826
8.452407866414168
160.6401793451625
6.405237863519712
35.77553438100672
73.31180247912489
42.11859091366616
138.72713093586668
57.67787666325411
126.21223391478969
-5.855235020882793
54.28126406603359
32.444200988202454
106.70873746743392
63.60839555684925
88.17455465034757
69.30990780950427
-28.945365022702287
-86.332384902319
-120.97092655387969
126.44492796677693
25.658003859732993
-49.285887839333455
-150.88436038210403
91.61604857160577
-120.40538640226467
197.1409989014207
147.9298783804857
141.7800898074041
53.65990165608106
65.5479782758133
81.3261931017578
-189.9260210323113
-187.67862859593578
176.06152063038186
5.602055336278584
257.2572769498069
116.2018584895505
-131.70084976597903
307.5701390099465
-168.62988302705747
108.02320975033088
-25.337783366152784
230.9699282932116
-215.87381354929497
-334.95010678784115
48.00252999325705
-14.354749995417539
-9.352833704075033
175.8895124394799
-80.36341851107608
-143.9823734242748
-108.1977138071497
-46.50639102382485
244.6417873152426
125.4542927728142
32.38092327147252
-141.94221289322135
254.30459646328782
22.24265103051131
80.08006890035908
135.82244403947493
48.20753238646179
-121.02070695294235
125.12496659558475
-124.81486873458823
81.06319168283815
-30.123101390173257
160.480852949249
-38.8846416046176
-35.036539301348014
202.97198675163455
113.04437822615522
150.86217459389047
180.9355157189869
-95.22846068918176
-51.62802216704945
-96.6313660097078
-5.3682473560392285
38.36953202151088
95.64294460432613
21.07626665062953
-50.64076968379443
-20.70048056469421
106.27420982151438
126.41139924705809
103.96736516891096
72.40478390911211
53.57024905857504
27.480693420970617
33.38743493094124
-80.02734287797679
-85.4850131661601
-174.07912656247788
143.07027376087353
-25.2648193716201
-83.66924736032142
-65.59010446598994
-27.273571640986464
-90.32633765059909
-25.687005965124495
-143.8003434628725
64.26262675265386
-14.378008211887256
-77.20263661256004
99.55377994463959
-119.79762374474251
-232.34251274410232
50.2928674348898
-106.37985193169833
-12.016561933387223
-112.10477834306768
-85.62001718439005
115.93368384958161
115.54635561497798
59.89956128723375
285.31851709208036
-268.4451868584165
2.4785344364138346
106.41066750328491
66.55390503413277
-229.23911223936454
-33.877945590295695
-2.6627282425123298
-103.09422960664108
-89.51280877042903
-2.7140577268703177
36.313437683921805
84.03023917997842
123.21322311000065
77.0190864500442
107.72449805803096
-212.22776695135812
21.261042569089426
278.90269779418423
96.61256305081234
-166.43704554672513
-91.77897176078211
-128.06559380383956
3.7003602019135804
54.18307517983461
-184.6245424432242
29.079770613165255
140.60878061215237
46.878429600194224
20.744977567700214
-130.58778908063113
174.99067756746132
-44.328370117115924
112.68534384318617
97.14658858632968
-299.35067074757245
-83.69334350610868
87.6096750448129
-108.09923949786115
-89.23570826914876
31.246463311769133
156.4597678448785
-18.86101313079723
-50.55976877416387
194.731642134017
-351.09048220828475
-30.015228310030512
109.5552422347189
209.91284500662246
-154.16772695823062
-190.05195435707427
111.38352450201407
60.261780200531454
261.05000298798325
-102.93353876329635
-183.2268612862854
-143.94151918364253
-82.85791953118448
-28.907103229089316
-140.85893599471714
198.7980973309712
123.86072961186275
41.532937949928794
-130.7807138292011
-231.22000290114602
-87.59075131184294
-61.63471961636218
-170.19823922616914
-168.2933528868167
-79.60684568089077
-21.57810890442558
258.6071491525028
274.2936096071336
30.769000501003493
-160.23332653546584
-4.01664992016799
-23.50726546793476
123.245352884573
167.13303058913382
93.90904123380751
125.44576478160472
98.13564081498318
-176.3824378849332
-70.2584825136087
-109.7493907516145
-26.593469932896824
163.2820152367827
-137.43458424926519
121.52899509674741
94.65070338720162
5.201906877354559
237.18801925631843
273.74943399230614
108.01297940437195
164.11654084866953
201.95703120686832
218.16404161550614
-271.75610943147984
-90.48923333266382
248.90158839122378
-97.48634339403283
34.30461457404222
-102.62591153463829
-215.2449181607846
11.339153782065567
63.59598837954836
-145.0056287768479
49.222939489428306
5.4731033254744155
-12.581195821320392
12.58466822922385
-87.90082530070366
-172.95435387678341
-123.12216288170364
-80.71879491931841
-95.39344261651087
37.634446608518715
-49.885692654635996
5.069861029154991
-64.20677996477818
16.135150804999196
-88.81926790162485
25.399631225731262
31.100904095464138
145.48252710611192
3.6622742055946804
-3.2373432512152283
-41.958270570145594
-85.60800823997147
-89.97570529423083
-61.15938785442758
-48.5588685613794
-109.41531926064614
-96.44673750237749
-102.1047998653207
-65.95609946895289
-164.72176921339224
142.7821091138657
-168.34788551101136
-54.9183892322238
89.51433621512277
-149.87984123084445
12.869833523135972
138.8397742929353
50.340995309578105
27.27317805921389
-2.2582161268798435
-32.846056531511685
209.55413695322096
115.0572617343383
324.3547579229055
27.51100085087302
-134.69410352279886
60.22198132763135
2.182182939386151
-136.4952775719738
282.0799475540023
80.57351670409788
109.80384000309697
-317.9433420309252
-115.329872049346
111.75495681687084
85.65794362377241
-84.1796674562828
304.5025648984314
104.61807628789435
196.5040503558397
-187.43663313810583
31.938293057611986
150.04225450738434
-239.02443403938364
27.964071279024015
73.21181618716697
-57.890056646931754
93.40708225627318
172.83814700018075
-180.10782528683282
63.78715479131333
268.9037922486427
-69.96426207837983
225.05803676115374
-119.73850412822607
61.037230386109854
-76.32393824370705
29.721759983571843
47.56873484471451
200.12330399499214
-54.081193118119415
4.778330917144023
135.1596654827913
-8.706038292985898
-66.18544584761497
-96.38460078629643
127.37881978341582
-355.730481319064
84.22729622087893
-78.7756477392193
-33.92752421950123
184.21423738324916
-185.8309913765903
171.41756237419648
-212.34480914085603
23.08647281119784
-209.95568745312553
-29.80538671964572
58.460455014715684
-197.09203063954203
6.022196808052515
0.5885585699697724
33.99526403349814
-263.1571264428623
-162.52715859570102
96.43961771564805
-167.96728233486255
64.22868504234347
66.50491406703402
181.3411500727518
-129.85028914685068
121.39611487827246
83.40084955444387
-114.73667696647982
-24.7689016791776
76.5497063913839
107.82589272918399
-181.29407302030967
2.1019755250959116
280.5132554567898
200.81875586787447
-119.08065597799538
0.8630157068777229
-5.551148728517898
113.11483519681686
272.55010181246604
8.431003905396837
0.16258775639890222
-181.71632863980915
105.18082610283662
-110.25664700928857
78.37487208374067
103.8168440116828
-60.10113164711752
29.31937883058169
-130.8709876317812
-43.32263016809854
-28.910237962856268
-76.86628642126603
-82.01704652813082
-276.54026396633094
55.07032168461074
-15.207463293192012
-56.161208331182266
-151.7217517932184
-1.0035196927296575
-83.42648250867951
-34.33266721815086
29.468143662008004
167.76763937688324
41.744592058355856
-58.42955140212676
-33.569715924770186
-284.0372110559102
-321.7085272918365
28.33164810225252
99.4642913269136
-59.05008815908661
115.40514736328022
-73.98993085896748
219.74300060138427
-94.87901306870283
-64.60033423380801
212.86034883017624
178.24994453802003
-99.08725357324106
177.35603129536204
102.49772411773401
207.7787418081385
62.267366785881265
149.66805654424698
-27.23747961677859
116.2365276309116
-195.13229872320738
-137.63170730012862
-39.86645215994524
312.0419736545239
-40.505844577406336
-192.14522678973773
-8.527805283938287
-115.20654785918741
100.09047273243209
162.32690539584766
-51.88201315671467
164.2319835645129
75.8463675083601
39.31293806692834
73.3109669222906
256.5989738076776
-114.76831320997535
25.552969668842405
120.6138375997715
-166.89700008909915
73.96521894846303
369.13456002679965
124.15613206511802
-0.15431483898586285
-13.64219929762093
-94.47009779371288
28.81158613239423
-0.26721234120129034
0.9220291215632928
23.89083962426401
-228.59371074431482
154.78155857456255
62.380550972954644
4.552037970260318
-14.95336191332172
-304.6869989254531
-41.80397140211052
-65.32663687153077
130.27733899124874
21.336986244639192
283.3556104041794
-166.1566254261209
-142.07647895058125
91.32577297673555
10.314687317282337
-109.1323157188439
55.6550197063575
194.7468109552729
143.8607889502776
-120.21958063846579
-159.5690449626483
136.77720686356403
295.91584726897327
-202.13415826283284
-91.50999974474728
-155.90142870145368
182.89007141841202
-74.8256953243983
-81.01986245500143
83.18310486046632
-109.92753769120175
-151.70415222072216
-219.63508756609417
37.981673536948186
42.726273792359976
137.6703094738705
351.5067777156805
49.93969394666051
-185.48464021453705
80.45030761984691
-17.455537262832593
-16.33068001704654
-20.58013810144748
174.53933581855082
101.18190348588348
-153.78462070332384
-72.08155449823514
-54.654927994868785
89.39531875978649
2.083066475487594
-40.0487785157273
28.61081479756108
190.63374721883142
179.71012450715736
149.06974279472027
199.02850644106482
105.15126012551481
-32.52488305628338
-200.73303867022221
-62.84057210636443
205.26731569369795
237.5057796810262
-164.9722371470047
-63.575462479963115
125.64577129671484
206.94025723290412
-243.45157079181448
112.04873838669235
72.65558897253602
29.67187270593121
21.050521371420952
122.34606844845524
248.38789897057646
-71.05151346981431
-54.224583021413494
289.5882289020719
-37.57899072741215
-68.81865700200817
-61.77227887229288
58.842147461225075
83.34669195441623
140.93351593384398
90.65686048268074
-128.36922790797723
-137.09384706914176
21.03578184543161
-35.61261035175722
210.60886438025355
-77.79839968697165
-45.17359178452581
92.18747105501151
-32.115629147632696
179.33381150834344
-72.8282552210616
-79.50350402929404
-1.8411608676883728
136.5032044736379
-173.39228753206228
-96.34994728171354
-12.090236484964183
181.21862919404592
4.261166080262091
3.130378580890313
-118.5000152049713
133.11983248814198
-86.92520679332634
97.33370795775886
-16.357032690839638
268.657933399144
