-192.0542058043019
405.51416249726645
111.20995470962575
-177.55755396223668
85.70317275935739
-224.2944071610236
195.25122529752605
-45.85277466874513
-84.89309991139977
69.83214967670595
295.8659843532943
58.27097670643635
-3.6452358892517642
451.2616589501629
-145.49753807310864
-116.9195507704877
35.866582932205105
-305.3636160626924
158.1781484612484
69.56396095322742
-55.85446047057352
-112.44743585960144
197.9118553315133
-1.9506183508862573
-26.967228567156123
-8.794597134044924
4.144077063009951
-133.38581889050297
155.71294619398074
76.74222996702281
-43.58413755099963
-13.333642731537315
-217.40469537223913
157.45335381093147
56.278944746026816
148.867193264135
-41.966905185804336
34.542134905404644
2.816784294680824
110.14193744351938
128.70313357688755
139.87175679927466
127.00603126171335
101.77092737917336
-204.8507866818153
-158.68921544980492
23.712604494328005
338.1252256246132
16.34468569059268
184.66780369395457
-149.03494197934333
35.30973040574155
-42.51794640558074
-356.9040330389239
141.39624760789917
-104.00633030676426
67.59112249136709
-65.23580885417745
102.02626727466894
206.06161393670394
-18.659510884713004
15.31475770269399
120.95319924996419
58.4967958886431
-87.30888291044819
201.865891065684
40.338929725817046
118.89054092230177
-70.55840237184725
171.13325188718545
70.79228021687443
32.99733831927429
-29.51070670051675
221.7158740253956
170.5661254532258
172.20945398226016
-58.89875643836679
-279.8935442142013
113.66633171250893
25.617303285027393
48.23524160475014
-75.59032237730456
200.8614859526677
-29.547032813910864
-49.36460084740434
189.1586678421128
-195.8960195555789
-164.84932576340177
94.00482676476561
-54.42631030106605
276.81062702390733
-7.095062137735572
194.91690242254836
81.65813157115052
123.96730628348077
30.536791815305957
-7.949871955761254
-29.52262071062423
58.72240729897768
-51.512708045813376
-205.63290707276283
-18.56340273962229
-87.3091269029723
232.5594921803738
125.29388174442944
-187.8056482803611
226.82608156238018
63.37118636887089
71.76821006473465
220.69713599219045
-157.56405432225773
-13.483558519514894
304.3792703724068
276.1674938207771
9.578267660955813
-53.20292914874274
-3.9156200901316827
-165.16104766812833
-61.63186375269524
-33.58447357934602
43.18889095924649
407.7464588242851
-38.514429023621766
-26.361431227265733
42.64371948402176
462.78509169778687
-334.7862808800869
35.00364703803785
186.70294550080547
146.98244849278993
72.45236501907927
-333.4257168054028
-245.19129301417738
110.17324587181173
-179.04396410492177
-153.91522181155804
-163.2893699783033
42.420185586465884
148.7748980256522
114.97459151599142
11.736524953999897
431.0950688985885
203.4368038057205
302.55517577679825
-18.686105296454194
243.86625369442595
423.06213549776135
40.13284004924893
-4.632374458264188
-216.5857357742115
-97.93114819990151
97.37175051884851
-19.143778718212555
-136.87946714938914
50.31722503487085
-62.89510621832262
223.88840577417423
198.74366645243273
117.3256622600978
105.65327069853278
-18.568925292466204
204.0342303262174
-474.14215737323633
3.872729586305524
-201.90971977126227
-159.60468308650644
-292.0778363984589
141.68242645123115
184.21198082975465
107.65239015633136
70.37466328303397
178.9537570877478
254.56077620764376
291.51742672302333
165.97575965855938
-62.18324173945095
-71.06058398214084
5.310386086212288
-32.9729106211279
179.1602690729997
-414.71317284005045
-144.48083933312031
-297.82147494801654
121.41878760091328
-250.06868033065712
-130.64630577036664
39.05256721153987
15.426981456442661
-118.46177156861025
126.87001051193644
-113.3259151237034
-58.48276771047108
-50.12073307834335
334.1579797071864
506.2460476095561
53.48492456812502
-126.37664283164601
11.818462111848437
38.03497070325535
-118.443778885316
14.740549724019086
177.68416663050425
18.277572689564874
-145.3724221047113
170.24161093492225
-187.23474619760216
-389.5863437691561
-283.65551926079866
-56.972031418313456
-206.1409019369666
-250.63492939113024
-137.13708860820333
229.22253140964605
8.754910900530142
-2.8100769065760423
293.5330996446765
282.3489886320994
-55.65622697261519
108.03323659468205
145.2059681548531
182.99742527124943
-135.75224058952284
-47.82251446140826
-73.2441400753039
-242.86318989179938
-32.638171647876234
220.23346038080612
-12.105783410080324
-357.3923106567207
-30.70548564653388
138.76395946267525
49.9966768468692
-93.20789579674792
162.5481127147769
-6.104177649728543
71.65785050907562
52.33136197633356
-155.89078501517852
202.7382498516938
-185.78941604082146
-41.1328226394521
-141.67630572823566
-251.5148129556002
169.11301425281843
41.43825971457066
29.172574154367588
-168.15179553466865
5.532549320052189
-19.411374889195613
-179.17901907568233
-216.15130204319078
143.5792205677661
-190.47508360622516
-54.64209315310706
-333.06695450617696
-38.98021569702536
68.98672951912977
-75.77973725661938
174.72029192693913
217.51482002223673
-24.9814765983642
-221.70563858050298
-44.37652712779126
-275.56240404280044
-65.21325689667913
157.87472040891154
137.62954862172717
105.45542866930371
-20.252416620546505
-112.40000118890393
279.0246866173613
44.672198968935696
-175.288100752665
99.68789601557648
-120.2106402483915
-92.75418347034812
-81.36874097509843
-171.07814532847954
1.1805810076623358
-69.65149210611312
-263.93348436106186
177.20434252967587
-135.57118569897722
148.9178014743413
-12.234025268628058
-141.37391823129698
13.561639993562771
337.62132834779555
200.4341438471455
35.2345044874959
-73.53816600278434
246.79305042761771
63.41189196282991
-130.29218043480904
-14.278779585354823
-101.85427608624497
168.25024269430824
-146.82809537547868
-78.76112401106423
-246.67401063529326
-62.765767081362846
29.65673263236679
-21.12162900854364
288.30205578878514
-1.0113797588255191
-292.04661650159125
-172.83798638295661
-14.729191142463876
170.1490138842489
11.38013249792024
551.2656510605583
93.15278561452264
3.7079385610816504
-123.07462615094495
-180.4221690837248
-158.54385366211116
-260.0926102329451
-82.42441985675079
-184.66082197040066
-249.78560188497616
133.00469461925408
257.5971632572752
-117.42303029452444
199.61248596178854
80.22671588917109
-63.115229321027655
-63.94653567839413
-360.22435457772826
-70.50588971770844
12.502746928136249
-150.12410852552372
138.08662417131674
112.14281778433536
-66.31182683070212
371.6580008666901
-160.22773276275834
-116.5739408576316
103.65008211295114
-82.38134074605225
306.36696776166644
28.57633755547542
-49.617796028297626
142.1393806428093
90.21184225280307
-248.5573929060932
-61.3159344190004
-255.15558367416426
-235.93209987259598
-254.04759759506643
-73.26307984380713
-69.1769805602012
110.73711555749459
213.16257568146256
41.74721576334354
77.66083875715503
38.39095910333791
4.18027891230854
228.77614829563817
23.731367719746135
-246.98581841302428
-133.95362151664148
-185.2945927550765
-3.2982993084330707
-142.38165960816502
227.5214586239495
-25.96850467059523
95.84228809000504
-129.3778093755488
210.194818934857
108.47768386785143
111.90358052988087
450.01531893209204
-33.212834465159766
140.79356430144514
-92.84419286869284
82.79534933890453
-196.7834755886728
-78.48888547113366
-186.00155723074766
136.634686341959
317.8833377131392
64.82662500552328
63.69508735851819
-34.64229640064629
159.50794391249013
8.723814691320065
-78.88448873706719
64.14230824653362
127.73553978879823
219.0831376436497
26.94633321918236
129.3000942147856
-53.8033886969193
39.910118836942935
145.07814016877882
100.40041208632123
-204.26440331225263
-234.58158969433447
101.65934943121496
-162.23962755226907
-99.46356102528368
314.4099695677443
-294.63151088746844
32.7446359227157
-102.01870635007872
-141.6067561669274
-310.2951006728523
325.890515454744
-64.18386730985492
81.45238052487791
22.302086582469364
22.344872303472517
-20.58383483132217
31.42268531744813
175.8147991570209
191.89726032727415
117.53435429129006
-64.23854124445566
54.872778038508486
205.8911273284531
243.88918478753476
39.63668206656268
-34.31179554779006
-30.532134851829596
186.758546224129
-68.05961196522601
-188.61955627896486
44.810369895289824
93.78452443134906
-92.65337473698031
96.74814489018011
-53.44072931190767
-30.21363172622163
159.07861239761823
91.28276614697495
-241.70832445909886
487.90036588476556
-146.99065109123595
192.761705409071
-121.31611284350856
-78.5577577716717
-229.34245766006305
-84.1155872953684
12.359493873063869
-293.56434647298835
-199.36191235795843
208.34227072349793
-119.2107302883655
-160.98363914635274
-255.58281564332444
24.58974709945439
-36.30052663151312
-111.7013585980537
-107.28744780896875
-12.49038738611976
-503.2954721018265
165.44999321074906
-10.822654535617016
138.34356657523787
245.26458201290737
359.91184483087574
182.59087490167025
130.44404001859033
-219.63060848657886
-214.7838280714641
-126.92532855954246
43.79770520616236
-138.03041242362053
-212.34335578876366
178.00272890730218
97.78059501232438
-2.2914027309911065
-193.73790560930803
-161.36234453999984
-2.951469565000122
89.37377331436454
29.709379766882414
-19.330673115195022
62.20574647204938
-31.548551274281717
124.91009457816425
12.857680757726733
-6.335922144857063
43.29690437360785
269.3481037287862
54.467218656502936
426.2411370257937
348.7240840628591
-160.00338771761236
270.164715729586
-57.51796660314733
-279.5535961519598
-162.0919685821991
-302.0222396589512
-83.03897253320675
-28.12657405939428
-122.51213044215828
-10.058384340668463
-46.46520787059393
117.97473276802913
-229.39252042417297
173.3434792329568
54.43279074551007
-15.1768292751974
62.67225172359738
296.96826087670837
-356.3442083277699
-213.11516872851405
-36.38390633557328
-11.009225118439515
40.45585632319412
-300.2627349811531
237.25360191203245
-184.04942241549554
330.70650063200605
39.403750427301354
202.95501535106143
4.143815766415771
3.0252808345614315
362.6330288325549
-114.65989038886656
-137.64725877448464
-25.40427340803059
-75.68971229960384
-152.69668344839314
322.9057373428179
12.490508624247909
56.29344751521094
-186.88527936070037
63.377698326319916
158.80843724178695
-170.01758102964786
33.48328531474373
19.161413162893332
-310.8319654297032
203.36164395037346
-117.30353109675201
-140.0788257677506
-275.3676809900992
-311.6879315768475
-54.59690732867945
-69.39600494231573
-189.78429657845888
-21.329623070454076
72.71282889715192
284.4781326218545
11.178182944888174
-58.744286004279935
-419.60236941000966
-200.60311899537476
-138.9159248330532
14.85755075322775
55.732709251607815
-120.75532929379087
-76.93138679035833
173.0954933449453
228.67766270850598
181.7200646645978
-40.34250546802985
-79.73424966254062
27.49260260998372
152.78433783974924
-80.97646765662766
149.43884980758816
285.16960775870376
-67.03183788757289
229.1381319477564
171.0150071291118
-20.355647906102355
-157.82102601940508
115.45575917919116
6.4640649127066085
262.43795752495083
142.280360767975
-39.87747172686968
266.7295357553064
418.85954222682324
-25.773796758306496
31.9095845324347
76.25865890319518
-45.115289504019366
128.57722592672738
-56.016893332959214
-249.23811636133212
94.61562731905629
80.92515848558473
-74.72860893767698
-239.35960130418127
62.70938963239627
128.48396190569142
-97.078950998344
140.3213461719738
385.3036492894489
52.83537364203872
209.42417358384762
183.42278145690665
16.3263323015405
103.67426892674298
342.8903703895887
-21.863861722949963
-48.375009554280446
-198.76485646721554
132.86425275424645
-46.20304261864352
36.48716238176569
303.28958425741536
-72.81906615833482
253.76965404604928
-212.33057637553952
-24.776135342886807
-150.3189920078979
-102.12208765718626
104.9581530744357
20.99711003217349
-200.3654527105221
-48.7975397663598
-140.39451123925787
-244.29612695535883
321.85417461760136
51.33529153613063
-157.7691519542844
-226.5402720277676
-55.4154057784783
83.78260748486733
-79.49030224725125
299.4178403716289
32.112246848564276
4.836924121143253
-274.786274300645
144.78839789271805
-100.18397875970047
-27.679866478139235
41.38805993483014
129.05354560975593
313.5859804445996
248.2277793079191
30.97059233616489
25.96206510326197
65.49287965740285
-174.75999384148258
-5.95828420299012
-68.19763255525177
111.02271364601876
163.30665075788787
213.14598721088353
194.11769606466848
-26.81744468044574
-78.88386374217774
47.65995196870509
-16.63173762261498
-70.1346329418081
-103.45973391372426
-218.96939849357855
-174.70966360663527
-172.52121046590966
-130.5125535904124
121.93958011780076
-13.742906633661388
-115.0584708926772
-87.74540605361032
-184.41558729305248
-92.54097870664229
-148.9446754178258
487.78748200693207
-253.29919034885654
145.31494512650022
-17.588292376897094
323.9116262986484
177.67639877543584
63.4720833931888
21.530556281997942
104.56901626012443
109.53925460836807
-135.89839049405867
110.14290208692017
141.1855233683929
-88.64416276753413
-27.20735579327463
35.271475838347236
242.81995565956942
-253.1029365711729
32.01053684158716
-211.16948532786176
116.53247480241703
-131.19247722804943
70.19093050064019
-10.304881330581425
159.3321841059876
-20.061535096935497
335.62976582864553
110.73536967185153
38.69248765784515
-9.748176052509292
-141.3660979328255
-43.72831677669195
8.332621751914933
12.11921913910166
22.632687505919726
-415.40644140860394
37.391938635929236
79.89035864502658
65.12261176567907
-72.92785780416536
-64.58449524567025
43.36459573114695
-0.7898078975034988
-195.7931469585937
-142.62901259708133
249.4463845997203
-9.45592465564408
97.49197787397237
185.4113515459046
174.86880008924982
79.16542113844838
-40.657915897482376
-317.4505500290935
-71.60681974146819
-89.47079118684839
-47.77085999145816
8.49919769322953
-88.79914914561841
-172.8111391351891
211.54185819659963
-16.282255885032427
-60.369524959931276
-75.14230245459191
4.848936104126559
0.6631010121882509
-0.7155879908916317
-154.55478014149023
-33.015232559413796
-174.76343159929482
19.545516210705532
177.75407085331412
-300.9049318082496
-94.43919435247864
59.270658856600534
-239.5368910509991
-19.82454065608275
-170.71953633753915
24.75500781606095
194.49130573886126
-50.94314835235361
-171.75536469728294
11.003427879873318
-146.01694651800798
84.78744865491147
153.53483133509806
-169.22887053617677
193.29629216591758
-158.40005446434165
-213.73470610486496
34.285930203986496
-28.681083647250556
-184.84881191382226
-195.8090946198249
-217.79721104708304
-28.852353616803054
108.42522469092206
37.07799733177806
384.39406297490365
-128.96815477583328
-182.1605343498284
120.4278650786246
215.45175454663467
-212.72398181971587
7.79848478388676
-122.29820512974294
25.168901581532275
-215.15172072418594
-58.86431630152262
16.490811518064856
-191.33289669151367
-96.34576365222142
259.8761357529157
-2.230699416257083
234.18804903417166
140.88796129000573
342.51584339560054
-104.40079319579763
-84.27106489250944
34.1751742411633
105.42540609635869
288.871932205904
157.6549341981566
-118.8690348178683
87.50926758046685
-105.75211737892306
243.4221164319792
109.65153705002298
-40.69089337824163
215.77683820502375
-142.17597659945804
11.070203651149164
-140.3370760017765
-286.068741985887
322.35217031790637
328.2768489111728
158.35050854677013
-104.21663954273996
-9.44392750447061
317.39970410065644
86.63847217193663
132.45036214169056
-93.40844014854692
146.58793526901485
-169.0872510360322
80.46848250473872
-152.5957277788274
171.59595637950483
-112.47469377943831
-156.48787198806684
-101.00785648090503
18.01419009438165
-13.818476149241173
-8.576973672765314
-2.229006667730642
150.3581705594286
172.35588797260772
61.55379471972579
65.2712403457409
98.98530080821865
124.19004118311408
-196.98153202947782
78.7786896170835
-172.47512568526466
67.13626629505902
-185.4877396421215
448.4768879713641
23.168410739091485
235.74986504359453
77.60329870655718
202.55521066237145
-11.809144937807288
215.36391872535896
-269.4549183357276
26.36513058368611
107.37285711334268
142.0464800648061
-215.6282536342748
-0.9289289840582056
59.394698797838885
-310.4017966326357
260.8119139755018
248.27111884338885
114.33851933219164
-82.72996205793713
320.6921899730017
-188.70431574136492
103.22934155811744
-80.08660729554538
122.42003308325643
106.86822457031387
-25.167952086804547
217.66214792987958
29.223746664743928
-424.79723174926824
18.119834300392917
565.3870001364677
170.19836088281397
-54.59031488022285
133.02545525150603
366.7387113162734
27.736824726333825
20.65006008701997
133.51306701273015
-111.15581076504681
-203.90661735390748
-80.54679245495892
-29.652643137347592
97.77100404511562
193.13329327637103
5.2599681775938985
-82.98875598828131
-62.11985415127982
-86.39996602400036
402.591321143596
28.77906336434747
-108.45722321340223
86.16010833013856
-220.20681596094119
-36.84345525544909
151.49641455056423
-117.66349571769912
9.447745015849947
78.96158446559477
-78.71845574616331
-61.735815819791604
57.765789035727295
80.56313795836603
-38.61618127273455
21.446588567707074
-102.0829177453898
-35.53117498859522
-23.571909085325395
-147.74680896132008
214.99545589750633
-234.95864245775715
-112.40148575179126
11.561001790840633
-45.73001713545382
-228.1938606584155
92.37025122868774
-228.55269243422833
81.78498590447548
463.16180432256186
4.92222314801903
55.78530987031851
-89.57916733785177
90.24238932187383
-16.406456946368976
-164.7264235744133
-270.47209452467956
52.63704398231742
18.878912852387472
234.04278290292737
91.90326821106834
54.67566129074765
-85.25233895071155
-223.09206236359404
12.007581149020389
128.2816512559493
-616.563177237384
68.03824817306717
142.28460949938668
-73.47974730070645
-0.7331445291484995
-25.62365259883637
-258.0205352751082
0.2695628940277188
106.0103618279449
137.2479652158474
-76.65018047262964
0.26976528309672215
-135.8577477605348
60.918891776827536
101.14106832138356
-17.339542704496974
-61.154744840572945
-46.25196755872176
-34.54289900119923
-199.52031699249434
-46.825407605004294
8.863656914860472
-318.7255885306662
328.82389691064594
203.9319838209567
-127.58955031861018
-192.82680362833003
-49.21001362622065
-323.3533804682798
92.03658859006356
-226.69317200414127
164.8827072451524
158.70318365088022
-449.37950958431315
-186.76131370460806
-217.42341778028938
227.8199869948686
34.337050449374345
-210.70600111694992
174.87508403802735
99.93357191328495
-329.1211427773949
65.00827658000136
123.00439453682222
192.09521118942044
32.307664246402325
-55.14777971800804
-53.42219829023098
170.04114105219261
286.79596864222367
41.48904178467575
47.8929202044493
-370.06612696606766
-51.20260218429009
-125.02086006178196
109.69637065962809
-40.31485572656223
-109.85663432842183
122.58010426354863
312.67052747166167
433.7770863285203
89.10339146331071
32.776604368168485
-124.2017519229969
-143.78768403578067
8.61972438465219
-89.79681479308476
78.03179454506193
-186.22135364264523
70.99539385356852
-139.24066749891946
-12.971701412087807
97.96222852535276
-77.04492541317201
143.30172934623724
249.81730831520417
117.91713992479103
282.5069679289477
