-33.0175611777643
-38.681199191251636
5.569701512860705
-1.8365352774303267
-88.98557973869755
-14.715395805224077
-20.3882360364528
-158.98299277055975
-32.52638527605649
-14.049458534424183
-51.973694872356475
-39.645486442753366
-19.99909129514243
24.1520772776858
-33.68864214598373
-8.11476681901334
48.429093122947066
-19.827402803613086
-44.47662323402294
-70.08680947612018
-7.36954501477205
-19.70906473812396
-26.601821977616396
-32.453533941438614
-63.64702226273756
-94.51808347585713
-50.39691817114495
-18.581497272686853
94.09813006528995
56.37581789266249
-26.15720250326219
-51.10619907034949
0.07734700465559236
38.28427091469955
-12.407666095761185
-37.89721640066336
11.704848229229814
-32.185407075491845
36.59961883106979
61.998318852570605
-82.7532393783275
-45.46394557672305
-13.679773267077726
-20.305149243565978
-139.42856149786195
-102.71754682944757
-96.35257452328304
-72.08566045075632
-22.308129987286684
40.921482219314306
-59.54732405509872
-44.94484101867884
-120.51018789710061
-1.1811270076250702
4.9413962383549865
36.29700892578277
23.917316584543684
-45.35481669648511
-53.01894567542607
22.947701182305984
11.76398462148986
23.888577262824803
-0.7637866336905392
-37.30363894539565
1.7094613576889288
32.795820871990244
57.323335031651155
36.76628811497259
-51.00498519468462
-71.70998849578643
3.5120078617350288
-15.334473575916652
-14.830399951152529
22.66091011325433
34.63203284160918
-16.36926212544562
-4.103439633583367
52.061942407453344
32.86152026067038
70.54423018828653
-11.235285569816986
14.16884054126292
89.36597597094514
-30.095828635691962
-43.37800861285631
107.54920257341463
76.08899646940141
-73.19911662719964
-27.831120783586165
-33.96919381279866
53.92179564101931
-82.95989425947707
-58.117964172591506
6.434228249266697
18.16012132202545
11.460694328205786
30.294041398776386
49.68126976983911
62.73756285765469
87.73859775911563
24.91044401039136
19.199003531995075
37.802665327156305
-12.442542337420509
5.80464020871734
-7.967072132969793
74.79971167275188
17.992871145716197
50.0518207205843
19.0745412668181
44.80704166608058
15.490401634396349
-27.969297786329353
48.399959062904
3.7618271018696303
16.09455397575387
60.126001550703414
53.37527916692102
-3.693229059812859
77.76757256046639
28.764617655870264
59.556883342778065
21.33897621049215
84.17763596851074
9.929366919888249
-46.559326199484694
35.69384831977343
48.446242208953386
49.43361015896518
87.93066825557119
50.74227228148306
-5.209926235714132
-10.345131264272592
52.74240535067435
-9.11023157123742
5.112338167714707
-32.80305600797793
10.893507313995475
-1.0457935228889543
-26.929726836232135
-27.809145178825652
84.3406244530336
111.10287660972175
29.28695854199204
-2.3028204542170587
40.941561731395694
78.4151320436422
-4.371077848482358
-10.713977485212117
-92.03836448904411
-54.311403914548805
-42.070046857333715
26.952618765791872
-21.93200433333442
111.55793169865248
5.126230551877815
-51.43124017800764
22.287880069561513
41.20523149743778
-15.210716351911202
-27.41581652205025
-40.19840146743597
35.322403967805954
-71.74866120939001
-2.413861021472379
41.88912215149157
-33.37266491633106
35.64545332337387
54.78955197494748
-20.026526319422555
-13.111702197744084
-13.246213885183082
23.574728279764216
-32.90451345689186
0.12409257988318889
0.15330837304013123
-71.11175910487644
-14.583672511886467
73.35201232683842
3.7398498134023876
16.299660508836368
-90.6804074628687
-83.22134530047981
49.639339915880164
-24.130640112101695
57.94399359482558
-35.8704525014985
8.226316195894153
-23.413772928044207
-4.878368543410244
33.93117136650183
39.38274483149505
-79.78102188036002
20.443856055336934
34.05242981347196
115.28967030910654
58.841263850142376
-10.955254408914968
71.03824949258431
115.71242921177716
-29.225618187920166
-36.124795384520056
64.0912215227718
-42.87691535925309
44.83206070754393
13.286812563866125
93.95172179409902
62.09218391725831
18.37506847258591
6.987017055765107
1.3764415637333869
-30.2521183414862
-11.936866476246992
-36.51316169825833
-4.741041553208494
19.829783297894593
-32.30648414474552
6.806283432457251
100.15169140862008
36.90211432949019
-6.338834556064103
-75.05348483479078
13.46474225101604
6.917805245871729
26.958525564907784
1.651289081748009
82.25770567263616
-42.421287552105056
-48.44685785168768
21.505514278159147
-40.221631053914216
-60.00268522112366
-3.652227410718461
-52.79032435788465
-51.434115148706155
49.10103972397665
-32.14072656406204
11.4550481034756
-20.702492879521756
34.43549789210942
-53.95074241994424
-66.53654353531698
8.976045187346774
-22.55469132948567
-11.303151697468623
-4.5265162340443235
-30.211096160648843
34.88391558628507
-21.51670174375654
-1.8589267108383
47.944900131941644
18.837068004290916
-45.99176652166599
-58.64149791356031
-76.75265506133833
-6.928045868249267
-37.6966283837117
-24.63173920118933
19.707520549229322
50.52007079006183
-50.042575682548105
-49.351061005979
25.81539399148669
26.58026232823757
57.65830969262216
-23.726175387414386
-49.33068682712252
-11.300911475725883
44.509978185434406
74.6113346922933
48.77780429896317
-1.0352421515957106
10.47787347301207
-109.86409025274686
-15.589307739523106
-8.949450887254338
2.4650863901796214
16.858455226748443
-21.47321451532978
23.05052411270058
41.41044368654466
35.538974700951925
73.47508416989272
35.09953775434479
-77.715166993698
-33.42837785142091
35.38406469849031
-26.49036170051937
-19.10863853170045
-50.47470162213678
-63.24003694308883
6.228229235973157
-1.0785524755341678
-31.832098381923196
-19.03900535266979
81.70118473900982
-43.46823286273294
17.55972617808958
-7.745695577324846
-40.210029000435334
2.38483290726123
-66.55957521727288
40.17835855477257
41.74483937775234
-14.27768609326907
-20.576609300530688
-26.928073570279764
86.50422584640202
-7.850939963105447
24.446253564894644
-50.85690848329139
-31.468673145075197
19.148494621079283
-36.71864871228825
50.427202326579454
-62.90335518127388
12.87590192749741
62.51650495283588
-106.41968848966616
57.749226170463366
71.05054153591158
14.68581247114557
-36.729612758641736
-61.99365356410462
13.30848616783145
0.05454343431912412
-17.66427027792545
8.225210255380297
58.206717257588274
-29.690410085521286
56.90615490237507
69.64324859855523
36.89929280822108
12.631394419215502
24.432826169077682
109.65087244247512
122.13512239228105
-2.437870827629512
35.17824596308843
22.024964399585638
-22.346503285077475
-42.076418360116136
57.9983417137519
45.82981931702226
31.763381606335845
-101.48330813272236
24.224708793052407
48.62123557741365
23.389351448406913
-45.17927728277415
-51.97815734088213
-45.15991666890294
-25.683261623861203
-20.212939719496173
2.9300430819799894
-27.930060519141847
78.50119936975025
52.6153318328861
40.57201450552304
33.65977988853288
50.82215277110654
-16.891328801809856
25.56513276432848
42.65224329400438
-18.894765674550435
-42.89042505525054
-37.78457986803011
49.80700792934364
-45.05127046391909
50.486633831042234
44.753307719077235
7.004972441481875
-99.39742381438428
0.08468169020437688
19.953584408484883
19.19691672105156
31.71653451506772
107.43268981375253
12.690295488344205
-7.3900885502980405
11.741897067323215
87.1924837853007
62.7038784466224
62.23377589506915
-6.174155456602676
18.946587572672733
-30.71512175141372
5.562097215062058
-13.515440305250285
36.4797504672284
-51.21245393111371
-32.47358529350575
-51.57574223009258
-32.900720340775905
-46.00776058846892
16.557159025742635
-14.258497194880745
4.515893588029314
16.69948842972053
-50.78598150862274
-56.56739457082831
-75.04844667371619
-87.06214741547784
0.6290401115674459
25.824946510940837
8.265672948405271
-99.35441464248267
26.419560033831072
-67.93240834355872
19.646582643866044
-74.52902809277717
-6.2592422740347855
25.450447768124235
-24.7130028396901
0.8378248180251702
-112.49694100732202
16.4448015852513
-29.012820997918
1.8321996346492095
10.290643106303456
-27.677563899974437
56.44828125353271
-6.395555020864826
-19.642763900718123
5.749328843755129
30.855051165009343
62.05641493947639
42.803490642347164
23.916850257260958
-14.142876199974149
-27.655617060215167
-102.79630079738178
-1.7145688314782488
-97.14618019279933
3.377905014345142
22.637402499726008
29.378105459416137
-20.982099827916223
16.552677410026437
35.55250367129042
10.526291891289494
10.56074735089703
86.81655991202769
117.40058772476904
42.32683711453303
78.1469388943852
3.5016337089239484
28.753521280113006
71.97553839506614
42.06058976538054
42.86681078607206
68.46755129810664
-20.045806930550867
36.12351794025866
31.113343645218215
93.57966376110433
-76.21103105953632
38.998712786896895
-17.039358676611656
-61.933127403389236
95.36190610390611
0.8463976742816495
64.21066459174519
-60.92255476257097
51.98624880543596
52.14959918915546
-22.685614231012774
34.229442572553
65.0268747771346
-21.83299164313149
3.4537502210684496
41.79264417627103
117.62972846453872
-21.100666382367795
-9.2862218390523
-2.942798850571923
-15.286457881409753
35.48532113075889
54.201402662087744
-28.408485649383888
10.372078187994463
-38.96365416582386
-38.92470466748451
44.25928142164248
20.29082694485324
89.13163066705867
-5.663078248810064
44.75292076694976
0.5466596023266552
-11.87277852247695
-18.055853921754405
-30.462184650649572
-5.862733002600638
-56.12144487146448
38.31868831896775
25.599650226429617
68.79531015070572
0.0015473257998503964
-113.52480353122552
-37.96048002216976
-101.00930223086216
-78.69939673732118
-59.393258782868614
-32.945248554305444
-13.85132902287392
17.049638182974025
-64.58112456365254
30.191924556787825
-13.052013662474158
-112.49003338659732
-30.219962878422894
-61.99380304957295
-55.77931314350328
-61.59810767454001
-93.08532288116386
37.92961621026899
-11.883490321045755
56.872621964528335
31.210601052855043
44.07471587386945
25.306931216127182
-6.942092047539625
-13.055543831383668
37.31916157876696
31.659929335608
6.13491543960591
-69.00579555896435
25.244657264891405
-25.28364552903488
-32.119236582428144
-43.578224740426286
45.040688568862244
52.64926603812826
-10.35285242712716
40.136989651030575
76.98290152689536
20.194687054216242
0.9671302559537609
12.93045532053443
36.8367297689635
68.18652140871184
74.94782266816709
18.42568705520894
18.749759439810777
32.47954253544491
69.85013911305626
-28.15944200820562
-28.707703638087974
34.01889829116026
28.814431648984993
16.439423201778656
72.96197906522104
21.930651495788755
109.79870456731021
47.435307564958286
-34.19397300615159
-9.434055195311998
-64.45742993142831
-1.4185279057862616
42.30939337783322
-39.39047301438612
54.90022022292614
3.27890383198643
15.926266092313384
-14.987718199664677
-34.995160761073485
-2.8077453096589515
-40.43770606523451
-90.42048002209239
-8.871215229689435
-40.32922544926759
16.6964324780546
-26.93932138095002
15.942369622856528
-21.48453221204312
20.007669186846705
38.40694392576735
-12.480076460421582
50.19515197737951
18.995174276442892
11.692912818001586
-12.609157854318447
44.075261853661104
-74.49281047731323
-23.616785844770252
-98.42016448419908
-42.639689268095196
14.057047770961258
-54.59945245530211
33.34412424251335
45.47224614702307
-24.05131703902284
-30.393671374394057
-36.71810510776047
-35.597993687069874
-47.7931015962725
-97.84543576082316
-14.958632518975874
-83.42898667388926
-82.81505151177407
-7.158762209192831
-45.0078552149479
-57.882787401127004
24.01502493085558
74.70133537661903
-13.035157468239387
-12.478389282847793
30.856878411733327
81.4491240187049
45.014397627552576
-10.425650399456117
33.08945854383332
69.63440832402092
-24.564335111916233
20.13575860051882
40.14643182156948
-28.87437726458872
77.95927791629472
-27.86267681381306
-71.55232953189208
4.178242636612997
-21.080338608233433
-7.443702286018247
80.03444750569493
4.727127396926747
-39.6012625809068
30.024308170626707
111.74760649786234
36.88892704632071
23.845165292277215
-7.93853901357953
60.67933764492062
55.31562861687744
16.942533172284417
-2.209642728452232
60.685130509929905
29.775023380330556
-14.064599492573857
10.76315836757678
-42.36320195948718
-80.6283949012631
31.729692766958085
61.88905581007271
79.77981752873359
42.18840070673366
-14.6925260121734
-3.014198132561372
-78.49241652501807
46.78870600077574
-8.742754655642981
4.052090349916862
59.89623317009466
110.32935294175329
67.45459234881464
42.08848131181487
98.67696795639068
42.84330201803662
23.655211728133747
37.13204642572824
-7.619165881571664
4.91110454627037
-58.079873981732895
-76.63749162508482
-102.45729569559113
-64.73672925485545
-40.023140735823944
-2.4546009638306
-51.85619850183653
-133.81405115590525
41.99933373835851
-38.090441044337354
-12.733020351022107
-13.42997247437558
-45.22179493702521
-52.82131830694581
41.8897698037852
4.172395784852742
-8.805338541811452
-3.301246259028376
-16.2138069078915
-34.04777319581507
-9.4018742856844
-3.2521933988702165
-3.2829711223011953
2.2088402103465494
8.284211161381556
-29.771888919519554
27.389204291117938
20.885554242133647
-28.989524297420395
2.5650484050102578
2.848283815440994
-28.680607916516305
58.25745507203798
-9.324888240479288
91.27346948499263
16.461346453229208
66.68446515764207
-33.9500496642319
-2.339688001169987
3.963948114538335
31.486534342298295
6.383005609994184
-49.21698732838899
12.961977189478207
-18.781511543110657
44.668698132614146
45.21285815460834
82.66623963189626
20.46993061615753
-18.342676330295546
-17.939464681219476
-5.539430324945293
76.50821795139933
13.749248239824322
51.945215841331844
-23.566131776633693
-29.85435992695318
-31.036092782072906
-30.801534099474967
-81.55426993217853
45.509447284829996
14.493812569995997
1.9757734482336393
-28.392070510123695
29.66674545119904
-70.70821410791433
67.25868975303872
16.804196210602353
28.510047862599336
27.96640835523605
-47.321350264991224
-29.349967523494847
-17.04323201469896
17.90415684682645
-62.968244980190214
-68.10796918271608
-17.334787858716034
51.94700168446951
64.43883207585243
20.244585993112445
69.69689157914902
-4.653665877374886
-43.20778552893532
-68.20520501971913
-68.12790679308495
25.135569349132865
44.88673693863325
44.8486075333434
27.58923098214504
58.5906796418543
27.494984570695028
1.0748929071617517
51.99387648544662
26.456522031765854
51.313256500284496
20.36308403719742
120.37817573363422
32.938999717455204
57.72280240259599
-17.24689275925141
46.18400272684644
128.14302357458536
95.80713679145023
2.0079555979401
-35.44992800568887
1.946849437430266
58.83263589008959
-48.54938803002457
-5.002757024202171
-54.474223906605296
33.05751491415
38.767244644392385
90.18562801381985
-23.144074117416654
-79.79782269420258
1.7849984797660843
-17.757920145448903
-92.85695848133248
-4.3895490976993
28.197890080783903
53.43981455484881
-33.876481463138916
-40.54992828851364
-21.813045390052597
-46.06873513033815
-39.27975077820357
-26.350840229534903
43.53577096546332
-25.83811444663266
-88.28060862442611
80.92637759986957
-2.7899901715913975
42.826269677508854
-1.5011509893690183
-14.76866003503037
22.370374437581003
-27.751788632841837
65.33809087088424
103.4463371141271
78.86086240195651
-91.71848128107408
84.26081087391758
65.18389561447965
15.08557708562651
-3.8713532812402183
20.13209407813832
7.697755366331856
51.06978998188824
12.66341904212765
-43.746563075553105
6.847055413014959
25.580937132534242
-75.19645381470566
25.065528631731816
0.069224177799566
32.32593543031419
38.350292430685236
19.64939281835803
-0.2671017310198093
17.37316770779156
60.172999422674934
-34.7647595887051
16.04959316984015
-40.143460784349045
22.80732989828179
-33.39829256929556
11.4307939342655
-38.406124146449855
-2.4059810469333103
-53.42543554449404
-47.88252896511864
-47.63783036842914
9.463945911803238
23.303368054379455
-76.39527336383617
4.548868372059158
-38.528879297996994
6.5344904702993825
-18.9478509579799
113.28132392089037
12.192146151956718
37.51627348090938
-70.1687632274785
-8.131569530925644
-63.97469175608059
40.57116262523237
-36.20336360794808
2.2143623702128656
109.24655889983137
66.66061372521668
72.52469719311301
47.768021585736214
-21.135580211000157
-26.63254912423559
-83.14932095810775
36.780260453703725
37.16953290114457
18.371319546405832
-100.96664129881938
-30.887714022692624
13.73156813500511
-4.58095818338033
-54.43501000915431
-72.48893238369655
-91.86430212951225
8.305025095790674
45.1568587987576
-44.00858657032933
12.23889075302323
137.1358248821405
75.35543647039216
41.34303892027968
9.901038907871326
-7.568576642900018
-38.50028590754289
-12.676183540515433
-18.529076428106134
-11.30886059710639
13.88408584307045
-93.10211521587175
-117.5777015622193
8.440368084625716
-9.090705605285875
2.5876995639564013
2.7523747571532495
22.332950572398513
-21.719745512428066
-9.955119224494418
-40.57571814922433
-14.589651059561026
4.255816755304172
54.57877784012826
-40.30265775016653
4.108237617940492
-21.382015597182036
-2.605457272357765
-34.399802078640136
-33.13900511551165
-14.94874500004494
-64.86115944623154
11.722990206794444
-83.2509871533561
36.381713280846604
-114.5047648588916
-45.71283715755587
67.0786614098838
15.614443267472671
-9.258173344247474
35.16153152540033
-20.568826249815142
17.405822034623817
-33.16452443405971
-46.836052107024045
-14.871761159925033
17.428840948641515
130.1126984251276
-72.55150123359248
-4.212044134606067
64.87461762319764
-1.6266215795399068
-45.98978339215395
-70.4332305114875
-70.75575323286725
-39.636548632711424
48.21052481174481
-26.668987422604015
-1.1411725069287435
-32.11011688141298
68.98127927505644
37.185172400204785
4.1522229406921864
-52.06415985791166
-88.77780350838762
-26.462978916659825
-7.830736860348324
-12.355816712824334
-5.455777775553242
-61.961798785479495
-43.3675815510643
107.56095054166661
-17.622662515364112
6.51650255882886
-43.917462415677875
-107.01211903536947
-50.518601412348154
49.3191928371896
-51.255232176226976
-38.54965727503757
-83.70499287145671
-39.931827057427334
9.723448544732069
-20.57898785599794
-63.72619805204422
-6.972070958924968
51.45572619955462
44.22282015340135
13.734799360586651
-31.20851297034544
11.631352423493459
56.078303412989236
-0.9422649163643184
19.307508000597945
56.413018961088966
-31.33809064249768
0.627791017316739
45.39355052209336
-23.714051559519323
-3.8556860426359676
1.7741017988185168
-80.17569911406119
-48.536317359709486
-48.02268369360437
-22.0414303206812
28.812847758783597
28.745992858036438
66.61740218575125
16.26840297409146
16.176264852922127
40.6870706215069
-33.33876702117894
-65.20843147496254
-45.14597064101809
-20.389298558293373
-38.986689421822916
18.005554172006622
119.11934848919971
-31.93693599494773
-0.6930703813748598
-107.58345945766432
-25.39562634271611
50.20446527348582
68.87318650246772
43.55432424679525
-13.704537667786122
36.42838039949039
36.618695629810134
36.89514496562649
31.275166051299646
-12.964842391134948
