289.19683196518844
-233.9002827914982
94.63506848771111
-230.21490367693832
13.973208429278294
44.42105780225277
267.9827405173096
0.040165814590372495
-20.369564471792707
-77.84205295507354
-19.244540171059324
-316.5824235982961
-300.76696057797756
371.12744398528
-346.04820636649583
257.4945078293435
-251.29532267112725
125.81231698531101
-85.15943913408915
91.27950548331785
-11.126909600384165
233.26758676080846
84.7726785699219
102.51997947918629
-22.151273261909942
-126.89497446249226
80.25315555633509
62.001082116191256
-144.5278025830014
103.12898486552953
180.19696842336796
208.5499173279602
42.01533217961031
-486.7249444596634
90.12458044321865
-73.3716032312071
163.99843702239494
89.83410484513945
-25.389291767964526
334.2435300347842
-8.833032787275407
-241.04251863087248
-61.90910411720992
85.19723289982105
-8.091874069621042
-165.9275439898872
-284.7555367277154
108.92007987578357
-23.689202913006543
105.81222924534401
161.60881245292717
-354.7396815074186
103.1577937708184
164.31765659125506
-66.52269383460752
-205.8896476329597
53.522590091753315
56.1867775658481
-166.7056393382644
133.3935711137294
-31.72181411504646
-170.3462616150112
53.8727555309701
-71.02989675412341
-117.53358113154854
28.78851697100028
-290.99830782648394
-39.2249567792889
118.57632514002037
-211.52020952401605
55.67392454506327
-168.90032195137405
-59.39786416889865
191.14575252833635
5.483490731549183
-258.70609621121923
-35.86218115621277
77.23080539642694
272.9067464329967
-235.66546883395054
45.36618294734542
-159.05368710623853
-93.06708795784948
70.55403955417476
-146.40955515225372
68.87547580078524
-43.61007613299769
116.18142879889511
57.263740820371616
-275.4525164260061
-99.2060473927342
25.716851539592632
-199.94042636994857
218.10867166580343
-203.75190223901043
54.130444913817016
-114.47252879598742
200.63225202813015
54.766908937562306
90.32342594317787
10.64886587676977
-34.049897836006195
246.58259926552032
-174.55893390686535
-245.3745062946409
149.5184030311332
323.9191811368668
166.16458544421243
-209.04954424596957
-144.18879840742784
53.48357979548365
-62.53124645970605
-142.75298933921366
-173.50992098007123
142.21009770147353
-240.0594712804175
162.35692250331925
146.63615362979843
52.765614489050954
211.57927187658157
86.20426621590217
130.33966986578838
-22.028938951983854
-226.85843738704534
354.5261622065605
-22.54579904716725
-92.90115788110464
-8.739233853813815
122.93872065263363
-9.02300739520988
204.63245905397625
153.02656138012483
32.81451342799775
12.498449012629662
186.20359139812058
41.02892309470458
39.39259593517449
226.88693934933266
-26.9890913611463
54.09402941234637
137.05074824347994
-149.37008831243372
457.4527045289178
10.25101941585205
127.76108558026775
25.257882168975318
39.049493788659845
134.44461956130473
-128.55245512738287
69.58244772751019
-302.8704965279446
-424.4374364178579
124.56282715969971
-178.08330598807717
81.91695672224716
-4.7582858390942775
-190.69067390225376
-172.08246933020757
-84.92437560785913
-267.77266801071323
-90.68773314441434
-135.3616812756305
-254.98392862825563
87.65686417018512
-190.39018694442086
197.6826037475127
-189.91249269997047
77.44513295624394
-147.58213072445986
-21.774192868733703
112.33864145303308
145.7271640476039
405.42391447257154
22.83063939888896
-88.94369463338495
63.71990832645808
125.77569057958699
253.6511155148467
121.36549577711608
72.86581924281933
-174.18516633371047
113.37119405802596
187.76470848319042
-0.4532827329767797
56.44442743617889
35.24359212147163
1.3155167959574803
336.6103223647551
-214.934625944936
372.1687536303234
172.2349068037691
309.4491108370752
2.240058127161282
-37.910190438939914
61.15564202998744
168.7438643322303
258.750130025315
501.2769335222179
128.2005269567593
-281.58081024543867
-131.907657260181
9.661616715238978
-24.37513536290701
-19.716704533872935
-126.31857793011811
-45.87982042668083
-1.0181997078335985
-17.68088707522628
-53.414395731037175
145.02545527107762
134.53187090529383
322.09168706275153
13.893919611779044
256.9220746435678
271.85121978174874
54.65657676848258
23.47490951467045
236.03906080107944
-215.9980719781581
40.47267953120591
31.67661397319072
-236.49334981468058
152.4552129913932
-12.491538114079585
119.17175498089594
36.993275226483945
226.22383101297333
-120.62395212735312
-181.87935807407607
-0.3267654866963654
-171.82934724177034
59.83287084414271
103.35715750676901
-91.71608155232244
23.564279735043563
-282.5106550473248
-67.39413004414408
38.6623104846298
-20.19829860047222
356.7394686516637
-193.39153961496504
78.34780405063658
-127.41186914496636
8.971888370400702
91.20354709557398
-135.54527429059874
95.67984739939926
-282.56069947748176
-128.5783219373447
109.74749257054835
165.0309513866446
-29.0395050686619
-79.33389155262793
-101.51549796727541
117.26104806723833
-232.94790220209714
138.49363923216904
85.24214921703978
0.9901816042874456
-245.32690659200406
167.3526960021419
155.2592950234012
-50.14435215891016
116.80133724395559
-302.56052813687614
-102.1919182008341
-222.5387902623665
128.29860876052146
32.81093881287405
231.82385432168778
-136.33113157140562
47.250731443664314
67.43894967107862
209.7444459827252
173.02791285543194
-25.813980362205104
-175.33107434364382
170.56444763557624
-31.832550309709752
-81.2061998516003
111.97300685988866
99.24513116239633
-201.19420846111726
247.99725827958903
-323.6984318493756
-174.88752909331495
305.4235699267301
85.23435804927821
225.3713548117128
-240.73535413988444
234.952512020041
-233.94815911666947
-217.87562866553247
-107.30841655961359
-259.8399159495987
34.69593936413887
246.38810322533817
2.276126043148916
115.49257384619251
-5.701534201325718
145.89375329161405
193.09329754200442
169.4561475316409
338.0489758835575
203.70256112690072
-330.5434307796295
130.1597992717639
-169.0481632813342
-78.03025254640461
-77.25771452800845
57.128063191761164
275.4689166629439
-78.62039838753849
-77.40992496009659
22.516808555155517
-27.947934783744685
-120.2948241958257
228.24682610178502
423.9998021862368
-126.6189971472844
-138.27571072902003
-25.830013455185316
233.1872339152428
168.65632075256536
-58.807854405685816
-326.09499590667104
-123.90019057995397
138.41798274033064
42.817448428110836
196.4388375892014
105.66992618534165
101.54708318834128
-245.65828544325726
-231.5622489746408
-106.82665762168573
81.63390391488478
183.98082789470942
44.01701450120411
203.57673185377547
276.5151410240773
146.3434262524047
9.062874963580576
-25.763297809844293
-52.83711809372177
17.75931207206878
10.019845525067145
173.49236834989185
-68.26438633570977
-118.04061001151379
-11.697853909650181
326.3845831248741
-312.97654924161117
-40.00786540987394
76.996875437325
-368.0648282179982
54.43080404703111
-83.37260092012025
-45.79148915082169
-258.636057881945
-106.82319417502096
-154.6586546510707
225.2551720688483
-101.61884280618719
9.082151164651192
-122.66950181111618
119.54643362793142
-101.22492327185873
85.42410084440057
-76.72449040670632
-296.6071318685244
52.7489080461926
-50.85714512155602
297.2775862745891
6.659523375375727
-85.45533210471514
-258.8510073716201
70.80428169373715
84.99412348237244
216.8025979442872
3.045652340138618
-184.0602885429189
-175.86678125347566
161.2464750526553
30.415236219904013
-56.754525781638115
276.28259788876954
-35.659022840398876
-2.9961683187710073
60.92336610570796
406.2033531898646
-130.20505650473044
-53.360327627099316
-9.282623463372255
12.043099693135593
-87.0470546667736
63.913885370576374
156.01417291736843
127.17896505149908
27.273961464952098
-18.923605646217023
169.04773899236343
-289.9676391807393
-96.4582569312515
186.20792065667675
109.4720553725192
28.068093750162234
-176.41020029381062
215.16845750382112
-66.72187253691739
-61.65504496709792
25.83653714922751
3.902014914631762
-158.49618951687978
124.0460595523961
179.93699749180686
191.6830041401776
113.05616867372423
237.09804301348044
62.15371389605533
-284.97454649168975
-58.36155363311307
150.08490787965016
2.421517590155025
153.3375405508036
-94.12347449841441
-67.37895759319927
-62.79531988611891
176.82684547826594
123.33645329492172
-107.69925106348016
41.832081596111436
-64.97988663150316
-24.447970333545243
-500.8114728968735
247.16828657567254
-313.4367817603777
-36.751221401313366
-395.784942161658
366.7192161838571
-73.07964164134759
-138.3593089014916
154.17701278580427
-35.03074373231666
-2.08270409694987
46.568433947101354
-40.462053042405415
104.67571117044942
36.02142239983675
-204.92435412964733
455.1591051351505
117.24128739386107
-151.22242306473373
96.41261510214747
-125.67656347117175
-68.5515695976806
144.28452297891255
-141.9532351425815
-210.7749527879318
317.3638212902337
36.37950652764317
-25.959822086392823
60.97790215099614
172.51691944730123
-204.55123914169369
-26.254875947527246
-47.69974136572526
-274.6967567644433
366.26825565520295
44.796693814661765
-117.38229643336695
-44.45150638126253
-350.1531789261445
-41.57675162688922
-69.05352822396252
-25.181723564401864
106.91750103929951
181.5558651815895
174.48265762245157
268.5149518512399
124.96311407276768
24.73571790015351
-174.8385477619083
-105.10081569103721
275.8505682663217
206.54344555478505
123.02540650004113
343.3684784416264
-258.06712459196007
-27.940759322559813
-302.27100737919625
44.17452640919159
-107.2023539115308
-404.2545084931984
-182.77183202750575
-77.43162237018345
149.61273510521858
-303.4096426238067
-234.89720821122714
-126.39855410605419
79.39016093178056
48.321997138954686
-134.91831664484516
-106.89904726917511
-5.0459155143272385
-48.637319491946236
-363.2815847523794
154.2840405058522
-33.49052240197848
-2.666529334476007
236.82191783862473
232.43815436498403
18.68858954406503
75.96601718567568
-50.63002421961056
23.228790112447424
550.4971029050388
-323.82114913929394
93.70190070656419
23.305088279449496
-128.59711144023385
-279.9737515956212
-90.56996705003637
-12.680560258814122
79.85662447054568
-76.10192581282081
25.577950311480325
-299.82402254987977
-2.590510823397806
-146.1534423152416
-118.63448620543247
174.06702300742774
-234.1391503489083
92.13061671475425
76.35088766918035
118.33195952661421
-64.31623322244637
13.39638675610268
97.39004100538727
266.7540276983109
-100.1698322892486
64.44805773475804
232.99917942553137
-246.86865883574117
93.94701506016352
-307.67331241280783
-149.75337511306236
165.08231199784868
7.085985209480459
-174.18899839359983
-355.26983472761924
-23.326429246007365
40.11132518976635
-311.3572788823437
69.04552800539614
56.06757347302463
-221.35891410165382
248.8949380092752
20.242249767715613
62.28603231653321
2.512701483709154
-227.73132188728255
-9.258131043023415
-40.19887683130958
-49.1136752001332
-6.176773477341453
54.23309627920608
49.97202251748906
-37.590252650124086
331.2563985284844
79.31315946011281
-190.05871027549045
-55.10302627093505
38.38428850195344
-12.628869138318015
44.76654540844151
20.502795730506307
-223.1268389405009
300.1526744707846
133.64896630084993
240.94925471745822
-5.673404437198674
135.9105666006167
-117.85589481649161
68.42884453265198
-42.39532316860338
-222.7367883591122
211.16650890835803
123.71021391397608
-154.35636541500708
-128.20191822012163
-113.68860415911475
62.65999413843868
331.4778918468697
-152.7251142151947
-53.7615303001768
-69.09725881637833
-185.90978773741406
-317.108406243107
-125.80430652603337
-87.91069665589045
-69.87653468723498
75.24990566141659
-75.48910927743088
-18.44004274735744
-148.69098722750067
185.17089404878888
214.75465802469137
-185.72243569682996
-27.256485762985868
36.314084203400185
51.296432897445406
60.45073930391306
-150.34646832225627
-93.23799138097002
-88.78393642790834
345.6717417539312
52.611679325309304
-33.523253194386555
-10.046641629147317
-73.46007089872367
152.65827911841768
-4.471994904225806
-13.277943213183232
55.857409223485114
-390.2271012207058
48.27253168805936
-160.00472161133763
-17.257046210209037
163.6169242147971
-31.65687697916419
-268.3527793002389
59.31454954081497
-238.18368051685238
6.912714633407208
-153.4821927274056
-196.71803201204526
268.73608185692177
3.452363754532996
-9.48387758793307
-113.63707169447325
122.6704781813541
-128.98071875536138
427.88864841641487
52.802911857355035
-77.26793316532353
-154.57388382041546
-212.58748894462877
99.0628355349131
-96.94897755035947
-209.47529550184947
24.213286121503963
-31.533212319320373
122.63401157756518
68.3662448282837
-214.62652074196018
12.704397653235912
-175.89317975739624
317.32037295593835
302.7485362458173
210.425460926461
35.81519844675063
-201.07555164626189
-219.4121885412857
-126.33883269983032
-47.91846756776904
398.5905684580625
20.968202026061473
7.614740548656039
-170.8085685062116
31.060844733708556
-132.7362989073601
-240.53661522531578
-101.7413161511614
-2.374216738243868
48.73395418626278
124.99409257848284
18.00252326204582
-169.4758490806744
11.668614981150025
-341.06917625631854
45.26135396125583
190.35950434250415
-276.6749355605774
-273.00197197990656
369.2384210046917
71.27177362111401
-156.77938985694493
-138.96692167161177
46.510288335283455
36.99877119319219
-52.12555434673946
110.06706458665869
93.33718300943116
-154.04771770142546
-118.09287002973929
-131.2500531097306
49.13300300504409
147.28374526236425
148.49395576710467
-29.90964352677229
55.84734636923778
-369.9414506443626
-107.27248887304677
-315.57959354250596
144.6364405217337
40.88279046235834
78.96012689355528
-47.654421426850284
168.62661054658798
235.91174384101956
21.848585591383944
-219.96939153360537
248.55208660390684
32.82092435476491
21.758485677682316
192.8078281410014
-115.61549613523931
144.755026553144
54.40242947438343
18.00194263231814
84.55198537202361
49.68489329772547
36.50665910729205
-62.35854764342714
-137.80771317174842
165.70859303952952
-144.4943362723237
295.83742246194896
65.09253826071213
98.11447787959922
-155.47714822061778
64.23650566696251
-182.78930277175894
232.38099739392302
224.53507406904734
72.9925899152995
-127.64741838253123
106.23901376313549
-2.4968919696293805
234.7888030959323
-254.8403677819762
-12.999645483387305
-94.94528689087616
-32.58974400385112
134.28771176691427
-52.503792455505646
-65.60851489883117
-254.60401500035405
479.12056643009697
-77.89541866064624
12.060245145093154
195.28575749682503
44.71681851212988
243.90838994814376
105.4034934931281
34.03541732034407
180.93058389456127
-219.99243705923635
139.23781866533412
-118.253445031931
-4.313011495691766
-76.08699558404459
-16.32507269143906
-86.38081056406025
-99.21799476229526
216.94954821345522
24.82980547015446
-45.84163635525178
-133.91780665598296
22.610210717240165
-106.73234959697521
160.02694122409412
-141.84272386629445
-252.6213331697131
-189.9924834651238
219.53098821662192
37.84145076590846
139.7701974660859
-348.5850016787596
-136.82088043923673
124.62381351790744
20.786585912476692
-68.92623572032842
336.2911282317823
71.74804103757927
-335.72552358845456
96.85032506461444
-140.99275336217008
-44.68761916816985
39.46373424714719
116.64036266410153
-8.839124713763205
5.2375756476010915
-8.69221877540702
57.84473311732385
116.31675988546262
-209.53385734487858
74.29022157459558
202.1027310117522
103.00457050864907
352.4180910623683
226.1415182836477
112.14827479009371
-13.703124054373214
9.966848888087803
169.89111106609508
-140.4676666846803
-260.57048596222467
-81.18264741623129
-15.240372795175704
139.42600744694755
172.10934335486326
-41.225032427438315
28.12541101488648
121.49162189548724
55.54168250535335
-472.5940653158241
-20.50600264847105
-215.7858679023776
148.2900314805674
0.6664966269673152
-406.72279569097435
52.328610796788816
147.02053019583408
21.74151556244674
-194.68594783658352
-6.199648564176557
163.5402786165873
45.69723937970906
-163.4577726770531
159.32929977850787
-80.61824820184061
73.08431398965813
91.77381447122025
72.40306348370544
-219.9469068030731
-142.5687867722955
253.50455351595622
-159.6071245439646
-45.09971813415028
-77.72099894469669
140.72477961914524
185.78531931744644
35.39751953550096
-222.2967705345081
41.505709571126715
-39.33871104376067
142.76945907752443
-329.68814085806497
227.46123243905896
231.45775138334614
-32.113215260054744
18.289012031063773
-56.00615845585437
-11.281191184851096
48.41802276692732
-6.112160490529909
-183.36259254260023
-288.55263797172074
-41.6686853091878
66.27944512615446
235.55895554699265
104.01684277102487
-302.0540169912496
27.280761608449097
98.87075009900957
15.086039922639488
71.31140663301495
-77.98047232090074
24.338324135353183
59.31817486154782
128.8849933682956
-14.977834751139273
78.8620295275786
341.68871006088733
90.06288612465852
-141.428130841727
-131.3548632288406
-8.772018148518228
-250.7108974889977
-194.12511028876386
202.88156061426662
43.774758983998396
-66.0934094374913
-110.30341443149126
141.25761824648276
42.91685470547544
104.29453559901907
92.13762395457135
215.15497973711513
-15.917152086540948
291.9509400267398
158.09096602231568
-176.45242377304305
-180.3951812549837
-197.41634197867555
97.42861265045926
-286.937923034915
15.788347855772068
38.07950607450645
77.15810034203405
-51.687318798785654
-27.78865473715391
103.675597632209
160.3729367779923
304.39035138670664
-125.97606597202326
13.810917751571186
20.365811725659018
-217.36956066565176
46.51401109549024
-96.15254249815398
-64.34016877999626
110.4767326570734
3.6992726541590173
118.00005523977124
-283.922164771324
-133.62371414239828
-270.4196140212413
-234.66018080025185
49.57594786520104
-101.04307145122594
-75.15331625422526
-113.40502970607459
-152.37959980356757
266.9533768803955
-210.8517176143589
-56.62551377808244
19.143599209653512
51.82897091248832
20.024061972042364
23.124170503660533
-252.4536129185404
276.14934687334147
-147.39299946173173
111.90857628418475
23.88859649899112
-235.07450823043544
133.23367925226484
-125.1300036452944
-77.84919046035624
-19.607522455467567
-10.968558610607433
79.51116175521946
-148.5873185405957
198.95801985636936
-240.63202891240954
335.11931441479123
223.61791029176678
-255.72080454803475
121.20331609733002
-207.51247941032574
112.78458034953924
-51.1182879593894
-86.80721696124304
-11.501794373395802
96.9532887376351
41.11969342934415
191.08202900697705
-16.12906244911186
100.4625893953958
13.169876633951674
-190.35862783702842
-127.86697898667273
55.61714807793091
14.97018245070775
237.55650923035157
-23.735664968121167
171.3944804890543
-49.73983396899493
-174.62833010327032
123.88538928585274
-89.41781984564113
168.2604626775957
-152.65172824216427
-308.69136987616923
-187.55996189034386
-207.44485798683277
-107.09732641985912
-81.38782658770361
-78.13777995545149
1.8819501965158985
240.4083837374028
62.23419011166992
-115.76667597458633
93.83399906756422
-69.20542040757782
-101.00788727877159
-206.91610223220752
264.51663031589294
82.50953307310108
-360.3109473031128
-146.3949193839245
77.31485914416263
-298.8497000914814
-444.7934433020353
-28.44932750130152
16.75269246901418
-179.07487093945522
79.86284093614559
