-23.485723148194015
-68.73012497287337
49.04630699178475
42.09862234904451
166.35058405722205
45.97323839860828
204.4950391350939
43.70052865081324
-105.21365839037297
-173.59130371159515
-443.59594296776476
65.30255274661145
59.54198535767287
111.8873675770098
-71.93405020524257
-117.73006059213792
159.92976072563658
44.76879496015724
-71.0677715327816
39.901777911279844
-198.97888266500578
-18.284397750790717
-43.12676550502611
-13.710891752149605
-271.3382360892731
138.30671128876537
-26.95998442722074
-315.5125997329649
118.36383698527902
50.35514954569117
107.17642888079152
23.541678890122043
-194.42868860697953
110.83208902790695
306.9940515804793
-83.20132820795835
138.24654936039613
44.03399652366768
58.54345273340482
-172.94573529546037
318.5151036756527
-25.072924576454945
214.6763112661075
-47.61008004959099
70.8248288359519
-105.55463291563632
71.26949603954839
-211.42242057953567
102.64435816401728
-201.02339265960276
-74.58408242729848
-308.1357725369466
-88.2028770022263
78.95179441153445
-128.82028085915206
332.6902309375883
137.3892522754706
-210.34376642368562
-51.13432781637376
-27.0753148148286
138.90643463528528
-188.24984421392224
-345.88500354371064
-193.37529548130527
86.78095815106614
45.11110250536559
-105.79697903202462
-184.47591391702528
-185.3175513252427
185.45197493757297
-23.576785096648774
-174.426729264758
17.0773716950358
-279.50678264247546
-186.27837477687254
1.7648623114533928
218.91495155037575
-276.77812597289727
218.58539169308108
-104.44845983832941
-256.2385207021767
126.16689242771739
-69.84473403273822
-49.839374125106055
-232.2250630294073
-113.28802967984312
161.48361858768502
22.164050081830034
-155.0706796098919
-49.70210087906136
-65.0731215060539
-79.62459372023626
-172.77550816035026
148.73467632323482
-147.63417880149322
-38.57811570934235
54.80218426755749
182.29222123117944
74.72113726738245
-154.20839035781214
-278.98574821529405
238.13565324670301
34.37205845754673
141.02596365655694
4.9021682568990155
10.093844370037042
-102.14614331544708
-32.45235581027901
47.06325489716591
-4.184411874166028
-168.40177238062157
107.77492642922174
212.7463522502514
-120.26322249968635
-32.65640325693161
-57.79002127889885
104.81624774544362
-42.86917694917742
-108.61550705832941
-56.92841377570068
73.60221044032664
-90.55829321538683
41.3008700251795
-40.89243726368809
-24.240722612249773
-100.06770237743608
-75.2127894083401
119.20485604208795
259.65062593457196
346.08042050970533
-46.79046324782633
-16.315507548421913
77.65385349284449
164.5604832951055
114.88952361721856
164.5217597687947
49.06495650409885
54.34561420499228
-78.52256968194384
-27.745064123471185
-2.4069508518379905
-188.7285168798057
224.03421420337094
-112.94799690527289
218.5537301998281
60.67247619583776
-136.11598239430262
202.2037077384062
-37.30230182943225
50.1728150790641
144.77062099257844
-108.01766083777827
227.9143863558764
245.74536574481303
-10.824640900271934
229.57515397334353
-178.53699312535448
-53.639684412602236
179.36249634407417
330.0532004086592
80.40362217331682
-95.87888855519188
331.91359742746045
-18.92727250046167
55.85952260472033
-159.772734828587
2.240899301909003
-146.57127100890824
-3.521562256734951
-249.4215400535176
-275.0732472305751
13.646530343544754
69.76563901243087
-112.30496475268512
-246.0107275165091
-140.1929137185547
-89.16234165699889
68.30516295405751
-149.58277654724426
47.914980115290696
-101.90528755047448
-47.551473428899854
-61.74817090983803
-206.6013162906128
-49.114448838771644
50.83278705373859
-8.649713559590053
-94.9993001881732
187.95886957837052
126.98354995646366
-14.0756178173875
-94.14564857503167
-56.67638114326426
-314.6075135009379
-45.40683375108859
166.70280600222105
186.99858968444784
-166.205491287206
26.091987288522958
-253.76019908182008
-13.464011061709039
184.7208016199601
71.83040319796868
-40.73595222672551
96.15992188842742
9.51281185315879
-165.19854536425694
-28.391394650582477
-303.0159967512216
68.2226008647612
37.83480582612935
94.56278785193356
-34.34795273486438
-132.03262500343632
92.95532754413752
-205.4897877938223
-193.9443073467782
-94.24370166697699
25.304534032401403
-23.568074731834663
-117.64708345733584
31.278428378661612
93.67955368824708
63.095237686446865
128.37829095751172
-84.1899225252515
-184.59615555675117
52.034252881504834
122.92821407783782
-45.53836903946363
197.65816045104984
98.59681825935654
-115.3030765254073
-72.4993334376589
-53.92737020370184
-167.24671666704933
217.4340109085501
-142.82654867573305
110.84942127231407
-16.00574742065119
224.926876297384
265.2227092444099
101.84686395635366
-142.0753394137594
-43.44851883391852
285.5539956646664
-35.258200845798406
-40.81457171891075
11.16097010147836
106.91562133456924
31.531812537771167
-196.55214411818858
117.75668203751619
-91.29736519678328
-200.1356925529177
-203.93431570733824
96.51467103168645
61.054699052229225
-47.424625857997974
59.5397038534902
-62.56083988862234
6.312338831875303
-143.80725442621397
84.62715414121259
12.015983651368217
32.436964537027045
230.1343434785668
104.56377353824735
91.0500018745588
-131.170308930597
156.6767322001163
-64.37626680084607
-295.1540633863968
-108.82221753271654
-246.3110179156016
49.33011862128354
36.087884595303954
121.63553279624675
77.87009709006529
16.439499822548445
288.71637418838964
-103.8010525822998
-170.99721803264427
32.112806833588884
26.06075993832044
-27.576834062511494
31.703064607742835
138.40956300801994
99.36744662550348
210.00982742196913
257.12349783242917
38.399955843646175
-264.67355389752
-151.82107294966553
200.08305914185462
-40.247850161154965
106.64644256254793
80.85606618249585
59.29072471745856
44.106278138220816
88.05083794699948
-55.88236237662856
-10.87336032186977
196.37860375135196
-170.85464349428037
-120.05897599848687
-8.676093566075284
-160.742191801963
-13.812937041038573
88.82880280743862
117.90066163439373
279.7923516989492
-18.35379038810336
-291.74587181357606
79.63101328342734
249.54007063767057
325.7708762268282
131.87207395221827
182.56856586852493
213.9098778418433
-244.24766443646604
-201.6563990373999
-137.93929136385452
-0.5532812995647896
17.478322766599316
-146.0826966151983
-210.4449388685365
225.81010556184194
114.60520642465436
166.75899931323474
109.3609106028325
-174.09434236727222
33.70868360028145
183.3430081763565
-11.851698912888056
104.05582905762795
-139.4187125662745
110.68943563665792
-172.30243405251696
57.76063180071515
108.35333438625393
121.67248840810939
-39.18714025176118
106.93154888035814
10.110461244408272
-44.08190561195809
-11.26975075218998
34.44588043492488
-61.61448212492674
266.76838392234544
-130.34300423903133
-212.0266902357793
56.00999550090133
256.23322693835365
-78.5788892015509
114.84935051702439
294.6175029408305
-184.95200336945726
-6.9783430936633355
-75.04429968591478
111.71380573692157
-52.919118896406495
-154.5465175849171
-139.4819639961966
-48.9164711981704
175.51376898316573
-12.748306165835434
93.15625846107437
-247.33137596929092
54.681305201755336
-70.28777784222248
-303.3749910835094
115.89982116116293
-71.86794895334788
40.835942945361445
-124.2750416072121
7.989217137594206
-41.984634118096146
-97.66013573640778
-448.1162631631455
92.65259763320972
-454.3089627221849
-51.69964732316346
91.74435803720526
-8.422721213563674
194.27021201604066
105.86696434579628
93.43181935079967
141.7100500264126
-60.684079209695355
1.7847789100373024
-148.4503134389928
-166.3169045456001
179.73146910268113
56.95885080618929
114.39042341730568
76.77962413420417
-125.46452833208237
2.927367971850176
25.580313695847167
-22.08918517379974
129.60581686293017
157.01495883223183
-224.83447603543246
497.6633483218101
-188.96949155532621
-181.81946962674527
-70.18762280073435
204.90104687238414
119.64845354747652
231.69236203941406
46.43359893249824
-150.36390823747502
-57.115263487175156
8.126402709830394
-73.41180099320816
380.81567051656776
-174.60665644427067
-100.02972721708758
-4.547396912298082
-19.12312035622282
-177.06055697643728
81.48971318826803
-74.02852482603714
-72.50164858079984
203.1235944503631
-86.80076984042861
-133.32393087599107
-274.15920507130835
-262.02915026787804
-248.22243545498688
-181.6287158070557
73.09735780410621
55.204012293584384
-90.10958878400169
169.06007799728025
53.2738361666098
-12.49378135418421
-50.39497134335975
345.6666304862885
-17.336531346188735
46.847272736051224
206.8647705956613
18.846948723299196
-86.3362297129181
202.4606932957151
321.59022773611844
-56.17218386874764
-130.59170117309085
-100.79475705428337
-134.35375040336942
-91.47198472794206
-0.14256318083819197
-188.1151784264992
-119.44184555130987
162.72645191083322
-190.2779078247436
86.74455844468042
30.798126625591006
-363.1407790806867
11.043056922437259
56.41036213613105
-269.72462208379153
51.50217561209488
174.29154615929784
-31.33192744041729
150.7312851324449
-20.949999289701147
288.1305836647432
12.693230825932824
183.52957740585805
-157.49219362759675
391.58982447252276
-192.06513769335376
38.23783317161941
1.2422621978013593
7.805278329210995
253.28854493242116
263.9512307255115
56.76368337726533
-232.05070481342517
131.30733305015283
32.435899617109676
132.64718806583141
-8.319401325633974
87.64531555282547
-100.30847402964407
-51.87158382944839
206.5006664352026
-64.0580580288381
150.2807723032276
94.92134708453611
89.40299249674464
-186.84314475537394
-105.3357631031887
92.35616590773267
187.23564058620286
-229.16978174913467
-75.30494239808408
181.76634303675124
-283.9986034148305
131.24912875207374
116.44660769946621
-8.748182634742522
481.6901618084935
-52.8620195196233
-78.03631847124814
-180.0877124410762
63.86031933854435
-29.97104387361628
217.33827227357952
-28.3151289905035
18.092748902807564
-43.88053186141331
43.43117988303753
62.86501958005332
35.716872034249924
41.913046254996615
96.19752839239116
130.12508458160676
288.5429596259376
-221.5334433406165
-48.10911959791066
128.10620207978667
410.96820355197985
285.40107332668373
65.80585096660488
3.8627536030676697
59.65790122968223
50.58319125689936
75.32340624570432
244.82118757705396
337.54753701460197
-164.1947948222623
26.432102647476473
108.51985412520777
-109.71007337871475
-25.642082749549257
-94.03560579282781
96.31947882061029
324.28815786742325
-135.40294242286924
-58.083791050037
-67.8504489695745
228.20706121843253
14.49377871086557
-0.7080024438759638
-69.6145646853878
182.10827560111915
-8.471634441072187
36.73594380076606
237.9583029359349
-38.035299071316544
199.6344141447943
-18.61585049131603
-206.61923522056549
-102.71269108491511
384.852222706965
-35.79767127059833
84.82437513665391
-104.22217476695069
-91.5091668133999
-110.63159062336375
-112.41591202667986
-43.46412791785344
165.46762161291537
152.39124797606507
151.33117832242624
-314.77892231809943
-1.8831169236346639
-306.0546397883807
298.6961570875225
255.07338794039515
131.31939078779223
-18.607734304343463
397.36707728279663
-8.22600396544891
53.72850079775319
96.68602113782538
-255.8544359674475
64.02770534110438
-4.5318862789397105
65.23056927029316
-104.68577649042287
64.16886545220056
165.17181254216527
-61.29027690986969
-164.7598545244921
-54.159254292441496
-115.70996194105925
-175.6749017093456
5.182384298140575
27.959142718230485
-135.33984910602086
104.43517830799702
-26.97258006126262
-72.438108893075
-17.758522886156463
4.029299113207614
242.22835347257978
74.41712464575612
94.02931204972607
-26.41699713129912
209.073808243896
32.506440532119846
190.7277083100517
453.0146863986954
171.32482514707075
-33.59786536748331
-129.47254781809065
45.86049804411874
-46.895130239082164
31.564824262408198
-101.67646332320844
-148.83298182768306
-95.0320603332825
218.97975825698938
-119.09306855541995
113.78630747597326
27.932519835265115
-9.283312545116484
-77.89146302944066
54.027517409088325
30.664194992667724
247.25567678530754
282.4975611016355
25.863652779332043
283.4973442809129
145.6837308868785
-149.70509138102204
30.52550279448018
-3.7164921951350474
122.31756928277764
-72.74486066187679
-22.736473402886176
-238.50419370364025
-59.89633492069649
1.2307045039331763
123.78133534224014
-46.85885490655879
67.35526747957496
-49.0558632849407
-312.54962452491986
18.957691291544013
37.361509535043204
-5.52794844073093
-124.46608614778026
-168.77510426587733
93.87522164965671
136.63946465767629
199.11981681877927
-168.5946198675067
36.94033991162042
49.4514490207146
12.00445140455508
-49.59269748434187
-194.31389492173642
271.7525257558322
-11.83423140593246
-207.08125981488658
80.41896183468681
-95.04429288475421
-63.514898641366436
137.23870225525596
-1.479528730185633
43.65496058718401
-196.70851767777998
48.49941638942479
17.991216579739486
51.28608594175326
110.5231208983454
193.03089050317325
192.13664469185798
-123.29280246462936
147.28754266406182
-190.43764271297778
-120.95188350697308
-17.428053728732124
265.49163035897453
69.34293959035122
149.20569330169144
75.18711449568839
-100.03909507801743
-168.39474337927092
-318.59081130243703
121.98680282247636
114.64444819038536
66.46267635426912
25.935043459804056
232.7478873382628
37.73017076907733
301.7890980193077
-189.68751269900673
-298.30118323720586
73.6821829089372
-284.7531160448971
70.11969310964469
-68.76433076510123
151.39980587918865
63.2405347982364
-94.37471027031863
49.525410355068615
140.93800290321335
187.30335625509457
-97.32447958703737
80.16308967976153
255.57714333802588
-30.878524708906664
-17.075170128572093
20.23098450397623
-110.31392229502252
102.42597021015254
154.33768438384476
30.784120606925967
56.56419205426486
18.698362459781997
-90.91759974810398
343.99270565405055
51.226583553875095
-138.07404653235392
284.2596880846817
-186.1521293974122
-9.009240663625944
59.93133120128084
66.44064268053341
178.42844934977293
8.429288909041784
65.29797020812131
-92.11889295529069
38.70394703049895
120.15978183343368
67.29577035598805
-115.941396858713
101.73634936622611
473.2223636333726
143.44847394363765
168.36276513306157
118.34173678867144
-346.39458225386335
-125.37813341048512
285.7428834200815
-163.2622663256855
-71.04116045768976
-142.68180146138704
-2.4414776397550795
13.719865524431258
-214.33785197829295
-156.42939229091354
216.67621750134705
-136.06105004981228
-92.93528010675288
-265.07813770143684
-186.48133130200657
6.252455088490853
24.73801231171747
36.50356911097776
92.60869011617083
318.8712213091138
54.71873359307206
-121.74770587966833
1.5039859788690586
111.7189604530057
28.909585436686626
-77.84990230917442
111.6110282588918
-106.80496560594632
56.16702491298616
94.42681351934495
36.55666551682383
42.09470200630522
61.79498940596607
69.64986687880719
-152.0113697852185
356.1050922426309
-32.53427583023991
279.9346298464637
-103.79433553765169
-135.40716694186705
-125.34308337971926
210.69145542483133
-113.64171634261538
-9.954586729741523
73.84063487552652
-2.9787923736081816
-46.40201540652022
-89.3520385740961
-5.937134432681126
-92.88856408170928
-96.5318155762894
-58.91944010742735
248.4416955020311
157.02831469096046
12.685152707237627
-120.65883063000445
-165.0455023600392
-176.291173660805
-232.42314305668995
86.68807044694742
14.219230858733473
223.69838612218422
262.0133546300997
-252.07893913818413
-16.83970342115732
204.17807534412302
177.4707899143987
-155.14563239216207
-99.66890695452174
-162.62066998716585
32.786428371908436
1.1340338227592293
-218.59708328357257
-194.92150632985363
-5.91721451389049
126.38901540238658
72.13374404175254
-163.37648111114257
-51.09008230456557
-2.407436754297026
-19.41957325983634
150.50911223387453
-312.4039367712874
139.657797868897
-16.47727603420137
71.47517516522025
234.88114709127305
22.051328196740826
129.63070799911293
-219.07115307153907
-11.300614405626112
57.53426063845007
13.932564195182591
-85.567707260244
39.474199449753776
-97.02771333195955
39.72959931360454
185.84135089787898
-122.41714913742695
-16.897308811643363
1.8364741967643565
-92.7183687542717
-110.96268517662467
-91.0241352599256
5.545582111447024
257.2336926416735
64.63899291663486
385.8652525007132
91.58391451612081
-46.07748381503155
-121.91676366517278
230.53348823023515
172.45804812199987
147.48485583442718
-21.392928483962997
-44.87207651767113
388.4190912795675
38.03534659776996
68.3702778953405
-186.2579108198232
344.99391213775857
16.373305545306142
-248.79654063747643
-92.83915418655347
132.94293470623435
82.67220409662424
45.888633627120285
359.35102184311955
117.18598047839653
221.33270737350114
-239.94477265479267
-52.17104593126098
-105.84265605151123
-206.99737425325503
-102.43122918146015
-171.16931550273512
81.90454893385945
-94.97803145658922
338.2555111021671
81.28063013570491
-107.1402746903045
70.37066714225116
-210.12716487089955
128.91790908460345
-34.07621784058555
212.5854867875016
-101.24612551184977
64.65542997444486
-58.03233932921061
-110.41515989522416
135.64247999841183
-83.07373716624866
344.4563338588523
-27.194579270880997
-56.777855092184794
114.78781900697088
-73.4013666482251
-49.076353880142086
64.83895804625817
173.42508466021678
76.19241762364982
21.056029655340637
-348.0344716413467
-215.98071690038103
-55.882902481012366
3.011731683520693
120.80295863663419
-544.3517923940983
-184.10692593512738
-31.963973148196946
64.05444135934732
105.72683419462332
-346.94545163132653
-45.48706344319023
126.80229930059282
39.746308239010624
360.0400453476529
-99.04621470248512
-25.497067878830556
-52.77230644148475
389.3159188137637
-133.46989326387177
210.25042986088863
89.46238957249022
-6.584317234908862
164.64904040457196
-33.218624386158886
-63.15012662702418
-139.5722964711686
-87.39505699853498
130.27123654696646
25.281484122791912
75.05029171471392
-212.8155847337695
12.146738136117792
339.6469281682142
-104.28413112044092
-293.26029046838
139.16156022342122
87.99811624097549
222.6688051991918
-11.686295109022133
-141.0954524249851
-76.69987966516142
-94.14924985397104
130.32441619635006
-74.64882133294304
-262.8121334966758
-36.55941987554572
35.75148075335331
-151.9716945597182
-25.4859948193208
-413.7528767207367
71.89328052388815
-201.00965989914326
-44.26255577392241
-6.880229504043985
121.40554878308794
-96.7221819320046
4.837686266124918
-229.6844870757156
-67.26074033367262
49.46063739724419
-50.61240308066239
43.14024503227883
311.68420404036146
-89.21968433276277
-34.70142064313442
210.8456277648919
-28.629522998252828
43.48808553442588
55.72203237013759
98.21410123576385
226.20875742525362
-294.61639604698667
63.05596976478599
25.491467045176055
115.36058669670186
63.7853490961053
307.52075145174246
244.97172875015616
81.27795606538291
-58.496808637580415
-110.33371957521292
-78.74543673353628
-80.83673795335633
177.2832124776401
116.10858786546174
373.43772469362733
-23.361222078677688
247.04740152377465
-218.87136849856776
-87.47891683474927
-41.95980984539856
-86.37356752937286
-200.25567952788887
-63.22879322296695
40.937783068381876
-40.58096442266877
381.53029680870446
156.41274685341415
255.88550655626912
