211.19412264500144
91.14338432969959
78.84547788837331
79.8810175014293
-76.99310160219922
34.57984816459199
-8.486770379923957
-120.30127000582104
74.59281058316515
-116.90168717986744
165.94884325309803
46.70241870604735
90.23277187725247
-47.38387439437287
5.59454572698534
-137.05340673628652
-60.35156988240852
-159.64124280520358
-63.685189541669146
79.26466114717358
-140.1539332186615
-21.6773812152745
26.315803240793876
152.77103562050604
7.568519873596129
-82.48035572002954
48.37786334910481
-2.735556089168251
-33.53909113319321
68.17805882837162
86.48405636387172
87.13171771105222
100.47347972204199
-63.35472793388106
5.181182263921656
-202.81735618527603
-125.7324376267458
7.122542202455743
-16.578549668083745
-26.443519926000107
138.08622400748018
37.74684648414236
39.41129035973659
87.97059299625373
24.130562257575097
61.77239321105679
-1.8069099368167532
161.2221485851718
53.50119821650277
115.90036551243888
89.78798301618032
-69.18865284517877
-111.87384402584914
-41.644046935759526
115.05313107114152
-197.89445167454542
-21.05408710455061
40.801894832131886
-102.97852598083539
-36.84367063003503
40.390767789974454
53.18129430132164
45.73798292368128
-66.92873866317314
-18.4182764937201
-0.006456550452283771
5.228589133243767
5.89233220884252
-69.04403638735174
-94.61478940937674
-100.38307152206363
94.50527666197871
251.20263328389902
-263.6603061579241
-163.50940065529684
12.802205529057648
-125.92205112044137
-63.52966301499922
73.38680921177667
-45.65070519922326
86.90592756699454
161.48478259135752
4.657788433056431
49.755191592322
48.855598175443944
29.967311561244543
-113.96988178137262
-82.68334001520556
-146.05062049219666
-101.823298299186
118.93790534365462
-162.86911926807375
-19.122623758078234
-5.240569788558897
71.32998956655696
71.04129371197845
90.86655790641097
39.45756175771328
126.0230225201767
-18.057492401458745
163.0308788485927
231.97845826998244
182.26593582021516
82.12579330371106
-100.62043526404759
74.93017240867128
-2.265107705245647
160.7138625212431
-21.940708199556383
97.32889924218203
104.71804714970673
-21.243634384652466
53.98838582733521
92.47238073063765
34.511938363369104
58.2760348906627
66.03022110795617
66.84565550828604
-91.16877397414967
-179.0876182678438
79.73450481997898
35.637698829008954
-70.92280337793272
-8.280685762088522
-57.14269873485866
-44.92608741561406
174.74833163714803
33.51359200286162
-11.608330273201021
1.5704460072215887
90.00984634276548
-60.14679414165323
2.273807295568908
27.530558391514713
140.89269092797159
-10.536370110496515
-55.360047458469104
70.80517678215033
88.95845855383995
6.487342471610933
-192.4622997883598
22.37020426339699
-26.982426685900347
167.74058986699885
-31.97812891388945
-295.37755926504167
23.893624895051026
105.9226801177317
-4.539885748170077
83.71172436166681
69.32821989721323
-49.85104280093161
124.41044344836789
-20.137419357421116
49.31406808255344
-40.64584984579398
54.06312429036925
62.67495904690785
-61.6977979372952
166.52686287613164
-48.78108381072097
-123.2135835817179
15.017000085442236
217.90504113872262
56.855737780358325
-132.92580840015538
-26.39343560482475
25.712520507445202
-118.68843154116115
-68.92488560646333
24.55418716495753
69.28662500682586
-215.1154837527991
162.32451507785402
24.53615854787125
-56.35292577968305
105.56948244318248
-60.66483272238298
-90.66540596046394
-159.15771832045806
-84.16933846342351
23.5446660777748
20.022599269226834
87.45618994718878
119.43074512908885
68.32924211868848
67.82658013086319
-68.96832895818548
63.533214362621216
113.45051624147108
-29.566420580250217
71.62371941403043
41.65356093822577
-253.75768362372455
-8.517415213564089
28.052106713562694
-65.8391866719406
22.07526640229081
135.66273302896266
118.1229083599405
-173.45271545560968
-123.68444899707151
-61.275973166888896
120.42427133023057
-67.44501732638288
20.357343565136507
-135.20454702464755
-122.7081277086142
15.083901356969406
2.8023150334638416
-154.23773214999616
-124.46257184544531
81.9005997768244
5.850479506189349
-31.544423466159547
-62.5574828399197
23.22378485164748
-122.5714136352021
58.76567314723513
-48.88435974668615
-156.45465056600142
100.53339585205092
-138.60565045442692
-157.45443397166346
13.361831784615646
33.83400440754002
34.18270212346024
84.30979937196027
-34.45200951172472
91.71583064879772
-124.28593415576185
117.90867201122181
-120.71117597391667
23.637071544606837
-120.67029502416335
-3.1196892766383524
-147.92832429151528
9.777764001006338
156.05319171384124
111.88669036707482
-52.282337007148044
47.11997892839465
-97.11696472595811
18.1149088373514
-176.51235111982666
24.3525527098492
57.32131511523212
-88.61549746050707
-63.957257607710766
-194.30793371926094
-23.538365144921087
20.925683098066287
52.32893488031091
191.03661392194843
266.8265365441761
113.7208534305301
81.57759294539431
-69.62361577490576
81.27162914785735
-68.8836912543096
58.87047731164435
117.66836979263336
-73.90203263143914
2.0175940947481306
-93.55160181751963
108.93497455238456
-98.32528558171383
28.549125210408626
135.2212299551647
-22.205107521287406
122.54629402066567
52.57202175616153
-29.852481153045726
-105.37275219468935
-105.45727407330003
75.73623305638904
-100.14221311893981
130.66190152212383
-101.51492180276813
-39.39159982785272
-140.07261411206412
-18.15368028202284
-2.6170935304741785
-46.21622318033376
53.878304297722465
8.899925787352108
127.7051319835081
3.7891247180267067
111.03933159593103
68.75662016503489
-24.79674934872456
-129.99705738021837
-66.54819053879649
-19.841412312981692
65.81442413448505
48.449155047182636
134.9533784341759
-65.02160098104613
49.330837953759094
137.21598671354755
-2.619765698534299
205.32625599183268
99.35670970208498
34.51421136404599
15.324123165817973
109.86815255072169
96.97143095796983
-16.120784118134548
-105.79379213950989
-68.77787528831738
169.36075155376216
94.05455090750836
43.24612056562441
112.92606285031982
137.36656525503884
143.47266955879826
98.80548084698475
61.48026575828938
68.06069561902257
200.15320915592153
36.300061515322994
71.95925198919967
116.16318208760192
-110.66800631135804
-154.87189169184106
12.404063916677782
-25.3768541377703
36.4238855501284
-38.81204647315471
-327.57033672293403
-25.617155412867763
75.34992843368731
-99.66924500887121
-199.34313062698317
2.7525936199194883
-27.98129749886843
90.7317422117436
-64.91160554438451
-59.16803885862115
-49.518229127710015
-30.320339301759713
95.64476726549755
82.81449276811693
-200.08013583170012
-56.115637776753665
154.93226742635107
-76.49396408947626
86.724064424027
122.70458578205931
310.432320344314
33.73160764715513
-3.9423160620170488
155.96210363875164
199.4531336292806
-25.716918972184818
-19.39670224797422
-149.06968365862318
-111.6418406848877
-41.70266928849764
-124.12161870230092
-50.33511794744476
-176.6456741855149
-80.93705047680496
115.31996329979572
101.19831146936286
87.54675931445229
-37.3860569267874
-55.70554196616981
14.484733109369088
-110.76851826806863
51.77233485927899
27.292607859509015
-23.17769530655941
9.8653927100195
123.07614651263256
-72.07459003876879
75.0611766340133
-18.00472178231177
-81.57800705558263
-130.94759703580948
-93.92768975287443
13.408377002872452
-70.14716801689465
36.619172732330334
-51.46451294977353
-169.36702739377267
0.6196185562328544
-43.76424041909413
132.12982630571634
-73.5725768930136
122.38656903752097
-2.3964060762542876
-47.35186880648385
-83.85439904385844
-21.33090129526189
-86.15214218309742
-199.23235463390728
-162.02637651839913
-173.90886160516473
-73.47382993617992
-255.3766555217057
8.980631728152193
-97.82011112907615
115.01479783766176
-36.054504608071134
33.046837563796885
108.8063657422035
77.26149832502034
102.15478218864683
21.12575421100805
-48.05036839575975
-262.35438863952714
-30.069004790266455
105.6816097694893
17.02067514258549
-28.122787325990004
34.63067983067691
-39.26181482403524
-26.654439501150406
66.63494054511703
-47.04316010125092
72.62439412817281
-33.320544428949205
-41.434348212662066
-122.42857967835229
-86.07692355436063
-144.15173309890258
-43.312458994322476
200.49505678459997
220.9847324452776
64.12850968100099
64.59151985451075
7.955850142852567
33.06771885946177
-23.857168602188487
71.24810038783151
113.3689153912023
215.14812161784172
-118.22432892880016
-124.09906951290844
-178.98801258772104
-138.82961110663507
-139.4502475728879
-82.78787237401039
-19.867365070398787
-120.81560110930647
-3.6187242806188045
72.59670388623715
-134.89646995976312
47.370404870640584
141.70253289765506
-34.62896306326726
-53.93921218424682
65.46057924520363
158.21651109315903
252.08315189594717
-138.18773123304356
-126.59904208919585
-95.05678219679614
92.3336368855785
12.007081676854739
-83.03574747100434
-144.3650644783818
-75.5372954335907
144.20868034697392
157.7669298685835
-17.038721226375912
63.20917421241247
-75.98414558382359
212.72150994479853
6.209714628108518
-276.1610894241058
138.64396150940152
-200.5085396277815
127.41739481139116
-94.9720245176357
-39.68164972112908
-19.202107219815066
-212.02173885936574
-57.86299009421259
31.29465910397382
-12.160791777900362
61.92335086175284
-90.2549187915449
6.102129673248464
12.493989245952276
-232.22429725191967
-92.6586980651126
71.09308522978517
102.07821647214298
88.8536516934174
-55.90099967746851
-75.27377265002724
199.78335312726787
5.320469591678594
-151.24342907796336
57.88891489878608
-36.661473982611156
-37.11778760887585
21.193819736502427
-72.78153093280606
-22.43828770088508
41.713185452016305
-119.32879261788688
31.616550409835945
12.213316016739451
81.93692487753182
-56.71727541560739
13.86919475144356
-42.41677808632079
-36.36619089758871
90.47140344649569
-173.06978621124014
-110.33476903919376
-117.29417755694665
-41.71704609599355
135.12938799685182
-122.61890498077936
102.08259805033707
112.32166125332185
11.479485079380428
46.8557347969858
114.64016818305181
-137.8988722004338
38.37922517186566
-3.6767381545457534
77.74394056881127
76.71293836210657
51.087197378883594
-39.533756783603614
17.31023595065071
-101.80188880079095
96.48805173876683
115.27374830230848
191.6762767132981
-10.783354727823385
-98.61241122175629
-96.65024370601039
128.79846208028638
41.00973233305241
161.487338013679
-76.3287761056896
10.977878800294897
54.0112662884845
-48.87653892334402
-111.83529381204634
-1.650312651548024
28.20835329178918
74.22229401399973
-11.180419024749773
-42.664584667925475
-193.79867609414038
8.287597047559652
40.28367305472893
-52.74738880921636
-110.67025909456491
135.23256956351955
4.5055293275680475
130.46967003549742
-176.8490708423284
-38.8559738983895
123.97989311985116
67.8718029861656
30.622072010151538
25.459655251210915
-22.54421325187654
41.6189058672115
21.05034916853449
-41.91094755807354
-72.78443236950964
-240.3696206600507
11.888223776366203
23.56939431530403
-0.7515381707699859
-164.27613273166006
31.000865346214827
-18.47227504520674
132.5220718415968
162.9128620685359
-93.58785752719342
-63.55888384942062
-115.19062538596458
-110.82619539517357
-4.618045719700537
-18.37154660397165
64.29354274891693
-61.28089017871147
7.985462394174365
119.47510339590511
-67.79919724112787
-55.22103104025137
44.289089640199386
106.60558774236908
-69.52036260398117
74.38029583626415
-9.44752358438511
6.4339978657657735
-128.8548843086842
-109.24573550938976
117.94206630829213
54.560664302893365
61.3468402684821
5.163768184178883
42.12534525481805
-34.933808252599945
39.46379613644227
20.153160235367423
-66.74122066467095
45.53313612952552
177.25523856631392
-37.24018394223404
183.9427503459553
-48.00366253136137
-49.453714280184364
81.70189807814837
3.6077736894923094
21.620378827881076
14.80526142154153
97.60197552525437
15.491988613161796
46.05344110145962
-131.64637769793976
12.210591145613101
23.21524200495241
-133.83553068480035
-76.73804185202822
72.96654815444235
27.813390088202596
-160.31208577634064
47.48815091754916
28.490408890977648
-48.51788303510585
138.60578276156588
24.86799592482266
125.03017281021346
133.25023067120915
-16.346255467424214
72.62333709927654
90.83520504172965
53.514454932540175
-14.54078759640193
53.708965911421316
-33.802786219067656
67.41839931573675
-52.46393571421135
98.39529274025787
-9.619416720337508
19.206136479352168
38.74303241447404
116.60890999195237
-172.33101701121745
-130.99231273222244
126.35297055033983
25.64309885280373
108.37808208011757
-14.979032434625086
-47.00586018848589
149.70778293031003
19.021247141608054
106.7996135410191
-106.66578216564238
1.3295516067554058
21.62103576162685
97.07469498699757
-46.195773971536575
-1.0137532309795112
203.27621042080602
38.44549625613048
-5.925263920291042
-61.95534564693416
-35.75580477170549
-65.84452021858509
27.823885583121328
-110.72001189860362
5.8093580491248185
-187.248198109427
57.04909782671003
31.337823807621564
-56.34878598751035
74.95893073195525
58.72826720163335
-142.7272477489358
-29.51397809162433
-205.45681164834792
96.40437696291372
-175.3674944891864
106.6052099895933
101.36960212585635
-29.194992384082838
-155.0217848738094
-32.362795697968416
105.28258527185014
41.16637735481831
-121.54385768992083
16.92970610525384
-2.894724974605476
142.2259429830166
-3.1719959967341067
127.89523886705443
-68.42818390506729
-113.21778450950652
39.537373643157736
89.19776110440968
109.17563792438496
44.99063081714497
-80.84480267284282
-0.14798191785515113
6.522030695585714
70.26756048097448
152.22856351033857
-94.33828403803746
-38.44317779509589
74.9642037260606
-154.16922092096894
-5.038833234508532
183.67441819644466
-162.38686089376336
-70.2935465927636
-176.8199725604846
-213.93094075257707
124.40559133822151
36.17632512256138
-113.92612682896879
11.32539582248133
-141.29301724290116
7.162425791481637
-93.82150790809102
44.08575318874734
131.91080229955432
219.34250554321997
-77.73697898606211
-33.288022172695975
61.36115344699151
79.32258342864417
-197.05948348963733
-27.50196000543061
-0.6651109777201227
68.69436062110401
-62.24366086036842
50.775850286672835
113.60176303674194
-68.58781268498133
25.324154616667936
245.75022105583187
-21.755314645143173
90.660080867381
65.37949622796974
148.34465861293907
4.068890770969134
-135.2124498517134
191.72126658979306
-73.04414456638833
-47.690309007611894
116.83785492885065
22.551840947405303
16.46629864467769
-25.716044341124565
14.140934469469972
-31.123126916517325
172.0125827526358
-91.19678052244254
153.13112923299508
-147.50118229750962
28.19980952039104
-92.44967227249317
70.53884476559477
-23.716090846111136
-131.12351568253982
-43.30008393381418
-113.23722416462078
-75.19490841302935
52.348526454701314
14.14433091441119
151.75732064344507
-0.42409951121759726
-64.80380005820989
-121.90693358140116
-65.95495440564592
-146.94783745926966
-2.275436871866789
-52.859248004265304
66.74685328430907
-45.1940802803041
-67.38712034914796
-28.933276458694532
-83.223435511763
192.8550400639703
78.81036518632494
80.03139071194133
-45.78198930021093
12.43972940205186
38.14302749687806
-145.00465210489295
7.281067079752495
75.00588627996581
31.823378013347853
75.50058118559463
-149.29643961563863
-148.97064620584484
77.56424171990473
-72.45370257596875
121.02085922371243
-54.649590681798
-4.626319194549472
-62.16483832893809
-95.79063079670593
-100.60020014774553
-81.51919445542514
-37.22907526531732
-70.19767525102874
-31.844447659965656
181.61377196175047
94.19620909043925
12.246663453655897
162.75084685410414
12.143464110992706
195.2718204086307
207.0700420983474
25.415403371402853
21.15710681294965
172.05257632518928
-87.74224725869108
78.4126086291626
65.51148108173406
-53.24486882176058
-83.79417450410754
132.199397139204
-100.2152394252223
-69.05417959861914
89.85686925806847
-4.310448859717825
206.5543999445188
49.83813058672101
37.612050001549434
7.565354653751017
-129.4910032851704
39.50357500009829
127.49423764370712
90.35663456494466
134.1243934112961
-147.7080594525282
-35.53781362367342
-66.71632015976286
-60.21878030217073
159.27851227864008
-73.94700031711264
126.38686112486076
181.61233422963235
32.62373825199434
64.05946807751212
-145.35246792132602
-89.3113898816153
-227.5616562096117
-178.2894497046127
3.5993079246932647
-163.35892644102924
-69.36340405247712
11.885825341818327
-18.46166831288619
88.97256016124214
-58.48918431182348
-75.54346902383122
12.380130402643484
163.13849639607324
-62.85712808821787
19.020866225793974
31.17921683604948
-25.68045939200365
-6.396267325548045
-11.369773428252765
-4.3006838307158946
-260.0387616100414
-33.02613275704918
-90.50249679620944
-8.980978760612288
-115.36282571458062
-203.2948563248046
134.8187589035446
177.57625777056455
38.577555788134845
25.1503825809017
-183.19694657278507
-126.04748301999153
-51.74219235080821
-64.16936861963724
65.18529318683724
115.24866338492994
22.083273277154692
222.5410923591678
184.86835829502445
34.30276734952672
14.80159154440519
133.45642655806213
-142.23538317952028
-55.82154545143391
-23.668789696969192
-190.95064450187735
16.46821597746257
79.92703231865818
-109.33460566607923
100.82266914217693
-70.11989413003495
-134.75160624681715
104.66806680438681
-8.010933912840267
3.7466466686634248
-46.76808910072682
79.21907332622439
97.62233165038049
-3.9038027678183145
71.11189992278378
-79.5094927212887
53.07777466018514
8.507261489790588
33.464848341669715
14.585784989176725
83.61649313959717
11.713270047903565
50.230427304367495
76.18398976895958
-5.875910679094538
-180.33567895554907
-224.90391177949175
151.5372649155286
64.65735983315551
-168.54247145918862
107.40482626543198
-126.45353753984053
-18.757765664152764
-24.809071095594685
6.128140912637018
43.375403050380854
82.09054862546742
93.71251859434994
-95.20298019710377
-45.516330579570436
-70.12847823567962
-201.52101376592054
118.21324234171395
186.7413233169756
68.87240690361308
136.9239523509849
66.41810903025468
73.06446061049334
154.19304998039536
-21.882607943665978
-102.49080290299194
55.90419751545977
-31.894369529484333
-38.598665543629046
-156.8823438913867
151.03373857722696
-7.329739610859868
-7.124923214589303
32.043715619694176
-74.88903060356847
50.7237200988953
-36.01634687023443
90.35902939705437
-1.939141656125984
-90.34217436200436
-3.261334161356456
84.78223721977413
42.100802468860195
-116.4360671084162
-58.62155026837042
-60.67409157928044
-35.740032718284624
-17.510146436938648
71.52801005014535
83.51778263876506
-40.893934361067096
147.705379047784
-72.01543188379878
182.75409614698802
-9.698355468427211
-167.60420456099018
45.70766022990817
58.692748465448176
214.91426672129077
-87.45563847023841
46.32649467351525
9.319519600259527
45.673714903874576
-103.53308963596088
-6.586346427429943
174.0036772927966
249.6045771752727
-184.39187762581773
123.09482026603891
54.960250529888114
72.88562064988241
98.65784115354846
-9.402758712081878
2.7967775771668544
60.65522531105014
59.34007837296498
19.410567457089495
62.66238776549412
-51.054029109947095
