-217.05798289450937
-111.48236137266574
271.96679053252996
-27.358894181163386
63.67297927137279
-69.24676467723259
-102.14295889498847
-198.23929344197973
-73.29296050245159
9.622069348922036
72.6787469733093
-8.296558614771003
46.61495048395403
-115.18711563352043
105.36445981984193
54.49126096000905
36.2740194664792
-429.84275961262273
-69.08944564183464
-295.6146707160049
-20.334456973401835
-191.48025923171494
-97.99998354901925
-242.88541822937802
-105.26785960808544
82.47030013451624
-255.41105587187727
-26.31731563837398
-57.862035946734814
1.5097985226956625
44.329445462209186
47.0838063655829
15.169116500496738
-157.1563424430198
113.78241429197993
235.7440410961386
-45.71509043058714
5.236801674745317
-70.91790094297018
-284.16128547044906
41.763057588015926
-147.66807385062143
121.31955369969938
-92.67563535139777
37.62343953623544
245.16301588617566
8.920631165390764
33.809734047036756
-228.13995360215185
-69.66137722917237
111.93138179096204
-210.34405433893926
14.298477817743985
6.359969800773916
-24.626481492330146
-50.097698533859514
80.04138640559668
206.25484842904052
237.03995698817175
-220.11499587442563
32.312739713776104
91.2952207956716
92.10113835379533
-121.92276389741764
-256.11766752663317
-13.363360559898078
-42.10002086495347
-136.22491034399852
88.4131760414256
47.893199112855626
112.60119633716113
-165.6777645778433
36.09668058738385
-1.3011899808916176
109.90563979752096
6.538956412509531
-34.04446130609575
92.18663002342981
-170.8363661987149
103.30280691756235
92.61830514068407
75.3709207945894
-350.70966795879934
-83.13373858896821
74.76659664658598
152.618442502157
-1.668862711400765
-129.7089879451553
153.61651471745444
430.97824158967524
182.1522107023149
-9.106736551045923
21.93343302121417
-106.23357250619235
-31.87412750545166
14.31427739238778
-232.69938658363824
212.66867329623057
-11.273020532884262
96.70560366613813
223.82439424135686
7.813055671549209
32.076764247160504
-174.47707380541488
-70.77833129701584
-81.08595956388855
-124.15012446915135
-103.32701089290346
66.25166196351073
12.502100719549082
14.810956018140079
201.39663907385787
-106.5163246994043
99.31159285874969
265.09945410757314
-13.247206486883568
-222.63350497417696
-76.0344560211068
49.958385905429346
-10.955174436347106
128.9890938491347
-54.46529859383796
189.30291319323229
282.39362679151856
150.59107852641438
145.86602055190747
-257.2832426545475
-139.17899153879836
102.11743979387148
-25.837359386616125
362.82835805817496
-202.2062677632522
-175.0792741665257
69.17161572957606
-212.86132622091233
-211.98810077595445
-78.39422510586938
53.87497503005697
241.2272945886348
-282.0436335796901
203.0948935844041
75.86169507501971
108.10094805272891
-33.10250468535591
-53.44688804563064
51.993487740684785
-132.83714035889
164.27257455988772
271.94579991787776
57.47777006074591
-62.2255192427259
233.71267825268322
-26.803847601416365
-273.44297327288245
77.2507390634807
-123.46346861802057
116.81216343717558
277.4316707018076
94.9398828711757
-111.58055744520655
102.08137053676792
63.6256426014939
59.60475553377968
-116.32656700326646
-48.92689253317899
-58.224964473487006
9.580469639143264
-104.23746090721369
102.01402671378202
51.028556614237345
186.18539858685293
-75.10196043964896
-76.87657700720841
107.1522750250886
25.824332157738873
158.47138710759072
147.90645236846638
-60.210718444946416
52.396976235051376
-87.9370618815791
-123.64233610255357
125.12449477521251
37.591566095172396
199.81791867306336
-323.1441226537766
66.88186196077511
58.08064499605354
-5.127963765860522
69.21111918721395
157.40419860325218
138.4674036670225
23.377833809897194
123.38974385635196
234.6218869699052
95.26626332975647
-105.43908277280595
-178.3454252302135
191.82038130803923
307.24917935825994
-75.1871229210602
-163.7221385813549
-18.37399384760609
-20.53203981810328
53.01743706713124
53.46629009463026
-79.40530173341938
-85.03776070002888
-91.11969796426034
-301.832046572897
-401.1627383259582
93.57551710509404
36.944983488360634
225.14204103174458
-63.86162635235062
-101.10772941583991
171.0998875681462
108.26382517124858
-8.63031373523839
-184.3209929051093
-216.59589467290542
221.93220084471153
-421.92081919368684
180.46197576514695
-217.01013559043093
-15.538024708541183
98.19992086495222
-222.354747441985
133.28481766269957
228.85366972497118
97.53872792263776
-44.835280609304355
117.51322505654046
-63.79261196050472
19.689115991129878
-121.91705553591136
40.94173211991828
-448.44222462251184
-79.3068812385523
-153.9287760487025
-62.425685287481976
-60.47542376099592
138.90345475064157
44.58304555363375
-251.82590430815063
-19.96862995862026
147.84117009902053
-46.905443487361964
-311.09767414953984
154.13216476161568
-102.57453026502607
201.27514826232266
-113.58652913550742
-90.074575661939
-205.4242213849766
278.2955430866519
97.73792831429988
45.22892206618403
-174.44630626124413
-17.991096304941966
145.70588251087196
-166.23319196488785
11.734964341358053
163.33040982885268
118.50845745637507
-23.994920322584253
164.75721697455205
126.0664095396056
97.41794213086668
-32.86103700290045
55.44944373734067
-16.18446260584311
-164.08728987510764
-121.12514427812997
98.87066148175698
-196.0216509553908
168.4977848813666
-52.42792384589449
-20.028679761150496
233.07544164867906
68.02274556640064
-23.734322477517463
-168.76596573347175
-31.988411698314476
443.1172398890537
-180.4489226686107
84.54651248822361
39.8373930085366
150.83201608311634
-20.600245568703947
27.51777999947593
77.4536175801942
107.35982391462927
154.06449643906058
-187.0073333429999
60.254899856587926
-87.13048195843723
152.9478512594953
-66.51399557750915
50.945961096272654
0.9012214542899301
-155.7291530656814
-69.61815029803333
54.75958984525903
-10.90471738712223
-124.61711136545783
-215.85077165069663
-294.47034758905386
167.97170921379296
-65.01659386407879
50.32624698411958
130.02992833427118
-208.8953247061543
38.35394859064647
71.15800091916778
38.95465183314247
-147.01846467202688
5.271860176534025
156.8017456314701
15.027370145400436
-155.35000943204926
165.3260587109322
87.09423807644703
-181.88190750949414
82.30617518693624
1.7454909498581421
122.04135202996898
-82.39818905578466
46.86897843091559
-60.00940769091008
147.29879130792125
-241.67347667522725
-119.34021941714647
87.97477499813482
107.47709684696147
258.24536456584275
-259.96793391949217
30.068642928620793
357.909651069943
86.55723818827087
43.04596150610586
129.94393995473828
181.6711949777452
-126.26168644444405
-73.80399342183868
25.892266770832236
44.91402560682651
-64.08404835827619
87.45457347909009
-192.8561800569874
62.60212926157142
216.9912214370436
27.948632595842973
195.06530634381534
-3.3722308257977605
14.804173588619836
-22.620770043325734
-6.162845055884953
1.2889690771426667
177.0451566256245
-9.011233764683244
181.2466854818531
-296.2726891935777
152.33466931771218
158.73513449587747
-120.56399794515175
-183.34300111865682
99.40448104748602
190.19127743906938
203.28123978722104
-244.23159233787743
-86.90371457875516
-11.599755859835673
-202.21819971773309
188.6790678294477
-181.37741273253937
-156.86124606959433
31.633359921101043
-19.766167485184127
60.078774090408196
-128.3568641659524
5.774051054487703
66.56598115872399
142.42066812572148
-204.10218956976962
-97.52326661694441
184.56462217491585
-86.74284582282623
109.24835079458346
-129.26485719067216
21.743052345728316
-29.25429701651045
221.49287897602102
-16.10953113325706
-2.686403256981711
-430.9613009151529
20.603615940886026
-135.96094453049577
-250.4766938373907
100.34653990390274
48.20175317646347
46.81558844612332
-89.11288599859918
10.814424008179492
-87.58213501766276
67.28160203342915
-125.5315621814698
-362.0036161089223
-16.872595641719933
-216.26059425214623
39.668826306326025
28.989325963238752
180.9332397778469
-180.05332324998497
285.7398878643264
33.91923755297752
-48.0994567182739
-32.893924575611045
-92.48339468514503
-125.50495535100957
50.61892640270712
105.63122014593647
-8.314975528682236
214.04781272599675
-92.27426709347083
-55.45493661607902
317.9969051824998
-89.44529892693038
-154.31246291434425
-198.14012739787904
-12.325423037474074
34.858101584772854
43.47583861883858
217.1464381430243
37.322082087828484
-148.65558231274866
-0.759352026357847
-35.9467889831715
44.054694618880205
-162.82783413075242
9.897373938661698
-119.20318237744873
61.75747958989172
-378.14708930364895
-39.82729212819609
238.62387276670833
-98.37883463434208
-339.59422014916913
-162.59540588687506
-214.45035149023028
71.55124158130104
30.421556839580084
54.20613546797714
-303.478695498522
225.5423599621998
-189.32452059827358
-63.94704328503268
-100.40971572175866
0.8449819034584172
-208.3821635572768
31.56235376162143
177.79578324493687
182.5327178986314
117.8777329383257
256.70410900012496
-84.71295369386631
49.841985570671696
-76.37361281028139
-15.015057389617391
-40.019514677704045
-311.01652597365006
-270.803809431922
-94.60997785224875
-94.22849960222926
-230.62439777268182
102.20570258449867
278.6652481391231
-123.65749793052699
-323.9808991235737
-132.63826808998863
21.55496619198694
-34.70510287370506
-67.42731155608699
-111.63769978517003
-166.6935583076182
67.31226252281922
106.8292334951426
74.87359088675883
-38.21304842890139
122.20421437662597
159.93644541371378
196.0629807497972
199.3738537732763
137.51194007477162
230.53091115293128
26.676928197316833
-4.781531844657318
126.40498450715191
49.24348232200476
-208.4910902545655
-9.191918168925772
252.88351748660446
362.13233675268634
443.032019267058
190.76495223140287
335.9965938883915
-132.48149503419916
-34.97961216768855
57.54577565750494
196.5674229966212
-23.019623374269198
213.60365566210385
-99.8409285176596
-4.850150784624046
223.0170188947303
-72.81949311243339
-165.8171680911039
-42.03052851795169
284.9907740040703
146.05029453923163
-38.67249335733236
27.87838919181202
104.00027484224059
144.24758162647865
-26.021328718159943
-77.25161852669616
84.39264879849829
-66.6326205340901
-310.2791486682499
-8.33171979920754
385.2110147622824
112.83607436568941
-83.33268313488168
-233.34175238582793
38.81408685295805
-131.55583659371206
-123.81370477080306
-115.82790217908637
88.96854760939445
262.6825715301326
-126.8300267647
-44.202566242548635
85.68344689710457
-166.0739968651535
59.97580775980868
244.14275501485608
109.55774549660477
14.185049603883359
1.9316351949242703
-27.82961591658696
76.03981519456984
12.416894566753282
-326.65577269780044
-20.115831247344875
-9.826395898805728
-85.37081219119278
26.749341777669173
10.574401259674243
270.9487574035187
28.318510691704173
-26.230581732895192
12.654567169331012
52.23790046419553
60.26555883374002
81.56487731005902
-26.658517660775477
-301.46769700646826
276.7049537600597
185.2691903760044
223.66562162831195
310.4971904131613
-9.82979590959804
33.80976234543361
-78.14466929880736
-52.43463175287175
30.307758718558457
-69.98994947097236
181.95419682368413
-89.08124688742498
-94.53689836819837
157.28454297982282
-240.30577537721348
36.50177387212137
-15.777353485722724
-68.10093214619282
96.61294551941552
1.6105460611087008
59.28369410860458
97.09773423796027
79.32757721604762
-18.046707391342693
-54.50809698315513
40.46470217952751
-241.61268287155883
284.78889262155917
-195.411667677248
329.87848519019883
-10.876493501779096
114.07868098862694
241.07545567663743
-41.004173984700465
-357.2972349949022
-41.43901487516051
-322.8161067392501
135.40262839965143
-310.97572131145273
-32.703937873270355
-35.523380546265656
27.069813823525145
255.36977932565412
118.7384045282627
50.81352756822368
368.72273966839066
61.62600588346728
-28.19038116431707
0.21900956737347177
-88.37713038724031
-41.172898026794215
184.55326312091813
213.60176078990025
7.909932044112901
-30.899800806968145
-30.32996333889267
-28.82786570389199
145.74496954910535
-111.9079357738823
224.52659010245432
-219.4540172986213
-170.387800616856
-269.1992793022743
-93.73384146621723
-134.60384911726013
52.93751704850645
152.67548985940522
-48.44685977168845
64.27419655952596
69.6327374810671
157.86349634193766
165.24821735037943
-106.8654196140869
300.68145111309724
-42.720679615547205
-162.3563661953481
-34.82049681408494
-150.51795603322955
188.0471666070341
-133.97096301101922
41.80738219636441
-169.73681465510592
-259.71175080921364
275.2163641511735
12.475127781119058
-127.87797201380889
-218.19954502620482
-69.22801494018896
-17.62199995208979
7.469739776547705
260.88346672812924
201.11230273324088
-98.02702272831361
-26.58047304608441
-90.86731519232869
-1.8217865349569717
-53.27433446286877
-210.95407227471142
77.78960018144505
-89.6483945959611
99.12230512865438
78.74861443769707
117.47676081687338
-61.51469624758191
-41.61809656956623
-22.1336191922764
-14.802821047518716
-38.139043381554686
3.878337662410565
298.0272453373778
175.35282913500342
256.43677596349255
-326.66071204656697
156.22772428374833
-279.46013433440953
152.88414895902594
89.68871974815191
-57.48683301722516
5.5033720132454205
-366.1819135955751
61.963359947542116
16.79930734318763
54.04412733739731
2.776756375774516
91.46985379120505
-22.261609765550357
184.9466977041126
21.3753442562336
-22.117438607593765
-48.147514278025575
-188.10033923372671
226.3872958122514
206.25943295974162
126.42974924142469
208.24800120112212
29.121350962608318
38.01753396492233
33.979226618358666
-67.72605934635175
170.821221025353
74.91028293634862
-269.0452998512209
-100.41642628941011
118.77008632293612
142.95954626229522
115.31085730100602
-55.599062058914086
160.6754891279875
-238.00210733361166
42.30764821567138
-256.179097883313
-74.71171918584601
225.79660862789373
-17.812649706222114
-286.45393282492665
100.5498998504903
-70.75795965418476
47.86545033608357
242.50728734240317
-45.435256454377786
-42.35810045383862
49.67082908618121
-155.07681831674924
-0.08190102170137026
-86.93214301801846
-55.323654282436586
-0.05059198235494645
-432.6721934717601
-302.3779371316398
54.55134062223003
97.86185961276954
46.915153351038064
-59.275395597495525
277.98652422803036
-74.80428559795618
71.99397981379728
-76.61692871442023
34.03900117299173
-323.9746597949753
200.32178665580778
37.33725407638126
57.66288352958396
-19.485493379778923
242.5659768046267
37.427184376239886
222.0734482433423
-18.047109774576242
42.1087142803297
-108.0039127830818
-49.30113655197384
266.44727419355974
-160.97163456678615
-186.39813549020724
94.15625576855584
-151.20488336597032
134.1481917977385
87.52381613996424
50.28866679429337
315.6460586951791
188.6903069951194
25.527034269677486
30.899370054023162
-264.1661545879997
107.72473198895348
-227.86439137745208
46.91444568156326
193.5802797954369
0.008285974676731644
184.0811746846084
-179.48751584351797
109.69024330981321
-25.13964223432598
13.69521103374746
179.66190330436757
-31.40157218865446
288.68417362661603
89.42296421902819
1.57480829564245
-130.8851252027701
-122.06085410032506
42.56755260669798
-70.63226438639272
-9.39694273189733
101.52796391146035
258.6684092978757
62.51469246071648
-26.927646750758775
94.76718864155698
-183.20507279930598
2.568370356838029
36.27222724363906
134.05531254746168
-189.13827731719346
170.7081392477277
102.63558750583556
-292.33237344485684
173.43661997162616
79.58560206229853
-218.32601622912762
163.48943216071254
-55.71372335117109
-161.98085050539552
256.35638920237653
0.44860717980468867
54.36629554780054
37.27416243020676
195.89267468089108
-144.13486013845122
193.34973129930154
222.91576501575122
-77.54583470634822
-147.55645610317947
-184.53851850555068
116.14303229174911
-94.44707210974985
318.3656163731549
99.10492528865134
-199.9540295597328
-188.1858979572866
101.53618564810203
-94.47615538267915
27.704968090276054
32.4689537900209
157.41534290982486
183.34131026946696
96.39130238460193
-175.57046735383872
38.18414776859568
-231.3603494047424
14.296909537065272
-107.15271269263438
39.340746235773096
68.90105569243521
139.29455316818337
63.227293910241265
288.41997091847844
72.27100228904624
31.90955503316869
100.14797907045298
113.44822873514319
-8.048400804473907
143.3026201673941
151.5094361154243
194.1612806051147
-209.57459029987822
-91.20767991590448
-178.58990769676308
-143.2787770060678
-286.2321779702406
-61.42623802554556
115.18823683814215
-244.5380409622874
39.224477735385406
118.03275244457133
-122.48227262816917
-56.93491070433113
-166.18049169806812
-10.818061320997705
-110.80711897784808
170.86964902927437
268.80490605227345
254.9164194417702
212.6425589446727
-2.673106167637591
-112.44068801985782
39.31039570167067
-156.36973548436683
-92.96732238016743
120.71091702982217
252.4089561005913
-20.893925664489277
48.810419686867824
35.88796283297467
-50.42562182422773
-66.1058540602824
29.11209306153547
-198.21352321110606
9.990579210597682
86.14066913065224
297.7630386549115
-148.4151600190184
-289.843582988037
138.34227797822143
54.34401948873339
-18.461423894180573
120.16392184873895
52.941325938087616
-24.830924364389727
157.0389962816696
-25.321105415317984
80.71104440378885
11.152630537988802
-142.73009568915185
-93.0073523275864
-44.01900000176567
59.2208889026787
178.768933322707
22.437236721202613
-235.2477362318934
344.18546945829655
-335.21073291324694
-107.46701127122147
-175.60012049477598
-10.138042432890565
-84.30337611195655
293.0129114038735
-179.77225960301786
61.87891083951795
68.12970577811451
-185.0872900811745
43.51795245409233
62.471300389130484
-154.14427156889428
180.892388515415
73.52421150101915
63.467935344722655
26.228871929200984
-3.0954453966391777
-18.985721429432672
-378.4616534714514
-197.86214930679608
44.537337824989436
-123.28584985766511
-137.48895422306165
-119.36433373492552
-158.84603795647178
150.8193960439917
-153.51416839583266
-11.514149309041326
-210.82319444059692
67.40520761499769
16.5510621504759
112.76029766940007
26.386081682868554
-5.87763881257532
162.85960936614114
-59.603846038819185
-121.58535655246426
47.64706222499252
-201.71235055660358
55.03972904443079
-183.15051443391016
-164.87963846486505
-133.41515988818128
101.58235349123082
-49.494029524927
-153.81795055636218
-62.83596057730922
19.280268481473225
-55.46836742706896
-149.1606094795242
126.9632130498835
34.16688148221167
-68.43214756833821
37.47431164952237
125.19872321661269
224.83356884111274
-117.23635848050802
12.589695218545645
95.71988909238013
18.659217833596404
-51.05258450112097
-220.89167566419357
-310.36696774963673
-372.6843025174977
-74.54875678989055
-138.59427405335083
-50.98799582934145
1.5398641149897303
-206.23855635767808
470.6003979688529
-80.0353288113311
104.46955696985117
-343.2499577126062
-367.77394726934426
83.98777860210564
-22.192794526017945
7.8379037038673784
253.8180140145645
71.72162421625423
175.47993570521407
-61.06624490044852
-22.08068617861213
22.0228625545386
65.54621348290219
82.96499799984585
-16.65130204337827
181.57116452783913
56.40411780726663
197.38520649620975
-8.526763891027308
-95.09635117461924
111.66071363853438
7.647346186334908
