231.787290885382
174.1093435770351
-27.703980954404063
72.80803525983626
-21.070092116757742
-4.615353737731554
-19.506257474619392
-202.36122347272024
167.81455531683295
-52.94381108166059
223.5987858609826
46.39154903507108
147.72408332433685
-39.2756248261825
-19.40067034761724
-133.65186517613455
-2.57684454886689
-135.54100262866442
60.67043373921886
36.2035727406115
-89.74303961872253
54.96702853927872
12.290093726138132
136.8318082468485
-36.54908476445949
-140.41314377208394
54.46234798599724
20.99730968534349
-97.62766085470952
89.89297084456493
96.95576444455926
92.66552858105489
107.3941093236574
-95.42709228303143
-9.724981712656511
-278.9614069450588
-102.1014713074342
5.278033182391532
3.678646629875596
123.45606463008171
104.8478254113209
-71.04340341940025
-28.746387671777697
146.27893562388272
-76.36668757254938
43.189064839988376
-43.74414917593899
169.66280260947246
133.58136370383193
107.57780944873956
75.8670253966844
-67.9491941034558
-174.03891320253618
-3.196490855836562
130.25975583722857
-264.50105524583813
-102.83136317428979
79.0468230426214
-165.56257651369782
28.726856420606786
180.3114891057946
147.16704432407892
64.53890419850829
-52.01875625577748
-20.252740773695518
111.02139826008815
79.41840348011573
-7.056760947248854
-87.94237331631619
-144.29044028599142
-93.82413724542384
119.63237641116274
208.7968943850619
-261.9745636508931
-218.76715431676277
-22.871532012324177
-173.18088161369437
-16.350259308872207
141.58877477764335
-27.509828309541422
-13.528176181607302
207.09070768887838
24.36389909093273
51.724119973060006
38.79387067136519
21.726311030250283
-172.44281505983696
-40.22620942526429
-179.44542319127095
-152.47555515623657
229.73243796623086
-94.06602019363166
-145.81098084723197
-120.25489231632164
81.31267913408894
97.97864137866537
98.91208052392682
129.81033822658708
149.69055756328578
-26.480992403581546
225.05980741000965
186.57521441243685
312.34424202809305
113.36516335830697
-36.20916254529173
1.0041703981758223
-27.51484407704282
223.7839836545781
-64.3912441893967
27.852911413134144
21.755321586236352
14.672196002724261
40.126066192094186
79.33877019016883
73.64246345000116
-40.00742811336184
67.3191587136624
73.21357701081565
-89.0932354996394
-133.6866212931428
112.03551183414298
5.304217478384206
-196.83099612816872
-84.09312317107938
-147.17743801006492
60.82166076737605
141.3519810773406
27.388250981347728
-146.51275159582033
-51.06686650381586
-9.26341183706659
-79.38771802165752
-91.52121509622737
10.979622165448026
219.8278568352605
6.619082392553846
-165.49347015104505
180.99457069914223
138.05449406389275
24.523122015721754
-257.0608892144626
57.30434938475744
-41.39587792214231
279.5628206653219
58.50943074762506
-303.2378292631659
9.458044793406897
228.0715275026219
20.08282833114475
140.09753681456513
14.993394019729758
-4.8358136640656095
109.54901516253798
-53.63650845414386
44.08033109686426
-62.592120945474264
-33.03363081714625
55.30316205581875
-14.239961150123378
173.207394918766
17.787862352001163
-78.89162182222768
78.89901590941766
172.04212155411912
-23.28899539352692
-91.62718310422132
-73.3876683825483
-73.75867097384022
-67.0780711947704
-111.33408657296067
96.97283447183354
47.409400323244945
-203.4843029053919
98.81437466971974
54.3099344360915
-8.081953138517491
92.180678908657
5.8130026803079184
-16.762417620912444
-123.32959906209923
-93.95846389959272
-44.52211711270824
6.2373152779133845
150.62713604481513
68.34433799944539
99.31774295946715
88.50638460027554
-61.79018409503731
113.20739818381928
119.47653240238459
-112.99285701001705
103.8219454122083
16.295158928482735
-222.71147534348952
-68.12074825259182
69.41706521898872
50.55406691383018
70.44791838772161
58.38250077415139
114.23344700736982
-225.54364087659837
-36.379881584374054
-93.76918938839975
183.88566098958682
20.544007588149977
-36.190088309888495
-264.1396915169658
-146.09669245294324
-71.26479176152401
-31.07774323096094
-201.46171552350262
-138.92966676891825
181.74700477072162
62.08958971349001
-52.26171289727118
-39.402296979028854
85.72586825470607
-145.43328144922592
75.0928995503715
-58.21481572339518
-27.760849811545917
23.527297272116765
-198.01163246795952
-82.70271973364576
-88.5925020406111
49.47257074406994
93.59749905906513
131.7888969355267
-10.711436761977597
41.608349341207095
-177.25414572803984
80.73843470362041
-64.29991629213967
91.04347182440347
-76.86349811450151
-12.640974398518358
-175.60957940321708
-118.00570298920532
76.63134313276086
139.7360459765505
-61.09353068438152
-37.24090793825679
-131.3914625816666
18.31680835217479
-215.22286620051656
-46.329317196899346
98.25457056674325
-77.89677271019865
-85.00959359176032
-165.7918666248502
-1.7228533961348198
-51.47754591021745
93.44981312337553
219.84912109546363
263.55885031350783
38.15677224464451
114.81577564340053
33.87547383119927
95.6727774661044
32.77639693664667
101.5742539430266
63.5991080464372
-86.70436008620968
107.74214558708194
-57.865735074820975
162.11174796609302
-126.1196097213242
24.097492998250413
94.94992003333383
9.199103226651522
91.14092540222994
-40.207389944395125
-52.70736878217162
-28.63865260440983
9.983647212855546
48.30118307062355
-115.78086801919326
115.91462996862721
-172.76972961533247
53.01005395221582
-135.8620627999011
-4.084932093158305
76.95713769101769
31.600092119551892
7.723303445720246
14.487081789314178
59.672944724502955
-74.4962233090412
51.43037405515009
84.39725265679272
-8.568355741525744
-59.26664607987153
-103.33209892971264
-85.41052210740804
47.12114573964702
72.6577291624799
35.14024543293933
-45.73423438771181
85.73231276243196
98.56805062208508
92.71096648143055
267.93387101954494
121.76903425118245
51.031388615632494
25.84744088496168
183.07725296813305
100.2834959437658
-12.656967273288272
-107.2022531385845
-88.27387933194626
180.9793622941292
86.70627646609644
55.800501687881535
129.4368324327751
48.33097008542361
207.36580854256619
112.83246361740323
112.52795014445311
156.978002801757
219.33984085297374
97.7144829584442
61.42648558384326
111.61380288943185
-221.74988633498066
-209.91017460655604
-107.83564462155222
54.58876034362575
55.97477198214307
-89.94863421196082
-308.11636713878625
-70.12116525873363
-11.351795454104694
-112.05085696999691
-110.9566301929918
102.49485253639578
2.4725714196179203
60.816171050682996
-28.195815194363668
-55.75418140203222
-75.39750979306388
-0.9152473553504553
62.18733121208548
80.61917223802554
-183.85009801868668
-176.86981764404942
125.54257801383271
6.445506546019774
57.56215911341077
107.62644143645261
396.34300490846897
107.21701839794436
-81.85836661337197
201.23788416915207
231.91387199040756
-7.574156600471885
86.40296431989553
-154.80998245548915
-55.51880345226655
-123.90431658864864
-100.85975830003434
-69.27178245890896
-94.30781553355678
94.7071704072261
176.6168466942353
107.65751669618884
37.98170176687585
14.023132679854047
-53.61936629172181
59.738891765762716
-124.69826891587078
114.68516287918972
17.208316627679817
-45.27394077656113
-89.24270260850703
119.26513087522922
-20.688541294699363
30.280720060788596
67.10867541006431
-59.312043370487636
-127.45775482785068
-147.34599870679705
72.95048883630635
-148.66486430486927
7.476274324415653
-14.776796871606518
-190.5005154147482
-83.73602740895092
-76.89408248163889
180.44075950710464
-153.16288083569145
313.43415330593194
11.189437915977228
36.25790709127064
-157.20407182330848
-1.1243575832702035
-171.20319785521784
-220.89487711915507
-96.04296483733322
-159.50674083514377
-83.46782496511531
-203.63591844541227
8.664772330033884
-94.77277226290494
188.30331386576617
-43.84456350630403
-1.8086251057113252
41.8778349765596
116.87724515231862
60.226491160372525
15.909847946959918
-104.17661935323397
-386.5852286389517
-15.4966505312768
34.10327226894969
83.34684096368554
-92.15793103276417
47.586869552003115
92.18672123561562
-6.82446450536199
162.31125326769168
-13.882783335327852
98.61534592956676
-46.530106878530134
-59.835605422474465
-133.81392535500527
23.2088364346692
-209.2805006402426
10.590157263792161
324.71077490132376
268.81665376701244
3.623936574033046
84.59867469094144
-34.272487598270075
-53.272593105457005
-39.6521980918014
-34.71848064050037
115.45048886114436
179.08900802426626
-83.7703577303521
-128.26717057782395
-208.2552319468581
-81.52219535484284
-144.06631857410915
-106.38657903966448
45.39627964757692
-156.14382355093383
28.199037203210104
-2.21717091961877
-70.46680058372202
-15.453858821950593
117.67950666644849
-38.945558514918815
-33.92521582952547
17.12615802035199
137.00519332911827
204.77582201603838
-85.82131983863988
-211.4189816874075
-53.743121519983475
110.33461189058104
40.36971033103527
-65.32615924461336
-127.80019680830434
-121.40158114248966
124.53267436611203
106.50066655218002
23.630071136857186
192.4083223654886
-38.550416130815606
131.30646663897537
-80.18570460464584
-307.5851399690586
144.10255883728536
-188.0510696663545
58.21309628409265
-10.030194149117344
45.660409681124875
-30.25578579952581
-167.73436533352535
-128.17120450905807
-22.129305573320014
29.649382614916004
121.94475747249024
-80.63368707994415
-72.09248732867216
41.00745201506372
-165.3240494789164
4.45827335692923
142.14100675309652
54.08764580465306
59.216013868135406
-78.09105323573614
-122.76789428570508
160.28799366757764
-40.53616512160557
-102.1636776719356
114.7755761104561
4.093323474587823
11.6999376704342
11.060326388611715
-71.44248425743201
-72.20043480674643
22.36626270918245
-103.66610437471853
109.32680286560601
58.16667219363786
147.2045612383736
-41.4279144148211
-96.25839703780362
-15.801552456871939
-91.93717481627355
76.91515216862248
-99.17865249147226
-142.57489333543214
-91.72009912971922
7.686132085243462
251.0992590121156
-62.62169426664145
103.16638731525931
95.59120210826016
94.4913385709168
26.944578660655633
76.12242761213378
-150.22951070266438
119.55993628649453
20.287763459023612
70.64153873427509
126.85417138459152
39.54941190321474
-173.28943977859703
90.18580432685407
-27.068384413765358
25.812319705997457
50.90596819226805
108.88232366669189
-22.285666696770395
-27.07930147288096
-121.73295010185906
41.25464568788772
-2.508595106135876
163.18129756228706
56.66445136376525
-5.551039347930323
26.079461997540584
-55.63116905035379
-100.5420372360493
-45.86611863186117
-9.281236249668646
-28.111786038761437
15.872587609279968
28.340741306486038
-195.85466518840673
-59.14693059870925
-3.0261602656341786
-29.967793576442745
-111.37678774797877
146.78516062418416
52.012298976061096
218.35650293205703
-126.85395974264536
-19.420747613670635
0.27714162326367076
44.8733401961728
-43.382182865705396
61.152674624955104
-134.09953121962255
73.15888844841446
115.72509545126587
-77.05363888648776
-37.21882129318388
-219.46586576994565
-18.58506228351885
7.1323087202431195
4.08946951275712
-46.78358164033718
16.215586311756212
-97.06584329854562
154.8425729735076
172.94843194253073
-112.7854167080049
-81.70704811004387
-169.16009115974285
-29.934838007856648
-87.19331194021268
49.785953463254
70.69872728072568
-91.87325413713125
-2.7994785635475683
167.01312891059018
-16.91266849687059
-132.44238296647293
-76.92461593133585
72.95953196743385
-80.3742526703182
147.0571384055045
-16.36279113742431
-9.865449269524502
-23.397722670546166
-60.79371117362629
98.04113001818608
-31.23241083273344
82.63034699886093
-17.000019111618432
75.81979315882403
144.00770353479479
6.096834005521292
69.88622108973406
-138.50744530744686
12.765422447425768
186.67444884862104
-52.24425402335313
232.90808650202868
63.194948599761545
-20.727942285664895
41.50469558515513
-21.3069524185616
-3.3980911074539524
-28.484006313910655
96.61348023021647
4.2351192949046705
85.61260593335781
-128.16318544576416
126.82709169893818
-27.565529293520072
-141.21167376661572
-167.0669954712268
114.45290809143218
-38.359001881994224
-46.41778363971171
41.960356221534184
36.34622337689464
-119.26973664011761
133.8645447432192
-41.92626941278403
115.48991808245958
34.15701029026775
-9.774566770804627
-1.908662899235316
85.19685005976929
167.41826612041078
41.14899244018086
-8.956369932160914
-27.06412848793642
157.03440300837494
-145.0574002259165
9.938116775080191
-123.3283201684053
-23.351486016585866
-27.446096087942557
111.40621754703163
-251.5970357294354
-151.94229520711542
88.57889112548447
151.78314346268567
120.40672552067787
14.512937765065795
-4.097373128194661
104.82123918344278
22.018861927887794
109.09696342016724
-80.25743914841998
-35.34920514635187
46.53578762368265
160.21804641607326
116.57072192567827
55.337418161419606
118.07765791050345
12.411847666414562
-42.44082793670224
-49.83710004268686
-106.43711391658663
-81.55105803574048
231.2309752330597
-77.96157864773667
-9.249463989146479
-260.28682893001223
-33.99430703685181
79.5173240227782
35.395224811430225
104.91782148214925
29.313713264655775
-108.45495408316374
-75.85973182132496
-250.83324438591922
176.78895637777066
-146.8014609766888
113.58974698452633
144.84317438751557
-12.702554498488347
-204.6455848014844
-23.88335644240606
90.86162468242496
-46.98695745170063
-159.36185982815806
40.83820006232323
-41.42459959160059
164.23516589638578
26.788424468601885
151.65331708130486
1.9854725879942647
-58.98300028345324
40.04567892094427
151.54620959944313
187.44695694238456
63.21535136925516
-161.78508034142163
27.404102470484418
84.39252770263505
84.64687648597115
172.5250770738679
-97.47571270589461
-46.88346319888498
47.623668164077245
-166.2941338757475
1.7230123445291547
260.35639367014886
-72.96203749298276
-46.9019598257207
-96.62140646071686
-233.32052309880356
181.43561196969208
86.83672471841317
-91.09769584130355
-78.60339803243403
-108.7913516532118
-22.08214918734726
-162.1280224136012
64.5922177357583
202.2241165087239
185.6069098705629
-10.587905650181948
37.80046873442665
-43.08594829270909
214.24569892847035
-126.29020222653376
81.67637956519951
-127.70983341056782
169.50493238379298
-107.01842383795089
-31.35505266490344
76.16599906881005
-11.264553201242741
-43.107376350838685
214.9251649151234
19.647597328854634
43.09839725722304
143.98877842899785
238.3267239290171
-6.696801546739807
-224.02919248912318
198.78021812920406
29.104350618237298
-82.58799301103352
175.8430643346668
-82.16944912177476
48.81064985154601
4.851643380291243
30.97358093969386
12.654663489701706
163.80342563023046
-18.77609200093908
75.14604602935471
-126.50011135824795
-26.76565391219195
-65.36811612350019
59.597214958090134
-52.89283599149121
-129.89458104839994
7.113594555751243
-61.7352051793017
-99.24344199891593
113.72607495808343
-3.968177703433114
188.73655079358386
-4.23450438235779
-104.15269040976544
-109.72412852518288
-160.38911650926116
-153.46577091870583
-52.70293571921009
-22.458121239966655
124.75013913977992
-67.43346008638008
34.31973822194886
-27.084089214133506
-39.10855460819417
232.3008549689561
94.3301498425062
151.99346441881272
-56.27519179682213
-30.419404928927932
-23.65818283198656
-99.36323791536415
64.46857101622649
95.95516571048888
83.8865959439452
14.816446921426401
-97.899243144024
-148.10898088668054
114.9977542713088
-78.95986315281318
102.36671356845068
-135.72790198134524
53.94972719564438
-59.65970474281528
-1.6188516353834554
-57.79321594748032
-96.2026314799138
-63.913606852852915
-81.71843834481344
1.2108469840943559
176.25733934416
189.1843396821593
-106.33383822640535
153.69784120551168
38.879853430922765
272.17100517826657
278.59560011383655
73.16099534457106
3.792509443390804
284.261359537626
-112.34291427395584
62.29176339114703
30.771454826031857
-146.58344886936052
-53.86836357389437
185.34844455829457
-103.96350515608967
-152.03229732655672
155.57166059433735
-14.968867044886984
174.31213173473625
-2.248698817441109
21.91367070290053
-86.06263451690378
1.7195431359036935
107.05467720079045
169.17049937897383
88.28212237919506
207.3688363223734
-156.4894729234791
38.77724120672493
-138.1063632008362
45.10498890676393
176.69448019361954
-92.61175000875541
178.91407303816177
292.06773877411234
-72.3618313047911
14.233633105364616
-187.31228820920558
-14.293256409397259
-210.81776303330622
-122.85154364635133
-33.58512497249824
-146.77535115687184
-116.69020133296469
-29.2336041975156
-2.9772957669400255
81.89598573044485
37.92708185974392
-94.88407937863407
-13.742295715720044
306.5081035767625
-51.48990126894667
19.783356800705274
52.44278577128865
-16.608982516193564
77.96367277004366
-104.99098162594237
-72.22957250043387
-285.6863394641777
-92.42383359901893
-113.18947015706617
-71.30652248732585
-64.91208174477337
-116.2800991179534
98.25294821767878
117.16927946539087
-8.442187314100467
9.585801096355095
-303.8107471107839
-90.09301138004659
-37.56667942290711
-100.15967134452808
11.892679062752757
78.60424285598106
19.545960359397863
208.09278171281042
115.65025268134137
79.17183772746114
41.33187999909122
205.63793257994493
-197.9525375100699
-89.03313990707419
44.073299482846146
-268.37002756804674
34.271709025993545
70.40497706382045
-68.4541887827674
58.132631076336054
-74.01540712337142
-168.8494755837118
177.04977767450944
-18.50049657308812
19.54160658456736
5.5679440034357
155.28469551064154
148.94765464908957
29.529740258550436
123.3385855229811
-90.70903518733176
-62.16489944929241
-87.44847462220706
24.876667979074313
6.890478184217306
171.2166479393879
114.95100500834462
203.3875766917824
147.04471363170808
28.35794723558852
-114.98360481345254
-266.33352606307665
154.93112543121893
86.15420675173303
-57.76291427789472
194.18341798714297
-115.39209178123326
-71.96834454307171
-97.80675325741436
-13.074344869833036
12.906681429280534
93.8694995007508
80.82202677128328
-52.26391672887572
24.219538230613455
-34.420335066581636
-215.833325523371
149.1883255765972
261.4416751081774
146.97698022395676
128.26460776234913
123.51704017631333
53.2296689189091
122.61814870548845
-40.40591450770606
-33.55843843856355
25.85429267736923
-44.31462531101647
-99.23988135809692
-194.76242481276256
158.2050006740287
-30.84330477582658
-80.45870850874493
38.10825240353295
-150.26393529234235
28.242132255691807
38.99205977009589
197.07709463603481
15.697759486692949
-84.14766649538878
60.847148583599925
68.2685067079945
81.05049695399903
-26.14695992664343
-53.64101994008601
-123.87870399035631
-134.67255241688923
40.80296350554358
152.25257262709727
52.256419400732796
-8.534303913419588
154.6752812808238
-66.6281294682912
114.91591072659372
-100.02939412027666
-213.4656188187345
82.17531825554181
50.53329289148635
232.46916039433057
-81.04768240025642
76.85198238786063
-48.012274965433704
42.836419078315664
-208.89452176813998
-35.75234862117011
140.80347530650607
158.9866965742009
-229.92394184635234
91.57987882056851
70.03590091849021
63.80861574985577
83.3073795175276
63.245050853918
-6.148325843706484
62.35280975488079
55.937884876185464
-26.095986598724718
11.382992286287804
-134.19167444197123
