-45.15951484113186
-32.30981225989195
-0.5732792979423225
0.3029003492145712
-75.35265601605077
-18.779883199992838
-31.075217984203423
-144.63197562412256
-37.586376768084776
-5.5056963049387875
-48.984822101122056
-42.053409035975754
-18.12925643216019
26.414761520378182
-37.251880316892624
-30.495371175055325
63.92391040616124
-10.712979855293007
-36.5989375669071
-80.72141337871048
-17.889540147059957
-30.777163272914045
-30.50016798331969
-61.190746799111245
-79.67834522961324
-79.31691157647847
-41.7325920345683
-28.357191884262466
90.46117664400349
66.07615196160796
-46.019880445331744
-26.820222869450255
11.580177183769443
50.419282066734205
-18.776284424646246
-37.437329691269
31.7438053901302
-37.796067620898334
43.93293015073236
55.55657898325916
-81.82473785909572
-69.43304770410542
-13.336765991197149
-6.810049459418555
-113.05810812631573
-87.68265006539575
-88.17161124139486
-75.24816527621914
-25.18765322592278
44.75946813782972
-69.17921454858599
-38.20359795007258
-114.5246865154871
17.948519425215125
4.999969993344157
42.73030826813933
4.626752504968477
-53.633955273742664
-53.8632784878185
8.994232321440528
1.363493470783209
13.774237357496874
14.609827204037103
-27.119781762841495
-2.0510047502801596
36.2940598566215
41.58273537164595
10.97496899103152
-25.32335894181304
-57.074829330247134
-20.891753874497855
23.344434017429187
-26.378649748530766
11.1422913207958
30.074974977211955
-0.9209624257645472
18.169370180465034
49.34175121649651
43.463024542831235
81.49853417950683
7.620036549589945
26.247530605915163
107.62160498732331
-5.681436706959353
-25.683995305586837
107.2322887354797
94.08128695799678
-76.94360643855381
-33.390294553663644
-21.070548703295643
60.7388600381088
-71.71852160932434
-65.07527195554621
-9.129583971736086
4.369642387515144
29.826366597597513
16.95712604327773
55.848543153320634
62.48754982833319
118.97339136579953
18.583712597835355
11.722847949086345
17.849866678713205
-32.78214457656083
5.2477755032671904
-7.302345147339522
56.11062684130932
31.15371283070408
68.4594253163853
11.042441650973855
30.420678507780032
17.277064842619236
-39.26390683245239
49.57040525996601
11.404287104596552
18.088048590959378
67.93834678111517
42.92611471681149
-13.671170423211507
73.67305419389955
4.170042554924414
60.53258518047451
28.55422878890321
65.2610906456555
1.9910820116772001
-61.045843403273985
13.753676012975603
22.36486947188775
22.10037174240911
85.15537245551724
40.93040782400843
-17.433858830745045
-10.828624539679774
39.926977429608314
-17.318100929128075
1.3077298395453616
-22.87979313239502
-18.774746240868197
-19.14932153713991
-42.64421922392221
-4.614354244540421
87.70294980798691
119.40604052856669
18.723618519363598
6.764381920495631
25.2801162387091
81.24002365080287
-7.165111052317503
-19.960087614959463
-88.8748847658387
-57.88743922088722
-38.81064867257489
30.699727252272528
-32.39951654275416
94.15627671177361
6.075730321330222
-62.30612732740346
19.90153568189739
13.928783742227642
-11.682716565195411
-42.23787705427253
-41.899502951609115
33.76566907393073
-73.54345310617958
1.1521527200741866
38.96488277827172
-61.36144725642401
14.532527774366539
75.8009232787731
-31.344075814854815
-31.12659640190501
-11.948292347570932
25.167356006819016
-62.753333318271714
7.16221510471646
0.05465435626971127
-68.98817575339079
-5.044352684551103
63.684250494621764
-24.21605319816709
19.935164248110542
-98.80460306039727
-97.79745456919986
47.4956269742148
-8.832200530944824
41.346775634594884
-46.83259264957966
-16.316488830180248
-22.26939030632665
2.347946081967863
28.225302585860852
28.188527261564335
-96.15719655124082
10.976517414466308
48.896468014118035
118.9836644012661
68.13657675360196
-7.65585996928826
47.253640797705756
128.84911246311196
-9.566670021107665
-9.948971609346712
65.16578094183212
-34.9316106348864
53.72228429588461
9.525585881060197
72.29185686806939
47.10594499483087
35.1258649689038
29.068255153516905
23.091883883572102
-40.20357557780832
-2.9099060145072375
-34.1347907975084
3.0046669585783987
-3.0032502343158125
-48.122470811829054
-10.371651221640017
98.0277019881948
35.36102900383855
-34.03574274036049
-65.51348044140705
3.481119080453112
10.158650637422967
10.046348130431266
-2.1589986919327564
85.80012660876713
-46.91492657289009
-59.213875182798425
10.401585270793602
-45.865322227013785
-2.237762348909711
16.350859235396165
-46.89550508948798
-40.57931832257081
53.561971001537785
-21.936305468636938
-3.5288333299126955
-15.599144762691736
66.00023766482437
-46.9356837932576
-41.039915437549396
1.6451646170992007
-23.64245316788682
-4.394461963804887
-4.968213211292458
-30.12555176348327
52.5058917636855
-25.628503657904794
0.0985041817620309
50.596499026904986
24.350326625668085
-26.66414513452775
-45.88062711071981
-58.449298286076825
-3.0233882184148038
-59.6401932500206
-47.75523443954481
-8.866302404622674
34.64011048123533
-34.66197161504817
-28.146671011790392
47.59734350295049
34.50240210751069
53.15454368578107
-46.54552701565282
-65.30966189024409
-8.608872436976782
41.55152975364685
98.13449112154095
61.9686557010292
18.62127150242689
-19.29802942653174
-94.58060174022535
-24.001801289877616
7.331692252008236
8.274432598685902
1.8700613542283198
-17.273115800065213
26.57356485346754
58.31000863817718
9.274412533472232
78.29744437407527
21.601444629558074
-84.40450642828783
-15.57826849859933
31.59830271377982
-43.9110721668652
-31.627015534996527
-57.04112126122876
-63.59842012589139
-38.10967061454606
5.491131810097126
-8.103913930532586
-38.749571447751165
81.16489365717304
-44.822729291532944
24.43725508233886
-13.484732399843526
-38.45163428961502
18.37624030615606
-70.29744357597292
30.109277718287768
49.536881667491556
-13.069951953559531
-25.379406255924422
-26.352344070452848
87.10478477739962
-20.258719293553558
-0.7307326786461001
-56.563445675841066
-36.94235688846388
-25.181702732526492
-32.41069504131053
49.01234654916701
-69.41308159653113
18.913992101456508
75.52568464329485
-106.09887889304113
57.970109762371855
70.6311290185525
20.19988622311447
-67.6684345749871
-49.23654159378578
1.3964582366830802
14.38275541096919
-4.915876977528024
-4.6177070950937615
52.312352900911435
-42.73197680344476
32.57565417905126
83.03637190641668
26.922361547482865
-4.17443308480669
21.58224810820528
96.15498608880056
108.11085536345695
1.2772794870912223
13.618952307164143
13.60135030169795
-43.583003475264256
-32.195825198089636
36.413915139317275
23.30613423724681
-2.169209183954953
-63.67454706178266
24.07844096916873
56.59980862702746
26.061638388283395
-30.139113591563174
-55.15986695654699
-29.16750457547267
-23.555304643339994
-24.11332919314333
19.536093918358706
-23.198265891154094
60.53847786241008
22.472824950406064
29.097799623287862
42.20276129858826
67.85911183648058
-26.833665428132456
41.42789481893058
60.76093676254423
-26.99167925735826
-26.343871344468297
-25.457904955508422
43.62743754587565
-57.14731440590836
62.25462502067651
48.327810857539724
22.791239643925678
-103.07619938231456
17.335467512782444
23.24218736475539
15.438806468148119
27.592031603167552
97.28406369967972
22.65490263019393
-2.1164807314321235
12.603974835044905
83.35278953412538
70.81051383427504
57.47058982209396
-25.082907044665752
12.654796597797896
-43.80501272500416
6.416281651837789
0.12477692401036652
31.48133572789595
-36.653005136134446
-61.0596480043178
-55.93217469461065
-24.410878587974803
-43.970922332988984
55.54611580146778
-12.700052376828225
5.56359834540295
30.442109253540767
-38.90167116984361
-45.203926579547655
-38.7427309103336
-82.2438361932483
-0.42547994981839377
25.087672033694908
31.241462196503747
-100.89879363669738
37.22021926552616
-57.19349688997464
37.54106380369739
-56.19822902278329
-5.109372387734099
26.064434418545037
-19.219264602089492
-31.667025580185854
-106.76021568112041
19.45083547658605
-31.168476098634663
9.98551673924776
4.467793639673899
-45.40642382814294
54.55931983489386
2.834601462887533
-22.595500627360202
14.368159276303095
40.31417762486886
58.98121508363861
52.87031322951298
-3.5859971873366545
-22.28158908211669
-35.881851607314495
-118.02658696278694
14.257747917763055
-80.70722894823768
25.72987028939025
36.9383777447666
49.90711106351452
5.981170803546448
7.171345689862221
57.46381207568775
19.705209293435082
38.69238216266786
108.572539776202
108.98998961919368
59.32119855367456
65.61100462924446
3.2070267002135058
27.835733723387523
78.6906535935444
41.153711400652334
23.27188782908308
92.32218700201277
-26.748781556490744
54.429437393648946
16.99992058445394
97.90818735796931
-66.54349911832739
53.74363864847012
-9.032284503630452
-71.25600436918732
104.35978725696624
-1.4378256854550253
68.0769493214166
-51.94650826713421
55.317465578017185
74.68006954842016
-19.16392854196088
50.77655333468636
76.3487159619249
-29.942474774816578
19.281798934716733
26.02647044132408
126.50662374816737
-17.137817531867793
-4.252070084797229
-11.332374653520915
-23.325659114377796
46.52530256646758
47.50420727010958
-35.259727486140825
8.430335435275408
-60.905374956299504
-51.37827759504311
50.55492168591495
12.3524031049245
114.18441189819177
-5.022095814456768
58.15193155575315
-16.575531754150717
-23.13910059438067
-22.710940320873217
-28.841804890531936
-16.03169897864634
-66.21958754553238
21.794532025934163
33.257088914309755
65.06474012128153
-16.085169097103947
-132.98251013551038
-15.184788975204437
-109.06488434151825
-58.95347724380891
-46.83279372179471
-34.067344162870434
-15.991762732520163
9.034001849986069
-53.16045963046811
47.24995265384112
-9.084818006368526
-133.75329702350567
-52.43477234894731
-77.54961433467481
-51.89814890328925
-56.533284757114004
-104.87845401638808
38.65674716939162
-11.178039185136635
70.6172047166315
32.243050262803166
44.07936015854188
12.778826751564393
-30.929002298679947
-18.220548722124946
26.009172919103825
38.659182030580695
14.540077970847364
-61.78591303178639
45.15429364688746
-35.337104293756944
-35.51375785620727
-48.04619385947059
14.606791967328194
51.23160361374397
-49.17626333659017
31.46578652300214
74.84629224824607
6.011633595419864
12.38620561443668
24.424955940207276
42.71909691509945
68.35935138720724
76.85666313755902
40.01759279104537
27.177298007078768
51.606433389719875
89.4299145494719
-4.8684616181372515
-18.12676416641354
25.723129193648383
26.98660030279125
-11.29028540565944
58.387609959493844
27.169173341448225
71.8050189239664
39.45269177350238
-48.7890299846475
-17.086121633628082
-79.84271358292673
-23.268123345508425
46.22826147766342
-40.881285893535335
72.86536087871728
22.01000872344854
9.841748945270886
-21.34050723789942
-33.8228415489823
27.866056310428338
-21.989092628401348
-103.73553188592798
-15.576048743378417
-27.608222153009898
21.911660377946667
-9.117773550104378
3.39472652134794
-15.937294916490455
16.313396541226943
28.534802535569526
4.246704885370087
68.15737251539817
4.204526590039018
23.401294466556973
-23.249484839303218
45.930062986943305
-73.02995085176116
-22.904845582669843
-104.72276121831739
-35.716058227576205
2.4157325162576693
-72.28993087359505
28.29135289773271
59.58576577521764
-15.556633590775633
-22.158515018166874
-29.622639365193624
-41.93555460709402
-49.10838888868197
-106.12745061728397
-11.73814476208501
-92.89559350394732
-87.19755781038471
-4.752025919511903
-16.582179732047717
-48.01353241119426
15.28105304572108
85.2402306134109
-15.106654223312573
-39.46010645794431
23.493188336945565
80.07302800866856
56.04050002424627
-19.469458527991165
18.074858596176913
62.15315565226189
-13.271254436821893
42.36001432627653
29.345907603955588
-21.505297579198007
98.25335551971514
-21.802667532580568
-71.73339829671689
15.980400067264117
-21.547352736730584
-15.138435447601536
85.55564234561918
34.6939644753277
-34.472892474650735
34.35596619153483
140.93654346262963
41.02655398388883
40.12639983023386
-16.158299628269642
91.60533882351827
35.52800612673807
12.16617410642209
-8.77534117893973
84.78481503152538
47.03794975744689
-14.634421132659577
24.02253089647018
-43.948564762983146
-62.82792939763812
50.32441364570383
51.14709847175403
75.82647638679819
31.59086576726361
-0.13837065651632158
-19.61043851306583
-87.70918030811275
38.798538155330604
-5.117490890522511
-5.978296269570526
69.08798936508529
145.63840938810424
76.82589059717381
57.657588589099056
95.8067359859291
64.22984384445108
46.489524589043874
47.541875276879196
-9.425618637546775
15.625311215759904
-42.21390131535685
-72.09369089114917
-96.23851174870167
-45.55777975987512
-51.2628014706041
-2.261288166556482
-46.06576426751983
-158.80249810462718
41.95555987301953
-45.42467054638392
-32.90914222564326
-14.460795706564662
-32.736366976985266
-52.477465523693695
59.55541180319549
-14.947558173708424
-14.537180618203193
-15.729572783807626
16.25823938188598
-33.932003989778714
-14.91330659279303
-1.9491994474664267
-20.102807546107286
-14.313272078847781
10.30997685140584
-33.21004974167842
48.5113791026492
35.88741257156353
-1.7195079983076047
29.354365792845595
-1.7163809979987943
-45.82340707900763
42.481760730559394
-13.708192734185594
105.58532658656924
18.255550235906462
60.5394885852132
-34.14013861461987
-2.1622131527432136
21.897729815481778
34.308804640022686
28.769782315482743
-42.241538700959204
26.796430569999362
8.370057013200505
65.5828838367313
40.29232337819931
92.29919039961756
9.922870442955308
-16.063089388317614
-28.230398627718834
-10.731881705786485
75.90453871701624
25.610064079938258
63.54010129731162
-49.45238204375731
-61.835584756788755
-56.8350905670885
-23.97570197155055
-93.55143021704727
20.277270403916294
14.404354057044493
-10.789077826393006
-47.74196665058722
33.989949413103716
-84.99390870907438
65.41268510684783
14.382204513891391
33.48590008842528
20.38179296073748
-42.21309534546255
-30.46831893131726
-36.558186395919925
26.12188786297912
-42.67852524191606
-43.97148324946843
-20.131183753632595
56.07331283911662
56.46872555876587
25.890841207427755
31.572900168356696
0.15063330193013233
-56.75329393451216
-70.08886305748555
-57.495690705024955
24.513653205391908
62.24823470659329
43.113777857279025
17.545411640533686
30.226726421693858
17.994968552977863
4.837471410271986
31.47890088433937
18.1696361658533
38.03159014817852
7.373143455596281
114.10112642285871
21.40193617649281
58.95372624773917
-16.64329777396064
59.086870924426066
146.54272295256087
97.04951910624409
-10.598969445624803
-29.10855648486589
-11.299796987752217
51.2355456497018
-43.642956009738995
-11.934136246053532
-56.014629724596816
45.550870075838716
40.25789697472
115.23868310236784
-10.993351410314881
-61.800592477977645
20.03478298338466
-18.592723866187107
-100.22577065449632
6.39730669855554
50.52170270010214
68.99500964892134
-0.6253949520933697
-62.716489795164314
-19.343756358072074
-51.45174739321843
-51.62609806678343
-33.15549127504544
54.33181382598107
-29.12430177601537
-111.38692070204121
76.8478122487896
1.9469376441555541
58.11792898918463
-4.716051551755344
-2.6434872130766407
21.835949326897172
-28.79848679862513
59.56178251655298
71.73119113790321
65.9510839094329
-84.59784337497634
66.15567041681552
35.65245714212074
35.80337432701311
37.33440477416305
55.62304828507422
5.815068745194919
49.67364848703029
25.52443529534124
-36.491347944649846
26.529700373387858
32.41248811968263
-62.03466332902128
26.83105782688678
21.311920171619743
26.653366508843888
41.13925063235759
34.64871271880961
-9.31129136831141
-2.808500211874138
84.53460150016485
-35.56764018298461
3.102275310054232
-43.31494321728941
19.036479622876257
-25.496742388250272
17.41865266910908
-19.55045390860094
-7.008198661112119
-45.56241809090755
-33.84626607915736
-39.56630101241389
-27.54399173842812
29.02550030503934
-70.92752258449195
3.3514259534218542
-52.49310923023352
-21.655305229372306
-10.085541340506168
140.9770715302759
-16.122576829231786
42.24964895787059
-83.9377765794362
-20.14080964545326
-75.59330661352142
44.68821131812211
-30.92146736534875
12.698562012162531
94.49558600547572
82.28917362668793
32.08534324140232
25.078591062883188
-37.377064535772604
-44.3447382974348
-87.83768877834922
37.168958869057285
23.610110584033748
4.67288682292612
-88.61708097941005
-24.96967841585181
25.8979863076365
-0.10531034229617958
-63.928298992822235
-70.6689100321194
-109.03043488275168
-15.425884487088283
66.33611823542032
-34.667683599371976
14.714205061926926
139.68300921483825
65.72075428548732
53.0820804640758
21.534022100230032
-11.097293875750857
-36.122405307586114
-9.714791427934546
-11.091390445063896
-37.54612123064486
0.8252049496024262
-98.35773126731144
-137.1769929194488
1.4203901076611578
1.6936995371197991
20.10868923111463
-4.8308808088878745
39.761948000441365
-3.98297641841201
1.9404247611306469
-42.56120934452557
-30.0238077792147
-3.839139507605882
65.8903624271469
-27.849304242211623
15.984158531099752
-2.844911595667317
22.70863937705658
-33.94394102411567
-33.82161213720537
3.0669847720387247
-41.5904769567477
14.568607761910354
-72.97162435183549
34.660263832187375
-97.09775222273701
-40.75632227781684
78.30893827328393
9.69722393701671
-8.70350192701026
40.429781880062635
-23.23949075205009
14.017278407698884
-24.126177958861632
-61.30420382957187
-12.398056798227095
14.587602610201046
122.73582393169414
-97.21964268969539
3.616183579623624
72.47745025104231
9.423812752863638
-40.88707234871313
-72.31370839074118
-72.84085779064598
-78.95541236991005
60.61777358249582
-39.68685050911174
21.007546287769692
-22.948144416762666
87.75075951355308
61.857236399273646
5.096645813090658
-52.31548435086785
-90.34805565467458
-15.595748025631433
-16.465324073748615
-3.601973312895315
-23.582131296319286
-80.32406857560333
-42.123404995397465
139.8000546928699
-5.075708286287107
7.852044854152423
-22.74134740794365
-136.06644079150556
-47.94658271418855
70.95544128184676
-67.80986284587878
-36.55532209512499
-88.00115851411033
-43.58887900578749
24.832117378330167
-14.043642867994466
-82.86495582888315
4.365353783842543
48.207285417332116
42.91003695813294
5.452085849155846
-25.605894199925736
12.918873559828562
62.56574108333646
12.497889919160349
12.135002264286861
43.01412282833427
-25.93743658256995
-13.684789426129425
29.26359185037436
-15.015230793837203
9.955773833023608
-3.0189673215040713
-59.85746699947239
-59.673191106446424
-52.335355927197696
-8.500935660444124
35.39825472450909
35.68389374535394
98.21260803057129
41.51112893783864
10.328928679027827
42.400809680771474
-44.15425813561261
-57.26684023460238
-19.02131623832979
-5.712842767917602
-30.632487488691357
26.840738146953196
113.79660162465517
-30.093564219339683
-4.636295832476319
-118.49850826393819
-37.19258865855112
56.82923554261575
80.87420705489286
49.90824086531057
-31.870907971764368
17.061777082932107
30.63890335628824
36.50828651099684
18.21300431736212
-12.911298413111979
