214.51183762923878
41.61216142008427
-47.13503941577835
-186.03348368859943
-234.5010202619418
82.80671816407275
124.5921691017239
4.891153255615407
52.66941533463951
172.08883995699998
-62.79452845991495
87.33921793598468
56.4865039503517
-12.57626985357632
-324.76646350901035
152.54627586576527
-11.776796983355418
-112.76695734937493
109.66753925530878
364.03631586185105
116.83732157098126
23.62128984909046
156.8614766815208
-5.373013578269462
-81.70510718562466
-22.427880081851495
-49.32485655081997
266.56955530915496
-59.045229135391246
57.950972463288856
-348.1867264256593
-249.76988139543673
36.69792296940184
235.50720447628186
-115.33957510001868
-339.40495685406137
65.9446316185428
-161.033092352353
207.5373924056623
-95.17440063443331
397.73715533159594
198.74249588473188
-164.27153338074163
237.24574705152259
-217.2096618782341
-286.73917557649946
-146.33731102938302
-58.70921394552173
-28.780781608889527
-500.0416433556254
272.7003990037063
112.88790776495956
250.0616894719263
-216.6956361014306
-160.568690346738
55.471601532625336
150.67470298124346
-497.7363912084986
144.57434031647446
76.70573356327426
-85.93799920290567
-146.84532925157737
-225.54418032609644
-49.34219878476668
210.47181812726168
367.68815669627924
220.4484799926042
-52.86944238648233
96.009217151721
265.77419682763764
-75.84402026029882
196.54554473217135
18.853122418529747
-41.184370878496146
-144.4592221796274
105.25585091152996
-69.74135282864694
-37.01502659799927
440.16435085936246
372.45458762419895
22.46125865573598
-23.65619338920712
297.5451811597489
185.27497473730494
28.343860020227186
-40.6012845250022
-142.06932871662184
-1.194629704899032
81.87238335951395
119.72308027513627
-101.4023035624379
-351.46289289050884
-70.11077551212024
185.48775109767553
-155.1302375040774
85.06977184090472
-19.572338084814728
249.6050267632088
29.996736630610098
103.05982255366149
69.88738110888833
321.3660702058463
-85.76080044028967
-118.90363539571011
97.01927267322475
269.2422962237628
247.6603895323033
320.2310750804406
91.90315659754268
-129.5767019465832
166.18893275834222
31.912186413547516
-131.57625064902618
-133.80330822511883
74.75178253255798
79.90688619465394
161.67158481291608
108.55259279254257
-39.93789744002576
67.42884809342667
-48.70583372481993
83.18801196758021
50.14789496684732
60.58364390558358
181.87493875838362
-105.7133566523726
98.04837592605378
203.41256969716835
-128.80487796156928
62.83107934855657
205.1399320807221
-97.47626301435415
13.668213536219996
-71.24418370043092
-129.82779215969742
226.8665090483655
-26.077079588390855
-39.62405680440259
38.19457758183819
75.42674208588761
35.37245415254443
-19.22511088750022
74.57060930621518
7.235852096548014
23.324222425372653
190.84008281809335
-42.60744973238456
415.7251685911873
-169.99878660382257
-116.74585869109505
23.80705070332428
-86.04461299815685
144.37386093046015
-124.59617658729934
261.8699901793177
46.80546573826802
239.68594488400717
265.4403559514387
479.61063355756403
-148.82607633521775
143.31630523285125
-45.828132635798845
-166.86132842406238
-215.84777095608007
287.138136181745
108.90603501800419
130.30801914673444
-125.38410344662478
-14.148565286905313
-173.29573334400058
46.97655477949714
-23.132283531266285
77.97745126273921
-97.91968995503376
-47.01298925384791
-230.4276758950634
238.9621183073027
-61.99783672323738
-217.4310165564368
1.2463103645103426
236.06258573185752
24.71758833701828
-274.9083815225158
-48.44868665534173
-54.75101872066349
83.21067457248047
-312.39420709541474
19.96088862023979
141.56162481082822
111.99701866507392
261.32656205803414
-55.16613272054208
-226.9075203830791
54.13539979877211
-126.42277866923355
-317.9038165392189
14.523190538916946
-119.34529506579506
500.85554657182297
-26.415123508476867
46.56885752743125
-142.5566534118443
-359.44510268192766
-115.66367879175688
137.35094599081592
-262.8366456370123
161.06595168870618
80.37677144041702
203.07471907892872
166.60314384930751
-237.85505145833562
-6.909507595094698
224.48745412484257
53.14036377539222
336.00698187379936
-151.12336040963473
-92.84795252623341
-168.33938734738106
141.56065999945366
-183.4211772450232
-18.90490296752672
92.14759575081364
-19.039732627750727
-80.4603245255001
166.6533333892721
-64.66344341298488
-95.11925726080112
-166.72181574118392
2.0637618471900607
106.14090631278178
-16.691050949938006
-207.2535963418526
89.74682695484199
-354.6404570681076
186.65037466582143
71.02081695656186
-91.78857046243627
-116.93767436095685
-278.49937630919896
-12.849586632920575
-47.38931344329342
-206.41824903498633
52.3363223608676
-41.17116488938462
118.18638493777655
221.26645342475246
33.02131593317137
-36.67077523174896
276.7464844505914
98.28865965427752
61.752937690467945
88.81217780011518
-184.05127329356264
198.67280938125637
-66.80128174879017
134.5926236786076
66.73661891849126
-176.08294080116437
-81.25881714487764
-124.01123814534945
100.95975021806507
32.28935025202887
138.1439161297294
-6.8942069055275885
100.2360229121963
-118.68231400470944
86.59601902383513
-50.34553060145748
9.42494655918713
-93.06514826485088
95.02900321855927
260.8504785563779
-265.2283695895278
-89.74679941781672
87.69751795112315
301.65324130257585
44.39074520080154
-75.11356426351244
-72.42074274102467
90.70654717683153
129.7159039584297
127.09267329323887
268.7075968265199
29.97170363980411
-207.93418951133145
98.44823131131206
-98.97987997800715
18.52909961348248
91.38956503547846
26.88039708111775
-61.915160494273564
-83.67371530929255
-25.040710937674106
-156.56174458366596
-204.46601889295835
54.76969140938211
204.84900913167942
30.01059810064225
186.57451036607088
124.497462011805
188.53533773487146
36.1588060272817
217.04551602425744
-21.43193924911637
192.43558714989396
83.37469845864088
61.4912407984724
-72.98746706883867
-177.0826152597953
122.26978830698184
-283.62404619558384
274.196510425424
-72.23506843118209
72.24405063151367
-35.06836695646319
-84.46113574397248
-370.40851461827134
-40.84057417876674
254.02127681519065
95.19805879213179
15.897893751905785
-28.860424079527032
68.24594133939898
35.49351368644783
-93.06480022425401
254.0344320393446
128.64110950587525
159.52795952441656
-287.0717187337824
227.88072206293492
-71.95240590306929
-284.54134755352203
72.9498701069966
-137.97058102692554
-212.28491147984326
-43.53997984090148
-128.65957999409474
-79.78543223175677
33.677879552197325
-417.5622924093794
-8.7832972876239
-17.142466267919204
42.94793873333021
276.9611617590636
-107.5166197079438
203.28145869557946
-155.1685620319897
58.5259029007026
-256.7521559867286
-68.10131222223994
-70.05290272708996
238.0257109193038
295.1826506273306
312.01672638714325
234.34766044432274
5.36900426219098
28.292517730010033
203.96844112055322
408.02678818023577
151.0661033836934
-25.244932033170468
59.52637393438328
-140.56339435248591
193.3901269843424
47.71490003450076
68.49076132981145
233.9658920070496
-229.11896840589594
102.08956011231545
-225.56914121721746
-132.44006433894043
-374.4780650247806
-249.52878365913998
138.50977640125194
111.0990901569326
-163.44868581539956
39.70343706947721
-278.29720867418825
-40.83086331690565
-36.78382570222304
-60.327009252806526
189.67603142859957
-89.74655630383072
48.63874679254725
191.73690218004512
-0.08461133514567215
44.102255362137655
-7.6641242657590505
38.604549660242405
-58.08723472091838
-87.20945930008442
150.90237565515787
176.21361463648324
117.25936914752573
236.8396841328479
-44.899504758334075
58.032001146585024
66.15279631583252
-229.48578790563818
-136.5049823207196
-186.83699008763028
261.5815622650825
171.27957204495783
-114.47269241314073
-13.86021964949906
79.14008896732362
184.02502483489786
188.6086159719846
-320.8545637226808
57.75762775034551
-104.79925698996952
-33.609662153162
45.2469310463879
-230.8115253524261
44.471376864974815
-125.4103333865898
-0.6836629035770474
91.44713615615
-68.13952850720345
-69.47080783928494
-62.11803927234658
-80.4022267404067
-10.876323697389905
53.65069629221919
-20.01415521963998
-219.0381969608896
-58.49934089205402
-63.72776856328834
-50.796780868023774
67.18554386838173
-283.65767289565326
160.98510032753728
-310.613986421348
442.49987333750073
-175.85159997966483
-49.413619239490025
210.33257277711388
-8.990011228435446
249.48162952962807
55.57513134015112
-172.85781108799728
-95.91305240468144
-128.71171982229578
-29.41199487146028
-74.83161147454003
194.43136126442516
348.8379069312655
171.9150834771296
260.95451698747377
-40.48241588798671
153.0696570597194
90.41134273224266
-48.49639960526853
162.44101266753268
-222.0176965012152
-348.5301011297605
398.78394152226025
67.37946398202922
48.41038330290386
-225.29001864304175
-4.3453268296662255
208.4663430889335
-148.61565389140142
-109.07369287677348
-198.94865057401208
-148.7798764834798
55.775981218871614
-23.386127988555337
-200.99071505634262
-156.66730538433262
114.33526213767644
151.2182896825024
89.37516081260097
-41.72641321372769
70.23282486061589
383.28693746271904
14.77108293071362
66.67680443695932
-386.21288477065684
123.0530211878146
136.57556717274383
133.19424472455378
-220.30117945613608
-47.01955490539721
-82.9337872366442
-490.1544227056454
307.0848814193712
49.495449394154136
33.53076055006232
155.7945342286325
59.552570824604686
482.4412151309013
29.091386424779692
100.00854839810108
73.72880169571728
559.2990232823819
68.02220686520351
139.93270558960302
63.058381038933305
229.38918721456233
131.1199738093622
82.18097143881008
-275.60471762678657
163.8768812982171
245.6312789247485
196.49007640090477
278.4356302156755
140.21616854859835
-191.2291954317314
269.4877482162741
-158.33123279094028
-215.54542090374636
-127.35503062996526
-0.44002899476183144
281.91834420924533
173.4642725370969
30.372531945308445
88.78226815552827
-182.26295047750293
-204.81384493353124
164.54769722758184
42.98214866425899
272.5807835876184
-132.66753004143177
-2.1242905786237847
-25.04010295156041
-115.80601403479251
218.0541231599521
10.368786881649147
-207.3007685802533
45.89531889569904
33.198394061918314
102.68612367466639
262.69337689923503
-253.80527911199894
35.37158303016137
-35.08525214803082
-45.02964330358118
107.16650938378322
133.97320410185392
90.96016718080337
222.26975151384875
78.06193162889429
-154.91809057513905
19.394099862795443
-195.19475233027518
-78.33185164127427
96.71949907001583
101.38617931860323
-273.57877466979147
-47.58266407120105
203.16986992943447
163.9220962316546
-234.27197653022898
49.55043149627995
143.75838770043592
-140.0079324477629
193.13684925108478
117.67255314067475
179.79102497734715
335.74541839865043
51.820267190208455
185.55542014716622
-143.10241372087154
-270.3395226143257
448.53222507779776
-157.47381711650686
89.16014872192518
-122.9352882571968
114.60659639549696
122.00956540494158
-437.9248773666493
18.85886153527625
63.96116786032699
89.08200643460765
32.47387514266778
56.418244209450314
50.1979019768782
147.43018230509276
223.7327181856797
-91.57003514609562
159.39735954509152
-102.1457276803791
164.4725487822596
-14.160304026966031
139.94585611896275
202.2992384770593
-64.63897058682808
-148.06194882755128
-133.92762758871783
-151.97637512308944
143.25071389023722
-59.012595564147425
-144.05046820957278
190.16592771207837
-15.472680319759467
374.37327731713236
237.54223207902302
-30.343164516000776
217.66850134499126
57.84160054450396
68.44248781874256
152.26021953699572
-2.484623721744862
17.206115577714154
-140.3712377895862
-139.39377799555842
-144.97412555098455
-232.6520160466266
-37.33526086704137
94.4389688430048
147.39360462375126
-145.36273320089472
-120.73855423933757
287.11618257340774
366.5791463837972
383.893179014579
37.43599574118161
-159.3794658626803
-192.7372409715194
38.864869419707915
196.5572702748161
105.7606147133495
-120.61853500369834
-188.27899449458116
163.10126717674967
130.5473846361485
37.728886747956516
24.080474877800576
162.92511743361695
-363.65201606601744
-127.78976330879303
-296.4490409041122
211.0086874766225
69.98825815998237
238.44203513862286
-20.751614243213552
11.45041461917156
-53.17408469145789
-319.4613798671203
89.95380987642301
304.9161402251568
22.457819245348126
-158.833646408695
-264.8492772158472
301.4573691395505
205.4198610252029
-215.5619356808087
-122.8612266431999
312.36207318154163
17.803969269597427
90.22675946092274
249.33497338803954
-83.60444103557596
-4.0539362650446265
33.96589523198426
-267.85771447649495
-85.79738320123843
263.88900621753913
-51.24392613638513
31.895606796824076
-67.98475001796994
-157.20991289187856
86.58245204934776
-251.00103858653333
-139.9317833141154
-247.40500274167917
335.6451360362809
-50.76357648639261
12.406188411676258
-262.3739830307217
-101.4445325600726
-150.41834931651073
-32.32600434848386
-307.34494490543574
128.62323253348657
88.06957077037394
-146.53623654219086
104.2379809603808
172.61084999623395
-200.34183160453534
38.798581800797116
-60.98301468761901
-99.10949043571378
32.47535520864138
91.3631113117231
-246.25381795526445
71.89414154171092
-2.636452442780152
28.55875018768122
72.43160596339646
-91.33851677884336
14.529300406082015
-166.86989098461834
146.23287433482358
-89.05800092692942
0.7661375595198638
-168.75672883742047
248.76949919503488
-55.072436193405295
31.766983683480067
51.99697277296382
-154.62961335203548
-200.22844930250466
128.0560944989629
41.83011451977698
-222.56859835050417
-52.83500336139324
161.0457638546035
23.05076488578827
-201.95964998239356
-264.48838916631286
37.30376033805306
31.239341976165957
-150.97091312921526
76.87540101682048
328.277021374552
-192.6310512101444
-60.038899045926264
-266.2184422003448
-290.9910310671463
-190.57756628151296
127.78793471865586
70.51073919256018
-38.07618556554649
31.064338878564577
-195.91537002646203
-156.53947356680757
42.462133073887124
-97.12745328616788
-205.68719837321603
-190.30244878487156
-297.9633781205103
-146.78987321474216
63.08723915472215
-114.08178202072564
-57.80210416818169
-185.738947845752
-52.72935831800071
-99.19300711466855
72.04777933183753
-17.55970985136011
104.5888049145177
-65.42157521714883
315.5804411410642
-249.91233804029335
-98.83051862437433
-168.97541959195064
297.7245577606032
-390.8230132552149
-212.5733319791825
-18.8036354426051
-298.0048028027206
165.41480577285907
149.71694312285052
207.29361953732192
-225.42575857797752
170.54275775207557
233.52034065348803
223.6471306003829
-32.52734750102364
227.9711769057378
247.74161608190997
-104.23538366706669
37.11246321104692
-88.72181596663275
-337.3089570751583
-31.568729330621128
138.94316221403085
-224.81097379147488
268.2967684859489
-26.723341671187963
-154.9368659418315
172.13699620644638
-25.207339944443618
113.16015387698224
278.72716269309916
-136.93932272275603
-117.94296593601703
221.67412267130743
-102.17422841428665
-61.51066853626869
-104.28071676132954
-88.20841046823628
-113.54675531397106
252.9357108698101
-185.57536249600992
-176.4458317455509
-42.916356164988116
309.05516106406014
-8.738539587705501
80.82560960527944
145.27887507231603
-266.32059993702387
7.362970884990343
83.59855205781504
-4.9823778531682645
232.25492328920478
169.03279411014594
119.7743010409372
239.31218579332085
75.38578296349777
-192.17971725032547
261.3586256435075
146.9628429219667
-305.6594996389745
-60.87317899660445
129.13882070990084
-150.11177839420338
12.376108964993476
-118.39955793621917
239.9495795807988
-83.29063721011002
-148.174345279754
-20.77578416492412
-9.260590556848452
-203.35599669818922
-167.88400814020298
125.16842273936702
105.42701756424611
118.52556857527267
31.77569062521457
-22.034318480063778
26.203184791551422
-87.35340250425998
103.81111397432413
-251.39630873939643
37.32612102227424
71.43053331097533
62.45576756829702
51.443927071562555
115.55036237507815
96.09905285899363
151.0856013151718
73.64628791083436
-35.74785201967726
-82.88577241929549
-257.77809105680944
270.1216161912556
-46.28759516325401
-197.83113889759343
121.99572336128337
98.34581434245695
-176.7721146703207
-1.453341427479611
76.5928118993002
-213.93461313999796
-209.17727417090998
-77.48962466720653
36.205053145691835
81.7716423323651
167.6114289283668
-385.334095082117
4.792172852784285
-297.71251386499944
53.57923470659299
-152.7862709939952
-84.493226689821
19.81592878606796
-43.1377333652779
32.69771115276174
222.4397926769868
-263.9359468336041
266.6563870256836
-160.27372578456283
-65.16640389916554
113.1302636309063
58.976854077421976
-4.81097181473964
-11.48262831123825
2.9336013968720724
114.83841095819996
30.884502252688076
-176.10169102910115
13.894504168652151
174.58455065762962
197.1556367191848
55.77353393854153
-242.36907859263306
12.776417377875504
80.41576867775844
-311.7611189827304
-196.93493759092877
-96.4597064189129
-241.60358414394415
-68.67839485306368
-209.09190929910855
-155.5781375130817
-107.23041111554548
72.57149270304097
17.55272368593484
75.22953637374776
177.2339008240429
-35.911377940014575
153.39737851658487
-125.01250776333748
235.2314313994414
-24.306206219110532
-73.86044946058536
207.45881360022184
227.64184610285056
18.54198994203938
23.0201531561191
-0.5465541319421354
122.95798660238304
-101.01994472569909
236.6397035477252
-108.05719484766148
-259.7858474505299
-116.90968779702771
-181.75946552371036
46.65412741826961
-103.2330515372216
-27.779285585612797
-65.1787108143648
352.4813052684797
263.644813714348
-186.1058177154565
-116.63300722169184
-35.420865667042435
-62.47612686305369
312.5813497496992
-104.38281681828711
71.0173452759185
-214.15068844463354
-299.1564104215991
-205.55236102123388
-267.75733034931085
45.02186772778116
90.0190362319126
-96.84460306768646
-336.13843710178713
132.20326297899425
101.47507534886394
25.536043699405756
-25.516647169043466
129.76109168830754
93.4705221352824
36.71013295169958
232.6620873481966
-110.54268851001314
86.61070294546678
-96.9734309131769
-306.44211776908816
155.03234408593298
-189.2131647853648
72.29980993992717
-64.75219067639084
-333.276381340627
178.6518480453226
-188.4687348824678
-82.1288615975773
63.480876627178816
-60.51145023022928
-13.533279954216425
-25.124702463216355
210.40403877082434
-41.27435050189437
-143.0588360234693
-209.68821030870296
159.05493698915893
-34.94432827566086
74.88443763854934
-92.21653433252033
146.45213908772905
-43.26810585993674
-148.54889772096845
151.43932476185168
233.12716722000408
122.31429286025052
64.29375120101321
-1.266964450301392
243.64333598595672
-255.8846004009228
142.18482521055645
-48.13302462094186
-75.86894581175106
222.42662270803038
79.7458313360766
-153.5776102479484
-175.99150908515185
349.37612700983516
45.15471060236287
124.05681004758293
161.9934224056948
-141.63238291211218
-203.48532774034715
103.43354230374324
157.8175611128458
110.36646201981908
-92.9654006812142
277.48283894896474
158.65434201353435
172.6665973924545
179.3893088100617
-114.88370165625804
91.10469400300886
-109.76369712040912
99.74594571207037
-195.4423979107634
