30.057914126925102
55.501140446971995
98.96663486312893
68.3951553932444
-81.56709733233781
106.02635835171809
-25.789828348663853
150.56045228432703
219.36634535477657
224.88708083570984
174.575390288505
250.0894140307483
-26.213594562542756
-202.18593235318647
87.82470512487818
73.41825722339058
42.500231542204595
100.2494345854048
-12.077354621752193
-7.55414231489409
-63.37310016860856
-25.580336725556823
12.009218760082854
87.44302748780979
-12.940441673360372
-81.85868580353095
-10.597925758905268
20.049061065465448
-10.97541571540479
-110.85487959030623
115.05485944761953
-34.734534882306
143.3199544776598
143.365801955077
35.59723484306121
-44.02930006593844
0.8855735909183364
-86.91050043759826
-48.548155980242186
10.273597327662639
-65.12044039588446
46.843278607004855
121.90773681733583
-22.75304965000026
-97.60569775863362
-178.40582783764145
-147.72376158139264
-71.19171570786156
-39.59937619534321
16.4981765786561
27.74687495031062
196.76581689429545
-26.092823127375606
5.439211786091636
157.03769116830404
19.305060554411355
-17.428723271995917
-23.478661173909433
97.14191794498919
-67.17042215924747
189.8056781658299
95.22524608840585
-25.13089489857702
107.48858255736897
-68.43891281651396
20.013624066942
50.757202243467674
-218.72058266865557
-110.83906902623892
-167.60678583390623
89.87512924221886
-130.9095499418177
-55.63579688755858
57.96318243087044
58.10940016608551
101.76659273048772
-170.79409611307287
36.994178186376395
194.6934009312626
-32.683722189598626
38.11853170166419
58.43002959621196
26.392452005462683
3.2722255101641533
-6.123807180182383
118.14808470595243
-64.20992424323349
112.72253445291987
94.69601875430693
144.5263812539186
87.35924624629561
-39.78666294900901
-58.249303944232615
110.07772988600837
-32.94903451267615
-158.4160598618359
30.093337308220782
-58.210891219556096
-52.50008148035667
-2.7544749672142945
79.02772965602098
67.5109422727638
47.23758309950165
38.39930315652455
-56.26430695402109
175.745957418927
-79.91332300252284
-111.36722586966542
40.038207333739976
-85.79836439980492
-153.52546115011816
-89.3570872656881
20.029753765749064
120.59053953482318
-13.276563626952331
18.401736433521613
294.9294871521379
69.1870764133276
-44.69549950803577
-63.326921424488106
-83.40117341292571
17.17221932432608
117.59537878975839
-289.6700715011772
-5.84134023535387
134.20745685206305
71.25525765613423
89.56616157408645
57.45936783327757
0.4996595009470263
131.7494511015205
49.87607004677339
188.9481703348808
17.103502626411696
11.192187996557253
-62.30726376249472
69.68707855315773
38.67975012760208
-30.397136669303567
-173.65700051688395
-218.82069907041932
20.572299656398624
76.26366458597774
-17.590638482554002
76.00499161700628
152.42929863348786
228.51827346146825
-54.14285847446456
-147.6199991797634
-129.34298593406578
22.610915500210492
93.0320065174489
77.80179030250528
-10.445151003762884
102.85255972667727
72.11513944750438
-161.38114299234024
-125.08534303634755
0.7196139908119888
-0.2213693444007283
112.61123212068719
64.73533801867038
-11.356415273667048
-73.27339498402812
-24.197477429928284
-24.34900378146655
-105.56571043785512
146.13110044366874
33.53878866727756
52.143167028561
-92.75402369022515
72.34862020728343
11.063004335021095
234.01218050225845
33.893624530215504
140.62847284358546
-111.88940143458566
32.75138275179543
-14.515087666335807
5.3605165520995115
87.1751708115424
60.20482535074124
85.14235399721808
141.19436693337076
-47.09457893534304
-46.6259531700727
57.969063280311595
-11.320361199883504
-35.20878802375394
140.91446125554
20.417610687289905
245.50566347040308
82.67771815950343
51.72261668329468
101.3759557082629
163.8838079893507
-36.32977741420896
38.714867501070984
31.67143925418295
-5.941818954557723
-162.8603553474891
-63.476899893045044
-44.72079758005216
49.5989989593499
182.8269513629476
-101.58519457880246
49.111041084724675
-12.571261088141721
-107.47412565956343
48.68454377299304
-291.11590107480885
-149.86177870528513
89.47934705018476
-47.47926359300899
195.30920947600953
49.1617550326247
-38.89331929450957
19.58580777583416
131.45669645198498
-52.01752775343398
11.695371763814842
-70.64940279446228
142.1273369974078
-101.47633715166172
5.7776527242976385
44.571658222620975
151.17481888968925
81.27326718400697
157.6538928663623
-31.202131925994397
6.838278748660507
49.61509778615911
230.64876583244967
22.705128794957734
-21.39520803327196
-97.30110844865415
-9.70692436576228
-104.686167654684
-62.988869100256636
176.31331310317415
-70.70714259691114
-82.35698322536435
-63.06287158644453
-124.93474179977835
-155.66354394743004
-155.47985187121395
64.02063719633503
71.51833668121918
84.4413893268118
9.483447681114844
-52.39881377886199
-13.314659205079387
-25.89612319637256
-129.61420910020712
-111.04246094306968
78.48450582883218
-103.80818880349031
-66.35746338564371
-141.4797291274175
-11.000615161403518
8.527506743989711
85.14338825918188
-34.00171303610427
266.8220191579107
59.61831349730624
27.868928887237875
180.0256419895212
216.96556430216114
-15.184571772538812
117.89103176538794
100.13270210457983
79.62714215228263
16.829532155191508
-7.947533110547313
106.50667196676163
-94.51692184102929
-56.05281300654996
-107.57937983447287
-33.01955391912238
-33.40877123254222
-79.14604767626767
-16.54780173776982
-129.47631474332798
9.529683852964201
-103.27095767397756
-99.0745170835116
209.8618141774479
116.5371977345428
-27.772310035688854
-40.02806118647164
-22.715501159063248
110.36788292314243
100.11925376055625
0.14025357005638606
-36.8938766619627
-151.06245852262617
62.25830891930426
-50.59468871873169
-96.11632821337622
9.561468161386017
122.1585259417585
35.58683843919469
-69.80982985155931
-63.343802308545925
-111.48186041580392
-48.55481880360607
-11.268207729356734
1.126808702132995
33.3895271872185
-50.1740850928707
-97.8837197214566
8.729825918928492
-29.455725957344853
20.28727788418844
32.06188799759953
-24.508900412071235
72.32030963686265
142.43495578582068
-8.020293097584627
30.927111564769138
139.5053532984467
32.58324239736028
32.84962740852565
7.168711378365276
-144.1244622890648
54.54121741005363
-59.508046324616984
41.05412172333814
122.33467949196016
-28.633065082439064
-79.85509042925774
134.34702638029418
109.36774782430193
108.27163931654043
-49.17883461256486
-156.16595563997512
-80.32004364885944
16.11375516674423
148.80951575007666
61.58369837752702
105.36779965324965
-69.82051213632244
6.191601305833697
212.41483074207642
-44.57149036747536
-100.75201968564284
-13.243656401621088
-82.05321122598933
-56.9088100413559
-157.97407824766722
-56.59048795445683
-100.36737872166823
18.637101981980265
150.30666977793408
61.86583638030411
-94.66207628056225
56.351819021812716
63.77843993344784
-38.397336653186926
-102.2143037559515
-83.50331452850796
-76.0944177768265
18.38194149931982
118.72495004286701
99.61100783075138
-0.1543519474591269
31.03483803692657
3.714329748281711
39.35276188448138
-193.30226603466141
114.28196918081066
-92.22577677226641
41.496283244999965
-102.66137147552473
9.662376650452424
34.255472462450946
-16.85475884720835
108.06130063183515
33.685170590980356
-23.194097293962002
-3.6948711169994777
-16.86717834452471
72.57242088962504
103.4109889770878
-2.6564749224375412
8.259430289964303
71.0773522091508
-40.60813961646737
-84.76818790308843
41.29577415555729
-133.65028370435138
147.76306012717603
166.71720844795192
-46.696500951119965
104.37465445808508
4.292705793695202
-71.89277504597425
40.48708522746321
-40.303017045101285
95.84313546023037
0.5218363557851238
1.0192547494858504
71.51856823049339
76.61943959891116
-168.4670933393162
-30.041346794388616
-30.171830315712548
-99.27567335627079
120.06770504612275
38.113200932092795
-66.8130938245971
3.4095909890598293
-52.39471738089264
180.3972297322257
-102.9994316739342
-71.50423518995348
-135.25532843802154
-34.215194228133385
47.32882643672027
159.7348152710929
-60.91320633093892
-10.183161920454356
1.1794970118531385
-123.93610772309238
-86.42116765995765
8.869554414770702
109.30502654895407
33.831905375075976
-49.00588508949834
-5.012134038660898
96.47277920615973
60.64235397001321
74.10745166407708
-45.38056724929084
54.91631819049548
-7.469962855756964
11.03375196721293
-89.27402442944282
-113.86681846933377
-61.92860180502392
-154.84168400898494
159.77274870114928
57.68297377125141
50.93772454487315
-48.0291797204311
-44.11216359692391
69.01864228110927
-86.48672576184418
120.48324174961716
-206.1516805580289
-43.79009103849093
-238.11743473784577
8.085987647936525
6.468189100869299
-175.80087632006985
-119.1521007986891
19.306300116538242
1.375204528526236
-25.813977127257484
112.65022488243807
5.587146761143541
-112.33198224890342
-18.669043590762023
57.08714360768192
170.3375004642473
-125.00704405893995
-31.63635214356595
87.73744754980689
89.10451401444404
-80.20371054758766
-92.3694066947136
-16.553916997527896
84.57112342422457
-90.98617777814425
15.530426084904196
-21.11236332177732
-297.7096018105769
34.16928805874138
-59.74910472665636
65.728829269928
53.526210169053776
53.41162304953092
-53.59734068687312
3.8859856064076306
-165.69525943978473
-191.76565181138042
-93.17200425425526
-106.64041655029617
-7.07992974136142
-57.36178466205847
54.78728112826839
-83.842304120017
173.61864939885575
135.94895724664974
104.6750275387406
-5.287099651084493
38.196145181975076
126.59708601800413
8.167025284751086
83.10661051234892
45.98050273795323
-62.151139297425054
13.21553120308938
181.96934928380728
61.87101283322747
-57.23042606823485
-112.87862401129907
69.54650999547673
-94.72319456969738
11.640697152869482
-14.353767873784864
74.66216454580417
149.74877433315052
-13.174533416960468
56.46757915929166
17.757082014569747
56.04016945968563
61.63138204924418
110.80187557260741
117.59690084420468
22.572624595254243
-77.92381688805006
-57.54650427377967
48.91129329587403
-50.0320486001271
-120.53463757268875
-163.54159657156478
-99.96692309325907
-80.27371565411717
-49.15285311491034
66.59419304893997
22.686748939947407
-22.059349345915606
65.87735975773928
78.34687873533214
-21.717502652869424
216.35353232186154
-110.88994699715478
-79.84411170643833
-111.01856495242478
9.253273759592627
134.72945085611315
-9.32014893612135
178.59230131308163
3.194783568593331
72.12176258936705
65.82741261139125
116.74220430208123
116.13141859151774
52.69584432369368
27.71958148283259
-65.71020866473594
-21.011502028264104
11.327671348680122
-109.77159438728486
-3.284955884547875
-65.49956210828925
-46.322562630221384
142.48287442424254
-52.328135495585045
77.65774489845037
142.04023680457868
-15.020666548367576
-3.414113042399942
64.96553310521351
12.99766735763095
-132.58219714709847
-31.497064307889918
-75.63388626683273
62.23594760295214
111.74176459760238
-138.58116545821673
17.16683143138649
111.83019556187568
-51.93235207888163
62.24288710067447
18.030315643851395
105.64177756462985
136.97739333353778
81.07748662389197
-94.95464882825391
-0.14185475141250603
1.2384060562046508
-23.917856031733947
109.7737055885764
134.5894118332575
-243.3108643139422
-86.11360431771546
-10.412791457188778
34.70785858524877
-59.993595045738935
-116.35560214819573
-269.17340451112733
107.61167590099554
-81.58134106076469
20.134428888987262
-4.290530816078008
-23.548029486197994
122.88593958826664
47.1632100411656
-53.133568306384305
54.02646915382361
-51.840339764505565
-34.6999563910797
83.96260921954403
82.79089972009034
-238.21899271082464
51.7191257821881
-62.00982102278156
-37.660661410921286
-62.56931757526555
-368.03414484012774
-115.51938632024316
-165.92546566641184
-76.7627835918829
-1.040468451055935
98.14567089251273
-27.811095723422373
74.02884470510459
17.20685759136035
-77.46799141763944
-53.71022861678916
-34.69976911037648
-9.20922552753675
52.11239479141301
1.6561400624742486
71.15538869319263
-9.814587539015966
-29.00625304796847
-9.11669932861326
33.054533566554404
25.732024289813275
18.310834423059486
-101.22744807402528
12.622670613823187
114.12561997817095
157.23478813718486
120.3040778437971
-48.1548794611451
33.00619641451129
-42.254976039396205
-23.412516433605973
-80.68103580738496
-119.07379368484617
-162.34965656285445
70.09210271164325
100.21653012513165
49.8004755892422
-25.6221536745585
-74.83371989019656
-106.0246902477624
63.985830368743876
51.7635785031617
-106.90008662610492
-12.889009435818508
-0.03631676525174565
-49.00718676221244
110.56780103940815
-114.29515990529124
92.59189329496091
-39.137391498316894
-56.91846576265534
-0.5269292640661726
168.93050315438862
143.9719806618342
-51.463058530479096
141.80198531672937
-115.60771044811158
-84.48715773746181
-84.69163636265519
16.044974864576332
22.278311779146556
154.30315011285776
-15.670201037270722
-9.659592347300777
185.46775084321493
9.082273377207509
52.736558147489
-20.846122799870066
10.889431119111354
124.6192340989803
-106.91533967473352
13.225594841604666
166.74652307320733
-115.45645791252485
-27.633917491553596
65.66954912343111
-235.54493281211157
-117.56809392272851
102.70800318273416
-16.62520668958594
-36.18802872042804
-24.225681117127852
-35.33824343376524
72.7915810652622
117.15137781438806
-53.52164254273574
-46.92362345539709
-47.51293066697726
-155.5812670149504
-60.61688658551149
23.53261813101769
-108.96324952733539
-96.25018753597529
10.969938262609682
91.7315256253618
59.99615085229952
-103.95514462551913
-191.96173071597968
-200.98997569196808
-80.88531422055586
123.47408770760875
-95.53384819430508
-7.506481944756742
-120.95123043962298
79.58960845822621
-26.436894142574584
-6.368170305964073
-81.7137132109986
20.840633609556733
6.897550886492624
-112.79465737779978
-237.9259323214755
151.3764603747695
-18.37523689057004
-56.0133651411793
1.3160296343295743
126.64651806492752
20.200534941943644
-156.4388877244836
113.4121857730114
82.1983732734651
50.97543429133105
-157.5636494352632
-102.31439488632012
-96.32308404411461
-96.74105195778095
-21.45799626700598
92.05946938722698
3.8957011332025004
67.37550307548699
-107.12040418117019
6.974575749833936
12.918934055927513
25.588084994074904
119.89937424892697
-308.679133208882
106.77689315070417
-112.70358304077735
50.410888170164036
68.9813656952043
94.56701539917417
-0.59965237472668
-83.86165503981434
3.501485190761005
-58.457901148706306
-70.02157800780749
148.80817025296264
11.484502895694158
54.51964671102022
16.550540332037073
-140.5108407116537
-68.95821184632045
120.25148741586946
81.66213462895831
233.06507800292735
-62.20468269002073
136.89795236630997
-95.14076392598366
-158.14741896685538
93.76747839376594
-2.393716730248737
-60.50188810309764
53.441246293702534
78.35996720070287
-91.72982294247417
-53.19234810939666
-8.771153217014104
-9.438417391337493
-72.73680593800334
-98.76715961688996
-17.042405344241494
-35.85548893785129
28.41114482260289
9.644200899537193
117.72872417185219
4.020439084337405
129.66561920397632
111.18410572283906
36.734436076629734
-107.2274662545947
68.64026477199498
69.7317804175298
-231.08644447584408
-20.053419023581924
55.725498913292306
81.21353337058451
69.60140857322871
151.3650245898268
-11.271030742367975
-79.77163843858514
52.845185236246145
52.03089074587261
0.6801546508306543
139.34575417049152
74.86258039001021
-88.31637043309858
-176.4477230742235
99.92510081677544
43.84963424325859
-270.7849385768228
-24.65317465432052
-0.5106163507256686
18.895744883187266
57.56096407833071
-61.61971209491757
-0.0030408818355329714
-57.43815717892833
-89.3950857770423
-102.44949214706484
-85.13717297914303
-73.29654564632824
-74.0254012860378
-24.633412598736843
-43.03157118769792
84.22738695259949
-91.85308914317704
27.95440315131986
-174.03696362749017
177.10703278144683
-17.569756476854742
101.82208955831157
62.995420918527884
-17.102258610183195
72.26704371125348
-40.548816248112324
-89.34720426448735
26.30969029898283
83.41957802890538
-130.79936098567833
25.586415963234767
-150.9145296201235
-182.35442029828388
-63.60507858559865
-90.36333432343189
15.227702818915944
-141.7157200616168
-41.00075547880358
-3.1600650062601856
-61.18215163998555
-168.78860261214703
-116.79470270257497
47.374383483079455
236.43566816649326
116.09434194960578
-103.33653790449276
-163.05480043328288
-132.6583900249622
-62.948202699575155
51.35263349817451
-61.288452095961375
-36.7435799795339
-43.3830273399656
-22.731760666939792
147.41502158649683
-59.04098029450381
72.7345317823332
-16.099553865016095
10.53343808795458
28.61420205476645
-28.400911268106427
111.86409053028335
-197.93791462224996
-41.61093101207838
1.2469657850228133
-99.53118971554998
-87.48000963053448
-106.07382825011288
-25.191001287706637
190.03968845049587
-61.958267451046105
-119.30231829114075
12.104297186155845
26.00724847441831
-58.4417900269122
-63.51076167281721
62.122756021264564
-188.2199170111169
-19.70595055052772
-158.597184440462
136.52846452209602
85.83728370288114
-95.62592833369962
-1.8399579391673413
35.84320345610668
-33.91511691253776
9.86930884066831
-8.537783169219272
-39.355898814571226
26.03223474559555
-4.002222936855113
102.48912594152787
39.670059702858836
-31.129233326920815
251.9488640848362
-30.26818214246681
-118.61459410494332
-17.752732401372384
65.34103754899533
65.59990325638906
40.60266034417595
-109.58810623181648
-209.3780556119761
-88.67289753602388
43.57057070004575
27.201007531248575
71.69903207200772
-39.76305798300183
141.88669031517546
68.19820586402982
69.28785607674621
-17.49320114782649
-118.70222034595743
-36.85186317207938
-68.02010786423081
-99.37894067750356
170.2195266193857
121.31059558680491
95.82705127992784
50.867719954456895
63.887761829183766
-211.4824518507707
-4.351280689964621
128.42982380820723
42.766054670043246
-34.81431032667189
-72.65151444795974
186.05651555117797
65.70377772093599
53.22105088523947
-184.1338168200883
40.420896830922786
146.821015397886
-53.980974018308736
14.425601177567001
52.1319375609595
82.99012623601847
127.16041597467027
32.69464476586128
51.56293867152668
-10.118901781692012
-218.09237766457252
-98.92603438868676
-4.252874494629815
97.32204837433619
141.41275012945115
77.9242306312603
101.8413826415582
-17.554866750653616
-61.53046099579899
-104.55112228772468
-35.964348044381566
107.34088506962341
55.774817552673
112.31494466739504
13.133033399119586
-32.414976127137834
-39.0178427808428
-34.055740076974146
-40.88334753355699
-234.67569047732783
-33.73020638966794
66.75142239859073
-227.98250186707875
65.96618454263057
-10.144334917272781
-29.453731876991355
-60.93519302006685
59.37049450589072
65.9237824707431
134.47841100904387
-3.7334607593688935
-27.256823902012407
45.087160576106854
195.37123999361822
13.291574261460154
-44.05608712513708
63.56540947385194
76.20688439584322
-137.79545504910837
182.7902756257183
39.51621589527437
52.137271670687696
97.98449299534994
97.85076669117504
-84.05281404213336
-215.26515064578214
10.921247229154677
-45.210752072981684
-13.33588103022456
