170.00194277318832
30.964933916651198
113.6566368263644
-220.1110893170621
-203.07700507089368
-40.035792084666234
231.4430953200096
289.73138973327866
-43.24856007364167
79.20826790333687
197.0867606953704
5.726852704009023
194.8956533723448
14.243589894870567
-364.6924554123009
64.31004237061244
-231.92006548196517
-38.960693516232745
38.01690415086587
95.68966365559882
-79.89773198585422
-50.308339799618025
38.07086655146291
-73.15658902339737
219.32226042506963
-36.63116673907654
114.8142385921415
-60.15876720546601
139.19044197510138
61.71242745165507
118.51167945743069
176.89526985756
-13.577591316682922
93.69165975721575
-145.2737551233619
166.65616208117575
216.58782946214723
62.527956192179325
-10.414159415094849
129.98200211889585
-109.36568042973306
19.73604709923463
186.69012388758927
-176.5663620300234
237.0701020573564
-194.44258960934008
88.81300734522931
-59.826173524513585
-246.9746775084357
76.11823988490832
-136.74280888017705
106.96292438686505
170.2479372676687
-98.92336107176382
21.565380240713004
-63.50764101483283
88.9949156616241
-235.20183104951371
248.06577061408476
-21.22539846552285
135.80495671277671
221.96606297786545
-40.41187597529729
-89.75985329147782
-58.68494138625377
-265.33038216415116
6.779284519971008
-157.37747066229582
56.70165473996633
74.82507147656705
-46.90548949130094
-65.49642649644572
-30.692503832618293
257.6278164120102
49.21119035205938
55.03297824200506
201.72564675722057
-47.872419528333864
166.29421829139162
-198.63397101629178
-112.00126818437137
-64.37078804670227
-293.57097421842093
-22.185533012680573
180.59852732691994
-46.908414228332376
-246.84941980233802
-56.950216936789474
-110.95733528929746
340.53589262777746
-61.57654759431071
152.13448625510154
75.85573143221505
-56.01262203705849
-5.901070866724245
-130.82960944852886
24.333573652792627
-113.848691683005
-229.50988016237287
176.8403335163376
-202.2455573970302
-146.71009756416407
-27.633937669694962
-129.18706863131382
-185.40601597026912
-44.2420871845042
-101.92043295933244
-168.34980766313612
-129.18894334426767
-4.2351250657246595
-73.16694217360333
109.69019964811548
-254.44025252662453
-160.02885430855503
-405.44833735263256
-222.79267057138813
15.417286348480468
-272.0338069111732
-177.4120121051689
299.7064849645654
160.9664837718014
-80.3306799926498
40.48491401570924
331.5316506908358
-146.7230012720604
-265.85761220300634
-27.39804987237551
35.39265452047145
-96.9213651536214
-27.197474817664247
-225.8323873712192
-18.22981993157823
-33.59226715504922
-109.02559877967552
-152.27544841312582
52.86871083453906
33.53116779868364
7.247899171503662
-145.92778243145213
-111.96528183858042
-163.3283606704126
144.84286485704405
-79.37426593229216
-305.76304693365284
-212.27190726750842
7.419601737742611
7.495531056143125
72.05546738590708
14.463619633103058
-173.94490186467152
-168.01778162756005
-49.520942304571435
-203.04102672270307
65.41922846688107
235.45005551399362
-181.3486363092235
209.4362655900578
-5.070884156729162
-73.90486483269383
-182.203874445622
61.41400703539553
-8.245116014625088
23.360212131011053
25.988648655521697
371.47153866889215
215.5125300001577
64.21075585717104
-130.05924993351834
28.08793693052891
-249.74575381171508
96.29765350053664
48.2302586557753
-345.08225073381465
61.43529572123908
-119.38854987552025
122.61492289409769
360.6240898943465
-93.95445089691512
-5.124419243604176
183.42383234836927
43.08271788766088
-32.643866541100444
148.1700538361255
-108.17682422076794
-194.0261767287142
-332.89197812397936
138.9046789846775
-106.11992962780982
-68.0800522313012
61.75143328715258
-118.91632613073969
27.4977603599759
17.022733289870274
-39.62204349944294
-191.45893742269442
-29.916152657492873
-87.52428122771711
-211.08713572002029
-92.2879555796557
-179.2869028485272
-293.22701374464236
-220.15106146924063
-76.09552506929921
-282.3471097964359
-88.79258419419584
-233.45909149367648
142.179045646306
-278.79239466706656
-27.68515581053709
161.00387946965358
-122.78385634214531
254.27836085553935
39.743349444888786
158.93076529443786
-211.6665895497385
146.38194990724818
-193.23319738137855
-128.91682653214923
173.35821731680429
38.82858711996443
244.41535370741713
183.15227478118632
-182.49292440039235
-79.35314820579549
17.963624335377908
-59.60803776866783
-39.17567345025012
-153.6518439630831
173.21124002090104
-142.33318744792294
-204.17609081680024
149.61442415296034
124.45339452438392
-19.593014212356543
121.08719428700697
-134.92899373094136
64.65105529013773
245.88189381031322
41.74790167157059
222.44380982333686
-130.29677250913042
-86.68579747926911
-35.357777904624896
77.08825051553796
188.49129903072617
-24.112739754228496
-35.02870032142493
14.89735555782454
-111.97136419815416
-98.37839557243402
-115.4223262959107
86.34845284699539
-136.95129264964572
-10.690269629912645
39.50382196498513
340.111319943911
-0.4572280232770476
13.416288772262138
-144.1870932437103
88.99320477227407
70.29396844569096
44.63436143912824
308.1667234453685
345.16704371623564
119.04651112429279
-89.28340861219098
-39.740974744464246
-288.0489886520157
80.43473081848697
-353.91916151264996
-43.35145945706714
33.68927953358057
165.65297261555173
-225.21348894525133
91.19483057248422
-149.57442880450785
59.92424550776616
348.3481339843095
3.7574755234623334
45.93605084353576
-100.2520556866739
130.5632591432826
-331.50493304732726
13.15390306404333
-243.15235269541583
2.0424896184964956
108.39280599099618
45.85055797454077
-127.94223278988852
-16.463601510043823
-127.69854661607296
17.879794633337816
-180.1972008054948
176.11995456201313
-7.177810822502152
83.5291015266811
-244.15019498497946
271.6253569772999
-179.39940284859375
146.39981854923062
176.97264505273066
127.13212628310423
-78.33329034036196
-249.24840245270025
287.276611954779
-113.92272343137094
34.16936729687363
624.9075166450926
-80.70547248454726
26.531006755372925
-248.45102777238452
-155.03292593823792
-255.2635625683867
-85.20756261789737
359.10430839778206
-54.42939247733602
153.193752194408
103.96147740690175
-271.9682812928893
-8.209755321538953
40.85701075206303
29.062293583981457
68.51526978620267
-130.75440426689136
151.59967168088218
115.6890608843381
-185.48428855804048
-52.13054861524818
-347.29004813704177
-262.9169536293358
-107.63227513885329
220.28437618736854
-18.27250327039921
-81.68762827561247
-175.427248419614
112.29147553839346
165.87513200902194
310.76742804454574
-152.55176293371372
-53.86283159897808
243.80214853792134
85.88553256055937
132.8221727649831
-13.182925758565467
-202.7038657446038
221.17244858325935
-72.77779272394655
-79.46635277384173
95.65258183696226
13.534482913169596
-194.75152482466547
-118.79410481893403
38.63507725014076
128.31060025711034
273.3067876519715
249.19962381313968
-97.49063194539653
-48.31669743301046
-107.64025951088155
-285.2873448283249
87.58876472307611
18.364931689731268
30.612011965593027
207.66871111453653
-49.011510851936755
-98.60642148299762
-0.32122197930283214
-106.80014442568883
-62.70429912086407
-18.933196059626432
110.87714107110925
-50.607723192904295
-164.36427679929594
18.926204595702217
-400.10562754533765
-193.2766655108497
265.75928104186926
202.662827212901
-268.0020165614027
82.58558250905588
265.28092818831294
-17.071169386270263
-44.9461257219703
-88.05851069912627
-98.78953253961126
27.207914398921833
-174.7332503914198
156.2576935501381
-214.20510574944993
163.25622773149524
194.98350077719942
-27.64267554266439
-77.2504699351433
-73.11955232564503
-61.418787994473945
-106.21097778094878
-43.735768222463896
27.122008479783666
-4.4223865247468135
65.8808775381913
-122.71966209696335
-94.61547910349003
-90.0535680319933
-32.912591430076176
128.8473197694952
-72.81868567334374
3.778790615536631
-75.81236515055924
126.1735179594462
59.435817813804164
-113.06692199555583
148.62461447567816
-84.36487908494375
-59.145558142190424
59.131600302340935
73.7895678101444
-140.3465244252435
-139.97748186072684
166.85180644324203
236.5988716246858
-264.7118188136735
-52.65180832830939
-42.01268372606466
140.07087290250058
-123.24285934598694
126.59831450297129
118.73825694066365
-134.06775572608908
-16.170366173635003
309.3598389428185
-184.58379194268375
-10.002616980101092
386.23593597116786
-30.8119374476143
131.92983707862197
-100.64413758537044
-88.73159806918888
-123.98150041345471
-159.499008027866
-134.01046381259727
214.46987133177652
-189.92311974374576
39.25136848717517
329.8630101187529
-96.04048597587911
-18.198211114007826
271.7751832165456
139.32564655541427
-125.59315671591587
-142.86077617732758
-244.1302452226056
108.36063182249067
69.16282001153516
194.0632453630256
31.326252031689457
69.38677839084247
11.81934018775599
95.71981294383764
208.35822091938036
115.60522459147062
-45.02915115369314
145.1118163602322
101.39702410425494
164.8259571902788
-89.99601212738527
-232.6598391654048
-130.56186623319599
-131.2249786051859
-143.7153008176931
-44.397985022691586
-207.1796951126868
33.706191618736526
151.7250410112114
57.56579323894237
24.077382712134824
55.95376237382143
-158.53329318171984
193.90919260069435
-226.17888754981382
173.03566830449248
130.46585350937886
-323.078247386678
354.9064422790023
-217.61708455721168
87.16003880795972
31.576007555257345
-0.9537438477665948
-18.071724142609103
-116.12039776023818
-120.92774579940281
-260.4597027133555
135.00210030363564
-52.54615380046383
-69.61829343897307
176.11077292331075
-76.39334379577582
-253.12260738859652
-95.54807812698652
73.9901058434995
143.09486116853756
-33.29036829252032
-147.64877950342935
55.73111620148331
88.30885627035852
-130.87117839800726
-123.74711529831016
43.84525556281453
-48.52300862511029
-63.24565762696975
-196.4713434441277
42.49411680563828
-72.26718839343764
-84.16294562141547
-15.277537008242058
-312.789877001858
-88.11255829227339
-139.97643717296924
-122.53123424761688
159.84155837806813
12.52638847618311
-189.49787750700142
262.563838632176
111.50983114198014
-114.63548643187659
241.82523549117698
85.3291661183722
-102.37280767799002
44.6298219798464
87.22345267258666
151.64124936559026
-87.93459621136778
-93.90305745944337
6.498188620717819
230.22847271771633
199.18270372087676
10.6016616946823
-53.099623011831966
-85.86404009065726
-120.24847835115717
227.3249448077764
133.66389019733313
46.528179181776004
-105.57439897358529
-100.43150037454086
-245.07182358194805
118.38702778493408
-233.80686086251438
123.88692558067608
128.6040783244791
-65.85860010974568
-443.98257764237803
-181.09706680549746
259.13516430684587
299.638749933343
-220.48429112112188
49.75289088479119
-206.85674066703348
316.73568911639467
53.55368165693486
19.764916743309925
-108.06908447552613
-310.04394799714373
66.45811802604636
51.499596114306186
39.120206078472286
-273.53685524049075
65.66727773934575
-13.069346789301363
-94.33483063151866
-327.9852141169997
46.672365062124726
41.41839734186726
112.1897565492125
48.971994864208284
-106.45052672498878
-246.23175835285033
27.285145789981474
-139.7809241848181
-27.62472810926597
-249.68156412571568
-37.97989501158135
43.865166706900254
-56.10270153141053
255.39801775968687
74.61205950036751
-11.799413031738789
201.40926594603684
-175.2446504256429
-16.83535420413531
-87.46604743442478
-113.73393202764538
8.926649212528313
127.92278358815369
140.79203164548662
124.06401962422342
93.2141783782658
-76.90448165311238
-264.54392542387814
-445.210686122441
-92.75111340243699
53.74532791876532
105.29571336685792
66.52858883474414
93.40472861570575
59.66979461105829
120.15738504513169
172.3963675031042
32.50438900595717
234.4839415023398
-3.7231960206794956
129.4549330022976
-8.393363111779868
-215.59981638447874
-78.7001841522503
102.12807876953147
-249.83506001608174
-3.4588225987683408
518.7490311147069
9.323515562138871
53.1318093750538
105.09753928554652
-87.25160165361129
115.59071867995726
-7.849923740713335
-146.99986018726608
-49.97936413047216
65.85459530185284
31.446957731513322
102.66449765707465
141.47492656127073
22.031548752761
152.37195449104757
-180.29866812623456
-223.76065015310246
-52.918311961128246
-135.59340649293424
-28.475749990701285
141.07730820864145
-97.73902859326519
-143.9866135077004
174.67548708528207
-20.318485270222094
246.53687433608133
-67.87084400151663
-67.9126172623738
-271.69636042439
40.31390860090891
-88.44405893403483
-57.615115427676876
25.00941829582514
-232.39377960722834
164.30315483059724
140.41711509995025
97.93444937955604
28.84677862258897
-184.05831577265468
-122.41488948049307
75.39928203109235
-101.11362106273623
231.17931273290282
-200.55717450013498
51.87806485508306
-117.72327461320927
140.0744352410323
60.60055864060928
-45.2329654922938
299.0788754104489
-8.767866679558983
53.64019875099805
-204.93403412969712
-130.9850296474696
-119.39212297660174
69.03965559993993
295.27566651513325
-113.08166038314963
189.2479277954426
-7.725204326936917
37.32277526633868
474.1839483087753
21.022599728611684
351.3087594376662
270.7940130357497
-66.67613498954915
-35.8834191692223
266.94432301813276
-69.17430211598409
-139.53871806339706
279.41373222482156
-110.6219444153787
-22.95628099871419
-72.86441557897113
-34.52473533892828
161.7515562694915
254.14907424039822
-46.83370902527494
-87.27420209461128
-98.80093042932077
-120.43786393060083
-138.45610871860234
44.4848577695108
-60.01875316996285
204.04167393013398
-126.54754679464126
10.595981330047852
78.30783198894555
9.019541964055474
95.31378520215934
185.51092076908873
-60.24454382589384
36.16455498735722
231.82811870614563
-245.08622077010347
200.2971876883475
53.75612838447657
28.82485123015735
27.87320529132775
120.80622452071478
-156.35444270801227
25.07089934513344
-266.09449517903005
-159.42612236751563
-80.96131499352724
3.5005261878912908
-123.7413359110368
215.66790794166795
-160.3808448426198
104.72518052298608
-14.703090314851202
-27.641610830952875
-15.02040088977752
96.39259374375474
124.14563202257287
-192.49432086178462
136.85045838051104
-127.56123506067276
-94.35427170024828
165.29401965597387
203.86775719137194
229.19344060289887
-4.71058804437726
4.4284444746445155
32.94766229705209
-217.34812217457505
-159.26298799964601
79.58465439170965
-162.40789210046552
31.53255854428466
8.971252566780471
106.87099796095055
-6.305780952975625
136.24123076898846
-83.52005402393854
25.077952095533558
126.21920047148696
-118.92209604267565
-132.6604945113345
183.74443703905155
271.15203886659305
279.7024973820377
-16.46188817562388
88.99472251031898
-29.8839563274444
8.170620327952546
133.60307177793055
-280.787547844975
-55.59346659843135
-350.92240128119954
-172.34756740245692
-0.9637478483836159
-163.8591643820074
-233.49789939547807
156.37328145182417
-171.32136298803215
12.199715676348003
-189.95101846654975
99.50381932643052
106.48132012465723
-74.85507140937933
63.960520930978014
125.01329743184297
132.8436545446255
-155.0842593876408
-16.607813317625904
302.84277485015656
258.42051159298677
79.36533850244876
-198.42641849346128
121.87905434960858
-38.692112992606226
139.77430447946332
109.11547018214239
27.770806705835078
336.11311043182025
-65.43747433127359
-53.48274038542928
-46.807666566588345
148.05296510439496
3.6577993734319953
-126.26362876766592
-215.15746293694878
-238.1792515560219
65.05136609747329
212.091369052557
196.9262169964079
128.10075107856335
76.78916292160734
43.224366746056475
-197.0050822310113
7.7742928691542685
154.00304594228425
129.27180774478802
18.663119337501225
93.64250263201191
100.49496773294592
-81.37828936743188
87.43296724416284
267.95018370377244
-10.592610895395831
-198.15710609468437
101.08165947434739
75.0178857209194
11.438137216820438
34.249334962091865
-84.63794882840932
125.06145116350943
64.57501273729366
199.2127557324944
-184.76513763106516
73.33164883817881
155.33371705572173
351.92995065388
12.105672355458916
-39.117959784912
-47.371745578575855
-268.2728218743166
-76.25838663370284
-100.54999384810196
149.87721045287324
-25.168485343721198
-25.957043608890196
74.008705623188
77.99955633668937
3.1018930928799433
263.15722644766754
-75.8513564095323
18.25570310938175
49.13578101032132
-149.70543703306876
-444.46313745626026
94.8601567931445
7.457510570757576
16.508332941139088
237.73241473223885
-234.5013332141513
-166.0185389566018
173.95074509197093
-96.04973070418299
-171.84055968941766
-78.31770377585075
184.69146928775675
-10.718619902642379
-20.953509560601105
-33.06364341859301
47.48351274118182
-76.80356656078881
42.276920013693996
69.24111491254116
-118.55417576395621
-320.45268133258094
-82.68088125490029
-13.413102589227433
-14.760015946371995
323.69813184791036
225.10390287216234
116.25784083223967
-73.08044820370176
-132.38516339231674
166.8401983202874
264.8303833809261
-18.26673420256294
183.07145132877608
-268.6342608737531
-29.86354479436188
42.76599308936065
187.8496358026553
-204.4441313048996
108.80954851484195
-210.8575005631431
-223.97721709327018
227.37850156056044
-55.80404037002934
62.56318002974669
12.586033337890555
156.9339892788177
68.33246019976603
-39.148558838356585
-26.203350346562612
-129.42885506073048
29.054265803005066
-158.3891238308892
-189.3234216181257
132.84215259031862
27.138684533148215
-349.3239009260862
-269.80634227764267
-218.02565432985796
69.85674721824213
-132.74246792529837
105.6428231443949
166.31853343511315
-286.5401091024562
-54.23231160998651
190.47875670029362
82.16507075331727
-78.16342046394041
7.556512077904621
19.379599167646838
145.94239546013014
-206.838257894695
-44.626302148069755
-177.53147313670428
4.775706551257251
104.76178989480665
-41.085757841628116
251.86039426205895
40.73277504429606
-90.39387569633087
219.29493321524825
-302.15539403863266
-38.16477800370198
267.8926567109245
11.520851937007869
-154.56155336077288
16.552688947518725
14.544503957236492
-244.94765237972544
59.25454594501038
-3.6222957207604343
-221.77684514510702
67.27102476670065
-288.46345639458
-23.427001639077897
121.86522914166083
-32.26979176363313
-12.85813129226193
-37.648200069428626
9.569191930945593
-5.655272322993277
46.35286902360374
-57.209384624532206
73.88602102008709
251.48619749016768
-233.58581614831144
-33.67086199329062
-48.4298192934928
-53.01492876512315
267.09318356140415
-585.9126800928558
-27.11835858438701
74.64190685976756
-54.864133218734935
-584.0474375781092
-99.38913360792951
-39.16852591197411
-78.67237245084151
223.137639534262
-135.3820935712918
-3.3962877351262364
-2.6785129638944114
135.4153890808403
267.7982187311253
-81.4940867055524
-124.55805116344978
87.30080212986277
37.406157442148164
163.81713908312062
-41.98934226552286
-188.7909231442945
45.66119956132152
-105.0460034476423
-210.71710391260066
90.20603215705641
108.5907649463769
250.48650549475985
92.612095827493
-113.60025764851103
-156.52941411392143
169.69508308019752
-115.18472227979368
-91.79095783472913
-293.1110276876386
-252.57445013120778
-265.7655354629235
22.4591873658725
-21.52795101283481
-15.650818969645387
9.787992790283683
91.59767494309894
140.56419828406877
208.75518674370872
