223.0419498502647
-43.11240185948477
38.64045131536552
11.006757214609065
29.360515378914783
-112.30645845354775
-99.64993119798322
-149.38954916906079
143.78004476640925
29.82558719182245
145.5859313038273
-101.5553158949892
110.98353475987071
5.745400565771538
52.55718814807252
98.80305417904144
121.34695561659004
-83.35670894694114
197.92060061896427
72.28146980657547
72.75604846939109
119.77945266304377
-109.81192004401379
77.81756399083496
-43.58369082252133
174.42937877431183
35.62195887341195
209.6684392618136
316.1229457917634
223.74938245278042
-75.16232352844524
-213.48859990059876
-39.858979752840355
-37.735956810437386
129.6545034282509
-211.78810281988757
0.9858904362153551
132.80176218349163
177.40939272545677
286.38289668791
-328.24412420988455
44.0753020837143
-2.4348299034349754
21.951543332053674
114.74325648576564
165.83229079379575
208.77900269802723
-84.11440073662135
34.00975032622086
113.4763748706699
-21.350098730726017
248.3212686139686
-16.94203171684946
-72.49567377338764
-182.3887036599243
-119.09681831043162
-92.46937073895865
-15.737793378558985
-8.754330830477622
153.39035051657606
102.07021416405145
-11.141444307090875
104.97305406099537
57.10302916955388
214.25807105962167
-31.8196751100453
134.07629371735672
76.75479705641304
-308.795466535943
48.0698204137171
105.07953391846446
-239.3017716852627
-229.36328500616392
136.56828930637081
-85.71586957786072
-123.27616628691915
342.806940456814
-101.1861624715735
-300.1705551569491
8.142948693813606
-172.7185882022111
17.70158348825377
-42.28389094103189
-249.85780389749237
53.727675904647754
103.38882001046134
43.66233166737445
55.35272962366634
223.3496668577865
-89.17211968869458
-285.4850737377903
-121.03938537502472
52.706780328424976
-87.9483241054582
35.32835672792381
5.913814629147584
124.93725645002519
176.66530394071287
134.79361946510917
-76.97394206929108
29.978257166300637
263.5896823091055
95.27820922153194
283.5423710602132
106.67195482950524
-18.370466879353774
-257.301463965402
-297.4236242952138
-188.9489648028492
44.243368734139764
231.76647112488433
59.15808076836094
146.79589937036732
85.64269497791153
9.85086641779597
1.9491683640353226
-131.99085500195676
-92.49819703217774
-65.3475271043282
14.248676603096033
55.61886938390295
100.77487079592706
-128.15190359064655
74.1123430943822
25.003492871999246
50.348055162771544
-420.39615765464896
270.74001406195265
101.24030227625335
-86.8817246194744
78.06110491277758
192.37866674514146
103.94395963081551
20.8272446405767
-69.2074600912047
-89.7215465485192
49.33049482675086
-146.10215890004542
4.496606667273855
-255.8139907554947
-15.520718488283503
159.27228805719673
18.811093520335874
469.48984103660035
189.31678158282233
-181.33698138489163
-154.01998352807576
-87.41582198379437
166.3484560688612
-27.62419408941244
144.3298699777821
-128.11837339201534
-41.77971207566195
-139.42319863985978
-72.33525231216753
115.03107047933716
21.663522823474775
174.61911679908954
109.06240493880517
-87.4314791222187
-174.6974928707783
-198.0150705285342
-28.86578869852364
-99.59166487774208
159.0523337290279
-40.89900920392862
-230.85200174300613
-101.58938235902858
-11.73982760286754
-141.52263308414683
-220.33730259516835
304.8605194650196
415.32718079361644
27.642916049350656
65.86952217820783
52.589619451289295
128.72581806714203
132.162449175071
146.0138437093715
-26.56958967350112
-68.6904376419305
-18.705197988531847
-86.80638762989602
87.88940532116261
-153.6159244672472
-102.4983722391752
86.62020576503934
-240.00497291784706
18.543470420879228
-210.32191438386167
76.97347092609378
-43.24719322812619
-5.480958095620913
-30.16054845665641
260.4266802485689
46.6282696176391
-2.4804683141892596
-148.522885915229
156.8075432718135
110.91827492118576
493.81951675113663
-132.9340885692568
62.26589527522769
-0.361637837531564
-188.4411041644225
45.35803283046381
-1.1174466726150984
111.10823712515968
48.590527123542735
-92.9219733827381
27.660131630234428
-38.1285783617928
329.6548701601234
66.06194437214049
-138.92037306060425
289.58595984701475
-23.758613180546675
-297.6887595555078
-281.70410128920906
-80.33694523127214
313.18050538473364
-74.34488603406176
-46.912572787703844
-22.368289491428694
250.57764648158224
228.03392571834468
352.7889362397052
-126.3496821355453
-20.747771414483708
68.93673439824971
33.98380791955732
145.71925065561123
-49.37215694491898
19.396945541233162
0.880471779884038
149.70952345051955
163.44756726131232
25.8414439451228
-31.30071880391548
42.86416122740799
135.86229443298373
154.4290230024655
67.71089020627277
142.90539498682043
105.27760261487856
36.8938504594583
-274.8709278885157
400.8922537845434
250.58941409237735
-47.88960704324769
152.82337787220186
-137.0681177034573
170.10711866691187
18.640937129918722
124.5807116744791
293.10001125491215
-132.46367687104492
-95.18644265679119
133.37261201638734
151.7299169196416
-94.14776562702805
-49.341116810049876
98.3140696293797
-147.41224891601718
-118.71089758921339
-131.8824355332496
-327.5123264074376
-0.5417918359886091
-235.0196176003825
-300.93074466392267
106.9200181648384
90.58751141409115
-40.33404903784802
46.90182055047073
-242.06670008971548
45.80908390884097
88.65819630721153
316.57658608777183
-111.23680874921664
-85.33882591920081
129.33173060740435
50.04019313167345
-188.551645492071
-55.412275746307515
-103.46984230727695
-130.60160270376502
309.1566399118801
234.0301964973739
195.40125130174542
58.89775683283131
-11.01280404425568
-80.29965538248567
-184.3095134164376
36.88286638493481
30.210217331058193
25.18262998447267
-447.44067962911225
178.58320241625762
-267.9647918331803
162.9566857929659
-246.40547483134014
137.33722744506326
-127.88177387250757
-3.155646033457898
-67.39032118610606
-5.571733830422133
-43.8482476816605
-97.15037107310681
168.49731205420787
-198.31829687621573
-300.2860391726296
-156.8389730489802
37.073296057902446
-92.96813886860274
20.53465389555981
38.05294525707112
240.78474034365397
-64.92007748479146
147.05207295940093
119.98565959164051
101.74397723407264
-23.880923417817392
-132.67809177026157
73.8213148792415
-43.53172787709619
-119.57324556368482
-188.8852064910529
1.8751457259823203
-16.834894132655197
139.98540500111102
-16.173362511991733
51.78912094305435
-16.682412197325768
-40.674492244249976
-263.754738598551
138.69369045000724
-76.67286875012456
-4.51736893631181
177.63983474380296
-20.21014595756985
143.9662190157657
16.98877762632728
31.931752187060404
48.79892302377707
-11.693163555125754
43.21287305445733
-346.2039508345698
-181.69680649697747
65.41866599464099
318.86137538048683
29.034894581254065
-53.01078967998484
-109.81400765430702
-152.02857415825073
-92.47864693766873
85.04096358243329
74.95666906850255
50.79129272481498
97.06146631584612
203.69673854737414
53.810364020296106
61.50907162693392
142.73969822679058
-13.45510254002312
-170.83050182882388
-188.18311871195232
-83.14685391821004
58.17970685367432
43.176793967077145
-68.80380547605817
12.963173401982274
163.93874264104332
-188.68912345076998
-26.84945647004714
271.6062125452837
131.70653720040042
-101.80807587611994
-5.440795818833039
-49.73076920706213
74.68359440187191
37.16440812654997
6.462405825557674
232.44112039923357
1.999352021510462
-172.5276435758608
-24.04102711306601
142.78205544813773
-3.877163241529997
-237.94482163074227
411.01876087833557
41.56592828891965
16.176586252958757
-3.1780724016142012
-135.01803995056915
-205.9771118239605
-20.361772682909383
-31.189473516474823
23.904956734651968
91.09965257979647
20.920814690329273
90.64804775828765
-6.679908536893854
-87.19284989532737
251.06375314688853
42.04740067860008
-44.90386853917004
193.97406400117552
-158.5125650526094
-0.04859179671416847
43.630150085382276
83.28492624061279
292.15475258462715
81.41110465638324
-109.31410843144532
-64.24920748994798
-501.32088135204685
-376.99425865685396
-36.9559215092318
206.78254871577536
108.22269078151997
109.13692598824879
170.23273542417812
224.5109832771162
-51.681140017883585
-85.9583370971679
161.0283514190847
-1.3206384096834387
-78.35019226248102
155.62384251120147
-119.08612959862475
-377.9934617999338
63.596624043826445
100.72643290870393
94.2200984990509
-36.25708871077587
-111.751261350486
-155.6150540909812
-194.62310915985344
-325.70571891511196
372.5586790703468
304.03404862726927
99.5599672856597
134.8617485258763
-85.47672225374562
39.12001135119368
-134.9124921465347
-229.5239280104093
-131.21858059333996
153.47911560753678
-64.79907309273845
26.71158678359379
-36.852562045372274
-72.34300937567681
-216.42016788626327
185.09848633799874
145.40598043537432
158.45653400089884
9.083259564445179
244.37037399544877
54.91312577670575
-146.89006426637366
-114.60277229113858
-220.41399125488215
-20.69559326077217
-119.05754670663879
-107.26390825006149
-112.58246290572856
-194.43778645151727
15.470025124715256
28.65660040391352
111.04931226440496
-104.39165382975317
88.71150582422933
-192.91612896173174
-264.1478541009694
190.3071944788991
-184.89115422256083
-20.419598979454967
365.76822832775275
-47.2260808827495
121.49590132828942
49.69716388025572
130.82193203334782
-248.32847638723305
57.13636045858612
-263.3537211659526
-45.834501223196696
85.36658656438826
-149.88346271426641
-254.28538038937086
166.3277830792776
-167.1272181967483
6.30759820298139
-123.6170832217078
88.45380221035376
-38.07248797699383
-218.6629935187319
20.96459996791182
-132.8162949886592
53.63989370833121
-111.28911705355335
50.46790509884301
33.494463890884624
178.04256529024065
59.37336234204338
220.79190136152695
245.55854957703983
21.4080309019743
-284.61367700984107
260.9550731969564
387.525665295441
-229.15197789543183
67.70269036681718
-33.17148699768431
201.03248808201036
43.51831467941183
356.29626180195385
189.30860338343075
310.43237169427886
-394.82130043990793
-150.4878813282607
-26.335381369278554
-8.53056690019356
-181.29252995697428
-278.4033595259795
-14.69738000659496
-158.51078789886816
15.749514313240184
-220.3256005888424
300.7349357620969
-60.77013501660895
-18.274771176897108
118.71122040001174
30.243778482697167
-46.305421109929256
275.07410073243466
-165.82794235934983
-12.562024252298965
33.598101528800655
-244.64152980060777
-231.98927674911226
9.765181835382238
-44.50619984605142
195.8534738814079
-98.38140756808002
78.47266035866606
-150.97924602883108
-165.17942849868342
-240.60798918190667
-48.787642474474886
-141.80219133736048
91.27509295831673
-114.20636302092207
-40.81916549284194
-133.01304192733073
98.52411502899868
-213.876256030308
69.80576205373247
-83.5545568367383
141.50473937515713
-227.2673630040587
-285.0860397847786
-217.5056906049097
2.847210627375337
-84.965037256355
93.33474200953341
-139.27506599241056
406.76511630426813
-195.92991558913823
152.9186725984391
283.574640971392
-213.52799397575663
171.00033844537063
-141.6480475714226
119.67899865138796
28.849215014251374
-2.041825861480849
15.323051412338149
-165.8765068871457
163.22946309523647
48.865649480192936
-11.262414229550297
17.12913716147931
-91.54218618866715
176.173294730584
85.70464609239595
387.04740689859585
-146.21341347859078
251.80096122015397
-50.384613803880995
-215.75033713844127
-17.305741229197505
148.5798018230731
40.405877155425905
273.5186693435108
-14.317783579935234
-147.42849482187617
-83.01321589475029
292.2517762947796
59.20636063412647
-52.76983191388747
-54.84723494321422
113.62215759910637
181.7328229673072
199.80863195489937
141.60693264756148
-174.31674561164422
-120.77724726792894
99.11470893130625
-46.960643227193884
-16.535955102001623
240.77379189993732
-214.2692591504115
59.653665437488556
-13.776895037696427
-38.01442015554305
-280.17949748394994
-155.1025593777442
72.75238961020008
-116.40922137563192
-107.85771503515252
-424.94029872445213
-73.63445853195842
63.3658788485493
-111.37091437119655
35.14304568132401
-213.8362151735082
-256.8894413512603
33.64257761267103
291.7482600914911
113.49756584813757
-219.45752945778827
-35.21365427784785
-18.11383121939243
-249.0400701403678
26.80897878762943
95.7592248998434
-36.48704279450902
128.19926650481167
257.998379294827
63.49330796494574
210.21287107948763
-136.67307812812578
-90.89563343134536
-144.6735256048228
-245.17669304412377
-270.96467142284763
163.97262145215691
36.05424648582313
-63.1398103970272
-57.43723404045484
-163.51171297495316
-212.00834103853006
-77.91676386796857
-109.00622345694586
158.77043640578722
-203.57938049612102
160.67677918247776
58.80060021408129
283.54004655588136
143.8442702519854
227.40755063241113
169.00370394812293
180.64620832260658
8.862391780658134
36.11598380231166
136.22607075353326
-50.507684371567215
-45.76177970674805
97.63721543981296
103.10323018389789
-175.84367019397965
-97.73555886017705
-72.97822809746305
253.70840677369972
-23.37055605382622
139.47576832288973
-315.0357003614016
24.717387324879574
-48.66783122764842
153.30954531165258
-109.86045494013185
-370.37165571518557
-91.57645060584468
107.34463174578585
-104.96055947424323
-201.90863002102864
251.0509201626957
36.45324925718841
-169.1759241881977
-273.80951508978796
-179.78729349240055
-50.697493677727834
-69.48777857665011
-75.6610666338014
-251.38494698904984
371.3501527194647
-124.84967946242884
290.2742662619158
-151.40762030174903
145.37544447229038
-62.055413112576346
-94.13989272204952
-58.8794561525498
40.597953395499886
-70.99973323755718
-253.80918243186113
115.86918780211394
263.8577109182848
-262.92506440452024
148.89414719405337
-50.47640773796353
21.802344240483432
-14.067836129298401
282.5173905351601
113.72981667242459
132.58622379506556
-131.2443331701449
-117.73591911430435
114.9029224868913
155.5607610453124
-170.19258532262467
-57.37773199765098
-162.69745733419853
-146.369428446445
131.72562074981894
61.15640124405922
8.814753551132124
71.11053889892084
-45.77940020153785
-268.1839316627453
33.73189461222182
-181.03828370175268
20.099220042776178
118.7956346010184
107.21765330077103
-56.41972805967596
47.746259196071506
-19.6021069271684
-76.10152663452568
-254.52899769308178
-137.6842848789699
-110.49546674213906
22.653048852076523
-367.76516925804185
-22.78889245724722
144.698413286689
-152.87264795393926
153.92938027431046
-90.43721560952282
-157.91552356425868
168.9063850804114
140.0674484837431
-119.61332667451502
-1.4596543148023922
-15.356291266568801
199.23123191420896
455.10364761685054
-79.23391893309747
-66.70837696364958
10.944326160452448
-172.3292789182458
-308.48136408236775
56.224930401561224
129.1659601288325
-237.86712214953502
-74.40995524131543
-86.21986129132858
46.05020977797963
6.532369245257786
49.36169254267324
22.571826206843664
-96.43588127911896
54.41396588584689
257.7265979511984
67.21867162232535
-64.99095472767648
-108.26378286847921
-16.500612355452816
-230.34470355616816
-48.3782732821981
116.63842580264615
-52.238737254949584
11.195020238648942
158.98171124631065
-19.111680444727313
-235.77415183662052
98.17290719105725
11.139998776881674
-95.17748406667465
91.67102799089142
-167.8928678337175
256.2753690301011
3.5460750167209842
11.241390108210942
188.93291473587232
189.71595484435875
0.18935743895170498
105.70563348228542
-15.211926350731865
107.23750294363515
151.05177198699607
-121.70549391426245
-130.8283093002321
42.94988294284705
50.584313898967224
-37.68870136234163
129.9136823520093
12.372163392935125
-403.56518000587755
164.62234418233692
-149.70770128872078
-162.34971774072045
30.41195234337841
106.06825599005346
-20.629103822475905
226.16957576294516
-99.71441952950711
350.56234529062624
-39.744761210046434
-38.46697693234486
14.807197803122714
-66.12505432132615
67.1166053998699
103.71752567981119
-6.515664043280095
92.7049101959219
118.4399315405517
194.52392943747873
18.77759278123621
197.22569563957438
102.13732643244472
189.9574760643681
230.8822453831559
261.07597510089965
87.3318467384752
-9.574782757465723
-184.83903850619853
43.59786677954773
-112.62022544973708
359.4035675097203
46.33194892874718
18.420037560923895
-386.06868322317035
210.44126780626004
-401.2920989110445
344.1897670758615
-18.592203245881723
141.02474661841683
114.89370680595255
154.3074216661557
-182.14411709942252
333.2158147815838
74.33094694304185
149.7712550744032
161.15312916959127
5.104181765220856
99.30251052791141
-33.235162742150926
159.5886576108183
6.028415427068864
-36.74826695020978
3.797945039919009
287.0340604834949
-84.72563052424243
128.6523803558752
-130.99521075779396
-12.23662207870562
97.64942795751263
-115.87096233538507
-80.54975927589817
-235.69184158834983
-73.13641048800606
84.92259774699536
-59.4874198108981
-382.1998341810966
-142.9972480559124
-31.138806039237835
-43.5470042209773
143.4007108654301
-202.2722317329094
-21.34293144987121
-44.49761610252804
3.7969159167078628
105.54859758616433
-151.22736703731638
-142.1703470816927
-250.90922602646282
-211.55031474067746
50.13843939177542
-10.957946315160799
-130.21999140516618
-225.40451305035447
-71.27994295008418
-286.684233094864
-71.4011052398031
10.872564126384013
129.657657178844
269.6267548606666
-11.248724789118432
145.80115890408428
29.662904801627
-354.4539164665919
-58.28716358454373
135.91696935229976
-2.8387227505106787
56.35340168277671
-166.31209244951594
-74.81909262496245
14.842711473534095
4.742088093035693
51.61228969730863
-47.56825530837007
14.054645382848271
-200.63728129797337
110.76812287040738
176.3250379059869
75.42101338131725
247.20380618486334
-98.76653612902406
77.98988594002253
-128.4391399427666
122.2624886335404
-88.60865662619281
23.71943171352582
-154.49148978066148
159.03644228393026
-45.88095761770007
-23.289906801043404
-36.920701535342886
-132.82077274080186
-104.6979112883866
-156.27904399567205
146.30901383175174
-93.0424696731399
-95.63851792852877
-16.061428771787284
-18.15435267076775
139.70485372227205
-63.90160026356943
188.06162130531018
83.51501702958019
-30.893865367272767
-132.25463077830986
-471.11160084162674
140.13060930444644
272.0886267182437
-269.5967555670654
37.38325834656193
219.5874241442069
-52.171241014369876
-22.10892709217052
134.647747244051
-95.38773975258562
-42.67952808521337
20.959307830019018
-100.17942059854967
-69.10113545847582
63.03656714979293
17.952672849349057
-215.46614529799888
152.55516011755736
161.50358880825166
54.92084446860307
-5.373316896107333
242.9794918272951
-129.0306114424361
-161.90841236680598
81.99475267764522
59.3081660895216
-235.8087360781979
-60.20980609321425
159.544508959142
58.97770188793476
212.38327638046945
267.997269822409
-3.263854200384202
-102.82400579463828
297.4696950900787
91.6424274604651
-275.529761456122
-192.70679196269452
138.56202982399293
19.668863182044444
-42.30335625643466
-30.01645675774264
-163.36826772508542
68.27855770543835
-44.25549348216667
-31.941326865468717
37.0237314538895
93.26928948907513
-207.84548846070606
-94.03597813697485
-21.72270356787438
-110.24367024864256
0.17110380969227568
157.9541716082285
22.691442381572465
188.49820173397643
