37.51908170987894
-16.739479330968017
89.71428231502567
28.64301097406071
57.267105968785735
105.64985177269551
-96.9877547620448
-229.26164907827797
-74.32808577607135
-17.46710593807856
223.74803520738516
-217.07436524012329
-103.04121722597125
-72.87859171410224
-54.02198505865785
113.67816451034949
82.48195363906378
-105.39210277522781
-2.8206650128504487
21.799910054354964
-184.44324270522844
37.05711450330572
-77.39916213849075
85.1221742932266
-79.14811769965564
144.96976228769398
14.428988964267473
-132.27170092375692
144.9005873836571
-113.63937140151218
229.61027872771183
-15.209785440374135
55.286876754681785
-113.95414017666053
259.4753717909227
53.459949160612126
-160.3472075820368
51.90710827586687
-43.430131332043366
-167.06849131418545
-97.93492149256822
103.85578027678176
-83.43171465119568
30.002309974250505
165.4562468157154
239.56651082752987
-80.28720881251095
-14.221274454463412
-133.34124731999242
11.309721632734794
-78.21977682882333
199.04181964728664
126.15229423966262
23.690678257434858
-88.64857438428268
-74.12585246204212
-209.04038742960847
137.57106024096177
-6.552572271550378
-26.13961739419017
55.77612145676393
-7.530009146693532
9.889029683563749
29.502515570347654
-271.04148801101445
-5.071992717760036
-239.8409086012208
-124.51466799726188
-32.85365420447421
-108.34404378458254
46.88720086342325
-111.21606108739549
-406.82569611919536
-69.14975736197731
42.372028025132046
-112.3049475528087
52.32173459369184
-98.6969658755505
-1.132089443834496
-239.62424089223717
175.0354968217571
46.70650305643046
14.895900422291207
-96.21299556982993
29.195312273127648
-10.821856066192472
142.7107570908462
92.84193819635443
-152.75074992019194
8.972969947153743
84.81333215715483
-113.6638938851716
-59.83654882577414
-47.38784403968771
162.14390498639486
-18.602834653285264
102.89844333919245
-60.79099604831799
100.17989474032663
258.19827166959163
-150.55604596663002
54.6413402461927
98.20391729333838
-25.274783498269446
227.42399775013513
-132.08582622462174
61.83854920711708
26.315003369493233
64.884848575429
210.65617721127774
-118.31546477840376
-9.783139133096745
90.95957122933125
-404.2769561409434
17.20703303813706
-68.58028589680912
11.270585771702905
-123.2215865157527
-96.24853692322766
-3.101517899193331
122.83068473170772
-22.602451436011428
85.17776943177627
108.83972264328962
174.02689878752602
-172.10451923265984
266.33026413235194
94.64927263625022
-17.91902317722918
-12.507888680904399
-66.4760972819103
192.3950120025221
41.89489211267434
-6.797788559620077
108.27300974764765
-169.8560187985545
-128.63758284428437
206.16670057497032
4.842464045873449
127.44494704707303
-143.82865654104347
-267.2817106029024
-50.76818851504364
-51.77219391649887
-95.0121273673006
220.665082253828
-97.16087732873753
-5.942394263614637
-181.98945453557022
276.54436290757286
-39.614799935751606
26.76495063338688
-169.26518876415898
112.4782049093639
152.9372453164368
-77.46338790204996
97.89959603624953
-222.5627654165686
29.614740242291987
-269.9132779379442
-100.63418515559462
-165.77608454748878
-26.998297450185763
-11.592657317869667
82.14173924009368
-225.16900508143277
15.461273659076626
-219.5283073715105
-73.89439117411713
15.684818245334142
-115.8576044390667
125.16662959385148
138.03910960279342
8.014945768046793
59.37615428450801
15.962970189236676
-124.92440531822153
96.87000020103916
77.87623249470147
46.80471677924691
-17.044396241594335
-68.84941211212924
67.90225591595468
-10.763558243249182
-43.9528351698209
139.8449876823519
50.149577746071685
61.3065264860349
-98.00870684469182
-174.25449363841247
9.123729720588361
92.57057157734799
99.53864889184842
128.13227769463523
55.84317187038205
145.6128268117441
-101.08584273235694
-89.35693680388535
-25.46677310948353
116.82064684156929
-66.02192028193211
-104.90596979123224
-8.198294713184346
-139.67071769109396
-44.85645902373623
-41.610305618267965
291.6426108674363
28.471155597943216
70.9490434865241
272.25178830123286
41.92754207928858
304.2389045831751
-57.03853323303253
157.2048985861979
119.56087183753071
114.02683242629027
10.549079613073518
22.696014230737973
56.767961430487695
-44.24977566505466
-43.602005466491896
-60.406928194357086
-11.230205683183916
-1.791151694890274
17.869643867474345
-76.35602677642486
293.387858794392
87.53753439676507
106.69284773577125
1.0086753624064115
-125.41244268575194
55.75088025091062
16.98287415559436
192.49160527609806
-29.238687091100054
-3.0786572296836336
-77.84445009477709
-16.240982041526447
93.79656670954762
-6.227849747224585
-41.00400571382064
-224.15267035218082
-178.90472069434765
-29.280248708416785
-15.374099305366256
22.364978980616346
-254.32836469178383
-123.4587802505364
37.70974778548114
253.09573556330403
23.26859353615632
25.24778441713292
63.58774557727963
87.29283883827756
51.97253781734062
329.2523062322906
103.01097252915045
4.043652886873636
165.04494434264492
45.40591702290905
32.34568728282373
59.54911523062472
78.48373061874639
-74.2771401221401
-56.24237668544936
138.41945466230584
164.88103479567957
-64.01705904467522
-41.36493287189877
281.4401541986182
2.614833452446935
-342.96693367723555
148.1677371646938
-178.55445303423227
-166.13284027571325
230.4465382271642
-253.37811667848456
19.330460281961784
5.305972812145409
-40.55607789042637
111.0431246715285
80.60929857654254
59.48307268151635
11.985828601730544
32.752678406908856
5.506143159119809
-12.112250521602052
-30.783580833991035
-101.19331264954307
-21.04516149131056
8.847064523351063
-75.77991441139109
-15.02760884156037
-18.2678442995327
-143.78535147360964
-2.734424841231767
-96.46129579121018
-269.1308153840703
-102.94897772565952
76.6472282647911
32.32604627957303
-16.639484264853785
1.7916167296787162
-16.897814539515362
-134.19450316941726
228.68453765100188
-111.42391821723278
-16.100248873567132
-18.00514167085143
89.09656195391281
-34.887785746407765
-22.75782334492957
-223.12737189179106
-51.98784649323416
-190.54646424113483
135.14277175433295
221.5651785302546
-206.22890906520004
58.41337364472975
-5.653508667225478
22.987386255376144
-10.811067574468135
39.48073030874966
24.122611576738823
-53.199986632190516
28.300037540441238
144.0844610095697
31.972325091097385
32.8308126974742
-30.875059980517214
18.540211438329145
142.56615893583154
-189.83637097093867
294.28171857541753
44.79580818724178
26.36428959852536
90.38072682524898
-44.61903138880121
54.335127471302954
109.99570703828185
232.81896244184782
89.9902323722555
47.06557603972719
-75.05908109113511
70.80033700859718
0.40044975512243863
-122.43118749632094
-52.116578837259866
-0.27624195360882
-13.494606317522852
-94.28513334379151
-27.03977006163047
186.49226008994563
-2.7905688022266104
-77.73644137504114
80.0005221020573
103.33555361604152
3.9063805737636317
61.74885892693747
-26.318582101582283
79.25141564591064
-121.59223224365549
-65.78318045089121
178.70723497712083
-59.99750676562085
26.16552808606378
134.8230254630381
7.15220083094362
219.9032851535641
-12.159092845745981
-5.999600965964066
-157.86769105585967
66.26251346364569
-106.01469758582546
32.993877181917995
-105.25033825321884
-126.01850959911465
136.14637362558602
-61.562276624600116
-44.61793461895165
-90.0775043906444
112.00697894267748
346.4308781258672
234.39057382755635
144.21969907010845
44.279471763187175
294.53279074718716
12.236202898265828
165.03239951253238
-18.362220820327707
-119.0208991040917
-30.901989449380896
20.23037803413932
-92.6861841848131
61.098452684591685
212.8490378182458
-95.8635990966161
86.04696667186556
262.55818838771165
173.4697144078071
-190.00621820152364
-184.75669980074434
-16.966950368174782
157.78988575365295
-167.32932921529508
34.04125260361319
-5.254864390118911
12.118465640931735
29.474572290793684
-150.31632493459713
46.82195854705331
-33.430702773292815
90.10953624429845
174.27453436215262
-155.41818553163168
101.57607947167814
45.99786953952884
131.78820159177147
-62.480875614207314
127.04939561523298
128.58296880433636
-193.5420794471438
-42.265087145635746
18.60315724342601
-104.5203086691433
30.787894662515615
70.82381108451995
111.00068394718579
-20.13381585173418
287.231426756587
59.07612929784282
267.62690665270856
-198.20137034453037
136.69238630337097
-187.31069053728245
119.14049371729524
-28.070059151648447
242.14934408735587
-77.77199151445397
-62.81920627531791
18.69120523589779
-52.87155104496881
30.374617385379743
4.952175677319272
91.14816573697614
-91.29434777132798
-314.7974086071676
98.75139171611153
297.52827815536176
-207.09235081831315
-26.600042638553727
141.21529742447842
-253.8601903146685
-83.10348539729733
-297.0855747866917
130.51544277907024
-11.731774591240349
44.644533495982955
6.929043250320029
22.55278597582322
203.28180683599922
-9.775500375733454
-57.73169830889237
76.25963101580383
-94.9305382022835
-234.0150107032198
-105.23661113253682
19.175805249539554
-106.95150129432477
297.0596964866242
-280.2807376112679
201.55486877247586
59.05416847288247
-288.6849169749396
188.24783500802818
-33.80077873943278
-236.62028112161838
-141.726471966057
84.33383254115881
-310.4978839567516
96.33154365014182
45.26140191145836
41.36251555803801
-19.078577110319188
182.82222204905037
106.87855420102096
118.59078045032075
-177.88793717166422
240.10948179497805
199.35288184642397
237.8997263023551
61.09444189034322
-1.1559271835125742
68.03061049254359
-473.8244043584983
55.76284836337038
-8.030776334352494
-207.84270613656605
300.8733949598965
-4.388065631821611
50.89552867068263
-44.17176638706489
-108.04357143317381
94.82059089595549
-151.1066899114933
-24.198733400431536
114.82655843822278
-207.059183831059
-4.988921827528574
-276.4260589255092
0.01358284248951036
91.64091357853763
189.30130825999214
22.17359900988119
18.358968363555483
-37.982990199704915
-122.79531949777112
-66.23214673301477
192.50769646850227
130.9328615763998
-63.26959563945566
109.53069476626528
11.956945571206958
60.25897232901682
253.838743207669
-52.87723176450618
-248.74603465992487
28.208447428301685
-268.1449338068682
260.51761906156446
183.6174809257221
145.21962122989387
158.00855723550796
176.57927400507828
-18.034995129490113
-20.229309127954753
-126.64203331412422
-133.9450128742754
103.04825161832088
-130.38213793629245
46.408870426102474
0.0035705466617348414
-35.157112614049844
14.831833934238972
-155.83091367670897
152.97239085760856
15.606530878065486
-128.67097104312882
158.83716527497631
-110.71426034641513
87.5793146363459
-325.75398199869113
18.25853403339045
-37.68189337896648
92.91278362342729
88.46031454417125
-246.16198455964113
-76.21260464140664
36.50781068115276
78.96494740337336
-224.85961027967278
-67.95993945783377
138.3918679192318
54.885242684427155
93.47900137789428
-18.888086010369687
-106.97543410129602
138.37953796439223
17.19362604647408
60.4020826963358
-52.68176064786173
-71.73173781793058
-79.06134105962758
-92.13307669916192
-136.6306562796493
133.33069061400118
132.62021576433924
-278.3995919288663
-58.06287250195316
29.33450614892657
-119.3351062017441
348.91788009937693
126.13890254692076
-177.48068935001314
52.98601881519596
120.86530658438572
176.23773382293706
73.00719935486566
-53.28015068764373
18.488077215827218
30.8710641856844
-65.87348325303239
207.122121237065
-23.472640488869644
-7.967731999236454
-107.97885284176685
-178.88704513139845
212.24836558059852
24.558136478539435
38.93554031325104
-121.55353586233394
105.94566449310132
5.892801283334697
15.34849335125717
-88.38385083185085
-13.35942179980057
-106.21202774392046
-45.98081841460871
-93.53850621074476
-50.13342945872721
-93.29702356283815
-126.76465670600227
65.39809668881534
234.9944007677375
15.442028772269925
-100.3261674886676
-128.89055073342968
238.51537242727673
-66.40631305561732
197.16683806505947
-151.12622318428046
-19.9149766742256
-24.7630964994871
-180.01705088259996
128.63754280052504
179.2938858813081
-5.998236119694924
-161.83220091859917
157.55167165433244
-24.930020988563996
-65.33055854731694
-42.00173545008115
71.34831733527564
-317.2577408431414
76.82971858709567
39.897555419500925
83.03033246812564
52.206934282254934
-149.7047734842732
219.32232960482474
-195.40243443814134
33.32964307932596
-15.368768829247959
-149.69993706339002
197.148659226682
-176.0664676795571
-318.2508032473589
215.07900585079918
42.07510094500459
-11.461610851151033
-93.18739096755061
-56.228720212139116
24.31218322805214
43.357234818826306
188.99170169297554
-138.01289658094854
8.189188483725214
-18.404508934759665
17.87919943701591
-158.13363888799998
-173.87220323302068
140.92908013125123
159.559378671868
25.182722007820782
-147.84635264818013
239.28668986824766
176.70638985351044
-36.11182562188835
142.3131582087669
168.28050242466497
153.36039193672167
-223.89065964174065
102.74415317345066
-38.2232946596704
112.79821356099966
-92.33906006138092
92.64127431879635
-270.9959439589617
172.6952016247983
-83.37894414589063
-51.48048443585769
161.97361577364344
9.417487696206294
-67.15355633826121
-122.94148991674912
96.85976741404386
203.32964536226677
217.234496391113
-13.498585281193217
190.08958600596753
-4.282484123666823
-30.857302543744694
-89.01921446151533
-100.30458331378749
114.53449988165183
-143.0176345741181
203.46719166942535
45.53220873397613
-88.01113807320718
36.27994945872369
-43.3527964230745
-151.88458234548213
-51.956090544861375
-74.6252871895407
56.918002819654994
-119.24639626012852
-94.54944983257185
186.84193071543243
-73.13531166282648
-37.03601407592488
-55.971662534591985
81.81270993914212
23.24707663037911
-129.38854922860654
-54.032619839918766
-58.28119521828536
-63.867666191921394
24.147754497784945
118.693496879118
161.72447633702657
-119.60593582266242
4.962292144734022
62.59773503038051
145.54195072349728
-15.908381387422185
-65.98022500249749
-22.508490591681994
-19.04266399807682
6.295495906838759
-11.817794352749985
297.25949258306815
110.41449799671574
173.41718470727196
-30.300884097138145
133.40662906181709
138.86458845103058
139.42031729285856
-22.914205954429278
129.65183537456323
-9.760127990820852
53.0742194529729
-128.08912647286996
-46.8676127960007
7.837498509597884
-300.9379431686936
-73.36972106876355
-15.228510713408737
67.7049422001477
-86.81198474138483
-87.78379069253873
204.14988027279486
-41.744847907406744
-71.57545655535942
-37.60278767330689
-23.905539468696215
208.52850743374574
-24.59531284836515
44.93965839932891
32.06778540459945
-63.01954527352658
18.359162484073984
-38.5938843796828
-59.42671660951859
14.615869045604795
-21.69576413485695
144.7301362842815
-141.41118957832046
-194.12755961139098
286.16872561197385
-180.97590352131863
-160.94951031252444
-111.32479217568468
-144.26949643767912
125.39012676424757
-255.20967668885618
-34.90834263315683
-272.35314180807774
-167.3030140901561
61.31436777026517
-3.2436308334403794
-99.24615585758505
106.4224025395481
231.33371687453868
41.69859021958218
190.76929370472445
2.284588004508687
-127.30623409095541
17.685409471305245
19.520908906030584
109.36141211421491
-192.7203666843716
-149.9592009155283
237.00532533970429
1.3405826779154453
-175.48091594620053
-58.32741514062343
-134.60551934634861
69.84040546431834
30.48230638614567
129.78068688989813
138.87249972018634
92.99363350027254
158.40857910395178
12.750084090922954
-102.97032893615653
-139.70637395492076
29.006360490194652
-114.43794408948703
-191.9395108940473
210.69956047387043
-17.33316808592511
-184.60849359994677
-9.859148226226186
-3.137389084353273
140.37724065295257
-38.89514104505013
6.220259569989119
-71.07339828919426
57.14162793253036
193.82997533336658
160.71023664955413
38.11164531552017
-144.16978044819658
346.0851705992715
38.94584643383549
303.698618999179
73.34317941909507
51.06650726183818
105.61045900276972
29.957282092997197
39.928254640775684
14.028981288597794
132.88980127031164
31.996182394149308
19.477289201416887
-87.54648539240377
6.960259405332751
38.29336893141548
-99.86967904985778
18.036176764547754
-102.27600953825085
81.92683343757035
-304.9178417336292
-14.395220984886022
361.81714444285325
-221.04014897620772
305.38455745328196
-83.83999574397397
50.57742843266741
2.7653337001759652
-113.50057853749219
143.28520712659733
-70.26422017751837
257.38898818110613
231.76046680481915
-6.987568886494534
-7.835965441883162
-82.02005252792475
59.58770876042394
135.474777751591
-5.491793161918851
112.40713388589349
130.2335049317827
63.4606770421185
162.50650052715145
-69.2252574638154
191.14457863925693
80.31100006769069
-16.51140356597229
328.03880806695275
1.2327114403551978
99.28574833927657
-157.04430894402452
-3.6162915964713376
138.46654141703948
193.61302516777866
-196.0270744532113
193.41827914468521
-209.13385981691727
197.37591216198487
77.94554718821756
-29.17070139793653
-40.34626183422458
214.70316230632162
189.35889878786546
-85.80082555643324
-168.5506017212082
-180.84060641256818
-109.86961026595198
-142.3771590656296
187.48695993651108
94.42989669578634
-13.892871245909975
80.22507016425683
-34.632836763829424
255.4679025132426
53.1608198227619
124.86080180864074
198.7042451539327
43.31020123476613
79.8153484966185
-46.90427711731891
-103.12385481133913
-133.49535769690536
288.8155787307689
229.59604459567794
217.56571651275954
155.29472934720107
243.12208595400776
-204.8913216961696
-64.11664218709414
-0.6016420344379902
-26.264110462460412
126.7150784180852
106.87620069172087
-21.553399150828145
-55.240880533452525
-122.54180238285076
147.43123560201587
97.67637783538187
-173.48218288051294
-61.42151087073633
33.4911287363451
-127.25829091697997
-44.74920805269795
-270.82008014598193
371.5748918128367
132.31424268161928
-248.50763350707393
-13.719180791708222
-64.44116971406976
186.3149627248573
98.2002176328226
102.59745065535289
33.78402154484884
-62.48928140352955
168.51283943156753
44.17008080294826
285.055376726324
-156.30176921275594
15.45315432489127
123.03981848704775
86.96541009311211
-127.14544467091056
146.98639743344714
-202.71874282187719
-128.03177532252255
-52.54299460140532
-56.99839113285908
167.88529124832166
220.21961883389693
-282.86557327549224
264.44845594063713
-87.35044920460653
70.5040259335114
-169.8175745037575
-20.30985635326877
-83.50202704435856
42.96875420699119
161.59674325342687
-141.2092097695659
78.72173290173903
183.22817317399068
-239.61692890778394
-128.5045206816084
-120.12538533501282
89.08087464205103
-240.02824144819394
-244.00198501626474
-84.5890549144374
120.01962615552327
33.63276937522343
193.19858207973107
-85.10014826158421
79.56326070321033
-80.70925312353911
-28.70161901655387
44.81369663489451
232.46357757885923
-42.189395924533514
198.14880874862897
-121.50164061545362
-41.4222651599908
39.216895484931946
225.49313070685395
-38.14778460276807
12.662894871822568
146.0776786764967
-61.962774793494134
147.94999555869157
39.58789846595651
-265.2769513595586
-36.60204727199168
-18.717872063469517
279.0074289863653
-51.9303587855843
-46.891171504053
-234.45380473180302
109.91013237265618
-266.92115952476786
