150.616208709588
87.99938272873946
-60.597561419054834
-131.35593492777437
-221.5697341375063
58.6008306610532
155.07518629167572
70.98170982115109
92.09311191423022
160.09877767806273
-42.33238346154233
92.38066640047661
78.02390674472268
29.60981930521882
-285.4116562991963
141.01133096791014
-105.49465797096195
-168.32368049807778
82.48936751382779
378.5783713505436
135.45527529713192
5.444329732758673
136.0234188759121
-44.36925582668317
-80.48628358617637
6.427333914048848
-35.664577728676406
250.9371347304536
-158.31975265548988
83.04824204076145
-293.9114384873195
-285.299854647507
61.814006648144925
228.8193720263009
-176.729318238624
-290.703324962835
49.16472035533534
-213.75499154587183
181.39399330914105
-89.63086947935254
365.01668645884956
275.19241000125305
-95.67315017562407
219.88731180179758
-211.44962898454665
-262.04217163690896
-108.00052424796671
-90.27800774380586
-47.07657516233834
-449.4259661534272
198.0915444785799
106.4745315704439
232.21040887991174
-123.36129575421816
-96.4425754317809
74.2509148498171
118.97039993059583
-386.7323325459787
215.3993671639792
121.55388742087338
-98.53212086413124
-157.59620014935967
-181.0805682627621
-42.54387980845816
207.36439971749948
254.04295630017342
249.64570485123437
-49.26288996038971
158.64308897567565
284.3055141155322
-130.45451925743652
157.43123420781737
-6.319364782004925
-70.07816788611514
-68.52699390280077
79.22982535321063
-79.69797596213041
8.068963814310706
509.62147891813896
371.7238723272117
38.92686649884631
-144.3967831866501
294.49855549327856
152.12241856400178
81.49254827928893
-70.47725307603615
-110.82102390146083
44.129510345149924
47.17161371706533
47.830531924531826
-117.5645462410038
-326.1123917263878
-106.32535817289848
209.87509036676786
-102.45731081803812
-7.83893039397671
-6.252466860289145
183.97989501024546
43.670754605933176
103.6683618357809
13.06818804319944
320.3877641900179
-126.49508960433923
-40.33822915072365
35.91518031183593
287.78834769761585
231.84333269160982
368.68788815650606
46.906901467297175
-65.94441474287642
137.75372949933626
109.6366481401672
-148.0208661051629
-69.26719146185494
80.51381762711036
53.40956388408167
94.96645009046418
249.5725382343189
-38.13654592030608
74.67163324484166
-118.51626800783544
93.47009071652892
3.4549176287128045
103.86982531034569
180.39972627512256
-146.32504857676525
-4.125459048706781
166.7655997193959
-67.78210692123096
61.229436140810876
90.5568359411881
19.19917008670294
7.045216605238588
-64.82816983921134
-124.34279150592914
153.0369954617035
-73.20470655763467
-12.581283373312738
112.14232835337518
112.20192786550608
-5.2577917413966455
-24.800775491213358
97.15433752745963
90.15522414874275
-58.57951173405925
124.88617171037896
11.633550140193849
364.7599786341751
-190.16588522745312
-63.94243101815658
13.648038492135266
-113.70560120721629
119.84544094058805
-45.388530381421404
269.39890428183713
24.814530123434288
102.99796435353376
255.00404136964622
329.92781976886175
-92.73635910136824
87.94353756575073
-118.5361010347181
-93.86481553972894
-148.83980923781596
220.86751407270185
171.73296112391327
184.91337374086189
-129.2563404880476
39.3479572889342
-207.45427861033534
57.519595381276716
19.508487883147673
51.069471223336734
-138.23481288175256
38.67816082924503
-126.19612720188984
209.14871736705982
1.787490013509009
-177.39088822465715
27.016816952914056
165.19325746176827
-32.76531445897373
-215.6074148950282
-52.322982635801345
73.68863561479588
160.16520282409718
-252.54246420391453
-3.756750716377808
111.36825843321735
65.15136531442057
226.56341455365657
-101.40762577223099
-227.06831954849247
22.021353826894664
-64.86507684905209
-291.8309796664747
-19.460344225680686
-165.95278160297323
431.4132711204116
-15.019517410293865
51.31269837215501
-18.014344336244996
-282.69557367808864
-68.68337617063949
69.13069100810205
-195.25414688412368
261.89230932870214
44.98319599648649
100.21977006855668
148.58923947580104
-243.19332774922145
4.037984775328167
93.38514870675434
-21.990784672848847
310.8533250980775
-115.17339864734484
7.501341308205024
-24.219518573569264
148.50407802491424
-204.91576947424937
-39.69629467000902
186.08005627115543
-99.11005849532188
-42.184223655000906
155.11198721157987
-82.48819510762493
-50.09513027134963
-163.93026440313818
10.03366917732995
106.10450688044831
-8.026339421578198
-138.9353662869239
135.41116464936886
-346.5952147033389
262.60259673206605
57.42943492371589
-181.74000248441342
-127.243953288876
-191.14577014753834
8.821827893836687
-86.18172667892651
-131.3818177569434
59.887489147597385
-49.412070681515715
37.84847032811685
183.16771357503683
98.38734731688565
25.826735951041982
265.40213850559866
95.16352368320399
107.41307739396596
39.31125650008907
-175.18180699669992
230.16312804705032
-39.88073914152193
69.36377772397425
97.29790160153615
-43.8406638606686
-40.525273559722976
-112.30065889338866
102.93968832202575
37.6276276678297
120.82995360198056
-63.99713559530036
112.5984393250726
-50.96933604192837
47.4226545826951
-90.97532009827847
-3.9066838798423023
-88.2192544540061
78.87478424264232
177.4192436099871
-162.91409121064802
-117.51760224157034
32.95875097377178
198.06544671913815
30.31429812010463
-87.50915084159945
-23.321083183816473
79.6545473519507
53.663187822784494
180.12715972890658
231.9844558069939
-33.28547963823374
-195.5338573797081
75.06228600383287
-37.52054505058237
19.779968007826138
99.07634908997328
75.48720077013698
-131.73256564663103
-117.24794481965064
-35.617636631968296
-231.87851868523165
-206.5656996268208
5.857114236627129
213.47973433034338
83.30815699846218
177.53271682780957
25.03963500324075
125.16635199815721
46.93976126109376
165.8032790234886
-53.280739539081296
226.2863252554655
70.87575695340186
66.0550138360152
-3.2526064676954864
-158.96903177107572
174.01678116576747
-204.86539314505103
320.2440857801591
-97.19153836142641
67.18386559440658
23.147533694768043
-99.76683727995719
-362.61473656520906
-47.25139341466281
218.53801719446435
136.91779106097937
-51.1434825885899
-48.900190245422436
-48.83085443906149
2.0491036078835947
-17.32611272498155
268.8430221376161
141.5540925958122
242.48041729499266
-263.9585639660283
283.6520167402502
-69.77044731306586
-107.85612723821858
38.346129930675296
34.28370754237472
-167.34781686359682
-46.42405941480427
-164.27138447459194
-145.51281253435675
77.1264647249536
-444.8546145776015
-2.851089733848287
42.89158477378679
37.19209751948204
284.7147945181534
-180.08315363131027
189.8916656744517
-96.77928580433377
3.9484174652491815
-272.41474615632416
-39.4732285428311
-96.93981292735697
208.54970871670966
309.81866969546815
243.46247951180277
280.7407634804718
154.67652829257295
144.22329391775307
144.9734330997688
357.87427286467755
269.62325634538524
-66.16459469122022
135.09754235828888
-97.19015003932934
171.76524488951432
-55.32142298567485
2.3517586769054026
227.73815355391625
-245.06947550583465
87.97952435115546
-169.5393697654547
-3.1822486027010943
-329.3567270258949
-225.91439920102977
182.7102703737241
97.89204971704491
-88.67862375912391
-2.5472726091830813
-272.17757811585807
-97.00641770438189
35.22984075737073
-20.539000481319697
91.66037207083728
24.685704155327123
12.970652020250562
190.6794077813598
-72.26123999147268
-8.195662615014983
15.954797676632893
95.59465276661452
-54.78840444750407
-53.161032418501236
142.64624588825217
236.4225200006145
60.199493563824575
162.16496787266988
-44.58764937246605
-7.039561258308083
9.65321224595647
-174.47775112729838
-177.9942102521564
-141.0237652242972
250.52528044765108
244.79372237806166
-116.95997385043852
-41.34492170982781
42.136905058451326
112.90981349063492
312.48927003872257
-296.5353054157722
-51.27238751547674
-107.456170138829
0.3114815489499838
-80.04225583164458
-211.85975204574325
36.819402556677275
-136.14547909564192
48.96697719032205
-16.292936528401498
-56.48793950656755
-113.72022195358994
-133.0085306358009
-95.70531263261934
28.487313675107547
77.38894733535408
10.267568340383304
-197.46521971904656
-86.38553943297092
-156.22501798683277
13.257674041602884
14.09321061200941
-296.6704003815202
121.99566208472784
-304.76845954752747
385.0008561019658
-231.01972196405282
-0.8653711632428109
252.14913609690086
26.352548466140394
218.89422577599058
-18.716846395715155
-125.42388619776264
-96.58816299660303
-254.01644954126473
16.574305489824223
-36.54408265608999
161.85893842713676
331.63043630152066
215.52893283977846
234.4786869984691
3.1181141486278294
153.61914466314767
84.44395384456837
-59.00054369015223
216.7105953007899
-277.5071650044983
-353.1987642331163
337.43782626839516
33.29258358329038
13.749055363739828
-203.8715943692443
28.86859264045271
173.57815421613859
-96.84742626244372
-15.17606631721414
-231.11692775130638
-4.3014351517046325
114.56731148190165
48.64556874756355
-251.1169299654159
-184.61355801670538
25.05255169579805
186.1967987826124
12.407025673158774
52.804918856395396
118.66206813862097
386.7910880384876
56.26795509041673
75.10427515404784
-366.7621270930195
3.186331154524159
73.60205744205201
61.343249870643895
-265.1152713195833
-72.39499514537779
-45.46489138647986
-472.5372232950625
113.41571457818159
44.1903095985225
-47.157873585718846
142.22342869465382
65.47928385196688
398.1445213344349
18.443081929674605
85.67403860798007
80.77700915505159
513.553204279567
30.416008081773818
100.53442604780173
67.24482005223739
255.03804526807653
179.00668344715885
79.14923094114529
-236.07968191773367
121.48600771414267
187.25502455221596
212.19317132316812
248.72040662847007
249.7108514291871
-193.51751252112027
297.9886573555789
-57.879554581629094
-251.50630898420368
-40.29829838101872
75.80546358616068
311.2143465522707
253.65206236662135
66.74969705785199
131.84141780266484
-131.08120773252764
-184.0335815489682
16.178573457176082
-7.164282433176454
240.39935554303798
-21.80948898620285
28.35400540029762
-21.043481465728036
-78.84391090966162
148.26602459318218
-41.63631763688446
-233.6546069404842
20.81696827822976
25.97001289169894
127.19423221810678
229.5388612383001
-211.14294743937643
42.746429218313104
-106.21729433099938
-75.1454904677208
83.79616248605188
140.36944558205482
66.52623758380464
210.5646985736307
65.6594195308859
-187.39328871384083
53.33589242146175
-192.8607337750243
-132.68999806026824
56.77509314275001
152.4933900353176
-116.32480621459405
-59.974420261675675
111.36873914930203
148.88337587867906
-116.51365762971919
122.36726164088438
86.20168852151457
-123.89207739990462
152.47325972220503
76.18634377662484
132.7027287964977
349.57201926376837
68.40436446976898
201.45094026962124
-8.71320007054652
-223.29189882630922
419.10395092504814
-55.35400941862673
215.97581653399354
-93.94082818981163
68.64867943921294
105.9642644903353
-319.12896995499744
35.58911458437872
127.10365997306714
105.61987790481267
49.17069150937931
136.74679804661983
124.79581396846818
122.0616190336734
162.71086362073677
30.107259239417157
159.04879520317078
-35.7979458599075
105.70735729618804
102.88201122015192
178.69237067197977
191.82229556914461
-65.65493832151365
-95.2564432138838
-153.12127138642933
-162.61062879828364
63.52730890450573
-18.82817695825751
-215.57578339372134
122.3947575915972
-59.57222305959166
306.5121526489516
181.92590281121343
-101.78278557248663
186.2575886114811
21.490202903441926
-4.422030743929754
65.54415685266098
15.643106292287047
-0.15331612185441612
-143.72505837765308
-97.25876199587707
-47.053167905041015
-243.72216894061157
97.83580819154936
88.94940004895153
165.20995975517644
-113.76430027581287
-69.10058292195548
209.39223478557264
233.7398085715738
291.500423640585
15.41514216100547
-132.153393068821
-124.51978542600156
-27.193387497049834
143.38573417820885
86.41617935512114
-92.95395199188376
-226.33652644736347
125.97991040086225
152.32091619884122
89.58843306255598
-36.904955754253216
151.7344528546402
-378.4914343274842
-143.9485006311511
-290.6248508595449
295.85363605782663
60.80106593874765
267.81494745693595
-150.96611035971992
-16.336987387565685
-22.479134356797346
-304.8086690381128
90.42533291069384
262.95934670264216
-19.18559224675004
-160.1181129021002
-359.02897947677144
210.8682896706665
157.62754734071885
-235.5843960368402
-65.0509499873541
400.92572135118763
-54.96368306341869
89.1989289109389
228.3142386457493
21.642079573251827
-8.663054476078006
45.939021553791214
-304.55546422056744
-43.39382221486818
142.8936136231655
2.8778231922714266
2.959479855644698
-33.63192965082628
-229.09171445789553
113.73506539142295
-153.3560880214125
-171.33224470047492
-201.71864805942909
258.5338452877698
-67.16487811497026
10.598402866542665
-372.5548446388237
-20.341960971557135
-228.4484672553466
-14.62274059093407
-266.5637387329422
185.18781085602052
34.457775373474014
-141.39464091568607
171.5304213390684
135.27127400367752
-92.86112465012954
-60.62214971836889
-1.6460955147865748
-45.34177914615798
124.08594724669892
97.19511377349296
-228.079203847656
57.71588508207101
-43.49827976467194
4.4552498047959705
57.24787946120523
3.223198197170245
-65.09200109795346
-216.1082294068161
163.58869375233698
-17.006075240565803
-20.01747061317094
-97.36864953073345
208.7388106024323
-43.46486150441841
51.59288389563663
27.684171966947318
-160.7235471516337
-192.13996773269338
207.94580062088446
42.44288463029553
-323.4186243163562
85.29056373394968
142.92788308061728
60.57338379345224
-150.04193046414878
-246.7004555459623
111.57838144817455
-0.6330775309895751
-118.54153496743997
17.314442481849262
300.19318101203464
-176.28380454535494
-99.35853280069071
-236.05474627284164
-260.35107622788496
-138.0923272514896
129.24530733447747
25.458980594786556
-47.625168324890005
58.963922417775485
-192.19156445707605
-107.57599466748644
110.50188781247189
-117.3244974428137
-133.18910059039015
-105.54813819452473
-253.36829370818174
-141.65508105709642
41.40038608463437
-171.11454915268314
-83.43886171513786
-159.81340833400668
6.112016763132896
-38.45794890894473
43.53823919851349
-78.75740396238699
44.4072757738083
-70.59504110079213
201.74767500889757
-156.55087126699075
-169.63309149496843
-196.48473224429165
207.6422662431606
-320.60833862689276
-171.5348021283097
-32.35350014413785
-148.77881354528114
31.32475039584166
187.2654392503711
127.15101499356774
-267.81700042872774
180.97163376670667
182.62151731054672
296.5513700511461
-62.54104103850281
149.24856392343463
163.82214819997068
-85.92383460182496
-36.90582006067539
-111.32760446454019
-270.11953035878605
-16.231950187807055
94.18431869396625
-180.41312112807827
220.1940948570581
-73.53565084132768
-25.03328678540507
172.97166165854918
-29.00381353478699
38.282940003730346
266.24196993809505
-140.57097333804032
-93.68630510208398
204.07396432559182
-161.45829980699318
-16.695847089525305
4.258829531314126
-86.13003219521966
-111.66982075952562
242.63329993331376
-192.4366463452121
-170.34404325951027
-3.6260696844705573
303.5837367815949
22.247999016119227
110.82694195706372
43.6783483110943
-218.05827823358155
69.90321773142468
71.13971565634486
13.68881375444806
212.45339009768728
73.11078269076478
174.9751681619866
130.49794030927214
-60.01857776997221
-192.33212059339985
213.8355940221588
111.68311106693345
-244.0718142335903
-63.60133666395067
211.96531790192424
-202.53787200909346
50.55667804663592
-168.33689977222016
183.457556242669
-126.01850762445932
-255.0984502956309
8.607629982075313
14.077665765033208
-161.72266802385866
-190.6446054533598
69.63096859667422
221.71703214392645
157.43411184576638
77.77172733726277
-49.41288414695636
50.73635239294863
-20.370879175501997
29.09283617564296
-195.83329090563166
4.151612579149147
39.8922622741206
80.56897968929933
104.23841963397466
76.9342221449736
114.25687625668816
143.61495592459534
53.59590876094171
85.0415823060336
-69.99787398137013
-245.485058771053
212.96915414532012
63.75031546782902
-103.8915185263467
75.76975348114141
84.97085612554402
-169.21584595127177
-114.9876144995024
43.45443638005886
-197.65999698678905
-204.89836259158247
-104.68911917954273
91.06667079163175
-27.989165951391772
136.65090519097134
-338.3147652788547
-13.163056409269792
-300.75633995739315
114.93012308365415
-206.56018244079917
-0.497041337319323
-14.690208735291566
-60.067855594721934
-15.560868774054846
175.64131112349597
-229.23627034417493
283.8107992342804
-115.34354599334787
-114.45201697894856
93.55521905154363
60.384640569074726
28.54365852008996
-0.38824047765981506
-44.34235718019876
137.51210336995808
-24.60631474613784
-120.40481609545472
-74.18218695754388
212.01141703311052
162.46104548999926
97.61633074520753
-280.02691500796755
16.691626240828906
113.05470635154002
-306.53859439834144
-171.57701921787026
-123.61570877489879
-169.5405858829196
-16.452364869366598
-165.68191181319938
-161.7589184451557
-79.85048438523573
4.81332633604056
17.258069067966627
30.511104591171186
192.32750754710952
-71.06947852279941
107.80730704797182
-76.37560624989945
169.47348573468463
29.94525426914029
-4.148704059628101
233.75225608664826
171.63596164808146
83.38762161030417
-35.75568017824744
45.26860561957981
58.230975392640595
-91.93003816977962
251.9169182024998
-100.04001751071665
-226.0702292085857
-123.67252484084013
-133.30606059774172
-62.81016214107244
-22.284749916987096
-31.451345815265363
-93.11076864583866
359.2776840321418
216.293086813871
-180.40017035690002
-153.54166916084694
-11.628475111977812
-141.45125890393817
263.42022292215614
-61.56839754368083
-41.487653311070154
-248.59077299433477
-218.58123189520404
-223.55013649168004
-273.835638409748
29.609698613708474
84.08125241825972
-32.92631336864407
-321.21007340646526
288.276608809767
157.60075807242984
-37.46469099915514
-76.14636195595885
137.53225375084577
-6.217530145136969
-3.5534354772079912
290.1591607842871
-57.71690553757689
40.294095386051616
-41.40228208562611
-258.39677059385053
88.08253951251051
-173.2221842538508
155.1160702080967
-7.843962747542619
-354.0338737436161
125.06280501200918
-104.50151688754336
-107.52321284632603
-23.604232691210306
-16.719648953135323
-99.73546299204017
14.285870546242311
131.21938289885054
-15.554827774043444
-157.5265734705557
-169.0127527223113
112.99062213650807
-2.963963244051854
36.606564544261474
-137.4129738030809
144.60678053308922
-20.42049632214023
-179.17478219764797
149.26875006582463
209.77544267914175
110.25697245656929
-7.286862637316016
-5.013707863711106
169.13284089566278
-231.58491742239406
208.34193914174384
-50.467452953342544
-126.3249707707493
303.8144499212098
43.996574206247026
-138.88287453878695
-105.43510745250443
254.0390602518451
-14.990649416679815
190.18569526190566
185.12803820188196
-156.12134659174995
-166.860062168058
117.83939237756377
133.3812807927299
132.60214822082276
-147.12932615817567
338.66889664495943
171.45362015462285
201.0140510138526
186.19718842336977
-153.97819363904065
76.49002971568243
-190.5055328211123
85.16605395242422
-35.20589395417818
