-164.28174104721208
-29.279641668229434
252.10708783557052
87.65607207468538
194.82380346532335
-91.70003158009592
14.393368328365693
-204.8077649719239
-5.863206551859699
45.4226998696406
131.9029979025902
-102.84283201821509
133.78788165931667
-34.93775139013181
89.16173809999437
52.656088670347366
-23.704866175649094
-559.1502133135023
-172.4878697834184
-348.5943711299967
9.013865068617761
-204.36253100955608
-164.65455093936785
-420.4441767939545
-20.422688412967286
109.86402370929109
-152.61568133537827
28.316318808555394
-134.79063724466536
81.31965985108951
-54.45548881423436
-22.704532903628543
-14.483359305844031
-322.8125269799919
196.77519931390364
191.38215351169288
-1.001824081089068
1.0580326076052013
-57.7680587822759
-258.5473141386288
-3.777887858656309
-189.81637910018804
256.5436839158801
-146.88607175414606
-12.38089011339136
314.8087031924421
-0.9727414466778705
51.445730253537675
-112.33338109680993
-81.5360692026672
126.19823897637602
-144.31813221612194
-93.57662643934444
53.10574731425333
-102.05221950121059
-64.84317176386142
-38.710441292470534
235.2574643666981
265.3524474326271
-234.62057624885165
133.81470208923324
61.6472063027188
47.64584301462417
-88.47261067868446
-334.92373973287573
-27.363401695204246
-97.12857823652183
22.991422746476456
22.934180123297185
8.689386940884997
149.58960274737888
-400.50531422184
-43.07731931329605
46.947101766466574
281.2302886389626
-27.13459936908951
-32.37880913773733
75.98248060193382
-198.7614156735236
-3.1942143846893707
57.65335160229473
174.51453632956054
-326.5780609702217
-29.28814323825003
92.1441190384562
85.82525662214182
42.257197616694874
-111.76481961650303
225.69331840219868
526.4924705232035
229.67113671374756
47.11449510334751
43.61360615587191
5.520539500230547
43.234121164244556
69.46033995184082
-359.5763413634665
118.90418582809986
-63.82814718846491
74.52660704919042
302.33083956353295
102.36655282702574
167.75059862578158
-141.60332651373227
-150.84185137134764
8.538738091968128
-115.77028779499393
-86.23982902606423
-23.964565836325388
4.365722977110364
35.085561984341425
150.8119683251962
-73.27184695617198
199.92918115851984
272.91862413227847
100.74899121594365
-173.46633839563265
-46.88467385888766
-78.28088635931744
-150.6092899996715
-16.005594623520526
-187.75615269045736
146.3708439936566
228.79880073179078
151.7767923169904
108.62839496687502
-206.31025957630783
-167.01378987901523
249.994791056061
107.86106153055871
442.5084234709411
-309.9325060985047
-81.18340618030095
-85.88859270407302
-312.6562750828291
-272.0867152932861
28.68390400965022
159.97826207109185
284.43799367078105
-338.89791816647755
245.36768648575116
188.08146708951367
96.73770616452566
-59.876353317698694
-5.774784092604381
36.76280012499349
-74.74709455397935
74.50803393627318
185.95228574626856
107.316151419424
-20.909528244180812
300.24572572350286
-89.68797719014646
-291.4129293397471
84.90153050369271
-86.59946905073151
113.08148585933377
276.82188680792177
38.864748130585035
-53.615835821114224
148.67493609623395
171.7312806520197
179.87808977874087
-225.34192702851882
-45.22928438608958
-27.919752825930587
-82.69367063530503
-129.07417431806383
114.02091477610996
63.46804598310977
252.19833221972098
-239.66209650559054
50.1655099637229
81.34875026172176
-70.18905431715515
126.26939094200367
191.81477779706626
-116.55820904056984
84.97294195800418
-92.91012902108702
-183.7329044236254
92.77996912582626
134.8310192303825
248.21251808554345
-355.8450999334889
126.08387507801588
66.62401322539792
-52.659594550047956
48.77576756517199
125.4205294670951
188.17087068169013
100.86937516036537
117.80600172937356
79.3031555242556
145.37092093304054
-172.89091648091755
-89.40020507876518
187.90176387273283
364.7847216568058
-162.66667507021495
-349.18121977900125
-40.4796633367111
22.948960284915664
167.12856520003524
72.20292504470454
-78.75027162019569
43.92867647328499
3.895714282378931
-315.71767749031176
-508.9762747692331
218.8157069432666
116.97407916805119
169.88373432140966
-105.67320044322699
-250.4506614961655
141.01308476089523
135.22122614472443
-15.544771105992567
-98.15913626892011
-268.3960946945806
289.60442005641175
-470.1196455897959
113.46139136597407
-381.50750672278866
-31.29465354975056
49.991571002224894
-172.55651340179108
123.54325039150572
177.8716555163146
198.24740602352358
-55.83284725864877
63.27855453837951
-100.39405887071402
193.95636188970533
-176.91828204795115
-32.60878861094634
-529.2141635919455
-212.43215519889532
-129.64573561340242
71.50254494793695
-104.16706634141013
154.5522862932401
85.58535150091346
-256.66304640831527
-82.25691233216025
118.63330238481744
-158.92484001684312
-402.73963054924224
229.9317016021629
-189.09552930110354
101.80801474727976
-156.38978683693227
42.54446891747841
-195.51937139372768
233.58112828762455
31.87970063595288
170.18040123904493
-165.62484111336502
-73.94851564880908
94.33649393993439
16.47309249172595
55.86369559224254
128.84911460814368
174.05275133901813
2.4629321793756818
172.83880956245545
184.4235359572893
25.321959605060336
-57.048334174312345
73.24649920254896
9.762780312766722
-198.66267934166075
-67.4404846822352
156.0545808309651
-103.11857283338153
232.85847873878475
-143.3596888598919
-24.555499264028775
250.5854140605653
32.26859460946087
3.9488983248651675
-191.160618529882
6.750346367675608
353.199464094737
-270.7319831374093
111.2516609071015
10.611428925198618
143.00523313338604
-84.14435260822228
-22.259540901089007
30.75989525310462
11.446119314067392
122.42070047241207
-118.96253178383704
185.10017924626692
-242.13105861274366
244.0653413691003
-21.390709361169748
46.67749471255619
-58.9030283534665
-92.34527766943106
-120.57202173357865
45.29240957823841
-12.463527165504402
-270.9908345206806
-257.99656362841915
-272.59683872665187
205.52475425823292
-115.52975847084859
132.6259812921753
72.03544878666507
-69.65097562560284
17.90215119066331
4.596551763901692
152.20989817158372
-43.55837917866585
44.594411702132355
171.433886394334
-45.77660429487692
-166.2528736873761
318.63827424200866
66.29226152976719
-140.25909554678543
-44.66258719535985
-123.44714332327888
139.19443395193034
-102.2067160772717
-17.091856873400502
-146.14486938272452
131.1815136355181
-307.7260462182866
-136.0233075818581
69.66630781566454
149.0998638901696
375.4895582971235
-260.79133639130833
70.50477520295014
464.5716431322142
-3.0460233721100716
-104.46449871878949
183.0816722777632
170.15770113554916
-256.970477227792
-94.03317799263932
-39.06375225757214
169.60228093636232
-148.96236698050282
5.339952433252215
-221.69419425392536
147.6216442706959
200.3023580922294
124.59260771793006
135.56513901572666
-13.992440073122037
-12.064937501992453
-128.85671972076904
13.666541304755036
134.2829132873008
310.8666499264715
-47.75717469605002
243.48936624890075
-366.8519462229819
144.45165086786062
134.8733769324958
-145.8700515849515
-199.20792513711268
167.24530755459642
79.60610649798416
196.3368304098744
-287.4871509267847
-230.63120325646506
-15.36358588672065
-170.4377886644612
176.19941639627203
-159.5108380463318
-133.92025949362798
-13.924745353994972
-6.701403593705724
63.76208251190099
-174.01236713171107
70.132331028098
26.5885683389976
172.9856544787094
-146.21499613762361
-83.06777433939325
140.92508173033107
-53.40021467614141
78.48680702606194
-171.83011031841298
10.276080013368585
35.301959313761415
325.7735564418041
148.50190318015996
-76.30708224583842
-367.49732110600274
-41.02023741494664
-83.14665246810281
-380.27112201559424
48.259458513919796
40.665527251539956
13.793463624060726
-128.9549349421366
14.452389743339523
-73.87442497613307
141.76150730529517
-39.81452528095913
-423.52463982001996
-70.04144453062827
-383.27458820363995
26.663960970571797
-31.96085068677952
291.15553526490936
-231.02845107255484
252.7832191131404
-80.18126907802244
-60.16752594207378
-84.57231520598548
-8.04423711317279
-128.0965114154766
138.0354235452465
112.5934945387763
-6.882728871836557
175.8958515116171
-75.9269700866444
-1.6090470857365449
268.5001426552132
-155.65919802082644
4.041382377388241
-185.62678808394503
-119.94508804730107
135.4247901819771
144.25559770390987
213.73343452902515
-47.96278268892674
-174.02133904595684
-37.22952597413542
80.89212063426774
10.909060243581774
-155.5084376087449
88.38421275415037
-121.03280106638981
101.95148571672199
-252.99381312062795
6.489558502783467
131.8879309134431
-132.41071264686994
-250.42607873992327
-139.1172157329644
-194.37175359461796
22.619419290924018
-58.119349253387156
4.834421218264791
-311.05404602812416
263.5620022639261
-66.94416347615757
-81.54698483638255
-152.87773054131557
92.76059734583271
-128.9916268963924
103.50524910281885
-79.42512775398777
142.00166825932592
55.12833472349016
238.05691126317578
-120.70624639836096
62.17211978433933
48.47359602992608
-32.14173538025787
47.336375601507484
-393.4226211582329
-312.86365375472917
49.05455363894205
57.32654926413238
-219.8217135510215
186.22865729432021
198.2018512509692
-183.6775278484781
-431.2602934508847
-76.07458513444114
39.43159750663773
-97.10362056139043
-236.49731909970316
-23.232126037184063
-311.6986569128817
12.854933611718874
205.96934217534022
97.19873992377023
-113.4444631682038
179.18526340908372
92.75166015953687
101.1890697733366
164.75034881703516
116.48291906361149
360.68836981631836
26.767950071265904
14.71576285650631
162.8964015653278
68.43495164102137
-181.31730760439788
-109.83520227282187
271.9963612507076
450.2585248462999
413.5687258013221
253.17464849138145
278.95511699210425
-36.691380358517186
-8.16410266802403
-7.511455454613262
246.92020222332084
-20.348592270648933
393.518012389135
-1.3727317781274115
-40.89316544680714
199.9993822813949
74.02753267068213
-192.03277870448144
-67.47111612326572
263.53296665828225
140.2506320744433
-78.7507775878564
93.16874211134679
146.97882134414635
142.09022924591824
-83.07748618829581
-67.87419244556511
185.4836600448467
-62.21129638346345
-306.5912834949145
35.58426545027787
508.0400137853464
144.40811358633627
-81.8111631440255
-156.52261179468317
61.65212516754828
-192.15713896125993
-56.05943495640145
-168.28751123894452
-54.2707104294582
416.6600931362382
-121.87114393241119
-192.343625369886
120.14020973040343
-217.372429334542
-105.98932929927052
333.2654814267319
155.8843491643104
-22.341521939093766
57.834097180136226
-61.14399152601076
103.74917495293063
-33.00348412561052
-310.34958155914995
10.814985957934477
65.62774628188065
-53.41213335009517
19.73988288703788
76.15812051473367
201.74079464093376
44.6002911430027
-209.51011796448861
10.98752856008501
77.6013902840771
-11.080511150427476
3.4408075303408143
53.722038817408794
-450.86849483413084
334.2677779206768
189.67797429491878
125.47994066111208
342.20349044513443
-114.24025454403625
-50.697363235662664
23.995752717936917
-119.9503044670296
-13.480301630074772
22.792108940575574
114.56125455613554
-141.87051297057977
-184.87877372821154
229.2640986363314
-126.39791066160375
105.74798318757745
77.1058097507517
-20.262751375781594
92.06523032528008
140.85189645194788
69.52636399330702
163.05878868826682
153.4248506735855
-39.3847100562631
17.477047252369886
4.779120139263629
-236.63370127825388
199.61602144769375
-143.48407766450924
318.49128952037165
-102.39978426156571
49.33430069199467
244.94394335125986
-87.89360354378555
-515.1553254188444
-59.99026236995548
-324.32277504956164
68.70711505568144
-294.62683025444755
-50.33593232828687
-29.18335990388741
20.59294477587262
216.9590742608109
21.370686178366213
192.36981082581335
368.77587933518873
79.7063484943488
-85.9836405489462
34.44863055146108
-23.954998758989138
-230.98764371514451
262.8520219757255
182.90081726393439
4.8738613535336395
-29.64225332221953
39.54095906221873
15.07396857023056
253.6505319917087
-90.96949768388608
255.6892828206796
-245.95882853527874
-86.97125190533761
-320.4245443871047
-81.7170315920936
-207.77869976036715
24.758828337258016
193.7127620333845
-14.115410857344354
119.21101743521261
166.76563647711808
133.6870681020013
103.54140739763253
-172.81248299891305
280.0695722328006
-152.3082834650836
-98.87327827301881
-63.42524137241286
-144.15700807021554
177.07087479668454
-127.82314224008238
44.98533927833115
-21.555441727824263
-311.91835546870345
328.6455203686977
25.901455441201456
-90.62651379534809
-199.07279213642735
-87.67578326891389
-36.9566129977335
-141.03977559346936
381.3517264351726
260.49738180947134
71.54286395757607
-87.86177887732875
-113.03744998080637
-54.249269180109636
-189.42676640119146
-230.08165853559422
-20.5447943549162
-238.0173171524484
144.3848139661214
89.09535278547592
88.65711473254949
100.15101380894203
-101.03892089140376
4.597459420705935
19.164128289198853
81.91812160537803
94.13583740989331
380.9562654285079
71.33886648204687
217.02970686541948
-401.9375186221112
168.51856207222437
-125.0810098891192
138.58409883917622
62.9362272558091
-57.35176194542356
64.40816659732384
-454.67161269606936
-23.592191185436175
-88.81734398159819
41.075823717503084
85.49108610127888
142.86249586632326
-82.49261807139543
260.5753535197241
50.7366782806118
-34.78422004698265
-91.02527919679488
-314.57623933111836
257.6827548096875
128.39185408730583
219.2734946567066
181.62370880497429
-18.514204492125494
97.37247074622526
41.22181913625758
-33.8108325626504
261.70002461435814
83.72404298122422
-275.2483466855043
-111.01396478834563
18.607602628889204
115.15938768006198
191.94644494385435
-169.90636332079205
140.00942269405863
-369.7098640957032
34.28570132856192
-368.6878387607876
-12.67594160454268
285.24291766695995
-53.542248292045414
-397.1226668878053
242.26074591182484
-13.472734508501647
112.88017643208352
248.68855714997687
148.58108609336924
-78.12091748071256
-68.28604283454258
-175.66537763617816
-43.18307572977059
-138.3113173681404
-19.618541540270158
-116.15016454397993
-318.2668846508965
-279.8993599765911
128.82963704198684
146.9580898283175
3.778873122049002
-50.55661486439769
259.9386911937588
-243.08203716991366
25.71087899798059
-266.22312560071185
-92.58098705678131
-342.6989237573293
107.75928815248255
-43.11121745853331
39.91308227303693
37.7156385740955
341.91506505724607
184.74325178173464
196.05760006498113
102.2700042610872
57.086786370100086
-149.08464326638835
-42.53336587159061
228.30473939169968
-103.52078890602718
-235.17300404960724
4.274816247198579
-211.80395933905905
46.284495512101955
79.2618622133563
49.232719436894456
336.8875436448765
123.34949353109499
-79.95905829006382
31.133900110211368
-154.37832797096866
202.6331859752687
-148.91440955466712
109.76890823302769
237.62417759183202
-1.918046124416756
347.86632533085907
-245.2905072542679
22.38658398574427
-43.80655265367096
-5.906642816023827
260.1381427195675
88.55585882485185
222.58389159788754
165.24017110109253
-34.474979872854284
-157.7788341454844
-103.39951844957692
97.5397051763337
-97.77952016599234
-74.3735399857861
38.39829121596672
268.60983569618224
-21.90429313818742
75.70068245765461
25.885000443184527
-308.2125523607788
-94.97404208519076
21.49159475129079
310.6106670254872
-325.97513564640826
255.76570451407176
93.98471047651579
-426.7190023289798
117.02717498278581
26.153546980118733
-283.7817088875758
313.01595103959454
-2.67841049590812
-198.8146024455279
214.99046822251418
99.09199322587494
141.17829852861115
36.19932371586823
248.46442796806718
28.086610388120334
280.35046492355013
217.5577985727208
-242.7823011288413
-180.5302551399404
-127.95783173058494
35.36617261066547
-139.432915985015
345.97341978159386
181.71099785917642
-189.5675291686258
-96.3945132506723
141.83528821115098
-74.54728754024795
-78.86783369669085
97.28089549753395
29.622336467829005
156.05175761669543
60.882145917423195
-251.32856412233613
50.18582841275555
-262.1036726036749
-29.254694836926102
-135.076174533299
53.897873415184335
-69.98369637787115
76.99664171610432
199.15124589375264
275.4058450563502
57.717705249137424
30.371779658531743
55.60950628205216
199.69720920443842
63.81809734789974
2.299631724151874
128.7605293079797
155.3148266217022
-189.28150002656304
-165.3895660686778
-186.77348063256534
-305.18654219941203
-404.2306677552989
61.534922227804415
111.34552005602586
-357.7719152655617
-57.468099142018495
155.91796859795315
-40.58799775363869
-47.34826920255965
-198.33846952211175
-2.7539345273932523
-53.975728406514015
66.18108801927868
177.0163830177945
353.8789692985017
279.96947147727326
-75.10787497700557
-41.34021927159831
60.856586931265944
-150.58350810877604
-68.61116001250801
-15.184284467064849
243.86520564881275
23.67400216506697
175.9593629883384
-201.69144826188793
-32.026763397541224
19.227723956762606
64.499900487099
-86.89151501617896
69.63246010520763
118.05146567585221
186.28714203889794
-234.23626319475696
-284.42966603318916
220.84340834849309
40.139725361083876
-89.46375670466234
174.65232398931497
56.62446513243894
-225.28524936403272
-62.705120113052516
139.23487900182755
88.69975792087337
-12.862289400021295
-239.29644605276417
-145.66095323501386
88.4445334741952
-33.459231778072976
199.38161039354605
121.33728975119377
-289.1950710531328
283.4132007957951
-338.2248874181669
-60.23056398420471
-134.28688829497216
-71.61015238139119
-151.66824064173633
237.3445878811301
-47.022221861087694
74.40518624069003
30.13878379917614
-206.89996133572987
43.931233386676226
107.16684263968239
-313.2307274766284
174.6251812287633
-106.72908573582707
66.1375527863921
67.08760707992968
11.072425886653686
100.09077870158782
-383.67587545330525
-49.58789758537424
101.77821840849138
-92.7885713863195
-200.6020739149922
-86.99399162686953
-83.41312243158508
207.45293271257776
-239.24172930255233
17.372022992184153
-71.59994431975593
-47.390428775984205
60.491862058658675
112.77731547097825
-106.7609266460044
1.200411888666748
171.45301482201535
6.252097783794789
-169.94537091467475
149.63244009482113
-117.15039494263598
13.994688729308127
-242.81759362584768
-146.42925637031945
-184.79552148963785
92.78768456077552
-26.891173563225234
-124.23908030364612
-92.99275225064149
95.73448387622781
7.331423356024706
-185.10644388143953
134.18889644765054
51.5509980113926
-47.041884007264755
2.796176050294047
103.3729737948296
205.95899995651496
-7.378224654294088
68.32386313248364
5.212217895210019
30.79910410176781
-88.88736909974645
-304.85951241369145
-354.7652927445833
-296.64655026531005
-162.82292835479907
-106.33740117265856
-123.12313718371958
-45.71300398328346
-200.5512736310462
428.30745554058285
-131.5633109170005
263.5691496814256
-351.0843468435627
-380.42487612487173
83.26066963615428
75.81642037728659
-14.485246881902713
445.95652355953837
132.16110621628698
201.19124291157598
60.895326051505236
-1.3588340101378644
89.49697837380819
-31.801638968946055
140.346165964401
135.0584104263093
259.9204641057414
80.77633541272517
400.8632842500568
-0.8720965251509032
-145.474052607289
58.5085035252997
-6.266585438902606
