-63.61761398316253
-82.28797658794113
1.6849565533686628
-67.72915037909985
78.04749309958957
154.21489809829944
185.98889375343825
-65.33919037787805
-60.240079803752366
-160.02806934243466
-348.3834944963388
119.23497566353562
88.9845500408644
107.10952499403261
-56.1214689634145
-70.34477745653783
14.873910061797114
85.0726450074649
-72.69549629406815
21.628626702735293
-108.97695790950485
-46.89092041391541
-99.26500657479437
-86.83089039642739
-290.8658911450468
92.47642144646701
-86.8924002662446
-236.86276386384827
19.433240635945612
-43.25889642609585
-18.19872385410932
-100.64284469530033
-176.85669099824995
143.68827277818392
212.6285230540036
-101.57632201031548
-9.378114138035947
82.99333720994417
71.06206553724807
-173.44821214554207
133.97021890374697
9.277427498576042
139.24680202627675
-81.58672886111668
42.910974433769404
-102.952956643588
75.5694329724447
-152.6285392791096
-14.972037513674499
-199.04638868330375
-26.416464649829692
-253.33982713004858
-197.5595496124203
116.96587914559522
9.560543276105399
262.2973597525339
176.2066932991915
-137.5967707919931
102.24835102888005
-22.112824386520685
153.34913113840088
-124.46275458604521
-319.5577546775912
-169.80301564071863
49.511479025433275
-49.86253963569555
-10.191870301403943
-121.63297163666915
-204.3491148457237
249.16950420037665
6.905309976438822
-165.4533976863435
62.01771078228621
-231.74117246678335
-163.69921533908735
127.40280836931025
204.7873647533581
-296.691169060162
179.85857244924037
-151.68472282503677
-244.9927682763656
151.20356794126056
-99.21868771737432
-24.15599911248425
-147.63077740379072
-76.77496377959895
112.07822263308589
162.2748952425299
-157.07064672334002
-107.27333895860755
-169.1535213431735
-81.07938523813017
-30.53629476238767
84.07819345964855
-73.63646679282776
-9.294623040817209
164.22718766274133
173.5679837235018
115.53200564933115
-115.37755421270155
-204.12674002612948
105.01626871207756
-96.30992644658494
35.229536828286754
28.487966226195727
52.22663768059306
-112.09802300837079
-92.71653391753723
53.26806205898821
-43.65152042127985
-127.89050912412611
165.039626935737
140.87018706507197
-58.341096849060676
-114.6569032017555
-51.724352489317695
92.96487012526151
-95.81368627880171
-224.91722193423368
1.0691023862515467
22.677950596635412
-31.401377685685667
86.45351337087389
-25.896624798464824
37.080179840373106
-152.7949373007617
-70.0358641465122
80.92528629338112
163.74289528032895
244.98207255528172
-21.25202496237985
4.250201603878331
223.4352317578533
123.42650426491366
165.59000993937613
133.89456219468585
66.40045109410103
96.77285018216674
-35.38516806687601
-126.10899062901784
6.609564604582934
-155.08760665886592
115.9700395665548
-15.311229515657692
274.2563500586664
-20.2271470042441
-143.48689765984898
138.13817107319792
-69.95849626437405
106.97102258740449
52.28271274717033
-130.47727633007142
202.01190252376153
78.74014349628935
-63.5780861713371
104.74929512231297
-224.4951469652821
7.839227102919091
153.56870410661634
258.46466018492004
174.83183191566047
0.14091490678716212
263.2684449361068
56.04562882815762
68.24176660961444
-63.20397802616806
55.85490109613592
-6.691891382532589
36.12679043790631
-273.65082609109345
-165.26349560839805
8.553048473090112
27.905660781948757
-60.22681244102956
-101.78095941044677
-131.98728380684875
-227.73937311602825
147.42580326282211
-167.91230198309358
50.60805531623649
-73.64088731029017
25.777888019022235
-163.03094679888397
-246.68192624832943
-90.52412387402457
65.34215570596352
54.103275480404626
-45.08736064158679
92.5700083769401
75.93035670567443
-56.297921244446734
-57.361164848027386
-101.65176880410944
-341.39640069877834
27.985868937463763
83.44900550599772
129.27352090885665
-235.18596877984228
50.365568167895155
-263.25547489852727
-42.156310674102365
165.71374557665627
133.72516861936035
146.29610164347554
139.44645864219146
-15.536863085120094
-271.45808702410613
-37.98821072330776
-246.4220523720182
16.134145110324816
51.814555580509584
247.7480783433755
-15.755566582372676
-66.32010074571602
58.0329691673744
-216.39610176779476
-121.48107620292257
-69.39400138162897
4.707917198721846
-0.7799751061708737
-88.22753625035276
-44.552498980287915
49.9114511780601
86.62126231464218
112.77709174718103
10.668608707559361
-126.60006856099477
-29.444450740621242
35.1199696374808
-5.913107057148583
0.2865243496659107
138.0586637910853
-209.28486734018924
16.037470822961154
15.721382318823984
-227.78744211619983
141.91802695496412
-116.37040773420844
53.13032233805433
64.85806609597122
252.139566828943
94.37861718210549
111.66450136601071
-230.33695546521736
-25.447935390222522
171.1510068063559
-16.275736263156773
52.18435172126931
97.22222606654108
152.1032842561721
62.86739410719554
-184.31348265956117
-12.291768517531924
-83.291479834809
-133.70333425737118
-64.15519075123991
-22.823289593011207
48.80420927358366
36.16116751723709
32.43239337531604
25.224765126245995
23.087547639851916
-152.89388677149728
-3.434341950714731
-38.25182699067741
195.5781067876747
131.6591993924148
12.042342444187312
90.10975794329536
-81.6094755411828
19.017832352586936
-213.86298682977375
-250.67175466822133
-185.43436857993098
-121.81012460262887
128.81431906192137
-13.98822871472
130.62398262998093
37.452099764270436
-40.013915111010064
248.8060226126755
-90.21393490048693
-9.172011739103343
-22.248170558132976
-39.66145717124074
-72.26765863992446
116.65299337584577
127.38670547786212
54.74144834729221
373.4821183944385
260.8848517219017
-34.737924208094256
-138.02635378717912
-159.29237082391055
188.71194553928066
-31.79362935276895
115.16967395477633
52.12357604055815
-11.987905637439615
77.02164586713229
27.770512152133822
-33.30582675279364
-96.20891619644901
-11.2784292294925
-168.29412584123253
-219.07656106476617
-31.40398631182918
-106.45181321878034
28.468025820712032
9.938280955188992
124.30256229405467
337.19653024401146
-128.32393155610825
-249.05737500720878
2.894500919817533
210.23273036154725
348.80381578315144
46.124316868762186
129.7368457839787
97.46461661748467
-285.1043436146767
-284.6702054399948
-21.27457481151409
-53.77602974869642
105.83994481189976
-1.1131840242953939
-186.53877142678775
172.94997553700188
95.28236725721925
158.41236926442605
139.11953579804452
-161.63060267035777
45.14735496384092
168.9231427865729
17.930571433482342
62.4629072681208
-77.47276870359278
94.01468751472761
-87.82861663111949
-84.83955407388535
167.10822044477297
97.16233865037272
-108.21174915609306
68.95972396982918
49.81926688043871
-47.63709850431312
42.83515989898049
-0.5908856213376534
46.85502218579411
129.6665017616271
-104.47380765125814
-77.65518483011623
-7.051092491015457
146.44941374497046
-11.25687477941312
80.54642212647488
152.6782546152781
-107.91703110869767
37.3644097626999
-85.36073992752031
113.49023068748902
41.53930716660304
-157.0413648836653
-148.26394096185865
8.824117721264122
286.70949445074507
-98.9527142761603
47.58268776109787
-98.7990550446567
21.529469734132164
-40.598281881076716
-224.95978766989495
36.60537082960754
8.770169071594566
22.70713600911121
1.8678413375966911
84.17156944212213
-98.98061479188719
-122.73740624886285
-242.5656033784382
147.5706623940555
-436.34411880436903
-147.90062889443155
14.92573332375489
16.592262073702937
109.87460793356016
-33.19153742162942
99.17517806256274
110.10422133144264
-11.008973023197981
9.320471717971001
-160.74680414577605
-116.79073785384821
206.40061087795104
71.33136082763497
123.46474285774474
50.94588474911517
31.37627401376555
99.03550138981849
-34.446245841082046
-121.36111327645457
53.475361693296094
66.30145698070953
-165.20866721571474
303.2770023736699
-45.40499552445135
-153.66203457858037
-20.248926535590513
55.279941178358555
85.17387554912843
219.23441471606475
3.395535413904334
-153.10568608438066
-3.2731819602186585
39.39959070167721
-29.914476870489075
282.9622806497447
-111.8118819083813
-168.57511542533848
15.55988257948774
20.17312494678238
-109.68761734230567
136.14203923451726
-115.66310823400241
-117.68735925703632
357.6875629230094
10.201278395876093
-109.94725797658066
-199.83766913714237
-411.46310966596604
-87.56330947003286
-252.4225204533906
-69.71221191479296
-184.36128016366095
-85.0448248795699
204.87959067664917
82.34640337031325
-19.086555438364194
-69.46284426343432
327.81744770880715
-92.91823710919294
207.00728195233475
183.8266419703095
-29.586406548871487
-73.16077888697346
296.45890171221276
207.3931530362118
-3.1315114783657467
-79.6477370107251
-37.8383275788519
-174.58407977429317
-3.149856568572472
-63.96069037504299
-186.5178922348672
-68.27414502137253
201.20567999144734
-220.42999916673782
-60.47678816834243
-60.89243800669563
-280.3047271258849
12.14980191541127
-119.75236782634033
-119.36802478134422
31.46944744892607
270.1874201762588
-37.364793918743246
204.59962581095877
-90.2638768897326
281.8783271847918
47.98674512802639
72.20146728533894
-44.58790436736089
211.764225909285
-96.72240654020612
91.89636558550222
93.45054783669674
-77.0634726650963
161.69256339828775
178.40711411396117
40.72222265947569
-57.42076089551153
271.3442600901247
33.79765321152175
128.63854165601327
-61.79499772479265
157.7657300170243
-71.29828634654471
6.6704366340580625
189.59125608000582
-148.5976510253224
144.53179199496927
120.83189536078442
50.83095805077029
-249.56997915781875
-127.60216861509777
132.16313504555671
154.6857168304359
-224.7695095671852
-33.58700389741514
153.10003208781873
-252.89042446675532
180.21218666225684
125.2535078949548
51.523723225572596
346.43441505270033
-28.5820234082309
-128.1059645701798
-214.25495319312574
-50.95679967017414
-1.4901488135718197
132.89993654379577
100.14270287569789
15.935698398752136
3.322380350193355
-8.914765232267165
-21.5657870713957
97.77399965916435
40.37817802613931
97.51234582788365
41.14423813548675
233.10361988342964
-170.43037108056484
-52.459941625727325
117.19582735803591
329.699000471292
194.0883144097958
63.1253725667013
-22.635908474299537
77.2084900050692
91.17831664240339
106.38352078725926
200.06736781036378
219.31018684655027
-33.930074007982284
-21.07187976791568
39.463625546442074
48.620488860211665
-33.894984233400336
-113.92563248488183
93.68361641391222
240.10293067233425
-122.79829594422078
-41.902701193519306
18.77389911933266
202.4616422187246
19.709435516358983
75.19236746568838
-137.78184852460396
161.47798103448466
-1.9937871527031303
4.2723604560101185
223.38868447777298
-22.12228391177258
224.51016327159914
16.267941290016093
-133.57099472035557
-76.81944159944739
385.00462465065414
26.466789757638647
2.328498789474813
-86.7219372593683
-74.52292185100774
-93.83316676170725
-174.74048565761322
26.276976584611653
213.10670956722558
176.2533869410585
32.987319945669185
-219.89501784406067
-24.089546601579322
-199.67146465753453
316.69166538897736
60.27334911436917
4.930262655073621
61.64710265283579
393.28879153874044
-158.8541153434468
5.0898062678031115
105.86527279880693
-238.8823540528972
-25.424000811140942
-28.698676644726977
14.170783817823121
-39.27681960325003
53.478495531489095
78.3530161279574
-4.722066906553679
-45.74041381293196
-30.729846357362025
-5.591674085980571
-257.0722971110897
39.44418765173222
-86.66929451424313
-29.359348257249945
-30.68138334064912
55.433561000054496
-170.97552378353163
22.144551083710915
66.67140784867324
230.76099802406998
56.5363039168424
24.089530318372105
-170.73563583819518
175.03388075791057
-51.36619189694832
179.62184859437255
266.3725399161273
138.92494284440716
27.08286373662615
-118.94789826690601
126.57427963005625
-100.66462783177174
1.1682622920283996
53.656604549651966
-199.6926662675008
105.33015016548538
161.51252572571116
-48.255065282436306
135.19202294054836
63.9490937477324
-57.77409840004024
-70.59937084880221
-2.7914413407107066
53.42906178061261
186.52315197653445
177.01811204740312
-12.030849120574533
375.7570959760692
-20.523729802605967
-200.8140980968796
19.164165271682716
77.439903201018
107.15751604427514
-78.03605458424136
-93.25692835747861
-111.36898590755324
0.7705963364863369
74.48170189552118
85.10500219331222
-83.42002440708923
17.02937195729028
-19.877595062798907
-229.53818110004175
-1.9684901314513248
23.165341729507237
-36.53858915141206
-142.49193387894186
-161.34786735741812
107.21694421565932
80.82373373090681
112.56534497012574
-50.550860024777805
38.72359159614212
26.669870895684404
34.02871202051774
-94.8108317105712
-146.22418740465775
170.0187862072442
57.39407562780912
-99.62998097097308
-11.208230909686858
-74.41423638126321
-36.81705677228235
96.18901774825204
-66.18258491475626
-16.670666511088825
-184.90665593627386
25.004078544314382
132.51185765892214
82.93521429157285
89.19290277850193
180.96325924923548
151.07456272526233
-63.8391378208974
151.09305174373011
-199.5960799772941
-84.6747887990412
-72.34453232161843
245.7943171583372
-18.94936341700953
95.67191504702708
124.91670073452485
22.046947617983612
-211.89724446895156
-231.22082123952796
176.65080299499957
-96.4485188298292
73.89400513773823
-13.017737453853806
289.157569551726
-44.63138541226577
153.1582581259777
-176.08791485869196
-278.5907452279595
66.96657878559525
-184.5300445045554
69.01250138027082
24.327511352185212
98.24117797737311
94.85973974871261
14.65014263959752
-2.650214239261394
26.370554228406117
193.61016919460906
-71.19878974927198
50.28843411261989
163.24494834037097
30.51111146247022
-8.308985964823961
51.88449780314965
-12.561035977066371
45.25650047101268
121.23371782796782
36.53854754636427
-19.11198553117681
24.232857291266697
-32.05997234219567
231.8299068612249
19.30064730481462
-44.719907004345735
278.85079774537
-162.1098144542175
-16.274745829532236
-29.478529641805125
70.3869828679499
87.38532445949272
162.2923469469054
107.00889724850232
-26.741059113756123
29.37545077722649
115.98985031114961
-29.553811424902854
-70.91794887361125
88.90604733801202
415.0822861702791
103.16240659213601
121.44154667718838
116.58813921678501
-202.15389880616732
-141.57433802028572
256.7982481903469
-261.7350532129576
-36.218268166133605
-61.08309589000635
0.648236513766399
-7.463517619815606
-192.21035934730855
-179.15641285351052
181.54476752297802
-75.7761855530706
-44.84291775686489
-258.2012126229551
-91.01999169087351
-55.66838377531957
108.55087729618253
45.73438715354022
177.99407695562851
191.1011158196858
88.31883293112749
-106.8325774569412
68.84310125255952
38.70611152883065
-68.17505332183482
28.164707860877407
41.561611681521306
-150.17802440161833
-48.967008117290064
234.09156532458593
-11.66354730613163
7.187811046089392
30.94184071420338
-31.06492879343722
-29.713962457031386
302.39485964300405
14.004674961797146
243.2974021578596
-67.02324306986745
-29.357535167021286
-55.47224177663311
134.8205274113151
-110.60863834462332
65.8817632520358
14.957751306976832
0.8916136032352049
19.670670588773408
47.65330815048862
-26.4995831297041
-84.6027992393963
112.87603002650887
-45.26263152813666
274.32919248553907
130.02856916336484
94.36928050532843
-169.10233202698222
-212.4114671086445
-94.92049582661907
-113.89406258648283
74.14234893324729
119.07660090473027
234.89202909896926
221.26988419896307
-167.87950372272923
-152.66546125177382
190.89843594346237
103.7587891481906
-162.33734449625686
-25.653682206462044
-187.33906941734597
-139.9723337490012
95.08390635032983
-255.70755170520678
-153.23821525522393
-107.89164594727951
174.9870362117212
89.64971175623735
-103.04432787888634
11.481986582109831
43.64128321103935
-5.497593735256871
-4.618653976278909
-299.53061493174556
115.5251453317066
5.12686858820125
55.090889986967014
217.69139313066873
6.645493914929112
77.27379506461551
-174.633180926596
72.76810489991558
178.98331154655673
90.25941180728198
-91.03269577144269
105.47177536055307
-124.53845955750032
56.0885745310445
173.28781270304134
-128.3656086347258
53.00362686193452
32.68718742971871
-13.267375415292914
-133.80644716224253
30.871454632416004
-15.123441899165412
189.90668823717627
44.44559120877147
224.5784191775845
121.93299873038282
39.426632413000036
71.54594820083328
136.4433664119306
168.8881809573523
273.8202359235385
-71.02474176716636
-117.13019898342806
291.46964912035
-40.111828886243934
-12.257142336728593
-77.04669208448045
351.68075952976795
-8.313323575514197
-154.65353388960034
-93.59038119543077
95.21856810223356
9.095850682881844
29.069326241737336
214.26490305968267
184.10875439838023
142.3919856867548
-169.8291484891745
-71.48466894444901
-134.12079338809457
-137.18494005381385
-86.99198033001734
-227.4657355679303
-4.6516555076063355
34.86506618200972
312.0636877118525
42.46211680116249
-72.4567499557233
62.057211876142574
-137.73558969821204
37.14593389082768
6.405343620093831
106.7082257596085
-104.45508292444495
48.207295189692395
-65.00622445981337
-27.150546132692572
188.2408141008613
-105.8362175837233
297.4977715339765
-47.27395483930694
-63.534846017819035
91.96185408721165
-65.4861172634232
22.65262711826867
79.88123746582782
173.39386701880596
-40.34193663937836
-69.28643250163964
-309.6306152736115
-117.78079616431226
7.938272908916497
7.171284646293578
129.16862842125926
-350.84728040664504
-201.54560462294356
-72.97899523743436
90.90295433734666
147.84863614290063
-242.414053331751
22.42214887502896
72.71834983521647
90.14638087240198
259.1930615527786
-128.55320953535386
-39.62144814356666
-2.2281660366787746
288.0525403229362
-37.66855875180574
185.52993996565348
39.55468820790683
-24.23771075901512
-70.3515302918304
-50.04571460517359
-30.714196108411404
-67.7309247684463
-81.44916900860599
64.41834941140927
106.7522059193074
84.17317834679832
-123.332343035815
-2.5459667883747636
171.22637214026724
-150.05489731620384
-202.90837421131883
36.90977962242957
118.17406811795584
175.19747346315495
-82.64076261520583
-171.507271104026
-34.18261309085181
-44.96105870053027
62.04054419966536
-73.48367926796398
-197.75678642908557
-46.07465731160633
36.27268780503977
-99.24873334685815
-112.32068509393426
-235.67684820494011
14.8001869250309
-174.58076318982978
-61.687972707712944
-56.24119358679253
49.285776075711006
-135.69672005615868
50.1776333301243
-193.93564092765902
-29.15044426149842
34.60289854724282
-131.6418013155014
6.737296924441503
289.85407266174144
13.390157057886846
-55.71471256739799
201.67766949299943
19.33132741575656
111.9542933652793
61.02360612498252
145.33490764044257
87.12097643321086
-83.45359861141725
104.0249002095033
54.1309084851129
30.91479588897767
156.6839080679272
200.77319354931424
206.94041357037008
118.61553764478708
-14.809406917907403
-12.819431079208815
-5.749793255206379
9.869896024608858
180.50085786010246
27.96872622673205
304.8858181904443
-110.56273715502296
146.28064208988553
-211.2460616261834
-61.68411939815746
-143.7721248216079
-75.45797387908917
-95.45992642491322
18.51415891784465
-5.496629337521194
-189.32141259686918
347.04247870398467
115.01924221092405
217.56886250792914
