-13.51888053923111
46.82176466416285
29.664229180297177
-411.93480452377287
259.53492681826685
-1.0940929531492878
161.4644127349043
49.00158168530103
53.42731242514072
-72.2377070521269
-74.17589744532002
269.05297486668377
-217.87998205390596
-119.52837565618897
64.52854798124912
-237.53758244196774
146.70373178455074
1.7892054705248415
-97.87697618909232
-122.10442634435569
-19.90976745022578
-210.6364227638407
231.71718094723997
116.81356907486771
-193.28371629454256
-112.4226783916872
357.92335611905463
-61.21169238090297
-257.08055330801284
9.370244378317139
-290.6492568287907
174.80957677797088
50.35259775581756
150.33359562721807
124.9756130323714
39.853254862388
-39.969687089635244
99.33740351458651
-157.88039832524845
-76.76672467209924
293.23975630746395
48.82256097791283
-126.74313967679078
-109.68266539154257
111.14814126066435
-163.15606670029277
186.60005430428367
94.34642446116477
-117.27131179273505
-214.44347803056476
-34.26297788246625
54.05071831677725
132.53409985256474
-123.83001359521614
77.35683092476816
-53.818288311221146
-102.77308568996023
-43.676525709772164
-149.39720310430238
-226.23016279850054
361.2687714989592
-21.056864815685614
-179.13765107941487
153.42923486340422
-116.11494001216573
-214.37007085013312
-128.9650749223655
36.07721059183298
-16.573407741394668
-207.06861012104628
146.71141212965682
140.7031944642821
109.34424987922146
-171.5126669492125
142.57070940001017
-42.00824139912572
33.29014377757463
-14.50526224422474
-115.816763438168
156.01211503268067
-49.847503925509656
-102.09530625929584
85.36518631854973
-360.7954249915662
-274.2464406381031
147.27960560758268
16.080331458185768
115.91361294255105
140.58313912942873
-34.19611249477271
21.541830964670822
190.0597347165681
-256.61986986130836
-96.63950114671134
-317.65002166481787
-387.77796618476214
-13.810724921411175
-194.26604606382378
-330.7645181110995
-17.323891089928683
19.03990132491369
-21.095381489851096
58.35852735237814
-103.07517690253516
78.45216126793545
65.66131008875176
216.78143785222932
167.85759205659602
-204.03238347475963
-39.78067569787776
167.16961040557212
-209.90991998309
89.59354748682026
-321.35549726106257
122.82287280407603
53.05913490396529
-224.8000202851074
40.74727690863402
-65.24877638580077
-50.64783660087137
26.20080411477053
-46.138673689875375
344.36148932571325
270.2694450030548
-223.65686833272355
127.11085837162632
25.090007761001687
-237.1013556081991
212.0038855813384
58.1503336405231
-188.50591868329013
-156.45447264880036
-13.93038074350634
-166.19642600819867
145.7670351981165
170.3891569686891
271.88257259325525
-178.68222053354364
-150.82914665223234
361.6951697141283
16.27189365448932
-76.75431583817675
-23.23179146651358
32.843976808290066
17.598584288848794
-138.25515407771255
102.14187647155397
82.05293309471381
-10.320941306218588
-9.981696356789872
-77.10201583763249
-278.22073288073966
-20.411744287105027
-126.35407684878503
-123.397131426727
-173.33441343810534
-81.42894257276392
-138.14468531289853
19.478406748737637
-292.87871238328717
-145.06308199469103
81.93992044077906
-289.6306745559887
35.85249007087552
407.85457479957034
-155.08304976185158
47.04924167874728
222.23854961181402
-48.221505864654326
-84.938372887779
-164.9914416460439
-39.47942577490128
-116.58603101449322
-28.95519876202035
-46.533768157562655
-117.15770189858634
-234.6256034179085
-56.405534687235765
176.69298503386722
275.770247853925
282.7481179042761
-131.71956182873174
-286.8506008764506
339.4273713775713
139.5991148801703
62.16852661095666
-93.06874733863943
216.9277828840159
-21.670973823232895
-31.664426325089234
31.354180047261654
-219.8762096143437
-346.0368440880214
243.982028858056
189.9709867363205
-68.85220939709299
-32.0133841697955
60.91770337363213
-70.78033145389043
-381.4497170833596
-159.65922260310978
-196.33897475844475
-16.905155490567267
-2.07197311481714
-72.63867529654983
160.0817690530596
-304.591753882955
129.2119150167299
-386.16838814340014
-550.3943764174048
-89.38363802942406
5.504711433007285
-37.13073021069065
170.36033497170084
209.02540960995057
-43.24441780670249
-115.7013281923683
15.461262454587263
-75.5572785279814
-56.776683191064926
71.00295430135454
-330.92014500177197
-99.65764142012583
-134.9575215036746
141.23820449301766
-220.8967278065514
119.24387266802302
-133.09710860570632
156.74578605887064
-4.086415505984061
-67.74195892217554
-165.35633115290022
-157.08556478053097
-132.78430743858686
58.95210019764383
-89.0284944211229
218.2085546245926
366.62541291929693
-27.72983523166521
298.62754449677306
-122.3521522264373
3.8767568358314746
74.36786245192405
140.48670535555812
129.32398667844095
93.62971659963559
-81.79360064791425
47.462618912684306
182.1070475443144
191.04829654192443
148.11148776425057
-161.02698212208364
439.5499450474151
-144.6213392461036
263.71038925698065
106.88079221856275
168.5373061678513
-181.9469120936254
-45.33151086567145
-130.20767208703927
-0.9525403181201
-46.08492403579127
-28.633374348170243
-161.03884010521855
126.08506881273365
-136.90662114475325
64.55825857773662
33.60749241783458
-273.61989782075625
-102.06645382248641
-150.65371994955618
-98.07988762724182
-85.49518890381935
-264.24724425719893
36.47102256237344
-63.93936016343333
31.659619101367653
-86.92175422153038
27.037033484744246
91.6414143623571
-229.64230169701943
211.77056329860102
-148.00747769444803
46.70099321325622
103.53285005684879
145.08050277442305
-199.38448653621728
409.6987012186927
-367.3794514700311
-147.38745774195252
-77.32441499195288
224.0496195882861
-7.49346656877243
303.61503931993116
204.2652707820401
134.4373599811396
-155.21481969023617
461.4754709738987
-103.19499067438728
38.30187875403302
92.44039579580631
-140.11964107334498
-20.239946439436615
25.261651520055164
20.856494226622306
-78.79259233984656
352.9145030472455
190.74255347128135
197.92721957244822
219.44002837623495
131.86361311151336
248.78918511839288
150.7057448911309
338.8192210795998
176.25687340359988
-137.7261609425488
-189.78423947174437
79.4716883024945
86.83046222504822
-24.917307842713083
88.96320783564026
21.505265120087756
107.88997882813337
-71.4594403675067
48.53144565487151
55.51281701477768
-98.11905093127267
-9.565865859378379
-56.76393472692091
302.5318152995588
-174.20488276322232
57.214289916172596
-244.21155707942026
332.8056613832513
48.55073183257723
100.81587888893078
189.3348366736332
94.90670552690916
189.74891039735024
88.32917067706461
-38.090268757200604
-30.11647867559696
45.977653433171575
309.5975139928456
-2.9569562270215703
-174.8899293860923
-10.797070216223116
-185.15254539296723
-13.938068930948514
-289.4646791171868
51.33026518277584
170.604139396137
85.97259821547092
86.01836974878776
-60.50583626574215
220.4312712712875
-173.03979545691547
88.36733628767604
-184.63152706069653
-108.27089775941845
92.73531827984348
228.12895907890552
87.43830332778204
-86.88366580997197
36.67307140612778
-369.8868679675179
33.58130354190274
136.37850516673092
201.33530608743868
-164.20332711595182
125.26150079282188
-61.890114930264104
-0.6092910363239231
-52.72791080399758
179.79754995144444
137.17046490039476
88.36372769445494
-93.77848865263515
-19.395171759239506
120.2292004903442
170.24243345618478
-118.80292143610056
163.45769996408495
-275.3735515390548
63.52881991091706
6.371098037379924
-39.738725807530464
-105.37686697499858
-164.1423454369819
115.332830404681
158.43482101902597
140.36980557779003
-30.984753848332133
164.32832521152304
178.85323607640362
243.30768525932305
215.60047827516289
-93.61054024810656
87.01163437767889
48.817781206030524
287.8774905654018
-148.93053492253597
202.33208385756893
113.01179409019342
-194.7264478636214
-121.64737738996348
4.841748677777513
1.4200306553930218
23.58479287519641
99.90863079280626
171.99708422100878
-281.86076579562723
144.74805698654376
-226.32163412899047
32.87963455161225
109.97106568909636
-191.59410331259025
-104.59074710135343
83.931108268977
49.986587900088566
-128.1188492059627
117.3212011083733
73.65030718017914
502.2716596977269
77.56890656729828
-19.464367727004603
-92.76082949741499
90.27376420015321
-204.20089778107035
-451.78534760438845
108.901894616571
-113.58615612006061
230.56461404077288
99.46711144840236
-319.30046910484003
170.02748695224514
-30.62998295458068
-190.61803709217054
-96.52651291327973
-126.1350491313244
-36.68024200291727
-54.905030508954894
116.45280617580943
-11.763580955630301
-258.93593311530134
-158.10066418541976
119.994893973849
-28.070366385400952
122.02915022770149
-116.81793116140493
-131.18214111409605
68.6799477972748
84.18438522495066
44.067730463597975
257.2162941094889
-251.4697710779497
-183.24583489823837
149.19438943974552
-150.53666375039595
311.7452577415463
80.42378537941447
-94.91222022961192
-10.056144031347714
183.45396278781647
173.49427231828858
196.22784086916283
-44.431395002715604
1.6801770461266243
-92.25142931330313
-9.314758658012288
-208.95067741592365
201.07992299650394
76.13936165020145
-89.1513440529179
43.95759011150054
-188.02363767676098
265.0171073131013
-101.38116737287015
260.37098904872505
137.9670929466828
-288.74796252957253
-64.09383169757143
198.0095770658179
29.15781610470505
184.16291150175576
-107.78409969261378
-28.241222411401292
-142.18108041178104
133.7613681155912
-11.40834978850886
-116.51321643291496
-115.98968248587215
-12.568909080428092
-212.31002454843784
-139.89942402894303
4.096275480044623
52.73042721046252
322.37353522024944
360.86538193500184
-216.2966531082301
-280.2111140724547
-37.349656144732045
-187.8374560548848
163.0680484215341
62.779860430420364
-279.36045571192113
46.97049101317465
-85.12887056349491
-32.30231207645702
225.31320596816
-143.08911927472494
-69.5089815821194
-73.68056895036173
-231.64780742802097
-221.13728925975525
-73.98757751350252
190.00695398180184
-70.32009767712348
107.43861946201173
-9.757702165959083
156.67238868068284
-68.69734784978729
105.5941654560698
83.19797539656558
255.39028218060088
286.03458610456534
409.7342005387614
362.57125223094476
45.7338408145939
226.45440264348488
-16.54777277257495
77.06712636051688
-131.26223142143098
123.34139905860444
-80.41084066757212
-273.15223039800526
247.83204589490006
-54.56281433661239
18.987476575289207
105.59850498561353
-240.90086893847817
55.6606892593731
-175.47545412327315
229.59569032738207
-174.43230259931016
204.77292013456344
232.68226324178931
83.44684983093771
85.62417613047758
11.017954319319587
199.80269376010665
-39.955109928204806
314.6617915537117
-55.696945573846
121.08947472427029
7.0204845055689
314.6367153262837
-113.43717266895682
-51.72766072114729
-325.8909656727463
215.16204200404584
-200.62685136135573
-151.17731119453947
6.8791141406378165
-170.8312094505376
-43.49379275247166
428.6912919916721
107.45352975215243
12.624169848113368
-84.66711014069243
2.787727639891663
-35.700335056201844
2.68689097908562
-126.51167646841166
-260.7229800554203
-4.640383881571252
-62.78246354594651
-161.77400492058746
14.749634794860839
101.90653705151192
12.012039096716894
10.561989559887182
-77.04542206344921
305.98945982229657
-209.08121613822425
-101.27711663627454
-37.96823922541819
5.395092996189168
22.66166478482803
-435.05673726071524
-149.90116481284346
154.8804099126898
-173.0682568121127
-191.01296783620413
-155.99931940210132
-109.99534736974762
33.15393566454163
-7.339686598154873
-85.5281151664921
-250.90159798392656
-180.46637102203832
62.415258641151055
167.29545241242317
165.5533875937084
-2.901241724292867
-84.44652511191914
-264.37975601676
23.264856170004833
272.6887293082802
-80.79677316912313
94.81548513733155
45.45053043474688
-113.1046345830103
-369.95103196760726
-187.72845498160646
-117.52063946055297
-67.13791698659016
-58.87605642732799
251.15634212096046
-100.09867762901169
471.13924316134086
146.38152272752737
-110.79936353510548
-85.45718893423383
-9.902694469311559
-86.01478708331932
67.50660968660921
63.364640458262606
71.7435457915094
-71.88453948606863
70.46114144383982
180.62813061635063
-165.22779241795456
189.5650526447559
1.6793300806399267
-107.42242925944942
-19.21367429990474
4.396387969341364
-30.0534128280528
289.810136068558
-220.5893041885068
225.14991000477465
17.40709707891042
237.5006814536086
62.50617018137637
-215.89398637716283
-84.79131645143266
84.97831047610329
42.00028005672898
-156.8088829302962
-259.39829501393774
-134.29688843153943
-3.116403916471342
-32.084244911894785
28.877250398848897
-289.0748390054838
12.351560296999553
263.154128812723
-204.12391889445584
58.78492677115938
-24.281271315905347
-17.457531929802062
-111.06903897106051
110.83940666916126
9.176976817922604
148.19594134756207
299.2417908197223
-96.93804957821959
-160.93749961821908
89.99932403502507
-438.773808699859
32.00161797294503
-179.9568019993524
61.75108692462557
-465.8047496001497
37.64504615958445
174.443672724367
0.4785310293728151
-326.7447583196116
-64.16756457953099
107.33782503876056
66.42937420186543
-56.83312316762772
-78.22495164498002
167.09241938923446
37.11545217644341
109.03049069394467
238.9259172415863
49.36179919426745
364.210229380839
-125.69185228827361
217.14834543540323
67.22822645805431
-28.186822673912133
72.29125452080795
-190.01500843886106
161.77601645655898
222.71220908497395
67.8506281286153
-235.55973067244767
-261.5408328724731
153.6226750598659
193.71718120193563
-270.9876896645684
161.13513354680725
-129.88913977483944
82.30169787258927
-30.54768431118905
-29.448647547502112
-160.3566714147909
45.78752706674978
-131.89888245905973
60.222466427573025
255.28315502087477
-214.460917678697
306.39887789718455
-159.20348780985444
-101.12623086678775
-317.77898325529674
9.751014511735738
404.3509409433719
-215.33501548862984
31.02166642065542
239.94816194546564
34.56887305314496
-309.3221932207157
126.68788414057914
124.77819878525735
-287.8354840082958
-170.5559790928
-185.40506101298845
-100.05564632352359
-189.3985596974123
-49.261708205502046
-74.74128589324863
236.90091106431865
122.74538557287558
-67.92315994256182
-102.05283931900189
-30.974825496249007
-0.6573901608171706
-14.564261401742447
180.74460336575584
310.9178558358787
71.82937417160002
97.33089927645794
19.042777836435633
-238.38217228497464
3.1810592250065177
-84.64993241197433
279.43917881017137
160.26161434846537
-261.9592444839268
-143.4268574167694
-205.7052010377158
211.98598433704
-113.10327683977796
48.808039772035976
-0.896999420751474
2.606204781841462
135.97905763568903
-82.96452821843519
29.77075343314678
190.88181854000962
58.851374639359655
-86.22596391726468
-31.014036251357595
242.98588996515338
105.07187071994026
-181.53610214675695
120.60918344414124
-2.5049624356611835
-113.45976804636479
314.7133381045236
37.80802769120958
-61.23423119940641
-37.08677641571613
-136.3764203697604
-44.806186556579476
174.7682847175833
-37.13263952538232
-56.94031357143352
64.66897727845563
72.19321103043228
-136.87412379295694
-89.27108170530676
-20.347427833629332
-99.4510977612078
-190.22557930104065
-107.64156376439185
239.3333907753615
69.89616200949713
-201.51744137048172
112.44328636703716
394.2264968002737
143.22411106440248
-73.88772450351188
-137.4127530813508
-50.1458085463836
73.75848735737425
205.8519463570623
68.96710282765592
28.9765975959817
353.6721675733326
89.3195559635901
-87.18982302689349
140.3047600050106
-74.8224387195973
64.82423568951462
-183.17626543956058
-185.21585037863156
-77.66683576465047
-54.76586672101322
-102.93869880462834
161.4784606825759
153.2484719578521
-142.0485894270481
-14.824922636165649
72.05185607957917
-81.2861074523899
-16.771231244415066
-210.9749354691648
8.502347522639912
-211.36720845676416
-27.0165819360676
-8.840630624573635
-254.66072552431598
-80.01371122088287
227.92081844115546
214.94333883770042
45.6941255077078
80.05058600195301
307.3948605230237
-1.4490160324955532
90.22482955095109
-26.093815024282712
200.9939058294515
88.99908918147504
119.07164543446495
105.51008021384577
48.94329842214413
-138.86404128471065
-5.079987635537066
79.43441622356114
60.62318015371207
-183.99780565284271
200.46422814668253
-261.6841039355442
136.6661593560557
-63.65284996903072
147.28514303145857
-306.2756993241907
-58.471629951039354
31.585568389959636
-78.34899576127829
-39.0753255431487
-0.10618566342163138
272.23213140193695
-42.467325787313264
208.60961023293285
135.34971176185016
-121.33548283828215
230.6585668647391
-10.310402363021405
-9.028915035880212
-152.720678695907
-32.47972160617512
104.49419744258388
53.34309960310364
325.54895062007046
-50.26060210546074
3.8936378885438705
-223.72297337608725
-122.92398141947258
158.0771854504157
-94.76365280690348
354.7907274303616
-109.01618094020573
-38.702346659049105
45.39510377416425
143.2927701298717
-110.21580030770205
-235.5902852777469
-147.94290969294676
-158.6429136665764
184.7425954983545
-101.37294651588797
270.14048313814436
153.87059568863205
-181.21668295717592
211.90868066859827
3.603652147788217
-8.310966986334567
176.04050610912446
-200.2674597399142
-111.81024877366534
126.45651953343746
-65.09737652979769
222.7640141974353
-64.45677285844836
154.88486034838846
10.748604505493942
44.31690094419598
-347.7240741783381
-59.65667552204231
-211.49162134319994
-144.80784743356645
268.44654394167605
-40.80506074727337
281.4091100066253
195.026563234515
-297.13437088573403
28.916192405213028
6.229101382128662
-263.54135699693296
95.51594760883015
-25.927831933495078
-226.16697311367392
107.7657397570597
-37.75451609892147
155.07841319810137
-242.66685645505203
-232.24576784509298
159.66698107964606
14.788937017464134
-149.01913987029522
-208.97250200809978
2.677149397386415
127.06505183316003
121.43322733237795
156.4614952456847
83.59269704071544
272.0923365161914
-54.48754057409854
70.84556933087426
84.70536734362193
-30.100462648180724
-129.15097836182028
-25.32273986128734
-80.70494895272262
18.1863739555912
99.817735924989
-58.96150459300722
-10.334058959714298
322.6647056172915
-2.809792046006865
-65.77055459633307
54.833288962068295
238.44565589052746
48.723000265082916
-84.94864071509879
294.60860113661494
-50.508267216955005
-48.80387575190184
8.77593104283057
-38.611310541563654
91.4458663058317
129.01250854349064
-120.80243147773069
-151.8266156903728
-193.307893655852
-141.65328975096696
-2.537667797269801
87.49087103886154
-83.80605233505948
171.54072934157213
-104.52852161132
115.55555735395916
-30.893281597277554
-62.90391225029073
-108.9476861215486
-234.50724778971502
33.9775193413275
-109.96859707445444
-73.68823383930315
-3.0157962544950117
-32.33995770690054
-64.32983040830918
-69.88438275452901
-462.2596261098366
-145.58278572049915
173.996683309445
-108.43811146204918
-182.0954346825487
211.93167168675757
47.20891015416157
-313.685175520472
184.6368715832348
-246.17032588285744
198.80375951363197
-65.66231593679045
48.77272908762663
359.3551815010148
18.158744057260236
-196.25376262374093
-41.62814020006471
-130.3966860721868
-37.89729284146259
-0.2367363410060701
144.00658177272692
