-41.724083898671594
28.421050453837587
-29.12608243887439
19.000400815124895
-283.90534814434153
-420.1648609016876
17.552722194339456
152.21438933473414
112.1022441673241
136.54711257391278
-2.644914859345446
-298.7812164857855
175.44624753872782
-34.55128941968606
159.6284595624964
27.094171549701656
-213.1245587155773
134.3424691142989
-161.27948436222044
160.39295720784827
-357.8026369282107
259.9049043010283
-99.12033937505012
-45.64767109488074
-92.36024541996298
202.59758808189076
58.610185854965266
34.70789821720442
-85.10798150780492
117.55578787059046
-27.7056168905739
-41.35514628120033
-295.40192402801756
76.17679968705491
-265.3313613870394
112.12281324766029
-70.98663477953092
-94.51997623567588
65.21587200478471
-117.50164033962274
-106.64801082039226
158.21789616065286
-150.49663085634626
15.594065204776774
-168.29299727886706
96.61917804539804
84.67551149735189
99.13844377017229
-241.41345990174787
135.67779853405168
131.2695257789181
-137.56536268082897
-77.81260524405187
-46.661268305838114
9.356764945879254
-310.4948814151658
126.07184901350941
-203.36621558818595
111.35173944096452
-70.30088555214138
149.1436610218269
112.34083668808466
-31.811639627480748
-23.495528398636324
294.42123367170495
-73.71947889521383
-85.79161422676266
-191.7967021443574
22.67878784593657
-163.27586113768623
44.19309008174259
29.906219354100283
48.259120235755695
-120.38639971735223
39.78254820489058
-78.91515798714974
110.93369623792482
-304.6915621566512
-10.178528226287101
-100.03015895328323
253.52126944479306
1.587046351510094
204.30127195524744
120.97558145854047
33.16782794291972
0.15772790604055453
3.2052413565177424
-121.49945888898789
-177.3309799971864
107.38979269518359
111.01937532354118
22.567049634772964
-27.380849219153667
60.33198797555735
111.31748844753155
73.5831750056412
139.14541252415086
15.760055505252334
-6.799658622605289
-37.6138869638613
118.06821326319478
112.5500528415085
60.63109571056483
-27.301037112570054
23.124939979741576
-215.862725341843
-227.6449519272634
-98.11364052072626
-30.49953248128033
273.1673566794727
29.06575925224412
-115.6516368406755
153.64561433695997
-36.52984828310664
-80.02607768165713
47.313291170457575
235.12812459894425
-76.63847719238869
93.96100441567405
114.05288076945399
-134.37434518899062
396.15727834523494
-245.50283846929912
200.2743344865412
-212.33369087982027
40.56305670182866
45.15428597499174
63.52657731700803
-91.77339237544524
-105.45304261656987
-266.5064198714687
197.4604728463603
-50.58931529587314
-166.97462124834212
-113.88411568530229
-25.73797796158376
-173.83954341285337
-9.068725263205941
266.3845797430092
28.726678256947192
2.5383100688533586
-153.90680607621678
190.26917692452596
105.84357489341113
-415.60410651772145
-167.8895544191916
-239.38054052540943
24.966197001011167
-247.30563452945643
-20.000589195137813
103.32151202187019
193.85083699083864
38.983993885957105
-264.33933443588836
44.364840763722945
68.01715715990156
61.707375072757834
64.49364369655284
-156.49804185933888
45.05025278953612
-112.1189626546414
264.001175621137
-36.83227471932935
-92.02229980306139
53.61659139788173
10.491428539191073
-82.30399633102037
332.4107596382898
-56.61402110570318
13.344256961143822
132.56046554460653
55.03223139445493
-58.84757525660544
-84.84036827337923
-27.294519493165016
172.3253617662138
-153.99087326928964
-2.3364213747970948
29.084443868795216
-121.69252258226443
-58.917556843439975
-34.08798701767296
118.15138415353015
131.44887307672295
74.67318696881414
320.7595893500271
-54.61220441116584
-2.248430325213756
85.71109929007547
-75.1048675815554
57.4316038639582
-112.68298864330512
175.34968633403327
-187.07319170821168
85.1242188795617
68.78454556450814
101.57923889136869
49.35171317225538
-59.53853938787379
-32.61161963937859
274.9280501658426
-12.172395045559215
65.32075281171997
272.4878884330815
-225.9924355535521
139.41877647624642
235.28789780618726
147.85178499089022
52.37797055341392
-153.7790516826365
-220.4150629618016
212.51570848814436
174.17664140673807
362.6640763469738
-150.65102265282118
-75.12700841136522
133.5377067450961
-111.54369973030921
84.85111399270455
121.27520083969397
-4.091051682899297
-237.19731446869986
6.956323932232508
175.89663021259244
94.39562253013058
133.77530079124986
-202.6132797735344
-153.22463121659212
204.98814679396332
-87.9927818923862
157.7580079687003
69.49858142363084
81.10361333080418
103.42943470188551
-370.67581526365757
87.72803549076077
-200.7947607830111
256.2664286804172
79.98688007903188
130.7236502121831
-120.68810610881268
25.537904561569494
-190.21617570903464
-233.51854799257896
-246.17586362749148
267.1258130717836
-63.04674775866432
-171.4527596216874
155.2700080984469
-1.7332545699510982
-82.71309752569428
-36.52889556745918
-41.97519410985854
59.02037425106523
99.99079281247214
-50.25548578894662
-56.911575407038065
294.0685190207764
-147.375877788235
-7.106831231472185
90.32407368290261
33.41014264607646
-129.46512797115162
144.75069747938016
-13.398856398820051
-38.538669478078944
-243.40738260600068
177.0177991212884
183.72248174311102
-36.046287717315856
-111.14699519261124
7.588030502801296
16.472471366617704
130.91461617460013
-123.38752882594551
63.36842146976037
-143.0878290611299
203.4017277994479
-213.6674103766034
12.389966952978629
-149.60239885542342
-51.70907747364743
-107.00231873000257
-80.82117402719385
-43.50862145407317
41.61773355657149
11.790798008472999
-12.708943859846574
-236.99054498430354
151.22375125821642
51.85683664081595
-55.19175882933953
125.75543306900636
18.92491366139391
-240.86112907540127
-7.374623211424722
-75.8484134253176
-347.05659877668364
180.83879100855805
-72.2137352436283
103.55156591234221
-155.6085966766883
-190.19961126553326
-26.26998773664411
254.8278753351969
-52.12571993766325
44.13380072343254
95.73575027499088
76.7718710981292
114.50613903550533
-95.89562994665239
-82.11119698200197
-66.78698557791479
-134.87611522960876
-205.22679971531346
-245.32240269712347
-158.22458070260885
159.29983356070684
-66.54635080494766
23.15724128205779
46.85045617867525
-71.07483746163508
-55.69588580707182
-68.2180798002937
46.167782377725494
124.74935396613661
257.31073909050394
-160.3574521290771
15.77643291746189
115.94393987559995
-305.5432530657545
296.6479467401216
143.40711552932666
98.60068968472082
-72.13955169985184
284.13380355983367
-21.37682489611338
232.28524739789748
-5.730052219861237
-31.21706237833841
-65.19580758972769
-82.66373614585554
25.65319275608022
-62.225794322115405
164.609876482746
-95.59153048407147
96.87026352424057
-1.374351033379087
105.16302116863085
54.1141842407549
-125.42525380603539
97.53196377320177
-178.89306235172987
-36.48068237322778
-79.60236175016368
46.955184253592215
-89.20068469736684
-245.8645355000134
86.02822765626225
32.15088366403614
327.9485619538106
56.812149418595155
72.64326344254088
303.45664996859597
151.40565321556267
-163.92117354443957
-148.82580063727787
-92.35406346375166
-119.11094739060593
72.5558218762565
-27.586636525999115
21.288521378636776
-13.52486338840709
258.61802032224654
-286.2850333108238
-35.366252968277976
60.101293967018464
32.12496200892574
-162.69306268282824
-427.31973118054214
-176.30725072339624
15.836717159867662
-10.16837533173285
133.99051333770524
-167.7823908695313
-78.16594067190272
142.03224055994386
22.632299092394494
7.836312975522873
107.39990064436486
82.45130588186511
61.627275809501896
-178.92380608085443
27.91940062089681
247.32623989166242
91.19934483069548
11.548507991463945
-3.9503903025172447
108.63983379988595
-130.7426018587635
48.38171143177479
-311.78052115669357
49.39831492396081
-72.78097428815165
-229.37633783606873
209.53394005610025
-9.296544011654152
-83.4149494462267
-270.83998131887597
-149.9621608461095
-258.8201209968891
229.33119094727485
-165.78833514084198
-90.74303264696672
-130.3041995560877
-282.05881322589374
-17.482317184216996
-107.84215594241216
-257.12795134002647
143.1718377848573
8.925975590746255
-78.35147050163054
42.13776699391614
191.39725064293418
237.02551583406165
-71.62966159302057
-33.67101717321199
86.40753936678112
61.211726079215396
-64.23548553954711
-44.779518872969895
-220.7255355225691
181.23819214604745
224.53176640881296
52.93339030735514
-197.28632381053245
-359.5921931504355
-69.73292332458752
-145.82687098268545
117.13493903076265
42.57994145414867
-275.2960418450423
-129.79079495286092
220.90388248569226
268.4645556830369
140.14940912898044
80.30978616201511
-59.21466178844279
88.91363438952777
-250.88222297740717
-151.65505726594458
75.35863632091784
-49.58761789896902
165.65258029991924
54.12646894574943
22.404472259645708
66.23161276087102
85.04167217844328
-196.00064277645438
189.03064076635826
-36.92585496722767
146.61891428883155
-120.31537150929678
18.173771959751956
-95.92546765215242
29.235612747852485
71.4974105290761
-34.93063611419968
-286.88402741828986
98.21081171383436
-321.52992169183153
6.528603842450437
182.62036638526163
-82.03517750655303
-43.51137904367752
-49.61108844228288
-111.9981282738849
90.68764836558603
71.93209701942327
-34.98271914338867
-10.585239379828737
-235.09995419915816
-28.631378174301787
-22.60456371301605
272.5983367587065
-61.141894330088256
128.38214253205595
102.26641163037688
-185.30380810529593
11.102509779836106
5.775851552568874
85.50332112889556
-152.263999319053
17.38484257768534
16.403040621758898
68.80011336996473
-40.53575471170821
-63.96423207807269
-94.47176856795342
-90.04797315663346
-158.97481837098226
-75.12622672816752
225.05489291714883
-13.43321373920136
236.6212264524837
46.00588282811926
24.727870199523547
-380.09488234768475
-198.09231554611677
-56.91904881879485
-68.27239874795038
-70.07779967670812
68.36207858750669
143.78024341049368
17.050660265765146
-40.40962485289924
-72.07066479833324
13.46643007230318
90.4967702669374
-71.99724174016869
163.6414703471894
-8.761119110069917
-42.02354943161309
59.253061596872094
-34.43790922466243
83.41932628492201
-180.52453624259857
-204.4184679462582
35.96752278413943
186.29407238289693
-52.09402936604553
-28.431953363819634
-168.86316618490764
151.04916259140228
118.29862463319321
-310.9002996778349
82.18741079495966
-43.05995332188496
101.52300703954582
31.890318598557293
-194.53920507596462
5.757840033057319
273.69363163262705
9.597152041028503
95.79210493642745
14.430411931645045
-233.842305180736
-141.81422276443536
-56.37002483846753
116.36739215184495
-63.3129676008625
112.69306623897666
193.76069194059815
101.28466157434265
-86.29749758588406
204.1051007365682
-64.70296619499723
-116.55598106147254
110.01196574399621
109.44196580300162
215.04970180300148
-15.992607025861194
81.29765413970995
144.37387859412829
158.06185568965535
-160.67059202191862
64.83150708840246
-57.0827429582228
87.73078574619409
-139.08856797889553
169.2579075744453
-136.10166038696408
-68.63361373581267
-114.94500132206606
149.5896777501831
-107.84461512903022
157.37236047128764
135.09871373424824
77.81194482129978
154.42774626338613
-16.609515282267704
-61.97717977796865
85.9624439894113
-71.0023102643479
93.49925488312036
-28.10505212028645
109.66566266674272
-1.971138773626985
-160.1287070085062
-94.92352309751031
100.7568183194176
-31.601488126414658
25.430324175557335
472.2611249849076
-169.4863525840408
-68.08231737962224
-55.26781347641371
177.7449542545676
-151.15429467381006
-39.383522678218526
-78.62005067960673
-30.08063530617171
-74.35341860838966
41.07525676770763
-236.38978407680509
-90.42165429364432
-98.2849780127158
51.73582599818032
62.990701474222575
-213.15955576092585
100.4163453123423
207.67153218318848
-44.00749260009303
-32.03413062431771
274.3849638598854
-25.492708746283377
-54.04628458218169
50.89420896434889
13.22645610862286
138.88157999893002
137.95360083994825
-150.6765319184541
81.80533187440459
-25.321998524099442
75.7546687032092
37.07331178538372
176.77336031081623
55.11727386190467
14.505407355604014
-38.96302584502256
-118.55360443609084
96.32095652210717
-317.4508253351531
22.576692348623215
54.11661286191732
-198.20672405733433
-123.85545305177055
-320.7286254983482
-5.651088484185034
125.6991301344249
-104.67043908134873
-142.71963762091707
172.2364261374823
-41.80636443920249
49.74459942024113
70.04401410646024
-74.2565911829556
189.00739743713243
30.113564209322792
-239.7848897410632
-107.12385004339406
-95.54098730298689
-81.46460991068014
179.207520190252
-3.613752640900462
278.09627298577834
-110.75923465805641
-9.885472441375663
142.7199903206653
17.43301576718542
163.5288176485253
-93.10121622496929
-67.30902100952001
-207.12420851028776
66.51623578332533
-57.628707293391194
93.00316768527503
163.5254648116789
71.52641755926393
57.753434396989405
106.16251691472817
5.282746007370177
-297.52033304049814
213.8202878826666
213.11312650813537
-56.42352755277025
122.89063110109255
-134.49486344420495
-102.64870877734603
-100.57892253647806
-62.28758216656265
-1.2894569154330056
93.09649480815192
127.2538223046144
-123.0993586188892
44.51348413453
293.40756362314033
-27.61894898428657
137.4772732615049
-462.23491851190494
-133.38230421096873
276.8842777170895
126.18373752845312
-11.753346712153773
213.18879280402655
-126.23308593443653
55.26233580495508
-294.243760032225
-180.6978140144844
13.766114493567446
171.69571066945056
-133.47698191948328
-126.74493146258547
-76.13838706739315
-0.8873760428795182
-230.84523867646078
-161.60523966094485
189.7910085477916
106.61405200837159
12.447133537178281
37.02402474929601
179.03781919622458
-63.18689370675355
-80.52843041815233
210.9155205530567
98.0277434882945
52.61247705599012
46.01025200873319
-120.82351262355137
-30.389745631476572
-16.731693328001285
-20.59652897162288
78.98070988351843
-153.5131100906655
-192.69865065338084
-146.2936143359299
-96.87336365492098
-274.61115253090003
119.38808625772535
114.4416802900141
-274.56694329640396
20.451867790366137
-53.767806559882324
-34.88992169964001
122.1173266276948
190.83646174194288
135.1288814137995
-293.34143558428184
-73.37892946778858
-393.68214266247907
23.361834912285637
11.466758080448141
-62.72043740746182
40.38361985665445
169.0572618893103
-173.9938897945198
106.94156380413862
111.98702148018094
19.383623620993355
-45.138967434309905
-89.20001821794436
-32.070478198639975
167.24046237940877
-26.235833566840142
-81.82946619756251
151.5389010380692
-79.06557400608791
-232.46311202851126
-113.43700150447133
-107.42827557464828
367.7141816536702
116.71654514736527
-105.03823128265732
-141.2491716986608
-6.8566891853672995
-95.66962948145647
-227.1045278536367
-422.30699830520007
88.74992882658475
159.17229721474487
-61.93664635769744
180.77403912461327
22.63287839015788
97.85742379442058
127.63504120020953
-96.97062197544261
341.5055561152228
41.95335872624109
-24.349910670953687
-11.972425460649697
-26.4418520667934
-160.15050965096867
144.72747462646043
188.6144059391583
28.28728295617595
10.270256932085623
86.88443907903884
36.70866201367211
143.0148437116724
5.822396677605891
-79.38483722816548
-129.049554826101
-10.975009826799305
-11.70811904170596
-19.187757229688767
100.71307960845998
91.16180101639182
-184.72997911615332
171.78133228688986
27.295618628050395
210.30286743908232
147.74161565811082
-59.51228824172107
-91.25539054437252
-134.39884896208798
-61.11820320733698
-128.53437647172277
19.489298618591615
-44.40819010074449
261.91941041643395
-14.645333669588082
180.5334620350696
55.08889528634502
198.91540116786265
-78.17578869358341
-182.53165704850696
31.11254211762216
-32.527722196555594
-275.40432176780917
-3.8266436902696475
281.15721511753077
-8.773144559249578
40.94996399288887
-66.228220863432
10.424432887778122
208.06444352887485
24.395027561652377
-94.49779964346881
200.8930726567862
33.55565279162385
-263.8416073291595
-38.36545722182783
30.393761988147922
-58.69541173379084
62.26858481886873
73.36948369457393
52.896812299990536
-21.232945277355867
-59.11912441504517
244.36908878875948
-121.5823760200929
236.35222177437245
92.91421110900524
199.94035729367886
164.6415436131891
219.00141918944595
-7.027162553700675
-40.5942571732344
-84.36891648702613
32.72385826220105
63.040716973192964
-201.99189632013508
-37.12237048959887
8.327074927636225
-64.59831306603233
-82.66381248873739
30.06949899618126
112.66297692812044
56.13210329490871
13.32915756147683
-41.29777569892953
98.3485173049038
-8.831669946927153
-369.3786631931776
80.78641966625791
-50.87183615105771
105.14533702717722
-40.12992509665844
-21.85912874409989
19.257189301468912
-226.4347417372591
-118.74691382033808
-0.8192621590886469
-236.10876813917662
-334.5260590879778
6.061470965027078
-175.77552470451403
160.53595548573387
-22.0251265483014
105.70021714210517
-170.73972607828657
37.818597251475495
45.22647029505652
-61.976834005133924
-306.66421542510017
-275.3518908482706
-35.47625931028631
-106.07559778378726
-68.34150374934234
-19.201766584633585
-154.97583242577613
66.35187054343824
-31.85712669228129
31.712721852525622
120.80858370941401
-66.79372678557652
133.74765796218273
-172.44298896894665
79.93582343575216
53.97707773683766
127.58098111917208
-98.10597554471897
-239.19811903639203
30.509875994666913
4.960379550809504
124.61736640098012
268.50377721850225
154.47094475090887
83.84296057639223
-257.20023224481446
130.7874711997648
55.42961704470117
-197.44761988855615
30.110851377101778
-165.62375015596726
138.7814887980486
-174.55822867616075
34.97697689795378
-136.4905182495673
434.6827957180406
52.08067448066152
-66.02685255074879
-44.36032217589604
163.81475786893125
89.91243966039818
-14.06657639614081
59.85181030763992
-10.414145627652337
160.58425983999447
58.82318530657976
156.38647203975177
247.13220815452055
58.85314968546977
-222.18834707194372
192.99798842978095
198.5515992125075
-88.9109902864793
79.4635237393592
119.09354718084816
73.67922658298468
66.05359461015365
-50.3504486552982
-84.49026110155624
-153.78200906079883
-116.8389108341019
-283.4286556426869
55.08021944195267
3.334124453090135
150.81016727298123
-208.92279272443773
28.988725158427513
177.5408320946107
29.011130723390593
-161.7194306600719
-141.60542500026446
-103.77437125219394
-228.02339049826682
130.44476173730894
-87.97388470901775
-1.172289681251855
-21.422321028261567
-157.97259718157252
-19.243971566216285
10.715312186648474
-166.21128663250414
-11.023234710407298
39.00186277867273
-11.014783130936241
79.36591286980438
142.81088047103214
-36.687076391885185
-14.570274158530239
-195.2182988551414
21.178117438593553
-114.73135454562326
219.8483798527384
234.493391975499
-269.0442452075397
87.83580698822703
208.59408793603467
138.89909226252865
-28.50025310509364
58.66607448889562
-123.98835642155908
-18.42778757060778
157.52375082686206
-55.65522403456988
82.44243271870906
-52.684866055087724
-231.67699909166618
-10.712087934744075
12.708263739423494
325.97585389519475
31.633607217928212
-87.19634612468268
1.6761421680910413
-291.7593208912004
-20.660150664669686
-160.30723461304606
-170.0761895228357
