-38.05764501813647
53.03038412896246
111.01136875088373
-338.9408827938656
202.06469700429636
-0.5750523353309787
123.7433427058445
17.237576155983174
44.017326857023285
-77.36486346353718
-126.68994319668242
181.65938517576677
-295.55633204034456
-109.31481323443813
19.829695223083263
-266.51890115549816
302.588255009093
103.69094970157455
-92.81074412758576
-150.71600452802352
71.18357036075506
-160.6145144282478
339.0768134755737
109.73194292995886
-206.30786223357399
-35.206288165862325
297.3638311655397
-70.05049345721744
-233.0848123568878
17.24687565879274
-284.23681959564396
143.40914558850005
16.329410611971092
72.0151339626942
166.96217153575506
-59.93265474392802
-45.18304151503404
78.42822663147001
-235.8001137168332
-41.116034558360916
203.06439688124775
65.54526044826346
-205.1940364183285
-43.04927070263602
120.32579038533207
-147.23295843151166
84.01681360062638
92.2387362487794
-59.37713333717306
-135.4563720549494
20.3248480746335
78.61764703923618
114.241124973981
-11.583362274578908
99.11215896002354
-93.22148426904424
24.994097348780954
9.74745177985442
-139.4648168312984
-149.25915817159745
303.599793924089
-17.460478631273755
-132.39711422589778
145.25902833673717
-136.22091400248144
-140.81605473106885
-159.79071410974225
58.47567499983288
-65.00842464810317
-247.13938506896298
15.429878566019607
96.86206392384996
221.48537928984487
-130.25233079518537
177.21653683270972
-163.55214184491874
19.727418774001045
89.40287284203696
-74.86614660191277
225.99459769427597
55.18203644407418
-92.10702576850356
79.00820910186565
-431.5312651272782
-248.60401679340941
285.9727795910209
36.225145603512296
65.36385379807915
68.58989204219723
-28.1546291675501
115.13085166254761
153.79924464337907
-311.21178704286837
-60.06976923465737
-237.12522497680118
-280.044212595548
-3.9633341356846428
-140.81627580890247
-310.11634645152026
-17.121878384432566
-12.6547643051579
6.409245607753612
82.03086655281892
-94.0772410697109
44.69632560940009
61.90587150549106
157.4913234241982
75.55117758017956
-130.8616778454769
-18.936055567408214
231.00046315549605
-218.6695988769164
130.4783831580673
-297.61651341512527
30.672341490439152
-14.13421403968631
-157.3350595366627
63.99429756989802
-49.65597563060497
-34.098022470653945
-2.2220410834945477
-21.410273209658392
315.65536524614896
297.43389914623384
-267.1129762740704
197.31315893317142
29.184628082699938
-191.6579565643001
124.59419632657693
75.78741138940715
-230.1784655246869
-149.80018571736275
-70.93924964488932
-32.82896944706869
117.84504330494094
230.2004893993656
174.6535944089258
-134.44029411879134
-24.27546928966367
245.83146838401936
-40.49937403025934
-126.69392682447507
-53.08750025769822
65.64384547768972
121.59732931202505
-140.5057566012278
85.04045083615671
105.89509029836807
74.66929921090751
31.30181072311237
-69.07735050352731
-163.74920038445137
2.0532930276734764
-84.7306624903001
-77.1502813876771
-151.09541475442703
-76.5744310608493
-177.8173381957347
-35.8092777014992
-264.200505036659
-161.4501600468876
128.51620952501108
-132.67223333135462
-23.192170576257908
317.93504665376577
-180.1908247658544
64.23466226615368
93.61666154978302
-0.8289605170308172
-108.06265602573565
-141.88721921866534
95.54669563383797
-70.62164640179495
-39.5156238371794
-77.41560850895165
-54.113905803768255
-245.27464724561153
-46.083069218744484
142.4555508033714
192.90741003557469
289.2599676478466
-38.982734348939076
-232.09321725113006
207.46401281257442
95.30649680646616
124.49616298269079
-2.0241359479454557
186.69612359724303
-144.30382659772908
13.6175002347232
68.81828469951206
-45.876056401036486
-250.50516596717858
243.31603257613702
149.65469289611312
-138.14172097999514
31.218489511223787
1.7109399371723057
-46.88896109424611
-300.29008978855205
-68.89230787495201
-133.49585454030367
35.005203855860316
-2.873819061745432
18.990589991316924
-16.610275624382567
-324.87567881799737
65.51878882876636
-354.7651451928119
-538.4360090872938
0.11264026692065347
-26.59882486107907
-129.0064580470878
261.1134972215311
210.3678883209038
-65.02242711696431
-21.185193935673265
91.6390896433155
-132.683572683264
8.929438457398442
131.79209899085112
-376.6489011501552
76.60560846158796
1.7074949630138274
125.88693842167437
-131.79036345481404
144.43799248249746
-137.51950376612385
157.75765424864858
-66.48883841295519
-163.2687746875032
-118.04819451638706
-86.7672058029789
-110.21559487756389
78.68623734713448
-155.29929855306534
164.505252679922
418.94008835197906
-81.58347122656717
204.7027748223594
-15.81741112226205
-107.27750753741716
106.14944960214093
43.15043024266837
142.4304897703299
82.29752002143974
-74.9948570534869
33.61674647509884
157.68460316628634
115.97697953824829
171.54495916013735
-113.27380050805701
416.7015766873242
-121.27032152716305
161.86852949579978
69.52442967086864
166.72808492773723
-147.47743259818859
-35.5424435766845
-106.36767796704262
-113.54923733461948
28.446111917126416
-21.239169610540014
-133.4211893101675
129.2058668429884
-202.7720737486547
196.31172776558202
7.780698616109521
-205.47234849023516
-120.58200090694478
-47.16724404626697
-109.17191430390821
-56.080463780608355
-242.86369054323544
65.9651320219621
-15.727600055411054
79.15923270169192
-35.60960628594258
58.55521444083884
14.31036208877937
-168.52240557859835
289.5859242963025
-40.838494780256184
172.02848968965543
102.70972712892336
95.71563881555228
-151.08515835397898
296.4820940006083
-375.23950132472316
-149.17171015907198
-10.695791547791854
239.99830430587951
-76.23301574410517
244.74506345728156
173.03889101425642
146.4257318434921
-119.01789992385434
427.5406312864846
-37.580219988181746
138.5270450373873
90.74360910150983
-102.0611568709661
-18.027651814670318
61.09816898427762
21.503660064652866
56.86491538675394
308.3661373484668
122.86908408256507
142.98381080565503
155.47172187848813
172.13913452964985
180.24368712316337
70.85342759935726
341.4955778961511
53.22338374626061
-159.98937469433767
-120.72348020168275
5.340802613300127
56.029751107325104
-36.316773910384086
56.2419180907442
-36.806336457096414
121.27233381313782
-87.64147893901034
63.061952771488606
25.23154397605958
-188.28713529747088
-65.08392008436935
-16.802929316124136
199.47479100369023
-149.67856350987003
85.75956157275924
-198.2804174072404
183.8172729314629
131.27922149139877
6.92939257735875
6.47604132322842
177.11898909845368
24.28116241173057
47.58911216484889
-79.23106582091175
-25.36393550271905
8.121745585092762
270.8992505100787
134.08154711164025
-161.37748353799483
-50.86612575556315
-139.8985902147515
-27.58009830852683
-74.51366054135678
37.572250584084095
339.3146559576293
67.95874724835264
-38.208561639955576
-119.2356857254078
159.74028218539996
-138.01596230438184
36.0702019014904
-173.2329593172462
-125.13397374075844
-48.36091410703771
168.03784822453818
23.841869715319866
-23.317197417047723
14.907787332397865
-247.84737474973505
35.335213085807354
118.78172539900686
162.6514883721726
-60.428439691492834
93.07465155873405
-132.15564456730561
100.29764377761754
-57.00483256936892
169.51747395281578
94.28320495128055
49.039985186656764
-81.51790952035394
-57.05593587931672
137.54606581498592
143.72365070393033
-168.88408843239742
74.10528418311395
-203.43066107450795
112.46280411142428
28.950805076872975
-93.7020242523042
-122.36994045336536
-248.98458025738958
21.40666519294668
190.81784604436038
146.32287427004152
-43.72344192154324
124.37249716677869
106.38804281815904
201.44328949247233
210.6631900197789
-70.2427134517338
44.65885028233172
29.415942576886838
223.9792803114133
-33.344563601840754
98.53328300103065
66.41721804323501
-165.72996552325503
-117.05934877928081
-35.508216026400724
-66.95380821881334
83.82120758619354
73.25813957504107
129.81378549388504
-232.47377785664708
149.50364268441874
-202.82455940823746
96.0591321448691
89.93002152650384
-135.91453038071054
-66.02302961466062
85.42226425374874
33.690918324019094
-46.43040190671602
95.03044494718122
43.52931992380313
422.15854335008777
116.18409810294884
-105.77732918014239
-78.16257819651969
37.8552034006511
-237.18902976450786
-384.65428629514093
50.92990863682171
-125.24170529054435
301.6230432875702
179.60052067574605
-208.79967422653866
153.53396995886715
37.234917659036284
-182.3829514096501
-67.6361224060244
-86.47922419559481
32.25185070508817
15.006251487215035
119.5758118868626
-121.6243151428967
-164.98364413705397
-106.09620535161106
100.11759552832812
-34.390884389512564
112.72043568432632
-77.16943046146186
-122.57863685081527
52.58977817475939
-30.384311851637285
51.546824017706385
315.5899096046861
-242.01664921225807
-186.26403074859257
211.3335309300379
-135.3269395063835
205.34836585445353
87.52623930272506
-197.52011634529038
86.64605494226936
215.8542773687677
45.97348664762632
281.5455324295973
-122.77165257554327
5.0948049255767325
-136.8942939799212
34.09613925272522
-224.92345714354846
229.44182984070224
-29.392557058947183
-74.95169341896423
18.806147446514395
-269.34864083278194
232.1323128012402
-228.8493234611762
267.8813307416868
161.26980525476674
-202.2722054042508
-15.280273332791156
168.13301156291087
-15.141092243676407
117.13956049179299
-219.71750301809536
-9.82413066135883
-110.92257397739809
123.75526927514507
-109.54335202878538
-9.211721355317474
-59.870207340686484
-63.47702517101004
-307.22167847660046
-263.93077768237083
44.81821552761445
-23.587961400124886
233.19859465541023
294.9596792635532
-330.0288641064255
-227.74309757479472
-83.18324792471573
-84.92538517627827
203.4181385554102
-2.3983132791466053
-246.7402582127079
73.1717224979371
-87.37451006085416
-25.06834303034474
243.66347697757377
-132.60134706849956
-55.13580066375855
10.029941179854566
-253.3270993345679
-133.61353612997104
-54.886599837499496
139.21877081374467
62.389431590635105
31.814393099369937
-78.35064612390384
178.12323376750015
-74.30652032383519
46.061769884545356
128.85659793054216
192.19675287026777
204.3486046713254
236.0123699102624
267.5359175428199
3.727408537245613
258.65072462763607
-15.73202292294427
-7.410706206706136
-70.09416833688229
61.78929631120767
-31.351461326525527
-275.95432498925265
227.11170339381727
-18.95613932514647
52.75249615436939
134.17039801106347
-94.9967216171641
-7.35963661031425
-131.45027878691874
353.5547696483189
-277.2624658322213
292.4510493260134
71.86362430333931
72.18344731822428
173.65396162620254
-21.065272972963964
224.525441640095
-12.255703923690328
308.1223953892511
-19.44246244990677
51.39746993711724
-105.05765918515482
373.9116193902773
-47.67143809260951
54.32456682335392
-345.8924034755614
149.66392768248022
-64.50535526808069
-109.59720472142551
5.235714553827945
-81.00458839227194
-80.55514864698915
361.3612826092325
122.97299328892558
36.441829507057186
-119.54878992349379
30.202016125944255
37.841615020900456
-31.689231909830724
-186.1731543633335
-178.9984350304505
94.80010953830858
9.787326071490922
-116.73597241177222
-63.88710109953753
109.37867897678733
36.943534984084195
56.69593703545104
-119.50939533543112
338.0685300851868
-123.54749513889021
-142.06481121630986
31.553411479082538
38.86711499325631
-11.625099124287374
-260.5364393131063
-158.54726266898112
167.35714577469125
-205.3962768660915
-244.52115107787026
-128.42813284213295
-78.5383962061548
59.19676400334232
-8.569645623791054
29.51679920199057
-150.47031419243845
-138.1049768933505
99.74625715131342
99.52446407532402
115.70164813876606
-92.1799605907623
-48.0147706433632
-118.14222214488557
59.84458736768096
142.50803213815868
78.68005472007647
123.18875268120482
34.57444220408124
-125.12325142974085
-325.60005796090695
-94.72027198167258
-115.071567918118
-45.3882616929148
-73.00869341718185
262.65439299218815
-74.31118986129833
384.18546856221025
151.31659912642925
-162.5662482977708
23.081497263693386
8.382753599190975
-79.85344747325632
-4.364909480751788
71.06418384336193
184.49317018528302
-133.5455200415179
60.131667764753004
25.795060470677505
-105.94542740967024
57.980103074311074
17.264709661802634
-96.72995244955754
-67.80016775697644
-20.651924761212612
84.80626064396435
260.0888228292526
-186.18520337358007
166.78552165175233
97.11799688413821
205.35845055171384
29.177894046028882
-95.98514709712072
57.70706322886792
57.5874875278557
-1.7318069998376306
-228.9734280386414
-298.3296923237282
14.78979156352563
-57.7707560772446
-109.25276361252244
145.98924759983169
-259.1697967060147
-28.970448752532526
202.19803860690132
-180.2467250225798
43.56861769617589
79.02717913620845
40.5474502878959
-141.59751228300675
130.92794224833116
-9.551754770006022
178.40169247982888
171.29197651073767
-155.17601748171205
-181.10536328833567
13.932360256934896
-266.8631337717664
-77.203026346374
-104.03890562005078
-9.104801132718377
-365.06850996271305
181.24546895687897
142.22143873911477
-16.996787622791345
-249.68517106776739
-130.30814866710872
63.72146530969411
45.19761583151632
-0.9447019811378334
53.621630099496706
251.74298331672705
35.104341795349384
184.7357253543709
266.1469836244856
116.94133541796636
203.621483584454
-61.34889693920029
219.9542361674227
31.983838092897074
-10.387268523223911
-23.298011078954936
-164.38538817697497
205.6215914262367
153.59780921908836
-27.92066570186208
-278.01620051987345
-202.49430639054546
27.616258234362924
51.433795196051946
-319.9576961048847
35.52686275796665
-150.4567828622095
48.88037808050096
-87.90146709251825
-30.73857194246273
-152.28807140325387
-51.58592068525312
-178.57146713494865
59.811797773458274
199.79335577902
-234.8206311813603
300.8201815253757
-138.08897572279847
-122.49994792747296
-296.57497646416
-40.391605614104996
373.82923192438955
-246.691058377116
8.352610851717422
189.04337949996602
-36.70579279791771
-209.78048061379602
53.81529748825651
209.31424450461392
-211.0925480098089
-168.34071091553457
-168.82653461375065
-31.153728616176892
-67.99732480324847
61.77921018361105
36.83704318841098
251.5969950888889
119.27502423405463
-49.418594172573194
-156.0491042005426
-113.35379209996903
-6.482184476683968
84.62375221515835
166.2897495115606
274.3431548403511
157.90472207290065
160.69447439526155
33.30527162660348
-224.6218429416638
24.581960663703665
-25.47476719652048
171.64302508770828
65.33805511019551
-304.6098753040778
-114.00076741982973
-138.77963265029203
54.07246106297242
-185.67309871334066
80.08998283830945
-1.911776023105696
-61.325976201570796
140.31305052856487
-157.98440545184644
37.58080799696456
145.50925338189901
3.3431372272909794
-132.30845315359855
107.77185730697761
237.09028457959712
84.81504260125281
-173.79755667892553
75.92875362778821
-4.076341109765422
-34.44470901835891
217.19588879793835
9.648878346392143
-84.54887674271484
61.38643198766332
-209.40307189493467
28.333133858681713
115.26185955714473
-47.37845745965283
-59.76991699645154
79.59610469734824
70.2001678651247
-14.192478826705194
30.207787446356846
-105.60067207891171
-84.93328006918458
-81.92710679901944
-88.28044723463914
134.79271014695283
94.21963326576258
-172.39130064142142
104.54569661805238
229.06615746231634
88.83865504162216
-17.084102665152997
-159.44000350256388
-14.627343451456932
105.29459988337705
134.7224062318493
86.85156186933666
71.68869578943776
231.42678745559516
222.64087554147625
-54.562106272240925
175.94857434760408
-36.63166205295957
42.14692730906865
-209.54377343677461
-209.91395952248604
-122.4295959011504
-78.94070604816434
-13.349524846789722
147.31277258276617
153.7012861430403
-123.38211371633457
-111.04114768995889
41.984033139819715
-22.340320912459887
71.31638718358553
-241.60716229805703
-15.634844140137096
-239.62107206991382
13.687067376014026
-90.95389984631154
-261.6273096872554
-10.042289858335215
40.25304659346602
283.26923850381905
-24.165966981102123
3.8679203465383605
216.46322717092104
-60.55522966879353
97.33530823317295
-79.12706725588727
158.81642385217637
59.13964390330983
74.29019312893983
144.67235975441233
-20.99622642057078
-27.83767242534881
77.99043345260017
81.03822610577042
20.86062925352298
-187.78886416137524
217.73626460768102
-196.16721521920093
4.45473036760359
-67.53715494574665
147.93873122232617
-207.62753895878984
41.65713796896027
92.51013137338805
-4.473547369288385
21.023952511493118
38.69948252313521
273.6668559624334
-22.469316908273754
158.88601718467763
129.89069635031294
-62.62308372864079
237.78339100890997
16.560377852205203
-172.72359139853307
-220.42611819680945
103.14058695266932
122.39539331584713
11.363810931929319
200.9315510056879
-103.30325798522988
33.65196876293169
-200.1166440526924
-131.27464908726202
212.34877248317912
-36.160424909923535
297.9323965179834
-168.00284316008594
29.355014035877982
18.82346853049335
156.95210484991617
-63.515433004624754
-171.79371076447518
-126.75315288619903
-59.40819234367712
252.26218262218302
-94.3395884097521
354.7646792237198
130.04222489914775
-260.23434011566405
237.3503226634434
-124.97692879953743
-162.0862734854993
246.8147072433223
-160.50800227293894
-163.05070545783323
128.1129878829206
-71.70452396425203
111.30964777963206
-115.79449622808974
177.58091947385736
-92.23580861154349
111.49661622848885
-318.54101372049263
-261.7841312849697
-153.18747957098446
-77.83567247153397
336.5904832706301
-3.0015571524955202
200.320855574747
85.5240646712268
-325.6995645305456
103.78613481330801
134.29190209755038
-192.0918090970023
166.83697184329915
28.255383047718148
-172.53636973359121
-2.479861028570495
-14.412716704925499
204.7972493367909
-234.6353224802868
-201.99384087791407
83.01963876703847
-71.95403786817573
-134.08844429860423
-296.80705469014396
-58.86355907656618
75.95687501899522
52.75466178761901
117.03709518566306
42.80071103401689
149.3741771830077
-23.84335185647482
176.75906947244172
-17.373356287895454
-12.20324401696451
-57.01249254909559
-0.7440571576697073
-290.81695309770004
17.72116291885801
92.54918040139546
24.261722099698126
20.675806891374936
238.78830022776935
-26.92858443063177
-53.35577354647375
46.28575404449727
252.21256437715064
51.16640870896751
-142.71257658490643
232.9282093346283
-39.85554772377266
-42.20260632982035
-28.1407930066206
-31.891787247235147
119.70622386561816
-1.6110221218411482
35.78184815989212
-109.57142365526293
-88.65312234952006
-90.33131754356805
62.01811339193612
7.605666000043271
-140.8959194680623
11.799397285310112
-21.787141491468187
140.61375715480955
-55.96533652575425
-8.677746473513723
-141.19438146457634
-197.43085740639728
21.95334091425399
-199.24092683644906
-44.51197263059519
54.99685683857543
-155.03265939322884
-73.5718647776667
-105.45275895250977
-483.55675258143145
-126.93212978804371
82.14111748722195
-82.31049296537168
-233.45233578425908
126.1450601310841
-91.72237901210781
-281.47041082750064
187.20286621444802
-167.900695866955
152.4111778722302
-68.50375961464934
102.22527273705165
397.2458447008111
16.26352560558201
-190.52586769299617
-101.47491490510473
-164.64826451619314
-104.17856131916582
7.076701374698228
57.631692715683386
