-57.02052348711741
-12.968358233241785
68.77348995959453
19.028682406511052
-82.43071630023753
-19.403973274398716
-31.31777458869496
-75.14087171127785
-55.09500375940067
-30.442116400223956
-17.420082269280048
-29.77634740895842
-55.76954792913962
38.7281280455467
-61.08421798756454
-17.698745458033464
32.96782820260656
-11.0880759105702
-65.7119635923162
-85.99606418612329
-17.35366808383962
-11.056539312527747
-29.064363332594585
-23.11729076825843
-117.2599760983088
-72.63913095730048
-35.343420841708586
-111.65555019444436
133.45732086282047
51.23619506288495
-42.01464452591969
39.458836482216206
52.33521480086545
-11.51239935203069
32.77844883256589
-29.241539534669002
2.025748358921285
-4.761593247049453
57.84018078498423
39.04477945304051
-123.69638704490701
-120.36478569964918
42.77812811264043
24.16540999043319
-101.96083439529302
-115.1038870156865
-127.53796046942888
-113.67544790742133
-95.73119699728817
73.47898919880737
-127.28815664777744
-102.15119650725595
-132.4679452220217
61.89868836110083
-13.039246354994262
24.505715240302962
-5.9418955825820525
-100.119011825986
-88.3916293975782
-31.602989738056905
3.9878133596040644
73.81160964194191
42.64496283981491
-39.26637581720579
55.75312140644027
24.453579302896276
36.634922767056985
-19.758838781229034
-93.7699441402949
-68.50328332591883
-24.686355305581138
7.106278214295852
-30.053761386542355
51.65216425662354
114.0761243869655
21.059462127724803
21.625845281870838
66.70577742696544
10.107786065798896
41.32626399131924
-66.79592233973405
52.35181985473098
121.5477270828475
-34.921960815740356
-54.27376248241546
103.05031955857642
114.3642905588253
-23.905775746063792
-30.643121428486804
19.62662324143264
38.42414078595429
-49.75429299581372
-43.174698512978345
-18.129756566965018
62.68610750795622
32.10920134361158
81.7537976383768
5.503427341281813
80.6018000626202
155.2350247697707
16.82463543487376
41.89335786056343
41.65834111709708
4.2379863597317025
10.659435118145648
-7.739255078362959
67.67243815004194
-1.3330982882381246
36.836301973883934
36.47237219141378
85.58182538278439
16.211027324609386
-40.29187319981119
68.29619771445795
-19.432290211968198
56.75057534687963
100.22571751721664
50.276967022996665
-49.8927163866742
44.680829018816496
27.486604136231037
84.84835543218031
28.53768270229782
22.687735414985536
-8.10977557836615
-45.713700754320584
42.42412756692876
5.253253480592959
49.49971313459074
61.99330924911047
23.618528966823572
-18.99210283022785
5.9347685285263765
88.09541914134117
-0.00569492978693209
29.397283572857745
-8.305898940196546
-1.353303955633419
31.153103729828555
-7.005880867836563
-51.1847711203034
17.317371616098846
118.47723209081911
48.868849778756854
-38.92832646038531
-45.1935571779583
87.02368936721427
43.666770246296494
24.49367125861612
-101.28312426775186
-7.6934718270973725
-64.98094182217744
15.681642694632869
-59.505415420381084
110.85903247368992
16.331593113709204
-40.67289652832171
-21.65240087498545
-22.5563744380681
2.437440074465754
-35.013719975714245
21.96807649477591
90.8908238351518
-29.49428214256706
15.02604698860646
34.24597614845421
-65.36082085468969
35.955081056853146
117.43910555831788
16.436507105517286
-33.78090542275015
-21.874968954095703
41.17753615988433
-34.52276387557342
-14.816513743719216
3.458671807323683
-115.64762691176436
47.74908501463146
41.19403332028223
-53.280465822555556
-9.593540823626602
-141.8170599624958
-122.09877478078927
28.699770035884647
28.566713019605157
9.086108081996468
-47.73825733781242
9.966112650953658
-16.146242662740107
47.838961415732456
42.562989262928006
68.69055157733517
-113.71045207013212
-14.6985071588977
46.90610084290087
53.00487311780327
96.76688397557123
-4.322312564178403
-16.584731595163543
96.33412067062385
39.58986110538387
1.2060976108909682
107.56018927886647
-36.13001899569302
78.3803385463371
-2.578777647707423
46.46797822572501
21.541424866301888
3.333222765886203
34.846855518734756
34.775882105855416
-85.06030781532306
-53.46591424122206
-77.97614987533935
-34.64531614890628
-27.694556279511474
-72.25815739239017
-35.36335290429619
116.04962472524493
9.119651142318144
-34.5211003306733
-91.69583449849706
-3.332063873491962
-35.053632467054186
21.418217300857503
40.55300192488023
85.07373078941751
-40.08971000118963
-52.31215731670175
22.234488286960055
-27.983763705676594
-3.4206082238213877
3.0349017055193452
-16.811539929127942
-60.948777889017485
51.912707139510616
8.34231419325896
-49.04608593224423
-130.77869064676315
50.411539759152284
-25.25215995749583
-56.15550013880298
19.637460147150964
8.025923254917812
45.56993688344336
-11.054262954446848
-28.65978325767378
72.03092666334861
-22.33974042304361
-70.64522094134503
-27.16360228012941
-33.44610403518945
-71.10079420578474
-77.86009183026084
-34.46027959553314
-9.53677458737472
-103.16669036112674
-59.89843869048776
-60.05949984994565
28.667676775769095
-59.81215336230465
-21.99181932681037
77.85121724906516
91.43699245429565
28.279832818763417
-97.88309467812624
-97.18869756151511
-59.9426266306089
59.812650902865514
72.36068726270858
103.91341595508693
-8.154158487163048
-33.00301019102838
-113.53096386089527
18.4737304408092
1.218843629135701
5.422958498510158
44.84984196524046
-48.64758249294459
-5.373880803656518
95.2476183969953
32.846723119966704
101.53670624841317
81.26180357795063
-76.22493070270602
-19.47738385230543
17.728124732772063
-75.30910792225828
-31.761038993842384
-81.36308654171911
-106.20078023876827
-66.02900468242545
-22.818685766880144
-47.12635017163163
-53.67829511382364
77.76042008575291
-104.99243711338254
26.62746958894889
-24.043533997266714
-49.64442313886182
-5.935256063973871
-60.91550438973655
26.885588501935963
20.36409433598622
-24.312956995267363
-31.25258379728147
4.845355988197119
67.74669067385986
-20.61997989819077
-14.040911815550745
-25.896579212663497
-52.09088695454149
-52.512995465583856
-53.10008155596592
153.42987007699304
-72.50223793232773
27.75709919083666
90.70610281053891
-134.9210122798676
66.5164986318333
60.91261520784837
-2.6316598288155615
-123.1401003828189
-86.03132597518298
-10.539349333827577
39.634161404239514
-36.00581398003884
-23.002287199832843
7.737809675693379
-5.025273830711807
57.747516351551916
108.79554815636442
-43.34438640161297
-44.80384794972655
42.03077119968242
123.5903574588373
110.65691784458679
-9.461492650015428
14.619419651622147
-28.70490370140538
-16.248471925933888
-29.5730161029258
-16.994396071881607
33.1078568121002
7.782563352582463
-105.5514336861931
-16.861892402540096
97.2637205190295
58.708114960948805
2.353177560943875
-67.08313419502251
1.8142264190008948
-47.899213509091496
-29.551853734097584
45.53867141708191
33.437188110218344
73.80322571892506
4.597015293084855
29.85452031502141
48.36862627405296
116.74770988213707
72.4172810253447
116.74410387647457
92.08236174596811
-52.919413297101485
-24.840250072464208
-70.30839199170624
48.68001367773369
-26.24922225347193
80.51144835413209
-8.351876639319729
-26.927928687583268
-114.86173983400562
-26.592184465607062
11.058683615988178
-45.90789960526497
40.07248015293069
52.43448401652902
15.824483625467812
16.31794225411207
-20.73592875619415
73.72069649485177
61.77396509225633
37.01313676597773
-20.253198394508203
51.01534186632755
-48.86495981482856
13.791676314071406
-68.34178261921976
14.695384571057863
-39.51000860384843
-34.91909987406918
-45.830346950998674
-38.913840651132354
-26.028332200646993
88.21085226547139
-32.73808674742029
-13.19795256547453
104.9956134900736
-14.238053608810917
-51.655728484573025
-33.42645027453959
-52.65660346238154
10.462091365809522
10.719162627546009
54.97880021455281
-127.35667030915346
48.97571919249911
-76.90600874837693
17.061016405189438
-40.0274292368408
-70.63757340469253
-70.2456057858254
-7.47255857239578
-45.218722892024566
-108.39227834059984
29.443408613348513
-46.314121692054165
22.45208606390075
-21.088685803454776
-23.203457833735683
121.47989283488351
19.918646935846937
-92.93227119123803
-36.73989175396342
51.880345804412244
133.07075831437476
58.33386294977369
20.0372368185941
-23.92282685869877
-55.98790296838575
-106.80283629006499
13.285122844928207
-87.56802914857593
17.913642823202256
24.3277412112241
48.817480667251026
17.88948270383995
-1.170400772493024
118.22307126398479
-20.419834566960354
-1.285620384590017
124.20275992630388
93.19858864787062
36.66746817001913
81.75971582777014
-38.36712327615986
-7.827865661233549
28.777817635423997
-26.75349288118636
-20.281023416745676
129.72333053749114
-7.695542817731487
60.66110665146247
-8.764592932102506
71.92664042664371
-155.09341167698224
52.510343596855215
-4.529372016608343
-60.330461691542496
83.43688013210016
33.51834324684543
40.048397728596726
14.456958318907617
7.431690435929868
16.882302949490963
-83.28752254246716
35.84926295988235
48.198985123615735
-33.18392059462238
22.85031654286842
43.034377332838815
130.96150009001
42.701606829543366
-12.79062763445889
-50.851718696249016
-48.999875626436975
43.83780649786202
0.16517929567359696
-36.925355461098164
-43.50472936424067
-61.80268555897063
-36.04309082549925
32.39369642788952
13.371960459954499
120.01432533910587
0.5746407297979539
51.40948421872717
-85.56845310972899
3.638365168897154
-7.989913090755789
-4.633712222972077
-15.832674432723994
-84.37995808764511
-53.2847701247237
-22.48168279674274
2.357588593797443
-10.27234463563707
-79.62291808705055
-11.30623830535709
-105.177586972771
-48.86277259211743
-17.349719629270965
-29.273440639564633
-35.139130115436004
13.683082342419333
-17.90785871056886
98.88978782487904
-20.160993008068058
-131.08338425119885
-62.37380607146386
-50.14751973334249
-19.494393562479424
17.72046188703274
-69.6057252951054
62.063205097776645
-35.95104532328243
76.43910683507386
82.09681387693523
94.7116133687322
-6.092639674800873
-5.37655889583958
-30.33979602029093
-30.430355009243545
38.511591082357555
38.71199545841144
-68.57568127365265
63.75309165562523
-49.822996802204266
1.0507405359644442
-61.94254119020775
13.773337590049453
6.874914758038657
-87.77705359044992
26.2144521472321
87.7994062112146
-62.8784663941477
5.567056720478264
62.77881600818535
81.95021724271595
62.77760581633315
87.70500867264896
12.604305947427209
-18.82456765879397
56.005127249229496
93.8199543347662
6.326707427061782
-11.807880941726834
37.891903643295024
32.08086604835124
-0.40138020938103763
18.215640317950196
60.900798751131255
140.56766932777703
59.06445449650834
-53.52428930147419
-2.6099833342745598
-90.89222671684813
-40.5340150813879
61.53668668719935
-32.28094200738848
42.585300180854176
4.269259198113876
10.94864522303568
-18.920919459660965
11.744839093147048
30.72591077212125
-12.956724425809433
-145.43470535499046
-63.7613548814522
-57.75629226779251
-12.838560714660158
-75.11568751979844
-10.91060503007302
-36.30604122875202
-23.15000533681137
-5.122066994074565
-17.700289769519884
31.929182688690076
6.181656615381188
44.11934642495722
-63.45075141474465
74.85867402528663
-100.88275077225062
-50.03870582959054
-100.16142698342686
-24.456483859289893
-5.194270884324247
-129.62869775498598
2.8599576306321355
51.98286290070216
-4.650649798734175
-67.33204976392392
14.06972620814108
14.75235988689627
-29.34354176696511
-116.86659900635404
27.362099604302376
-85.54372104836023
-66.48732160692629
-21.70116692025675
16.133053196830907
-65.45619385012175
-3.3309228707867526
40.00086891906183
-85.78147401239575
-21.98232714576148
40.67180565750692
116.65593140413355
46.8435495768565
27.927837401037614
2.323032810436736
66.80287643145022
-14.574335268859452
41.62592379171042
15.998570678287024
-73.24350429869891
90.43379812096528
15.267554773098015
-71.23365979833805
9.94322067303526
9.627983162948944
-46.843545320691945
141.8997315609422
84.54810476909397
-22.050600573982774
110.59412618844104
165.83583198732424
58.40870717966424
19.95634242868967
-24.913569215258747
94.06024432792034
56.06366968668566
30.944528341795216
-25.78078913356576
125.31496049578014
68.44213006234294
-0.8211603439090255
6.414491506033922
-26.001241436896475
-40.53404698194733
22.227477675987565
78.64652497454689
59.66320574549087
-35.10838251889292
-47.381694957739725
-53.589994913406294
-46.72937651454185
3.4274248139967334
-3.5394436460802754
-3.6211287298466264
-4.0262610322839
166.57877440576473
71.14544248525772
96.4444428956588
146.66639858512943
33.317862245468106
39.496407930318426
77.30267421302973
-11.282249911774926
64.10060946811996
-49.254552720051414
-79.8169031764875
-117.55407829969808
-4.641064682265005
-29.939664112756237
6.488151088637007
-68.59781645393417
-131.56519368250017
63.314478220674815
-51.013542321654214
-72.23303360319362
21.941801328984827
-43.38117776364772
-100.80535744309975
49.900221605482365
-12.901115235900608
-0.8721809902923616
-25.263149996934906
38.20633133924952
-31.17563049448709
30.23861833829487
31.312738087965542
13.107957469705404
-11.786852401305651
32.64933433607585
-60.17161059112592
27.185251710314255
51.01224486173661
-42.567371562442645
38.950098954903396
-9.825573392807252
8.695649174028727
4.435650644267221
-7.703651657353354
106.35531534734491
16.866135128106905
86.38303567406001
-39.74931961886277
-39.20939011945713
-33.143920732093974
-7.448937573259593
47.785316557944014
-71.53292115031012
17.330522291697786
-0.30287694742999777
37.06833837678301
0.948445124662679
57.747600493417956
39.976899066166816
-22.704966397997918
-23.08176816197863
-22.474471084879855
91.41030674557342
-21.66910016504179
41.755234469832516
-115.30725599378566
-127.74853835954804
-90.40139964166374
-47.29365679111094
-154.30516831513145
29.71631695949493
9.861846057300065
40.584625527661316
-28.968917634834
79.09588335671607
-91.49530604255743
78.17774344398889
-3.6517352946571466
53.10261742606099
54.27628007475068
-2.338754214785234
-66.07236231367075
-8.538899029198932
42.09134949099843
-34.00938067263229
-33.75755893377169
-21.42545475376067
78.50884053899225
53.782011230338256
97.59903601650363
9.130543151788181
-35.680529458543724
-41.17491813375155
-66.34258525527768
-15.743168113098754
59.063735531851364
90.14956968754943
-30.46722998988989
-29.948998240474832
38.88492269412991
1.3708318951802618
-4.820434151598788
114.7614898025932
31.9192707669711
-32.84903770832338
-7.0984413381692635
67.53951314838135
36.39144043668849
62.10715562843601
-51.865467154420394
60.979163545979624
149.32175134554737
130.9374481076356
55.25129658771348
-13.461796694291413
-17.124047903003
83.24521373739906
-60.71438128693448
1.82706211232615
-105.10552752211984
58.94599590930408
51.360439688280906
157.02005261088607
6.542328120757797
-49.54868841990062
-0.39243161722055675
-25.99622323743045
-138.49911829452233
-13.34591942748434
75.54122923530666
75.26055499844112
-57.39132477311408
-7.618252036376612
55.217642224271245
-69.33070210914175
11.515528681509522
-32.90286583037768
23.286427608986795
-8.163908806930083
-134.1891338297863
110.38608156700195
47.10562619809063
97.30883625326535
-39.85638673647419
10.654120269332164
10.790512105276255
-14.294284562083323
99.37859673560101
55.78142569915946
35.56165794883558
-121.40830761610698
73.25490364025235
-2.045977782775865
-22.66196801692591
65.81634092453287
53.177736531843
8.99025892496137
40.55383739698697
52.855363602507644
-47.184592987757874
53.5554951356709
72.28889455419603
-89.9750038297298
55.18110668239579
35.20786242996714
42.449640897281306
66.99370272126097
47.85929658059465
29.050374836034027
74.51699071161411
130.74469101316916
-58.95731919569273
-8.548484980640449
-84.33881839124707
-52.93564301267284
-22.6004702649955
59.000614978962226
-43.057135274984724
13.365629847080431
-54.13260392413638
15.277895765478261
-42.23841807829979
-41.58346498898189
26.658610916887366
-66.44113056635416
-41.90494973910939
-79.58818147041733
-48.94736305532262
-17.738877435235327
57.81040101769142
-17.538397757803814
-29.42969591623218
-78.69808126184743
41.45426236722529
-96.95724468899961
34.70364167622297
-15.322416270446336
16.40855148564328
67.14146040320426
143.02336842272035
-31.289672871984752
25.56371684564123
-44.24488087160931
-51.836400519946366
-113.78013687553621
25.023401528788476
-6.16933059031026
13.253701665664604
-68.02031336528923
18.678117936322316
56.827663305929974
13.504571855478602
-44.03696639660954
-31.92928586764576
-52.09776963253875
-2.380472218542955
104.56037987967841
-47.06630689365424
-15.379375101321562
161.0809290343907
72.85089009171094
-14.873963591951794
2.844292740605631
-41.462241697519204
-28.0656588304942
-28.005848409696686
-9.447095169429579
-22.329245511893276
-34.811833694730275
-122.35991878187336
-85.30428798598619
-35.39822889206721
53.63624750519019
48.022475319011406
-52.40374674258604
-1.5331707630576632
42.88903666375087
-32.680856823588165
-32.8720846120329
5.401902661785107
-39.271134907601876
48.00765264912263
-47.28981234537632
46.496076234727695
20.93155636449482
20.634474912852397
-18.104625423500295
-6.266096330079995
30.966868926900784
-76.54811093016592
4.7846128178176155
-57.34661522181091
22.458514934766725
-103.77961046413583
-40.974798738760185
59.75487781064584
47.42347099278942
-34.7123124866052
-3.468355135757231
-9.489154767733668
4.48162817440197
-45.9802664556051
-52.425334532645955
-27.002335488521386
-13.943445292720037
105.13376845508326
-114.72202324789977
-0.8601396575382805
73.9926542264899
-21.416350352378547
-27.926535449541902
-108.77992341801199
-82.90033185100346
-127.73199762977369
-7.790262594601503
17.857214838848595
-20.76058271353948
-77.36989419988753
72.89732654424658
71.93273209816573
-16.07902078182518
-122.69583980216112
-147.86436847512553
22.09577125708539
3.022733867772471
15.159698329282664
-29.115318925932932
-92.46266842550567
-92.49273301829137
171.22460319377933
-29.645041977531005
34.31361665152535
-22.711051879322557
-59.921124543039596
-78.21215042647431
10.861242634513832
-101.77729444463506
-119.405426836462
-106.96636804492347
-56.26268270047841
-25.356231542716618
-24.27993550089408
-100.16960993159286
43.58236527019075
111.87046046453072
4.231022796419184
-13.196020037141373
-24.685819636673294
-18.342207938070175
113.06544809892877
25.84586935816232
-67.64660452839934
-30.17862500441008
-86.92013220510819
-86.9380788707784
56.98540239365118
31.845887935775142
25.79577459628846
0.6597052689983625
-23.054196079817114
-54.91442052089886
-74.63751651136042
-86.96177681645098
-10.284217929642114
-47.92166105189267
34.04716963165389
-33.744452888365274
35.72675515496958
67.25655174810211
-52.185610460661124
-51.95596210342104
23.31777516933385
23.897355291239858
-7.0369163224978415
18.257387945341385
94.22979728977053
-88.81104724303523
43.213696073689206
-93.63786259023303
-43.87847329263775
18.149932042554234
124.24999268701691
104.33634701326623
-28.125193469623625
48.30731434187766
30.36657934717894
24.57022113489856
-56.861839441808065
-25.848725147021668
