238.6381168862837
-266.9529571585595
85.2287784112975
-305.78084810690433
-65.98010402615105
-1.9212992067015124
215.0439453342468
-17.78411406682983
-20.960383629351085
-4.0503368042244166
105.17879083044745
-195.02956959727447
-203.74497699158727
210.95951483093725
-190.2626713444551
182.50210635800337
-78.55991976867979
-12.65377425965937
-6.415227180500352
264.34775514661203
6.493382346326747
69.08337562222276
-47.08696801108118
110.54387627638744
-76.30895501067945
-110.3435839595509
31.421405039905004
-17.41196149191834
-38.08036026577107
189.2623950107086
70.36261865047521
76.06183116190779
169.18607114408212
-321.6526880769084
31.624934467557356
-20.628490822032337
201.14980780291964
19.50929764407761
-100.62766575778629
170.066376167448
-96.61105057505469
-110.30183160001981
64.07389321604447
22.603599800990263
230.8999729792498
-147.61760658722457
-117.89237042923112
53.16333443580547
52.77525958715935
36.30381640405573
32.580556908508896
-132.17041308949496
107.64655381579418
104.99240381876699
32.20416192555531
-50.09077611031905
-77.37930384763118
-52.22767580417766
1.3697198003701567
79.81468969463323
-15.399090346648315
53.73652803615468
165.44939411415226
-150.23235191524745
-53.15220410584734
119.98874072486068
-74.52406975365444
-60.15091965226029
79.89021544197612
-65.04776016657246
49.42703455011521
-28.61079080601021
94.18491077508571
107.89853072393461
47.017336884197775
-90.35167138268767
81.27070528289661
-6.2434433068928055
140.42952550872104
-333.4492301983318
-87.54164662312817
-13.530003693333732
-147.99240421356987
29.120305254582885
11.55424460473648
-106.8837967004448
-24.275610268843803
77.00965427765902
-80.624448536386
-136.26050942133259
11.645320877915028
36.80392958923211
-225.45675228302952
58.13499853653454
-220.0485408431645
129.0057065361155
-53.75000359839958
180.94476704228308
43.04421264629298
-62.72474965738073
-41.23715156213014
-79.25464445358497
111.55695370008083
-122.22197484540028
-104.8935847010493
111.77554590912564
223.59641960500136
155.84467845132542
-69.42104611966697
-11.033384820382345
129.36498264132342
-128.42396193313965
-64.79063123932293
-182.31131534391616
101.99526620329219
-123.07056585959452
111.58225998111058
80.40232270105797
62.098767555553735
54.51905144759244
-15.629765597479954
142.10640649505964
-26.995267864657553
29.964228635081774
218.22943440782902
-13.125250655676673
-43.93515467343481
-111.20936027766625
-24.248395953642145
-122.6930851249264
193.21897040968028
194.9046092019201
-11.146788300344944
-49.86819669196867
104.04260604490871
59.17082089134885
-18.695626539253745
107.8013311685774
-93.40704849406401
156.9929488219317
22.059005520422375
-129.1644411246336
350.0473950135173
-68.61537941389604
104.8643325412365
31.800782766729203
-42.43100703603886
27.151364899078438
-89.56989245525158
179.53893028006172
-226.5979594959003
-108.4859602452151
185.10300893542134
-70.89711755522409
17.204989655375204
-39.377508761074736
-72.73105671001578
-103.32708924371333
-21.01817497904278
-115.05854897217942
80.08240187223967
-106.48148077935706
-70.96853298028148
168.4349635067721
-145.94589673151336
66.77025211496266
-91.39409097520337
1.9306722022904441
-34.225833354567165
7.52746656042876
117.60891542635304
203.6824106220295
161.32251981463358
-39.430199515210816
-112.63489453196107
65.67708641509454
162.0772397710495
39.218655653815276
115.0118778497905
128.86199312005644
-163.151546262703
63.59962476455682
159.30930303950805
-87.16641239673082
-24.07273610623966
-81.29079839696409
-46.130855861888335
231.2331825031353
-148.96579860466778
279.3548834131057
102.01530783926648
166.3228654523887
-92.89056624153417
-242.58192767007992
9.757383469220542
24.98527223841581
193.1007181858368
268.54973392486875
112.17486867614895
-245.2980145046373
-270.3757011469789
44.2055222760784
-22.302244765078456
-115.14022669585535
-120.78619735522685
-58.5566239125671
66.57459865846171
44.8015243800443
-49.361531834489405
95.92013007669381
48.38083837001343
236.77144908723048
-47.25290456965154
269.19343321068413
-16.074695320851117
20.458474483848782
4.15880230630195
47.87627266501255
-88.7273298304714
17.658022198550434
-109.81914977532871
-198.59505810665084
91.02758494391944
-103.45933952165676
24.663569591725903
41.393055592101994
110.31035040316887
-128.7227269281679
-27.641034449370242
35.110364712479175
20.539798416237613
14.78034019512939
44.484324473161024
96.78034841731213
78.86451531160345
-234.04976485518432
-37.84260062413318
-5.880749357543311
-54.014385338933614
274.2905349916027
-20.346819328398002
82.7190276520812
-132.37070486412816
-37.95398796018077
15.26037264006995
-30.51521755938814
51.70187088603064
-205.9150261204572
-152.6112131038036
80.55104430557597
114.7705179154862
-84.27396971000329
-5.5550138289589865
-140.8534153862007
156.37106235250712
-151.0955249942285
-101.39613369247
-2.0677740178576065
-98.62400304551525
-173.9599898155745
189.04426918873088
105.22074012931483
3.177811411632377
143.1429179989102
-352.2524252923464
-141.91472833786102
-74.33208786548775
-0.81876952415218
-97.60043903595205
48.49428233205968
-21.55064762431688
-86.1309740827095
46.23690867249746
97.86279573245679
103.15034434356015
88.58826635595905
-193.57327300737322
85.30005275430615
27.942118814585363
-241.30917962606543
200.64955607273347
99.352629078835
-113.03570855874261
128.9476064365929
-315.97982783983883
-222.28869148345274
213.01829263525954
137.07983276632342
120.98938439329677
-249.80688657894078
297.0294105224321
-182.24876176846195
-168.7168535265714
-183.01173736558763
-77.25461448189566
-44.44613740982094
138.91548204607756
69.78820381850785
-58.48449822035083
-62.46882251958078
63.11608714952255
45.069877816239824
103.70908147733724
200.1826593054512
136.8923028854198
-230.3298768358555
145.79073603702162
-128.8162801200812
4.19423248738484
-92.60071404804103
24.523795087614744
250.27867742961942
70.70695350735043
-58.68087524982328
-2.601122790868442
-53.164206768107746
-63.84129624235156
146.68615631238796
445.95875192061425
-85.04334735447857
-51.9662641371568
-172.06972100515196
112.65636314143285
96.14587909013373
-86.09741549496474
-262.63245753228216
2.849534789408895
-14.335512389741321
34.15885310095831
160.61780787409307
-42.847767483837636
64.09522475634712
-224.72270527913477
-76.66820494556161
-155.65353206010963
111.05777891831886
174.36598900727046
36.190210978143554
55.55471516474808
231.28585455994494
36.16302018737697
152.7936854899051
70.71938646474632
-99.2856967680895
-43.745969891555255
177.64091719020524
-8.52676895407387
-70.80831467662087
21.226832164457466
-8.951948438307074
200.68063949143192
-268.0607045185808
3.449505732476594
18.914659914849622
-151.42288827630418
130.8315935998665
-24.411524866785882
18.187808890620065
-113.7207958591526
-69.38619031086667
-195.8564470694406
123.67589499892829
79.06825367451275
87.39685586343246
-27.401924535318354
-61.64023646714434
20.02618158723282
56.58475006693007
-103.82824152430244
-72.52609001962918
18.142168267612046
11.08908476100219
122.87668552895153
38.29914094467148
-17.910531336676605
-206.92735705888182
63.92776248524012
134.9841606473526
104.66986880577892
151.65703907320395
-133.699728857227
-234.2506769097497
64.98452986904368
148.21375193155214
35.37456974812838
73.5159307032243
69.6875377230482
-211.84091852594082
-55.817149455624474
338.2219321063455
-49.93455290026427
57.208028390138416
133.1797510336999
12.599576312380675
-54.00224194747855
-80.64814452915851
71.62274486349695
-23.501803804555752
17.266970254123038
176.37952189316204
127.28361940854182
-153.54133841505063
-59.81512745701065
3.0303234860258965
65.74190342805738
-58.467969308065534
-128.9499820655993
109.62932194291204
-99.44134095248907
-10.714709127797112
129.4359393381186
119.12156246307305
-65.41352699090018
68.87513816476168
10.734888403802211
123.99945719983089
92.46067158325373
187.82143849795858
145.41333388186771
-276.2977290370841
-61.56918416973064
163.59186777495577
32.84086057415174
-6.586735392063467
-24.285238420589877
-111.24403016349243
-36.27455591217847
-16.978194360004142
79.06332685843573
14.576935869274447
9.99967204056155
-24.634392647423553
-7.927312611687812
-274.2258108946547
192.00383911420283
-236.01604653489346
-19.811431495094467
-361.98895449956825
197.35174901478183
-82.99455866300883
-131.60987810371086
35.46097930058751
105.67646349918331
-21.58810021346656
64.2484929259804
-12.441995436018395
81.28140319566808
-52.74262109546721
-141.55889263528127
322.546240781211
36.53724480248405
-116.14195627585539
48.4924939559657
-26.540150316892376
92.6349554980673
48.22091346240096
-22.221120017843162
-45.94878490352186
156.39869352163936
186.2645712295148
-45.30433376415294
246.30311959857661
-42.43034731093093
-82.12626380470009
28.564657568857747
56.15742324794352
-232.78528734966665
129.72389370376823
152.20404456879632
-123.66807683153269
-118.34203973358308
-244.78965067717425
-17.709267109192695
3.1461016201446577
-218.20084577058068
29.825409917153756
92.58968722977333
186.7010025857479
129.80170672186622
45.15887059099393
132.40018647384164
-54.9121673510772
-13.661050271069342
99.25252373600333
241.12193169688388
29.84960846189672
248.40086955417203
-285.43774306160515
-105.59465915357652
-119.89232278621024
-18.113796679258698
-234.8686550256191
-335.12455831728187
-87.83027466978406
-77.80724315487974
35.50286011802233
-229.98644407002197
-190.2520868435931
-79.53248133268971
10.233443418864244
-124.00546678929668
6.409800483141591
-26.210714665487536
-43.913121548228276
-25.025626715450738
-260.17737179573265
91.31006455191076
-43.80646343358046
50.59539022846221
100.48605180156734
17.69394583611443
-67.6713699398597
57.40373036139963
28.147949817607795
3.378102156538857
348.48747751680173
-184.6568331177784
68.84073102428854
11.205678403482128
-169.12830255847805
-174.94335045701223
60.00410909637584
58.88061131286675
41.51142443677938
-18.942230289790093
-63.48383125678609
-294.0305312122501
-85.75967565882152
-63.09494273434139
-143.0402801660342
23.106344156890835
-134.6133319765334
96.01575247499831
-38.88588010501899
182.84766194426118
25.573967119456682
-76.49452774833806
-27.044626492917445
109.38077050051619
-67.34589299780208
127.70521655941077
137.0379746182344
-177.28273705008635
36.62573936404853
1.8953843102622319
3.7837067736467667
159.42645697178602
1.905882850652731
-141.4613812083322
-62.43406901033789
-17.568572584122933
80.44208651432065
-178.91316358061323
39.56243937801327
-8.676616509146612
-63.27154097542137
159.58668344841382
260.57151114700804
75.97754845881627
-38.72414093730827
-151.30934557476817
-159.9152621716614
-143.73793406702328
-23.0890348221426
36.330617452895886
137.88400006609032
-37.53807976589666
131.42620537269002
207.6588998348893
-79.41814961177822
-147.0211220813629
-203.66987483778536
34.67414608561269
-14.205923266822522
-54.66918492189756
83.56565161303129
5.592817152265004
188.0619398074176
110.85712683087311
187.12927933424118
-73.44348335204054
77.84607803964086
-72.23446618527976
16.843528628590537
-124.74971497497341
-143.7582872565849
98.79308679576496
184.44266500442788
-138.9904665263624
-159.1253749612497
-82.85564442476104
124.85002603700775
155.63528955069486
-119.46696671112173
-54.15824614122347
65.26395803167145
-341.9323094754801
-201.56770977395854
-51.23065582131621
-65.2779272714541
137.9880376134899
-23.02613268461419
-102.02121498722447
-50.7522042709067
-71.6671411024942
180.07897774154887
171.0204238061107
-224.20121780419493
-80.86181535633636
72.12633952516006
91.61516839082941
164.87842538575882
-132.9315526283603
-33.29509524226808
-9.2599040580355
236.7078279687925
29.724151152731334
60.68988582170463
102.37990921961293
-85.83091056632188
126.33721528730491
103.55602163524128
222.6084133295684
109.8563027166414
-210.00280655855963
22.91904815568567
-69.10264180493854
90.26197230019143
134.4353345175416
-4.406224710431095
-141.2202289172428
108.1387328046964
-129.45598391392315
-9.601518631542323
-96.75892312564527
-114.34756160165995
149.96453251112683
11.480930001264273
82.93485101030909
19.123644055448896
144.96884388226056
28.787567263363712
260.14175594914724
-45.30300061338776
-74.83372303233816
-230.25248880081642
-116.29035589980582
25.2395605848496
8.077793785708906
-44.123744979582895
86.81692740604441
3.273916696841728
54.87592283411234
-46.58006278155472
-146.80266089528345
-37.263941946109064
-109.2401456013625
150.82369073949863
233.79785670205897
214.26571282309686
-174.5757629724906
-161.8905310496275
-263.51671563226284
22.59636086806164
-66.75314197722871
129.60255131532256
114.73868778899595
47.537596567528226
-108.76420797067112
-27.12389861975906
-25.75145640499909
-25.887863895099493
3.6642618977632404
103.56490542816766
-7.691282526362945
123.94133598537191
-90.5452727946522
-89.57038584588015
163.7985930484751
-129.53800662989613
-69.47915246470619
208.78682923120786
-261.75057505130684
-95.80798135519345
283.1979771237933
184.44682792990812
40.08392133663521
-104.74388439063632
35.46527881121553
-8.776874495038156
-84.54894330776717
167.92745031045743
-86.18264124052487
-121.60613813236918
-117.19599515868252
-132.1554189815498
24.263828410570543
77.89689244465544
34.022372094711834
-91.10900430970221
104.30527815244281
-292.9330804878265
52.914006534692746
-273.2162048878616
-99.21965849196512
-1.0796233247331009
222.32706978537774
-80.35764832968816
161.86805840300894
77.07583328558361
51.21044227190865
-124.21318989111363
228.8725087147854
47.36664180595828
18.345399423126835
100.34902918235969
-42.32615582379031
127.22491394608937
33.28670254640586
2.9502542241795027
41.29776020406869
54.44801723837371
-51.86977792856547
-39.53220846405002
-21.144651045402174
89.0462419462002
25.05710576427302
100.91244445647848
57.34868998836312
-72.07811672209041
-109.45587597419248
153.91092399667465
-153.0408602151116
177.02537300993293
59.36561757276752
-53.60870297958854
-90.39800434604385
119.2893712358717
-98.0116714896356
184.70864770031378
-8.983690515670256
-125.59137508336585
-162.87727381491675
-20.263258379097778
72.74129272150773
15.042830635745945
-65.96750612175101
-44.95362714665054
252.23912981853385
-179.86850212843675
108.63563000704656
85.0088116847605
29.04320318927816
-6.815989194051206
18.156192020638642
27.39751578249012
104.04832230677557
-202.24499956424353
170.6456950572861
-84.38828515476716
55.72960766187999
113.52366510537279
99.57597232678934
-157.61740467421652
-19.30916261363322
4.272158503356554
122.09136060605107
-50.30478330744934
-31.575126103034815
100.53503352565147
-8.480158983573771
16.334506872986314
-108.07025948058838
-221.27044319783602
-148.8598157265253
124.85325754093334
18.96640021872753
13.116985768622756
-277.6531917943942
-28.443834435175816
44.809960075105906
-13.231113622989271
-26.347249261469443
89.97458589817413
83.06001107145816
-317.9716344673316
38.23550653893437
37.59320812092759
-70.09915763616324
27.47955145040499
184.00916951765453
-112.713637611732
92.95451301600696
-43.33008208111481
75.56598635223536
39.63796811804299
-184.04746240119735
130.38318164555096
213.28504820844398
76.83951944143318
169.71020241849055
125.51745059228537
62.464236703002356
-55.67692773836599
78.5004827531128
71.98626081935654
-39.01707700087472
-95.19153302520255
-33.77091256765099
-158.45527027432425
199.88309454623086
228.27383930461693
-54.6851865042873
-43.90046216968726
121.64362269203595
50.46834359126653
-335.39647905315724
-121.04472008660501
-223.4800414225485
63.19876412254206
15.762039366895829
-201.35654383202103
-43.84652332012814
213.01886235324227
-76.79930097239418
-76.82608122817848
106.28613294574804
47.63275724918184
141.7767227897857
-65.43297034402451
179.0775125532766
-162.301657702059
50.51860265749057
111.16159719514361
89.30382599176905
-86.9962693753499
-35.290330960325775
127.18156945921848
-170.2533439725608
-42.996868453652155
45.628606525145265
69.58708547212765
42.83592916637327
24.649766924958005
-301.2848146881921
-6.902684315206957
-90.68665412441477
85.60629086699556
-330.7402078523466
130.43186289715925
72.64892821566676
53.073837741216856
-58.35072289459297
43.93657442662745
-183.0444620937123
76.60399565247616
-80.24325846392948
-170.08498983882487
-168.84712947738066
94.88679775902726
107.39582754718757
238.45190642993504
62.74844933441722
-140.0775813886442
181.36318387566897
136.36326716299317
-9.849625676807136
11.80816953652819
-88.33008659700957
98.82316543046797
-48.776813503946116
163.56087651821542
57.01608096571631
78.03102030961595
224.2808420111916
161.31286714692285
-199.3541276783248
-35.45378247100347
-97.93619051155733
-66.39341209214184
-64.29724372353634
156.91373066365617
56.22651136340174
-124.32263787541065
79.63510494146541
42.69124172681595
-20.689218678935507
32.642595107083984
33.50742990298833
52.726582969778406
-96.22985377481768
122.42606931696412
55.85166732070581
-46.006232868503396
-240.4422032248971
52.43101608266238
66.117989041559
-70.40880181442705
11.477352845008173
-87.69032555660004
20.222485359632728
-82.27785955614526
-75.82191533049496
-102.03978973486488
39.829823364502666
190.7983795180052
-129.43843292236664
190.35207193280092
3.6418786188518553
-229.81483329666779
165.16249308968378
-79.22507494034578
-63.32203415171982
153.8668515776435
-81.42507813035685
143.8567919932973
-215.6086595383705
-26.761844911731135
-126.43972530545146
-134.113010912899
131.14887380987807
6.019185534433878
-102.59321597916501
-42.74891147711517
-118.93955969784245
382.19033192504713
-128.05629888401344
-77.43750886419565
72.52883772908639
-84.58238712204476
77.34516619320672
62.830214870717754
-83.01871923350318
240.66362371069565
-218.85341361811558
29.859076640851264
-2.9512746544923756
-164.01673775338938
-49.25135379725173
-175.1884501629112
-122.32405168095818
40.96148291677122
-206.0005286103189
-49.764806476629
-117.38216003008144
179.7987981939981
-82.26294036006024
206.94614054745654
156.15531987465113
-153.00476415110853
-57.618488746480786
-76.26916470631359
114.14698467461939
-162.95771742590003
-43.01566637357706
-54.14322249173751
60.81019551159339
-3.160924987311428
171.49195996188985
-95.44723220157397
113.79370186616343
-32.33968972077143
-92.74293190321336
-210.89157308344264
22.21600737589557
55.37682317815436
166.48274509763877
12.15887228991495
205.26388614197953
-90.43696608733133
-104.28342592007947
23.750047207324656
-75.63597789141876
81.18867390438716
6.521519208972245
-268.65855636288535
-19.70078674226252
-127.74900466343391
-7.8962183851553736
-25.66768069689548
-68.44354483306104
13.470084300126496
278.1699933246575
-42.63187167150526
1.071773533565526
76.32088203137555
-42.67367503020172
23.09592716765113
6.627446256053546
181.0817564854667
20.695828414014038
-371.14068856152005
-139.84037775336185
49.244935468677916
-280.3645203787523
-232.7363143916269
54.83610940721209
68.51218926248401
-33.86372949626561
138.6082138361261
