173.4593407730639
23.18207466287538
-108.51931820435969
62.44588023368973
-37.27290652257415
-152.39965905643362
-102.80950961168833
-211.54900327051772
77.83310925707792
-54.81333190422324
79.29408918580809
64.42583631339107
62.24577909083634
-20.987213520822184
43.56977656533384
53.848863824174586
90.32355214265917
-155.54087541763258
176.00931269141887
-4.984023402472126
-16.30180149048631
90.91641051914966
-50.32062362899643
13.535085643972618
100.07718775901303
180.6237537133723
-57.00832078013961
266.13241338970903
229.69300421991196
130.68613842210678
35.40694046642524
-211.5331073631278
-70.27084784037018
7.036107955681537
107.82742008207329
-136.9281452518389
-87.45992335586456
-15.437307541853928
100.85864712018422
233.0844162585661
-223.88893334054384
61.148577240640094
-153.71392829883138
-20.45573740690075
167.45881524249066
259.5795224331256
78.63675879759349
-45.59780500955101
-101.48692470193888
135.56091639836055
73.82040763301595
185.8829333055509
-45.96374204212258
93.73277045768495
-44.175594568823755
-150.0566211814552
15.120756012629776
-41.89549495292067
60.466433949715395
79.45157788545511
73.05270208499164
31.444540144893843
55.00640399578837
-37.73214589508659
297.20547066904425
-48.26636486091239
-29.388465826732183
145.07813503560664
-113.15856769454064
68.88906598133113
40.70814906451928
-48.48896081954041
-309.29371316974266
43.134485780492746
-29.923432051609947
2.3832989135045524
319.0021703231812
-96.49340105951919
-166.70580022816293
146.4063180023012
-197.40559882602702
7.883294132378709
-76.39906713472963
-248.8278012032458
196.12783043004632
122.26625115939517
14.946830102994051
138.07963928660362
131.11594147308693
-117.46541547804635
-104.88685714250126
-132.6562968273129
207.18541476544547
-51.487504364479314
-54.761524548806605
20.274994113712836
196.29026758316755
288.801715725073
35.910354541760825
-122.093541497612
60.93498350091834
93.04016025428398
54.15522956014818
222.85853063184655
-17.31044651633613
-28.370710098311946
-223.76748759402324
-236.7445691082368
-86.65344411705327
-48.43211229248581
177.89547625841072
113.05042608279493
107.3694144376736
-29.796153460930178
-18.262032916910528
46.014890320932764
-122.78529481640449
-15.701495102400187
-109.15678302596712
59.8358193412063
115.06051593309287
80.28878985426647
23.39563791082809
148.62923849743765
200.75435434702953
90.16053648434614
-207.55704400011624
199.9955720947466
126.51083754068912
17.36219329123793
118.76611751012082
178.00677783589416
148.45553472179404
-31.599655954731467
-21.46895606728509
-34.10584794371826
27.47581006330672
-104.54463074691603
143.19130660494884
-110.1291961121173
-13.308562915998609
94.76809629426879
41.57697859008865
324.36356879564465
66.24792526549811
-140.94752005091848
-93.29166935226243
-48.640251936533375
222.37145806273705
82.27505959233076
26.26194829526042
-98.62092736491472
-16.009751787798173
-190.86354432176586
11.887361102684203
48.958638506515385
153.75741197741746
162.30374447928259
36.88034621599425
-67.51163194679518
-54.97697156307483
-48.90541362524792
13.621834532057543
-7.0907937218273815
150.8400298857733
12.402657224709694
-188.0943425958084
-31.962228882386853
29.36952607627501
-102.49653845468686
-196.81281188453625
243.18210376533708
212.12814512058083
21.8588701150739
110.51147914576264
86.5949123139629
31.930452952991438
15.29686346931101
-17.31136114081137
15.357338582971998
-146.16802136245724
-14.199477890765646
-91.92455546523124
-16.751277391546488
-113.02787294935969
-65.8088230792882
-22.982419571099754
-166.60966329218468
-81.61711504470503
-247.53040092214036
67.92145899981556
-93.05435405006595
10.630213436853154
-73.72342128269722
254.82119142020449
-31.556995197252878
27.097177711208325
35.366662471551805
133.85536308857212
209.04552732809245
398.46097282435954
-20.228320501328906
81.9253066461783
128.30493251709805
-156.16381320911543
183.23663509324655
-125.73830919810673
73.07951952409894
-54.71556535842534
-59.9753038632984
22.7235966361815
-12.495818229839188
125.89797071601375
72.94800194625225
-6.208235993388358
168.05856259475075
-64.64507146942864
-184.5189802216513
-133.43444572714847
-147.11614296685607
213.98022493435258
11.719389722940385
-24.77374951242686
13.542624492229328
154.86111250258148
176.63137919291205
254.8052302620251
-122.87357958922587
66.25906591868569
52.766001129005744
27.852170203385015
61.696763133491075
-58.28375741525785
20.970193481072315
43.23877858823371
-25.7706238578252
121.52636882149324
0.7657258071134274
170.0952486817283
5.59867110410885
97.40592016390536
120.72603939895274
45.449604159483044
-17.51384235165473
219.27893774949584
25.08701940714123
-189.59911821882795
282.55847146941727
100.22313003111987
-72.87918698719007
154.98860358403962
-111.48891010935249
166.13340146222197
145.82756526068036
171.29449012034055
199.26275228178193
-174.2608212544223
-132.1381854151142
36.937897901487325
60.981168970653705
15.118218551271507
-20.648791900524174
-62.961689768199804
-207.04053464991003
-68.9406993792688
34.75407375912051
-111.65063965178543
64.9290559726137
-202.7492433754261
-275.9609665755905
39.586215789547026
24.640914797005856
-98.87259936053599
17.19752157161184
-247.37251456154755
123.7826864302977
-31.978631336163602
78.77115791680485
-28.593519918108548
19.906488910761887
141.14749376078584
16.738009907550524
-145.86331561439758
56.70922290152997
-6.861595987662341
-81.68095322009538
124.18152578187025
237.42004596180414
146.0355419708359
48.23400549204114
21.684727457318463
-1.7246263726367717
-173.85024646755633
-65.79870480777382
82.10515623932271
-84.46188473639475
-413.57388572623637
170.36165475269513
-130.8947388335936
-32.312074751138496
-263.9791499376292
218.89696120230113
-173.45141325121784
-87.15786774803226
-218.87429558437032
-147.2072812357697
-66.68968624093552
-39.97144259441353
133.33554113826767
-108.42080040070101
-180.16991529344554
-333.20140243973606
110.52540182275212
-87.10736492486859
-32.082719243010956
58.893782219192786
204.21544015493396
-47.04293121525402
82.96620997614738
137.51728216207894
-8.529774940576626
-110.83649187671843
-115.09955878906896
117.42838828611838
73.74099671133091
-78.71325323226273
-77.99506351614185
-56.75604588206919
82.68530010102191
-68.46267404390073
-43.09867332679876
-12.363924040444518
6.661829613717165
-36.38166249310944
-294.2151712324289
44.2687304265938
-226.93404101304188
31.04233943758369
32.83057820783477
-91.4457410502657
139.5219786156182
-56.81546295822029
-52.50223162187033
70.28351814391809
-9.346789621406534
-91.12431471121646
-232.4955386180496
-29.979426900440036
206.1204763718204
201.22545640284218
-25.135134059286173
-95.87037989104898
-117.62083242739348
15.899769011583086
-133.86842990784476
30.548928918031702
25.205246320892094
58.85116603695603
61.43170621014628
136.5130945758471
-35.745406928335356
71.8990611300954
17.880607138525434
19.01808634005245
-64.42898807603676
-142.59525316022405
-23.387467355669436
-42.6669733308819
-26.015239490722294
38.57819439184328
59.59429008008375
195.71876036174098
-18.48724731869626
-124.56501315423851
149.84825268601548
106.51598605926736
49.81264095649529
-22.56890321235085
-32.4345406525202
53.273674627954854
61.00848095352567
-35.81702480837272
265.1439624918214
43.64380144371732
-54.62845992315341
-98.13821812454839
185.23592148700396
-22.297301343392505
-201.8943961932159
203.20265017022103
-39.84768560457068
33.96480500229587
-151.8918947378955
-194.3594571899885
-168.99315695313592
-5.373498142226126
82.22580969262742
43.68179664458567
38.21581517510095
-125.42400347316077
47.690908602566665
-66.61985395019538
-79.11013297215705
252.64827740810696
70.07337795708771
-47.884103214493614
195.13110075870526
-215.30235083256946
49.20143865539181
26.699915787676677
135.43449812653344
234.62266532486993
125.20817593786664
-50.0775897480077
-12.31650620542486
-290.539047146415
-241.26212507237034
-41.064765741893154
67.19116237354713
123.88846051705963
65.84844263310443
145.4986244669539
152.60577379226223
32.08886655441036
-131.29119830018982
69.06124366377016
83.26056018148935
39.68038354277284
127.94229640606792
-54.46402637638622
-266.47871175397165
16.925841445778367
100.13154568485666
49.25536347117037
124.90505380238216
-38.514254292642235
-50.65069741137188
-195.6927402439124
-232.18742059846912
371.1677226299367
283.4547420769088
150.57368943845754
167.84795170053667
43.612955295593444
54.358392571399364
-209.92261540760487
-147.2741416622937
58.69277244592692
14.500371750803783
-127.23462643147937
117.03792451246395
69.13130772505723
-121.3539350761306
-183.88444023526168
162.3183396331185
37.8823296343262
90.38160288784395
33.09816683091577
258.4559040380312
-90.50494464545545
-37.87686498317685
-106.31063534206149
-76.15982797424728
-95.99877859470587
-43.39622500976067
-3.3787017251283418
34.83228545163148
-141.21292925823624
-70.95390024360023
-29.020497883149577
-10.006160415266368
-41.51686725592041
94.7057397939838
-194.49603902788235
-157.6030476602098
123.86828993509101
-71.63677611333033
-79.86064260847908
305.698485733517
-45.19138507110111
64.38391583572239
42.770029204568665
157.06495119366664
-10.512762966145695
4.558835740494195
-119.55645985296525
-61.988078189366014
-105.35468283374865
-37.29287496366658
-199.58665232711874
30.529243218532358
-284.41905707835707
-34.17182745812199
-197.0785499966766
43.27092647227076
27.84694195258274
-238.6890466845495
64.33176354506652
76.79695716347715
-54.09070500164269
-201.7461244948928
-137.33619598957836
38.19664186595595
197.5349907873026
53.35611751030875
127.84241937241255
208.35590166413033
-81.77898297522955
-214.9336907718574
189.3165680279075
302.9977562167176
-213.33527126553037
-17.686491917044314
-105.70904271295207
215.13994855487562
82.63277996790224
234.0523085557355
82.29798380779631
199.90007872024535
-436.32016468965
-76.29462351977973
-39.912527152889794
-29.691664149461662
-170.92209763734886
-293.0155580937541
-3.7964325058320307
-32.79761085305718
-6.802731871685637
-245.63348189188048
192.85702293123893
-155.93886792435555
22.465409766501097
-116.4214915020337
-20.597959795031784
42.8414012087725
104.09268380918806
-153.54040793556652
-109.3059114701239
-13.123184649359748
-70.31897552979436
-76.57796955505432
24.27802265997432
-174.00010741784064
134.39016561808947
-115.68584520431592
179.48754294006457
-120.85959558378244
-58.14617163018596
-132.2009281256826
24.107327950174
-91.24017766067954
185.0337706059163
10.79325508936885
-91.01968044768884
-41.43996210680962
6.706560620009554
-241.1643686537453
56.25861281250817
-16.69924849866757
56.938030009341006
-52.683476234785246
-22.69403374497187
-92.1810269880437
-0.7356862640546762
-16.9705356242383
-17.578788407093434
-54.664777010184025
416.0130186897293
-295.1898414527733
185.70172265956796
197.9806361690011
-203.1752563686183
182.5348328600989
-144.8161090581512
81.98648390510365
-34.06409709729571
-110.59874374164532
8.538295452004807
-136.18280388217696
120.18508285441045
-73.80043866214122
31.59088209427565
-111.15893218533569
-111.20871390776269
53.74842088510918
-24.052415390342443
228.0774170359614
-70.65617949569985
253.31854434273595
41.52518356328118
-105.282071297805
41.83100650316469
52.67909590213314
24.087734643622554
223.28671943985395
-105.51561947672238
-66.06966673823116
-129.02621369797407
42.160793526532856
2.9916076968391527
-64.68677666712519
29.485842829888096
24.393982234261482
118.80228242779214
125.0105459673539
188.78567052971786
-54.09319178202696
-7.3474670070540045
62.597041145009825
44.39424003759033
19.31909906418342
106.4602335164986
-181.11065173744942
150.30375485038724
131.04825466027697
54.408523043401935
-119.60616515995369
-130.79051928516594
-27.32490052159822
-124.76864680840272
-62.10841325950002
-301.6177713383837
-86.77096083016507
26.62770227355609
-29.773365243253764
61.69423111328039
-22.493407092348704
-156.71456498712323
57.89996514942347
118.55833579988315
125.35720202652381
-72.32148350803317
47.35616443196416
24.455134985605092
-113.6940782697229
48.64294028666345
34.60542675509066
-149.0095715135285
62.1541201793557
234.49251683129623
170.07707862877402
169.03437894069336
-69.75562460345402
-47.428699895715326
-172.5892698080154
-135.2379622396733
-304.1684888254801
156.57464665516494
29.626550792466492
-137.1755927431136
-78.5228373680984
-193.60376130282614
-111.20963749345779
-141.0356980151847
-195.10980231904526
152.3469627870782
-275.7996575707032
159.60507594518205
12.645806751632163
280.83359338726626
212.68528552806674
199.4562828682417
67.41816268662527
79.30808890933228
31.192200133749033
-157.8951921837798
102.29350776808711
60.60214851247851
-70.07285184646429
160.27996592423986
134.50512642848602
-134.15090758163595
-66.48514792960701
-217.3413518860644
231.8808936635671
30.83044379361396
208.47664219221696
-226.54264977188316
-17.16892277721455
-175.97698509324306
79.27161838351039
-19.61494552828114
-296.2143911731748
-132.98797963876095
-82.97941779411408
-59.63523072901206
-286.14173105403506
296.8726670453686
194.44328671517303
-116.93101889433547
-209.74685294758453
-214.44738128368837
-71.72786023957107
4.392616615942167
-25.404760155880805
-182.22860970220987
344.56800322599685
-187.00567342033858
132.00079677453857
-3.6108132818289462
214.37973410667058
39.48917759155587
-56.90872025792152
15.019208387447753
9.520304255536137
-43.50855087075622
-268.1087448727454
10.305359015811971
-29.7440085069666
-148.6459280905163
84.00535047613114
-147.1980514337921
36.78886284520071
49.18520114760061
93.65012441994878
178.64068887982316
173.47597561533644
-41.54743780460956
-93.47658378408372
42.4588270023584
68.89285505540009
-106.82813484111664
-123.41549828318632
-128.7284689616842
-17.336940385018877
202.9705536507737
61.09147579741621
-19.311646277884428
93.28692525530643
5.195466120804198
-33.85519035313795
98.79897191961803
-148.46170751143725
-130.31995375949796
40.22044271046239
53.417006613687285
20.85965064941302
0.8857664711532756
31.21171109892715
-83.9555402737791
-215.81264573816833
-88.51839881187354
-182.8504024179352
162.61544983515907
-129.4716817267622
76.39595071630416
94.63673064691244
-237.3203039995475
63.34509675736625
-142.23310570819467
-226.95932528435452
25.64240561606501
32.433553658413565
-121.86912341943977
-22.50593524128168
27.15577735549907
214.84244495641227
376.0187852273442
-50.5582030093462
-43.647425712592586
49.927236880252
-126.65801935800961
-82.87671260720722
58.773157034587285
0.40219316982361586
-43.37426049639546
-101.19985972050287
-183.64377110105954
92.1068818260388
-77.76272922317915
26.31059587732436
-129.51874428502424
-84.81372309739427
-8.066806814210263
182.7573038468844
61.8149726804324
-59.04767828181049
-6.632705430221916
-170.41221392459386
-149.8492106453677
-81.16673771215657
124.28269676051592
-166.8269582038005
-4.337148356420563
94.41365127389811
24.963386219948557
-196.39193371274914
146.6956361063444
-94.14669705948774
82.6383985495117
-22.846356103273667
-186.05515602448213
172.1330391863694
-64.91077118635852
-169.94113071084436
134.63067270941042
159.66426027161816
-5.434501677067585
129.32194579989167
-50.36366977557811
-7.400960615547472
141.37729259825133
-57.781693791232144
-18.317246368690633
-87.43056777057862
21.461008262038085
-94.8777455484383
94.36785282050656
8.249992035998325
-251.50041550380465
58.310783500927975
-119.25852340465435
-90.61216992391256
-109.98675410938739
97.20542503077213
49.52141432956847
100.50796830087741
-110.98663635687042
305.7308913555691
-176.13292289069526
25.417402446268163
-65.15089052766737
-24.47636419337715
6.8252358025398125
125.61362306255317
-2.013652021840398
-42.341855309452626
65.68803209637362
128.78887223879727
64.37249635821337
23.762729809678007
10.860250964988897
173.81113099411766
256.921532980887
332.4562386313799
83.87943568902196
-140.99987449150615
-113.35243338699483
-17.805747998196956
27.126334087656513
244.3449484359749
-70.19896210466545
22.72041749895863
-246.855514192099
96.12048141687428
-168.57519352034674
329.1168694317928
-14.062114979564745
110.06993610840094
91.60169201778638
5.803527968135006
-206.3752893081422
264.6867319416902
-30.457897278869453
-120.46131965365112
30.073242418283424
31.95156899447175
33.95194371293989
-54.187566244378345
170.54230313473164
200.14113143745865
19.193920101289418
79.75719778427815
223.58414263625707
-17.149694872584888
208.69073139630285
-108.54435052274572
-69.73319618160717
105.94738648396448
-143.18023012320222
-141.8149600584568
-169.79340796085165
-31.76328156450965
195.75638537736717
-95.79974835895266
-285.5689758539303
-109.6055954861956
-0.7997102095796047
15.095561707563956
90.68034061571784
-155.2929217671153
-110.01301949208116
89.59695916680771
-57.51368335168283
110.67976577153013
-46.829953512845215
-73.20119334239422
-177.04219723639872
-128.34454978515208
-165.85638704773103
90.81963070851805
-28.938586002205597
-189.5797611611412
-48.59729732347118
-259.94743769913674
-187.9671310339958
33.9036796854641
39.192579117855814
268.072359763664
35.93407105608498
70.82864520538641
45.09926477740903
-270.51592634091537
-25.149230207214913
212.1699654853487
43.14261428390717
103.49486872401184
-119.22011903311656
-43.739026832292616
99.46646475456278
-49.467198964157795
179.36480161294068
-122.15108105370925
-41.975212835723426
-87.69617687883091
52.58991685703444
113.82644154933887
26.424800514226188
-4.010837798961272
-36.67917761975399
114.59235152758482
-152.73638094456743
50.971128797175865
5.561455788379103
-50.98975961699828
-190.55612015290794
79.21584142854627
-96.01662908007373
38.18714242232855
13.93252690892134
46.185423145935076
-16.614782365688765
-71.26499005709933
86.79482617086019
-93.54155841481743
-99.7749321627657
41.93152822955361
-43.19798480519081
-13.434217185555784
-92.68299123976036
25.015500414724933
145.38786490308044
-88.5929542882828
-4.113548600548141
-376.4129213923778
-5.554699359439161
156.05878719625656
-115.66777154951238
35.348175617950695
-19.74580757034282
-183.0466934054444
-8.287473569421344
184.37827171130903
-149.81055152879185
-31.843478745667824
203.645298872821
-79.74038380787168
-72.25452980914771
-71.86865934169202
-100.8124787148288
-170.2633538812874
35.94348121143587
169.2487065718924
-45.71550408050705
-68.20602579064897
133.71904641091683
13.612872542584965
-101.04093144827695
77.9643484299157
-15.962149771775096
-47.58269430389701
-188.24802048801422
206.74849588877615
89.76800978835587
76.90103656397957
131.0906882673016
40.08894003219776
-58.51681870582832
226.56395586294266
30.766040437867993
-127.22593215218751
-144.24018507278296
-28.673192591234777
102.10319094392355
-90.75515455908022
-47.37229744767282
-196.90783200107072
-40.66005006690966
102.86571413616046
-30.854276080958307
62.132933494993914
60.59429457213877
-195.3677156962762
-127.86406591068403
-30.657303701458495
-133.4122234860752
-11.807422734206831
114.12003439161721
41.92810982312335
106.31062125241927
