-164.18568610261158
351.3122110386158
77.09075628845977
44.87813224712995
-34.302364983152884
-43.6409871066708
-75.61772568535962
148.0807541230847
-147.0798436440853
235.13073826712767
-208.66929691152103
-170.03680990397714
-67.85949771396459
337.58002718833615
24.3334404682033
382.1285947312637
81.04430696332012
-167.22176206992017
-295.6810456982428
294.90961212331723
166.99645298859403
-7.895761199213056
-157.29225005252195
-57.51346296986495
-222.05861402939604
36.589629181236475
115.1675453393719
-255.5690197869907
3.732362098127609
88.3938266788521
288.4753776735428
-112.54911804529073
-207.98507416252895
-73.99046843007238
-76.49087458355099
-101.30735660171736
87.04412722701201
94.56715208691523
-48.793715363531646
-69.18949689677083
-285.4613038319437
-261.4795681249846
48.173412747651795
229.03288665269432
-168.0887117265364
102.1375291970163
-79.97580683553201
-171.44678646865577
-221.18200766713022
74.32367666379713
362.806644556342
-155.26999738457872
298.28434962731853
-255.70437415320205
12.886086920677482
19.89636466747897
97.41652547761265
-203.00507491553137
-259.86963222206293
85.40587539469199
-94.02288672174669
367.9316518137354
35.49457521389262
-52.50639814036765
-117.10724460435388
120.44121225481166
-191.82777540883077
-93.62777555600384
-24.12196737156919
277.64794194575234
-191.45418142375016
-124.99006766208402
-234.98502477897054
-85.51398824473085
19.225238966787806
-126.15617174027689
272.23664489805867
-106.31918723358011
168.81035249681938
-19.806787108613676
-77.42470902017556
27.251299651997304
-193.91132873328132
292.26020414984686
106.1907507718037
75.74289443179417
-48.71389654858557
237.53613545774343
-85.23992143228877
33.26988649793978
-164.71775053178945
-133.05017050748046
190.62303449613523
-4.402194166937751
-73.69480873545962
281.17207953196305
88.10609776819584
-219.91162105778974
-400.39677355596683
-63.757285374373325
-125.4170781778169
-106.83326685078497
95.70355916213988
164.99695149418113
-12.914265159458276
148.81878092561016
-224.99775894369978
-88.49729936264471
-257.1978416899404
-5.6831406697660025
-205.23880533925998
152.76459738333307
95.89588359211159
-351.6007819728712
228.66879958748055
-76.55908440125621
149.8468408991345
111.53220270455172
148.10193333804932
-15.782352975630525
-13.574972522144959
121.6825290346709
-50.98185658935791
165.74286083047207
-293.8387192364456
-34.91277784088075
278.3169143596982
184.25861909313616
304.19841990887465
6.2539174882084785
-169.66709295217188
-48.66774366414105
174.30474201449874
-227.14616317149643
-341.56037938177604
42.30880532257327
-34.1349265325654
-23.39350165417504
126.55726763924571
-14.376767262037646
-52.7261478834126
253.301592208881
-351.853527928923
-6.995112118413561
-70.2952773424153
84.09829905476403
-61.07388604947257
90.90358115179507
260.2202302231428
90.72414893543966
87.75148452447301
34.16746276795656
-5.204737672080007
301.1829782070979
38.17143907466187
146.50802962379802
-368.549173712803
-68.71176374588968
32.56150015153805
8.732222998432903
193.96304248732122
158.73264487308688
-8.035926836592736
9.65873034731304
302.4318242061694
-182.96608765299467
249.38517147687097
167.43028946150673
-132.82764166064715
-228.23893383647675
368.10033622844156
74.73595593921189
-13.300694807380125
-22.24240061415415
36.3154366485868
60.61894993975426
212.2731178724327
-24.158016840149504
117.54973692842648
-118.71090398165832
-269.95463432087826
-93.31824282189683
31.467557963078903
135.84984872322386
-57.89228217407763
279.5796919161808
102.22630613472735
106.15815668108775
-177.29115722021206
-62.07017587720774
114.95499698632858
-5.586737879526007
-1.2109650319120555
-155.73747852355018
-292.64513133671534
165.9532104000719
216.30623311774698
227.684698132711
10.85580197142047
27.728099002523514
-11.397579088309477
-3.424240917210876
30.469604855247425
-143.6537991917642
252.15829776343364
45.372963024639134
67.54847618246227
-126.33885421311498
189.90795348433093
51.73627767720238
167.41353196115284
134.69345649728382
96.06427339805994
197.03986914508448
-127.1727145900454
-75.12554617775581
123.44744188445497
-147.87875928293852
-92.96903568830609
-117.56037280742868
-7.386387873827469
-92.13670609063205
-105.4704425753601
45.50986610869129
210.16607187381322
-172.5200112405568
-35.07416080914646
72.03846536894929
-3.0409717391140627
41.916300611255416
192.78529051282115
67.05047194249663
144.67808014511044
-132.02352104757588
-34.11263354205106
-215.50694433795934
-198.3782239982549
103.65899507289778
-31.613633425304585
71.13105308452131
59.4876124066383
181.52515849458115
42.798507241391526
-36.787690923722515
257.5660457771911
166.89110185337677
97.45797798124491
281.6791113409295
-260.87637362031313
-87.29410103263018
223.91942526292425
262.3818934439083
98.74379278423615
142.6023702381114
-93.72852097964979
-55.642298422202394
-39.607255835037726
-321.9384945251887
49.94775545282016
-18.102733847899298
-209.83644233443115
-122.44757774147152
-130.46606414225764
78.30647174988022
-118.28758574626222
472.20824152342084
-18.98897780194435
-421.7887290990234
132.23610710070884
121.9161463339055
-286.63822838391906
56.1431215175646
30.089780172779015
130.90787214126172
142.1721481751971
-235.76106163531432
164.245017462835
-15.126617451974854
169.48779832032483
114.16256480549607
-68.85294761104949
218.06288962217403
244.33463987815065
255.8176309415386
189.44179462471695
29.245797086390052
66.3955617610952
249.39942232962858
136.11884796189048
-101.33018655389462
54.4440393065726
-77.52362178299036
-83.0903211403258
31.988686954674915
-234.41728189784786
150.42251498308423
84.04495762043295
-43.911233243978536
354.1478237039912
-176.33635921921385
82.16737257018606
-205.34321699031776
-104.45686671180252
81.39338408452898
-176.29878547265702
113.06001969757315
181.90065569931474
176.43641441206805
169.12085730559664
-46.68410399834481
-116.99998872873603
92.63965468007771
-93.57109603331266
-37.82887103793849
105.23742837969577
-32.714735547562285
-22.605048722756454
160.14755822867306
-115.90011124590092
246.86740354529212
90.44568758097314
-295.28372966529156
-255.009523929598
111.37160180594317
-203.07065298441714
180.1052277559342
-302.739109309947
113.77532098044426
-62.62652693449268
510.4505094809422
235.3526303153506
-26.43572431882598
-40.37826313710778
-170.39852699308025
-294.8017608118896
-49.03563955345567
-37.49120458058102
138.03134045222487
-181.40248938684863
184.42935181408467
14.711939063313858
263.90157169140326
-19.57913555505873
235.86727862779688
-152.82288546698877
15.40300585201373
40.42730086237825
-1.1441054744242614
73.8672200631917
184.55224161777568
57.7929037259093
-452.48330740185907
-45.26571981777051
-234.45291299364825
-40.197797137839004
-334.7706119726496
55.24787298729944
-49.87561129836931
-186.90988720299808
317.4542190300828
-363.44208264751984
67.64706080619031
52.30850315227485
51.12243325553768
46.73177830055451
-62.565452122114635
-207.4898391443372
41.50337353077638
111.50233306850104
117.91576100521095
-69.61001121261387
-83.98794898280589
77.1292565282352
16.22036350739434
171.0937968204507
74.95159562656207
33.91328501998941
-219.392318127499
178.43104153081183
247.50752437246874
-88.13402107329027
-254.66779587762184
-49.0447813563794
38.17389579704378
273.58440833647745
-171.3353315512018
-218.04840338180725
178.45388084538976
179.66092778530214
196.7248305746369
31.885039236227186
60.56362873176043
-112.3266483429505
-134.28103371858964
-238.66121659840792
46.63728324981982
3.0993647245907034
-134.44253352179402
19.212107881528482
-168.44673609902935
3.636807868738309
-162.0190083338611
108.46582542042314
127.92416613291688
-116.80965723464784
-110.40154550580213
9.075906700787446
192.1322242219255
-74.56561605464779
-84.04967848055601
275.8628790821267
-75.70340584614345
-290.4614037895433
174.2355895242959
53.72395860984544
76.25287444636491
53.6188297830907
-53.4796865302615
190.49870637874903
99.82443618349294
9.65461130863204
49.815644622926236
55.091693885062625
151.0118833403054
-276.32837155036435
-108.32219395531476
-45.69314809903308
-103.32045499145948
-190.2885393800887
-292.34179596379687
-245.94156708268955
136.8031443581679
44.927401722935016
-153.97623548100756
-40.651543370676904
-385.0332262851473
114.40800527529906
36.70020142484751
186.72224142637518
77.57602056159571
-222.73549904932935
-83.41235638743643
148.70702940421683
-168.56436899600226
14.682539713574497
179.64068385100327
69.2302088052291
-209.3875460499456
-101.4619120763118
146.94617874814293
14.764287485212098
314.0587241422144
-177.8689766741667
92.17507655837366
1.7427193104835337
-116.98826412039448
-366.76080366608386
-127.76639486468495
-36.91931797445582
8.21251172090884
-230.91635624397364
429.30134143289087
150.425633331279
147.24809167871976
132.4505809096811
-165.72430482774953
-203.09269392027306
-44.23844650805079
-201.86038333676538
189.1150048028561
176.27621469149938
1.2795918234037973
-199.50722586700073
51.57393815880742
13.079614871763237
159.78845688265932
-91.01957567633137
-140.9764663977826
202.19091633564653
193.67939326269715
108.59435031243306
-190.11402293994465
-280.25196609455
-77.98205678826129
-153.8277825184882
182.99646338911649
-242.0598514695079
135.50765943240933
211.21169798863798
-295.658399013095
192.0973723349089
-172.9608443041556
61.993020124430856
-12.825402839794279
-113.35327017825203
-9.958655207733702
-13.657207639170432
-38.5644211073387
-101.72415016609756
29.743842401353657
143.95880038548918
36.00483654898891
-141.70163724409818
-119.8515555900634
290.09650770556635
259.81867706266337
-23.1878866355469
-38.96261634720248
37.4816434386823
435.8043499175263
218.9662076742599
92.51349621545478
-91.64524422770108
106.58645840769603
352.7427297988439
-64.8437134992053
140.58594816863075
-34.215046056696224
-164.23102402422847
79.88325403114723
-110.7933185026973
157.29088984906434
79.9393364762516
-72.4086973896464
-230.38696958569224
88.26880161088928
-9.879800764905957
71.56197394717651
-179.73875748971335
227.68343187500992
60.60557548925356
4.1860749187946515
-31.449186493804675
-97.68223719421593
12.934945866767343
49.26890908920967
109.10074121137303
204.65548193260165
14.842120598493803
273.41798310266336
-142.81827640202994
-138.43703112438752
-166.1770359236384
35.223281336253685
-34.62022833400479
210.54367316859424
-396.20483606139777
-177.24710730406517
-232.59629358441933
190.18460821211124
-220.4305741907424
-343.88828671469224
290.43892020444633
-54.309238290506116
49.38326775290592
78.99095534427319
-108.73161174534899
255.52823936334354
88.8273226745616
161.8728002428703
-219.46044605875198
-89.67659821128433
-265.50864489827
17.585649793371974
-126.03632870093568
-167.89348626652745
54.85492431873167
-172.18098023806547
59.695540094517966
-4.842393139103649
0.6988801861708827
129.93348403380395
130.91995966583283
-182.01994506975092
527.8004773639123
157.559791257375
103.38939912634663
54.21471601004355
-7.6898144930002115
91.18327098243485
-57.293550117752005
-81.09066236421793
51.57672388534339
23.37860627040577
-121.73148995835331
302.0897304721726
-12.945940507161765
-115.14104176064457
216.38435371766965
-138.13068684968107
-220.34544595568855
268.46859741730185
22.894212003023103
72.43306456930004
38.40571911079762
-113.84420802082069
-127.76188467859677
37.02177523830746
58.77245576513128
-41.093054599097336
272.0281917841627
253.93561423330087
133.26060138934307
63.52483722025129
-44.01868154043673
-92.92178869599861
234.17252996998607
-32.89801910359587
237.99508574506785
30.238456622605625
286.3587368371858
-89.54670438748887
67.11181289571665
96.33021615275548
245.0901584047371
-140.2666231386944
-224.4760952190066
-60.3835888332397
-9.075048624875592
116.01940291099248
277.30911235223
86.5973728885248
-155.33942622370552
158.05328946397097
-26.767031173888753
-139.29437460047794
-7.797818897159249
-459.53266645476907
174.6202059852609
66.95408909283807
-202.61293384867204
-143.22143779884908
-248.39156819113805
16.716704172106958
-95.18003800962103
154.82106056992166
-149.08376197765938
-231.39918120589394
252.80326116843082
-15.797888525233322
105.85463181753526
-148.49486304207775
-161.80114903372808
145.18877191888373
-19.175016745807955
-402.8191539555015
214.5536258423111
-72.3631257354747
-255.66056797880358
67.33784317565912
234.0141329509115
249.03700310958874
159.33959406250716
42.02623686028832
101.48425126326929
0.5615759426579453
10.623459437974155
180.0478852381743
-168.8202666283401
99.03003475602657
-212.6793390974239
-16.66647769115415
174.41704144648693
101.03374626055745
-56.99732161569863
184.8463900145499
-398.8341059268552
16.207490216566605
-9.755257524076818
-172.47625100436167
-171.91038218526657
37.215571003016706
350.64471042459564
-335.8175485125399
234.94296318007312
359.1135342765302
-155.9644170267733
68.17256075756563
351.7656240320863
-81.26108866671272
74.06836686875813
-82.75303880798691
-33.91311592412357
-90.41562865003635
105.43649810659842
-26.837395967341642
298.3804246447689
-40.14175629268847
292.979971772306
-89.66651223355133
234.08345460690404
-10.140508565074791
33.42424250652055
-76.04572234075148
-314.42299279275073
210.9479014872246
-43.93646454203714
-55.18333841861396
-156.84662866591268
82.7573747984393
-44.9931661554666
153.21287830619494
11.122223803904262
-72.95665632723707
-87.48408905813258
173.8777206989081
149.1220482984521
-95.9680408309972
-196.93026782011344
226.44147949289533
-30.284373853307272
-87.19371779431833
3.120227156661259
-25.00703677235324
-36.606806602110346
-167.25616265374543
-230.1850511490193
259.80572983693503
-124.90224718149578
-213.6256360406319
-249.0454140129919
-324.4505403853334
97.53258187595564
216.49522569061864
38.13266081009435
-183.01311429353933
95.05433113152084
-241.6161366625445
148.61894087584326
-114.82530451445358
161.07599863547398
-2.327213478977484
-264.89388275126464
-56.70779161772294
-28.856982497399848
244.06283327505142
120.30116642062701
203.59304926443195
383.20127103030086
-118.91871087729126
224.5516658782302
183.52615293559975
-68.60461620495342
117.34415632172337
109.49320868229671
314.6131501108806
-160.4842403751763
239.10573188442743
-212.8366557242129
-124.05979875438635
-33.22238183865613
4.928063238469327
-3.784712261376462
20.539091708932155
50.43429658020703
-105.05066317555298
-25.438121534208836
219.24062970838784
177.89688844868894
65.82039319528067
102.50394493601658
-129.46437695125854
-351.2866535910872
-212.32562965835757
216.31405836106234
-144.04510728779513
16.06666503531389
-45.715775578363754
-49.89891427171792
9.676992654244701
-605.230815016154
9.379053661738883
-46.68254225544773
190.0268889430435
149.62583679952954
62.878025922754624
51.56271598543458
-82.68196202966082
-0.8156992712570932
36.627512043413844
-138.64739353184584
106.74031859555146
183.47900935475678
-64.89774407750654
-284.8840100604787
7.838432759478524
-147.14730849416924
-64.01472050922037
-4.8312901737379725
148.47127976426586
-141.13055697158924
84.9524946174875
-213.2147920153509
-192.85549579601886
167.276013670238
-242.61880613187057
-2.194324827433851
-187.27046515218254
-25.832745573309516
132.40304053205637
-19.19352551553241
-52.715854162969094
156.76119523620025
-48.799472870057485
6.052419055571589
276.6205576004914
-57.5955416080451
-33.156468145023
313.0282122084658
-65.94914806938834
199.76890190414116
338.8068673809273
105.62804709820311
62.69735604688911
-46.14060401728938
-101.04812415805273
-326.50070048343474
91.73455530061179
-15.943091783323304
25.225483727401098
87.88740136831126
-214.5298098752793
-31.90373767843392
-339.3343730842359
-269.08833597145633
57.933306865309206
4.204563146730119
-77.94786348915886
89.3148153806335
248.032274096507
30.906076822798056
-150.38383505178484
163.96595379491995
-163.20853477348157
-85.80387712278166
27.824549193918124
278.99168348140984
154.807165889421
55.57155456465563
-33.77283096034823
-129.7283923375949
87.10448587111202
392.3227472557778
-36.53341294500512
-182.62398053270383
-98.6514273981637
108.43923757339354
-204.40914055312862
-28.035357114791378
304.1176272324312
-16.425435334238873
-101.6933371137789
99.84379547036787
-196.74699006876685
-52.405244337557406
-45.99686483653179
-151.36561625452245
-145.4225214372539
12.43684654123688
131.35673811667462
-50.85710875254342
-30.87042204947213
63.35676356724309
153.75843727938127
112.52860646641727
133.90421037281837
15.576241952830651
63.5849338255427
-113.08792332073209
-259.8329143426519
44.40836641748146
-55.97113124882243
-244.54167431285703
-118.28944307536186
50.63436172727111
21.532569042296643
258.3726542709907
-80.2495668229188
108.03229543166614
31.953602208326693
-355.62689168255304
116.9652114883501
-100.29158895349454
-57.00678332386258
-87.91860218073366
38.4450341194827
308.05844673479464
-50.537982869021214
-0.616849274779717
-42.23517704082468
88.85985741779852
-114.31216946678488
55.245450689909774
253.91611390716716
-137.19799132858583
202.45309756320617
61.17515212402616
222.3673844011727
-63.52446452395668
269.09467345313345
-383.3799396326405
11.308058714466556
344.5614851910655
194.86640675962747
-262.2314799524242
132.584057665353
49.66546141232278
-13.503550445077869
231.03177417437925
130.2347845052869
82.90061935206572
-316.4624769444568
35.210182103712064
117.36817788131407
108.13143072631212
251.98169891393655
1.970470802921279
63.065200187974916
-238.72736202928792
143.55091642198937
-94.3437714710171
-108.95271286095023
207.18482947808684
156.91334538244814
-193.59212023520726
304.8492183246337
4.1186021429462
50.620270229872126
-96.25911962117365
74.89200205877681
-324.5719757529226
-142.30619589281224
3.7633700466475943
-114.51833078376067
-19.45268876532943
283.6960060894038
-217.6720625492094
126.64856268909664
-18.417183823540284
-87.55676454111585
-150.57687373464813
32.23413456572669
-43.41352496614335
-286.171313427201
-143.9266197457467
181.71755801095503
-75.99239097972699
-282.50649282136
44.900534601353336
-119.4879133707582
-229.5324349860051
-303.5292516012259
-103.68985241167195
84.60275823294835
-228.53972641386193
54.06173746326389
-241.13968843985248
-35.29403357542943
65.4065475987164
72.07760496730516
47.18424344667494
129.22149562762417
4.828738889176863
-124.33239667839922
-33.58193504057191
-328.11004200832105
-72.26628004407092
76.08503675211439
413.68455593463597
-18.935068308916794
161.28533346537674
-43.310104284774965
81.89576471947227
-43.849219781955796
135.69388750059335
108.75923794557949
-65.55613800289066
129.8203817877923
107.6703649685711
-192.46148558272927
70.64172781399601
67.1871264652936
-65.18632030695348
-22.46978508519859
-265.9104576024791
-46.17431562075267
-204.33599311500274
192.4750478071467
-195.89556938770397
-324.2554303285035
139.93796530556992
-128.3051184766113
-31.085380174600793
69.75175812873606
13.522843521068378
-49.532850380988535
133.46228943190218
15.168752557291254
73.64892124565966
-95.12064894979324
