5.263920336624141
12.151393676566434
17.78554532708498
11.093110966273883
11.230524452727488
5.591388090984473
18.057256423699513
5.17961460101638
5.771436593057366
0.21852271021021882
13.444026665456141
-6.386870168381921
-7.20047433315668
-25.230954115017283
-12.612023338126182
-6.854182776474829
-25.549999115334284
-6.896395496626569
-25.231065070910784
-13.249461134110557
-13.267456942523877
-20.23951153005463
-7.889620588378883
-13.188955560322672
-5.757317503643837
-12.451729866773427
-6.4588468026977575
5.2334773645757755
6.211673711129107
0.1822696095389058
-0.37443951851498314
6.4223130807584585
-0.19531238315517369
0.04083589902401988
-6.169197331719253
-5.936719542630395
-5.622117899146797
-11.554773906419848
-18.295539540947523
-11.850706416305558
-5.639323021390644
-5.866093701578066
-4.582612972084395
-4.033176372874059
-4.349433288750339
-3.6723300063011735
14.762048410021386
-22.862906065631215
-10.123029724037274
-16.661857943292834
-3.5474126397573253
9.30119792359201
-3.0389811462790233
-3.0436400506219465
-9.494780327974683
-2.9755653393364
-14.938409862542402
10.905917191165289
-0.9436432529942174
-7.11626665116814
-13.61676197625874
5.11553304591444
-1.9084924589474002
-2.3316006713449364
-8.448983021689813
-8.955037086918368
-9.477603040211774
-3.704364012640905
3.202848487175221
2.4742413465237076
9.218971666539387
-2.1683007808847776
-2.8610103989060773
-2.972216148428497
3.383681935581881
-9.49985160851058
9.810689909509906
15.978744007321012
16.35565012077665
16.315277060851823
22.714404204535622
15.884204994034333
9.243252700244563
15.745797611082535
9.365491204173303
15.614876866463703
22.350568101609074
4.166059868917614
3.8802586641405408
16.866318506159793
10.426451018751278
10.446499536026684
4.379072270960288
4.1820145381770235
-1.2471346670756287
-7.77757726345892
-1.0638902078913568
-1.5313568414873113
2.9010749230133266
-2.5062376252303595
10.00489428887403
-2.1423706593589933
4.10031504878413
-7.870604644870522
-8.025117934744582
-2.476014308729549
-2.811049767694087
-3.0730407802883106
-9.94271100864968
-4.591803323229382
0.3642026430942098
0.6429336932546241
0.7250704307206439
-5.610562503860779
-5.989563256930537
-0.27013838199022644
-6.574429391825504
4.462405216903827
-8.332988516789884
-7.177673627390542
11.063095822468732
5.4577263729953716
-14.21048655048455
-7.6172133846104115
-8.544895303537722
-1.5445155817057554
-8.11017964284841
-13.68543296523965
-14.11200282817366
-26.57220367763405
-26.913341167318684
-14.09297478117552
-7.036056776223334
-13.090273333344769
-13.269867471965995
-20.22656251646857
-6.940904444085241
-7.096550792956985
-1.2340265828505423
-7.411496654985992
4.850916095536131
5.070192351858427
-7.4346629550060435
-18.71929660342827
-24.693052355591675
-19.312990672480677
-18.83175863981691
-11.593740334503416
-17.302098232833238
-10.872589272538065
8.355274887026907
-10.22290079103588
3.152068739471193
3.4534680678253658
15.201553262351291
21.582949321979747
2.6892312034077057
1.991552080004931
-9.010282463971876
-2.9959712111514887
3.6956402319197084
2.9053504812231465
-3.6266307483799256
-3.743354149947581
-4.037491722323759
2.209554893009647
-9.820157355365346
-3.8423414542578436
-3.3236394490352765
-3.4299285563435284
-3.8126758723490295
-10.295265664807095
-22.741431663182606
-16.474150723124865
-16.021475786088445
3.596713783461908
4.300900667881998
10.555294897200506
4.1352670212350935
-8.951159296259057
10.119824925393544
10.342320778586013
10.524395013689622
16.835797834151407
10.544810842831282
29.51908487958101
22.863772682227182
-2.4782995031030604
16.68434644939565
16.227036395718276
16.121010681510743
15.474238711069503
8.899770814009297
-3.1967210383702245
3.717041617979202
10.122677221724796
3.2423255876186454
3.072401874786491
3.1972417335003214
-3.150398370607087
-3.510072191304401
-4.2852027920056655
-4.512828989414636
-10.35020957430746
-16.92453980194262
8.620753737111993
20.684290630164305
16.11243799059384
22.64780189999711
22.727438709102497
16.272370683472282
15.908041447220931
27.884222327440902
8.829137632217973
9.017225649981128
9.061418220919226
26.91576646511617
20.332224311022298
19.728342782962283
19.74336155796307
13.339457213603996
7.791577609224698
7.143611439544474
7.232316653286992
13.17255379143646
6.324253718977498
0.02342983029593282
-5.9447208662125375
-12.24055191470702
-18.73436428118762
-5.98665020290791
0.20117379190045503
0.008665013717622572
1.9568054584227967
-4.377688665147962
8.838959362914784
-10.01636352762646
-3.227411937002918
8.385909401520255
14.379407115697518
14.359104478627396
1.9921187287701008
-3.770209063143205
-3.523523538569608
-4.237170504524632
-3.3127123569811343
-3.1529760747812423
-15.798670951278972
3.1505703774017175
21.56418198389902
9.666874296849699
22.561956685730554
22.69133706594746
22.484014344480933
-2.0120483580847166
-2.4338021200055144
-8.786262093736964
-2.220232347917571
17.237878785667093
16.906302411708268
16.08524294899169
21.96894588129973
22.737561153714577
29.126569728402757
41.95542799331124
29.480747180920986
35.6398396639367
29.189236530167612
35.051341007204975
35.1874345304607
53.679874661305035
35.01777542373123
28.41760919042687
28.621015912605316
22.741134654335077
22.465349012759994
35.12667018114231
15.85789489530105
15.730708364489344
22.396002563330462
16.148031754405487
15.6441795083666
15.08671084528995
14.385934758619259
1.6246543507269122
14.112342255222659
7.956986243510886
8.115736496249529
2.087232953843397
-4.283954758914547
7.716615429148494
20.116701510969836
1.6352168992905227
7.614154151934294
13.78707941130275
7.4201947058371145
7.2435545431841515
14.238304978464235
7.901649021661424
14.265784077257965
14.194583797543121
26.96667914239677
20.785328752177847
20.94899906901172
20.971902388412296
15.504926987827409
8.707066570548346
8.552432404141799
21.73399725733937
27.853032980785674
8.85445824840401
-4.074730054790222
-4.220164872516612
1.7435031211137877
-10.26671194579514
-3.753124063246088
-10.023992580497168
-4.638644525978049
-4.365769822993658
8.700192767179493
2.0524060997551246
14.399336820780546
14.353162496034004
20.917801408658175
20.71395397958469
14.71388074293922
14.935033746554703
15.301091669675712
21.702074891686166
27.77327966812446
15.14455622351133
16.242051635439353
15.985087304077272
16.304583270244944
9.991023462376877
22.660180644688335
28.504370699436457
22.183327030520093
29.065261745639926
35.25844030976929
28.454539034094438
28.20782437316983
40.43917376940739
27.16271919590879
33.89695619599728
33.784444297687884
40.31787990734525
40.02993300221157
27.36576005190269
33.885007546186905
33.66621136912907
33.13574277441459
33.73966448088681
39.84413580255057
33.26623246287998
20.698197428316707
14.690509154500836
15.187342216875445
3.4095560123173163
2.708374901666234
2.8314418555701857
-2.9434758570213786
2.8359320553876795
-3.939768586659217
-4.538438950595979
1.3418743734907068
0.9879197254655251
1.0960712298783113
1.5605323466410286
1.6047438918583845
-4.704123867246593
7.8909545135595405
1.4340583912692904
7.987181571113019
0.9211153392963694
0.8271356255708109
0.20663691761520017
-0.11230762583416123
4.335670409319455
-15.086181310070378
16.09535696640082
9.684069700155751
-9.433644475227908
15.67457953936872
34.636459394842724
46.95987458700348
27.9598318986954
34.35554609726398
34.21953706952889
21.40888844354252
21.73658183546286
28.009304760298118
34.70050215506672
28.672122351317135
16.36177281559513
22.1947550379833
29.24622077195826
35.18178256337534
22.480083155362426
35.2489166687995
22.972268793042335
35.94482604932899
28.685030460246725
35.96489941949428
36.08914132784086
35.89765984646937
29.93691141466598
30.559971626173738
30.402615688471545
37.2212668576509
43.1455354096282
42.7366791069581
35.99106479985604
49.255087393990415
22.869731686546228
29.23843310898171
28.60279611935911
15.722540693412013
22.229032185921767
15.802251229656047
9.325381507389192
-9.715816740993258
-9.840904853805533
-2.947531072262496
-3.7295148383606125
2.813599627201879
9.105594652425763
2.491226953856033
1.94148804216365
1.7701647712585338
7.76776816594369
0.9777072647649423
13.454359122362373
0.28013036411800557
0.6299687292160109
0.7215515947401554
13.577742783339941
13.583682484693242
19.892420703055496
19.671118277465645
19.259568147447652
6.78278777389816
6.64582169511982
6.726240991438229
0.6781949026196301
1.2605415409081133
1.5298548950706679
-5.329450155607481
0.9285392867172942
-5.1636899260085185
7.366888553055249
-11.939437158477958
6.7547664262703675
6.8087728877173985
6.88831148457709
19.918177197174618
7.93961335630505
14.196712376464157
13.996029265721425
14.793111880823318
14.84034314574082
15.843830160855466
15.85270633069065
16.10483141213671
3.73532023858708
4.11437866396805
-2.0144499622734844
5.167286350542738
-1.64271084700897
-1.8317942409172894
-2.229479258895708
-1.7417567914505883
5.025403983593504
-0.5588141140535127
-6.099096626394707
-6.0025553670060114
-5.363634764272161
0.36765457824597814
0.3790223306776422
-5.758512051597837
-5.853195606662008
-0.6324145015226594
-6.628180080952661
0.32013418875553723
0.694205539942139
0.26068157231466094
6.696881420336361
12.60873536564044
13.067702286862199
12.115830300093142
11.806135813869819
10.664818096295651
4.321829258019359
-2.3647113352368057
3.8252523758252925
-2.2298684820927708
23.045804407515675
22.834361578532455
23.605757510269747
10.23058404388256
22.932991591141935
15.728358465976335
3.166766876458738
3.7839062138039052
23.109748415628705
9.65931056879635
9.734333712655111
9.783780065493447
3.5980372456508722
15.749260512783284
15.269919591431275
9.568480459648951
8.955166993380065
1.9459378468380388
8.61646257848311
-9.150317995977275
-2.5270540136598294
3.9194725010593117
-2.3022160228158306
16.715873738891766
9.441845841770581
9.198885769296249
21.95779337774041
9.646720123679554
-8.667359166985284
28.957990239725916
9.4709548014349
-3.1906644069208574
-15.710225699881445
3.148329714198341
21.284139949850186
21.35910111533686
27.19800875525294
1.9003810008397548
13.854870151109493
14.420380998508286
9.19133020590612
8.921190423274735
21.477731932092084
15.328721836757584
14.696860352827578
20.674823554946137
14.880374319219289
15.156678532602518
14.876572835721097
14.870957104556934
27.38071828663517
8.101565553658322
13.582841066961583
0.8557158491894185
13.615050775375781
7.9264201139419805
8.393915306463308
1.646735878681501
8.914877218768376
8.60234940262344
1.650195478287048
20.542667416455405
19.83438439185905
0.8555219017183384
-5.100853168323777
1.5163651250212957
0.0039001735671854443
-6.621069099926177
-12.746870260989438
-13.033606625784806
-6.847411741409501
-18.846234597740807
-6.4349330416825135
-12.465362070654107
-11.438165340467574
-11.460268888400002
1.6645101998561231
-5.298899941027005
1.8837498718833308
1.717524021999002
-4.143288152318037
-3.640573434538719
2.055333525779209
1.381330973329868
1.0920765155949825
-5.407561425879329
12.650794080413002
6.839936747023938
6.89723649280718
12.74623109736416
6.59632833134624
7.4168428348244095
6.882895028250642
7.1822896018109175
7.961548672728447
8.399399192414526
7.7579531288438
8.69633708239027
-3.4145065305526554
3.485716793110359
9.751329682794493
10.179717853132797
10.344451868684047
10.17217673458759
-2.5202774833882757
10.554648178326115
9.648000400133155
9.413785349109581
9.182385858586507
9.205678989540273
8.834392931891458
8.294134469119008
21.077092872773168
3.0639129454244824
8.563071850458693
14.247024741374355
14.10442063046101
19.661533201215157
12.502837993581254
0.08661489462117347
24.61447048431848
16.80222140339292
16.0121600273833
28.96786344612429
16.910719851072077
17.130235675026796
23.388301907745674
23.605957605488637
23.797192040194272
23.681507082281897
23.226102661369403
16.691538926357268
16.51223590006152
10.387026126468562
-2.541157592600672
-2.1364885869213603
-1.1793843171385479
10.031123474975676
-2.9225158065771812
-3.035979073119994
3.4449994126654846
-3.561699321610056
-3.947860621398627
1.4803831361250663
1.6894749498195503
2.326065552223178
4.061352988008085
4.193329650837178
4.146257963906607
-8.063309090737878
-7.781643994374077
-14.054607609624655
-1.7191687974527015
-1.5322978594305356
11.155185700313123
4.254978386472071
4.998607310087004
24.291938183551334
11.366725682487528
11.708471289435684
5.538034373619346
6.106812428262725
6.169416895563001
-12.524913263362178
-12.620472155650882
-19.22161399147625
-6.691696202571801
-6.444921184271228
0.40414904109560207
0.57162358293502
-5.3983434682981875
-11.31822750267791
-29.92045644564154
-5.4347664735258885
-6.2669952410053105
0.19073626672296606
0.561952036981012
0.5406687417110342
1.0365783303041318
7.964713605938402
2.382732921080654
-4.069176163339915
2.6995787999077065
8.415708872766842
7.892918109760251
7.158449695924722
-5.704710087779971
6.849514164233229
-11.945995352567293
-18.222430703825896
-5.201296626387227
0.600468725883169
12.424977977982637
11.912532313624954
18.244524362431292
-6.56593723277705
-0.6174083629299613
-1.1816050264785813
-6.690117765582977
-6.538114933379257
-6.423790524816386
-0.2765708867871647
-6.7870212776512515
6.1727249071313315
-7.0598010636562
5.761073843402403
18.206688061399777
11.870787602682372
5.255002315616514
17.456102266509745
23.819052512773403
17.448098575689574
22.978805638916445
10.849085751596444
17.12402428134452
17.262998991795687
9.951016894470245
10.145165345026184
3.4016086807144266
-3.4587018554140085
3.1164847698990825
15.980056885595923
15.78458562905227
8.864918176010828
14.675703003841106
7.360030714686001
-5.48365016742193
6.843353128204346
-5.0592605183733115
-4.735364821297641
-4.872217125529534
-11.521294285683233
-11.370265112634495
-17.21144430913484
-17.321386930184126
-4.48955400587851
-17.047445615004513
-4.332483080612527
-16.883683291348294
-10.311424692585502
-16.156248486003996
-16.314089725941052
-16.179268519372886
-16.63148562527918
-16.65865718421003
1.958183082849019
-10.358427882283705
-4.816957585054564
2.008592286396728
2.6916488209976226
2.6412638433377005
-10.22940214676916
-4.454089883617914
-5.048638118324285
-4.376785709123068
2.9603102150247307
9.512569314325669
3.5866601669072224
16.267964847254742
3.772008158828765
3.761812205159022
10.222805438710969
10.630777406610061
17.083947633218127
11.09388256466205
5.207533771040455
18.016151928716706
5.364606555800905
12.039032867378639
5.470355001601507
-1.3289134601186234
-1.910195750265191
10.44333865740117
16.538431480726913
-2.960176585449501
-2.8224580633769234
16.191419211638348
3.671547265903471
-2.0259455511885687
3.8335385112441482
-8.93716490512355
-21.738823180368918
-15.188765266456327
-28.456461310620575
-16.170501090145823
-23.23285965000566
-17.249891127884
-6.063068691457445
-12.770985119962091
-12.547565522785485
-5.520508626250689
-4.760605818919946
1.580365676969292
19.72092470595082
6.252826872149415
12.770823020471838
0.1348643055968718
0.19347035475920382
-6.450680428257576
-7.49804612988618
-7.484566989845643
-7.906310296978547
-8.0466416984643
-14.390762464488366
-1.7612847855515095
-2.0910181926448264
-8.88345410449041
-8.623025777928852
-9.101397758733686
-9.052520326824702
-9.067717179193783
-14.391497802907503
-8.376422274471823
-8.974714197657672
-8.58549167286432
-2.057670005340915
-8.937474651431893
-21.57163880416328
-3.9517430154882325
-10.012009068880978
-9.839270285802236
-10.142038688684277
-3.669747058351438
-2.861360864203342
-2.688724865872519
9.848499062342952
-2.2201114303666043
-2.2918819098442236
4.264441177668969
-1.8824329236083042
-0.8134285425535464
-1.8566571950874888
-14.488531451265462
-7.969243924629851
-1.1181256645847466
-8.082511931750686
-1.848237972002146
-2.250341194825413
-1.0388202017417947
-7.202934371275779
-6.778356510054459
-0.28991085390261606
-7.1935571408028185
5.727028296881487
12.026287199635313
11.775892351278396
5.474308646594768
11.534075997220587
10.51811060654254
3.2686488476186746
3.2629346385356093
-2.7387150639508353
-2.8622711828175604
3.467801444004216
-2.0687065235516973
4.362413393131354
17.272207350935922
-13.480787388528743
6.288067522495439
6.609261785364813
6.703792309137421
-5.838298199876849
-12.44228098669797
-19.452233167048036
-7.472272482936377
-0.7862202636538249
-6.571192615611933
-6.265425973107557
-18.586753869016
-6.270002495733377
4.906813666389237
5.2072520057486065
-1.0915882095698117
-6.447383301940927
-0.33436114417857193
-13.252617871462158
-0.17085342465900744
-6.3936106374339055
-5.95319421442576
-5.965405849169794
-12.84529137425227
-12.81867439871784
6.67762892514103
-6.279206693122958
-6.878593274337084
5.7819513537924285
5.938775448670262
-12.962994618747075
5.883555368388121
5.2407967786791945
5.290943130817121
-1.1631515023404153
5.7355017584405426
11.946175997762742
18.21992965274089
18.569082429140273
25.070963984557096
24.468081172803526
24.993285272487253
18.10022598519829
11.978740882248886
12.316984477987779
30.624522349820175
25.334384979576686
6.4892253715309
19.437317251744076
25.717001118077977
19.77563259407748
26.11339816887053
26.543306736704146
38.994933944177575
26.664787990038274
12.674613924849604
6.450703576658471
6.313514257212568
18.26736757323232
17.720214811570017
17.494291917685267
11.096663700047246
22.652708410406
9.862806511659183
16.84164112753287
22.952325863170856
16.06495637432312
9.399427886939913
9.290027914619197
9.138743559233006
-9.601777885156004
-2.965609209883714
2.912988523603434
2.487692890839954
2.069495930516552
-23.616268003502437
-10.725127957186162
-4.26163793396288
-4.783436650110075
1.1650370023634478
-5.6616890217709726
6.993237863354427
6.683637234124602
0.6039362608461766
6.57770960802143
6.770695186815193
12.829322613721457
6.805522519043544
13.315156190623377
0.311932834095239
18.912055990999495
0.6546795287843052
6.645120416578688
0.24315016638202952
19.252648233668065
7.610333523314034
-6.553731617754185
-0.03160604223920965
0.2564051158787646
-6.0383879229084645
0.5212746383172113
6.827834616669692
6.89321008503364
0.9615625617189489
7.57455610888142
1.0665691486488669
0.7662015848050164
-17.98808927439744
-11.711023552886394
-4.778704781825784
-11.290754319008826
-4.366146689710357
-10.521751801099638
1.2524796581451665
-11.124932248761283
1.0145354469986891
1.0911865247303716
1.4099988689437564
7.295369802524569
-4.6668119745466345
2.737103355577407
-4.143750667938203
2.103779380369314
3.3781324493414147
-3.386852848321123
-9.701012898018918
-3.1389209015750983
3.0712400066136567
2.058042173053083
14.454002385734821
14.738457515912524
21.03212104966453
26.66182608725817
26.778927662193897
26.714716821099874
19.3312776874593
6.088535242937537
18.41735015643537
18.506007253791047
12.196282473600414
-0.16241842423947633
12.133648332049706
11.852941046413466
4.748581122854521
5.49035524041559
-0.7717600354121729
5.303258715280081
