11.14532981935234
202.09536427800933
-22.529619542188772
-41.364879455116295
52.757757276611436
-204.6417075862759
-80.89159309017073
86.42314143592505
-251.7731197189282
131.8902611928382
-104.70048634994289
-117.42680797705094
209.7105248203416
14.94435776656214
-52.823849715028054
-34.93894518634426
3.7963473618005974
281.71575372501434
397.687283224144
192.46001523043017
90.11408540587344
228.056819302573
39.62624743751445
1.928702513641678
48.76006336244052
-226.32079971393836
14.566279605591518
110.2424327842056
175.44428667667196
50.006764597063665
155.13145956911552
-146.54395959685962
-75.4507170716319
121.3497798854422
45.00864684003803
171.16587319274308
44.436225550410526
220.37490360002573
157.33058340813767
130.93621641721194
168.89916354352707
-304.55140942070665
67.14988873729081
199.24430625071892
97.86735274622063
-21.960623218577766
16.345092516332954
-178.98152237704605
-185.55431182798557
173.3846150495941
237.99686402408233
376.56838266198577
199.61901139137777
117.72984149773353
42.06115018643137
-65.65466278286175
-84.62079306450403
400.9288321882932
-6.888401591005733
-75.08867055526302
324.9200428785958
-139.44608191619903
-24.423359435348086
157.70921441165058
88.69879384478263
181.67310685311514
156.04327914450522
-7.418584888235391
-39.30028056433321
-271.8701071191231
-121.9446890083585
6.716266537158792
-87.32137923403828
100.36594503169367
23.478838422857635
28.041871228580398
337.7201329251245
87.24056806245842
-30.80066699436512
-270.7095387952889
-158.44850142614163
31.954372855355544
-84.29204435073464
-18.257122333635838
81.15283514087895
81.64388516128268
-122.0850856637637
-203.40765570335978
-118.91066947814714
-176.25017629747163
54.117792257367434
11.409479899319225
68.61968163420569
-146.257548976137
4.677207695433515
-258.9370638360995
-247.2068812903973
369.3382585493606
-102.06666135962355
73.91375628012445
91.64264020553155
97.39886138585476
74.50876348366303
50.64099630004295
-14.476698591129155
-100.67701082177663
101.5194387425711
-42.80263513607415
-15.464069325021867
116.98107674039619
21.533212607540893
-198.22943992650386
141.06326197671834
-136.01085920679648
-81.94445270911217
-17.361551267208583
-190.37935361786927
-32.56517387198806
-4.277610902111993
13.444248307497078
-18.581479907300835
-112.79494305463868
-23.19990481661467
-217.89150195714976
4.718022018560205
67.65581371328045
-70.62043294187454
246.1639004582723
-218.3423800672058
83.23585416254143
221.54499318694008
123.59373262567625
166.72138576289285
-273.3832526928048
144.80474177502785
-30.712247243792707
-164.31026895643595
98.74754829584397
28.93130768697708
230.94530571360585
34.696078165340346
-398.36031395438937
95.28981839828096
45.11716495288511
65.47777413863811
-52.34549912013086
-196.03549030414146
5.525102566266302
99.03244548028492
91.94345589901413
-202.71545422236593
119.09525090184209
-125.00848095702774
-119.55013296419779
-1.0768849528588804
62.91444815918634
-88.30152554224236
62.81635316002472
-88.09767832275917
-46.208198069087054
-109.66243513619764
-96.88450671286766
-2.433481781845923
-83.9619625441515
167.67638999365047
-64.64201442656037
-95.37660541916746
104.43776544010656
9.858102172416674
-103.14736927394421
-34.52992579769238
223.9495239511956
-54.671652731179066
-86.70113052933962
-5.290140150294667
19.954045865025797
227.3284317995393
-36.60044757329816
131.85205002803318
130.89937475267956
-100.64698746770398
-220.37051013589033
2.3732914567982504
64.91384910803549
-337.1782894281315
-310.6124493288562
-0.5441907983424832
-44.504166529506975
132.07199383620136
239.52143193107207
-251.27399002438972
11.799725586593219
231.86877913365842
161.6752456112433
-138.38635533542353
-126.77401998576234
-88.8555416221828
55.45721279302027
-282.5382038189481
112.15041392018017
175.8751215262203
-57.44766247825106
9.458548897691488
285.99168769969947
-28.068988904724282
149.85222393304255
188.1632333319566
100.13855910421277
244.11479601499073
-141.64670316058437
-102.80393731301955
-33.59013583055956
-192.84122093470663
-142.43974432716854
-104.37813136416713
-122.6092055787178
-10.21583132413282
-203.34953383966587
-120.33783588301408
-127.09143205201298
-182.59463993301972
-274.0231335388846
-61.68948414436557
-66.88051829241347
203.31822016062108
-17.252723844235405
65.10654979970808
31.436607289135413
-87.74211517163404
-95.16214766075817
99.6609630355665
136.02132770690062
110.03791799042412
205.86610189943733
213.9821451051251
-81.57311777837698
7.2337045255804515
55.16441175925016
-145.57077667924383
36.20986796398876
-126.39975691328138
96.3843413284959
-170.31301313960986
80.78738043317392
108.41841929509194
44.75583323151675
47.738658437970656
-241.80156508527588
-462.0857076735305
-368.35219946331165
149.9201913390192
125.74479692394593
27.63287618103152
70.79002936199174
-69.54757436057152
157.44732765034504
149.11647404394688
16.487974990895072
-121.98921546122455
-59.672917327949285
-73.90784463776875
-80.3688245242984
87.4323038886907
16.943959295559466
9.929175254013025
52.7563627998967
-132.57205328313714
98.72064662801506
48.24073847508122
30.572261952438232
16.872298776811146
24.71218022327241
-238.4799419065146
-19.556997779202806
162.33208805413497
-195.4313069205142
-213.98000695956878
108.24417798360935
52.9394994985174
9.368601352023965
115.80013942134289
-148.85248223781005
14.89711589935397
132.55012587782423
-62.33103372333287
145.69853882904852
12.34610683863688
-19.00720120490518
163.7905136394263
-201.68863433874338
38.46871505309478
118.39727472410706
180.26545947712816
99.67406563741586
-95.30095898445167
293.6539082033749
80.05156717934958
101.1755304540976
-112.2746318333729
-93.20663693715974
109.16363012071312
114.31354131573718
-0.5243495232528332
-113.94752938427268
155.2023168110896
337.76331069891165
162.78102438098355
42.24975189642726
121.43620868008891
90.31912470290128
65.8893369449883
-97.15868858121065
-187.2346632085948
19.71074096459197
-11.048368658615505
189.3100449043575
-142.57454453345028
-10.009215265147795
130.57180099471265
112.01184188135193
-75.48948964903909
0.6306330750351448
-114.00440081759626
38.110826290622654
-68.45022802394483
-383.10097390545485
83.03272710347925
-136.4309774307456
-92.8793917108521
-88.34109860115333
-133.65089530289552
53.12946930925347
-29.957101983664558
390.44925041999943
193.15274767852728
224.2588511584391
228.7143189042511
-211.47184058328298
-374.7408472241337
131.959814970521
149.98201770612079
-271.7964709472485
-95.39486000290555
136.31812633816153
-113.2720867663259
-207.72391223599297
-321.7500082999649
86.77743157122346
125.47926694395736
-27.264084388922527
-177.72549487114946
-0.1197429256288669
66.55963894492375
52.848944754828736
53.964305289277476
36.51501158410335
-196.54752735134258
14.048623453904563
-133.584404659938
169.63471540641447
-22.986225141182608
-28.817001458936012
146.65574861855407
214.26534631431258
45.077057809028055
-80.51974547389857
-5.694413891400947
259.46396587947146
-156.3881986689374
168.79473954731282
48.330334324957896
-20.51154781474814
207.76341684335748
-59.67125089564905
3.672262110415762
158.1953268505203
-11.319344057558627
-400.57666592094574
100.86596877594656
-247.34037974829678
-16.01912586533939
-57.15104486495253
149.9703096595385
111.29077541627899
217.87721772821723
185.6425126379907
-120.30756599995931
-12.313665200358619
63.56843394027816
69.94105003111103
39.79128066640521
-66.75133258987734
94.35587382255083
-43.56934213369788
-16.344077875541988
-118.44534156246914
20.57089831327773
257.9975477040303
-372.5402907948005
-9.007073701937907
-256.3686442343079
67.68747072829427
-39.831737138696425
-574.6395928804372
-126.80777814526685
-80.86217616646334
57.373004694285
31.35553963822339
-87.54741401577681
44.27174916766913
-231.32258265680778
-400.70762121099847
11.803694872765126
-69.04613193279098
-30.406664564128025
176.89217706904626
42.86856074285624
122.74068754088647
166.7770166834808
185.87447109659033
-79.35513768369461
105.64165697375839
-260.38860720919183
97.62344333837149
98.42309618377328
66.6361934531481
48.361663426419774
-295.1950084291711
-128.62571622060094
-34.973801305742796
72.7167570666464
63.57639206781941
245.30096857194007
211.42974069835526
-259.8438923232589
-115.7099389836161
-8.889112131576585
59.46076268967568
123.50265629322965
-72.02574001231942
213.13429601270317
-114.53491191129466
-116.8774307882664
-176.1686750355589
-175.6173084811942
256.57154642627927
-238.95538015290157
40.517045848667074
-79.02947348325372
285.4369064701719
-9.233410637445045
140.5609168266556
38.32081610342943
69.45524409334885
130.9230301007987
45.434823381616255
107.18525521329765
-36.9400211102186
314.7087170376052
224.93206845379916
231.7265432588999
105.87532211637595
-120.39278194053396
23.159992890284105
-159.59798665555198
-277.20795080889843
-253.0152696096312
15.833475647040641
-165.50290444018384
17.09646364385591
-57.70555471668642
-175.75407414695295
-314.71175656062655
18.06871361508981
-68.38368715897441
-299.857441249439
83.159183288971
-281.5653254859855
-250.02846403866587
100.62816480254136
81.85354652611252
-191.73595301232115
60.18861566478187
9.31566765815325
354.5349335421513
9.267143784545592
-110.24323385267927
3.903045160847602
332.1884406669021
1.0961700252805864
-220.01614783176086
-195.29218069561335
176.10776884091834
33.78712168751364
42.46669813847217
42.44167118643526
277.95806202476535
-144.3084587904568
-124.1807833735902
16.14171712836769
45.950798312728104
-242.74599525826343
-49.361238028764426
-68.33159378952978
302.822062001494
-36.82006030217478
-13.634160510401372
66.99711384842276
194.6023446733976
182.36362352865396
58.21778710301324
45.376468356245255
116.0784368088824
110.69530393342919
164.35870792614412
-25.628395490118532
214.37654996791713
106.68417933819941
-218.95057493128874
-211.0939985145583
50.81764302460597
20.886827347910188
-86.63763403624104
88.8248921666604
45.58065272065208
-75.87497393108731
172.5383247921545
349.94323965069793
22.05336380099485
19.466899760339796
145.53596226388564
30.746378252647613
-289.59347618047406
156.35464309903043
-7.662885766493598
364.7118958840464
69.78277153967437
-93.54979207775996
-239.68734052355924
-0.6500308058230031
92.90070258193485
200.51593711198618
32.95819434277892
-124.13422227532826
136.23097601226826
-21.999133097379755
-122.99883047354132
169.4002413295976
-38.937295251831316
257.2985548585221
-175.16910109760298
155.82694741420508
-49.959714804602115
5.863522281671411
99.797619251881
-7.519079823123195
-43.93715799170383
132.9178526367658
-207.33861039130716
-22.719510460544846
-62.722003742238115
-25.9847975665899
-238.46637339171676
-92.40368235537798
33.36433553588851
-250.29962557184191
56.66312053464555
100.537758574921
51.13463852860447
-89.56870351958601
-35.03770319615226
1.3602042359494735
-60.30252664378822
147.25493979382938
-46.95210330459454
-205.21286501424404
-184.33042107565936
129.35355220505244
152.56098662130572
-269.8674010434798
220.74564695009718
95.60570830528977
51.90764109269028
159.54228338625379
36.39936466253186
120.04525029886109
158.16445407834297
125.62537995337232
50.664043748110274
359.6995094802841
170.39229853869918
18.20093440050788
-42.94719957256213
-105.10125202592286
-51.15316223602081
-168.00320986163942
-28.949652467893422
171.74724598944812
-81.06782475474843
-237.98660976824078
62.933139269454806
-18.332848879981672
-39.66962542852613
-65.84808526488587
134.11917210474837
38.49716212948029
215.57253458172198
385.2227514787974
-80.91170460484484
63.39993752191962
75.74509991592329
-100.48311020510458
66.34211905729713
-391.61763105994993
60.22080947144983
-26.021382693262137
151.02169522003874
156.98454141240813
101.69290979049343
127.00330995837099
-111.75505583717444
-79.58086764684796
-300.5778503093734
-8.147183231564625
-240.8846111984555
-178.55142640474654
38.42253992540379
13.870188133727844
27.38498327206812
117.42759292571066
47.468553330028904
-73.81376224517855
190.5250726847712
53.36473338964278
254.65520575691326
-36.16554902332654
139.62896563252949
34.638039580063214
-66.34801081816381
16.35353138183794
-52.090954301266414
-226.8559376608272
243.50250151329607
-18.006803434001313
232.53947539225413
-64.14854966193526
101.88978579920698
383.6739842746701
-87.59780269867154
-335.1510625194232
-139.0232151993346
-151.98353436593177
-12.58493808914814
300.0278924031
-133.30270558266227
74.61223672549889
43.71356667639586
-194.02211918001137
84.51193175226926
47.40257487311201
-299.4279553880407
99.84860023266376
56.12314117279235
119.50011931813133
-56.17192185713294
-104.06181056981923
140.61789780003286
41.9030899365073
-142.14660062552593
-273.84673009245324
39.65230742637838
-217.6277254225791
210.09507635814813
-23.473853982943364
98.86921963904607
67.70387644676678
-213.9083256259978
87.0824384975066
-56.55136059628545
132.49576476633032
76.00023222836494
135.5131683033793
34.95537480505268
337.4824355973874
160.4608291146639
210.37882258837934
-196.14309134419798
-114.94095662917142
-52.11228999816083
-15.246303247023768
-28.21289204848517
242.18437177966078
112.08180943669458
93.24973734077197
-333.0138641435021
-150.8104040579069
230.37350556919586
71.44500585129535
-130.08063574813627
-137.055092144935
-49.77283502485297
51.11466486859272
94.76990517339075
34.27730787113987
99.77291744204521
148.61650740242973
-78.20866332937473
52.898946839029996
137.71322675598185
62.90369237618215
-50.27006213862208
157.4930037136376
118.93558798146182
-56.83672098198178
100.99355827601946
-50.864817645404415
-24.859608966031544
39.3354250649521
40.81396191360617
161.7290411329535
-8.427968004340116
5.08586675196837
86.1363818638114
24.191073790469005
102.04944946291212
190.122507910352
171.10572137896492
-55.53354052351434
118.90849371760808
24.860006688714865
-114.54091379616253
-176.0597795405891
76.63287745503833
-131.99803140804713
6.212612771286666
-64.23797828800667
113.38704842460591
150.82468635627583
-31.139691408911922
5.481046091986869
43.63612514752381
-30.468009665259512
168.00500250770406
41.53224763828003
103.59441812675085
46.54949264887834
-23.367148299269196
-196.94585851919254
-64.42677644220825
110.38251892332862
-115.19947873673893
-69.70793992558507
171.249211270582
369.5570774331746
-157.00214323117248
36.932555662471636
42.93732644511216
-101.03218909675543
-13.02504064067515
-163.88324753512921
-49.31294639845974
107.76002921080195
37.64120140859983
40.05806039132624
-103.76820980433445
-137.7163344632443
353.71805163143205
26.691174589551554
-62.235079779480714
-363.27582798456814
-124.52520356707093
-11.29637474225434
-4.534988798955308
288.4363935913944
-290.69997021676136
-3.5593239712112203
-271.3739064169233
-101.39536114641712
-327.8865256450455
-310.52826729806395
48.61524278657089
-34.32044735914881
-8.701192810461695
159.8406584919602
222.48195023420442
-42.26601156221555
-130.0464387748701
184.37478608958335
140.93403682896403
58.91451948247453
9.481543063738755
-150.3725046350802
-68.74546626711184
60.80956638209193
-95.99574422510743
46.62700644647058
-174.29808593936917
113.85735180818374
-5.788035350521806
-131.80863701710973
-13.160825091578193
-45.40467391986043
118.35188213736775
80.44257935509718
223.51911773520203
213.19460678102487
-270.96271433078425
173.63708947897823
-117.11496834717524
328.70510586205484
111.46992409884705
166.20257683065864
231.48897071795474
160.8607938049453
250.69718446249814
-20.78382045630651
-41.34509645043048
-16.258985235567838
191.4597809769894
-85.53570342296436
59.469400707997636
-4.868457202408468
90.27170522730938
-72.85696313425575
-27.451501591630304
174.45828748990465
-32.27864799024691
62.6562625132085
-175.8210131579951
-14.88879337272005
61.031057402471276
173.6016677864193
-153.9899417448873
73.71249919696585
-134.50200351802098
-22.524773863407418
-67.40487635343847
-5.388297938924373
13.28062845475304
-146.05055104340136
250.71865225985024
214.24430471981125
-62.06089346674598
3.4515561799037835
-37.11320446244245
-213.83013622709865
-186.59774177932024
86.22300210478095
41.99165952348841
135.4213649224601
-69.739584974812
-77.72098479341585
-27.16217576911362
-155.24336781845747
-161.94133186361873
-18.404917298984838
-80.9302527787344
-119.35251572172791
-200.09227914408632
-43.63297420768217
-34.18738890132033
-56.38915437116764
-6.486559994336619
24.251082223758207
-76.59945326820481
313.65661473594616
295.3046571592434
132.6613358859395
153.5505614646178
-129.51717130251302
139.5063574691982
-60.47211410250829
77.01389055655258
159.95407423747463
73.2029878766979
-94.92802628339797
170.7884854842527
5.261308716391342
-106.17718525428738
-156.9587039017307
20.038118354363423
158.4118858912895
156.7130749753597
-62.85460179382693
181.64858548816352
206.76459030990623
-64.62131916628289
25.40742726598568
-202.7413421176889
-45.954449512417554
84.96226688967111
-248.35616006311116
6.247101435179737
181.8332187264208
20.23360693788928
258.3334108366718
57.346865457518206
88.90889268843287
31.829111498209073
86.42151871184205
137.18812864367797
155.99754885534946
19.288622540681455
-86.48682435657106
-205.1899695436658
57.71404516388626
-147.85667230753546
27.48314387940179
-78.65022976018801
44.7090695592796
62.925230435455326
4.903745374100512
128.53791093199715
-28.955232113242676
180.2120061020745
48.21794338899662
167.68616645598973
60.40335815523985
388.3139011791557
67.32897511085203
356.6707541886922
111.67078221873655
85.93381592823796
107.48629777643765
-36.40680019614526
-11.418357313314733
89.81040105726086
-155.3694660982309
-213.29010684426643
-218.53271944969106
-22.03602320472326
-79.98438679490039
26.516998965674993
59.18988342819598
340.0561427391262
-29.934572610830333
-36.75952369293169
-57.18064556202747
25.21810839095768
174.0343897482966
-90.07361535087415
25.791650639482032
-290.67160348299797
164.0174285062223
50.012744439928106
244.18018764601385
-120.63939942792061
218.5218842784717
-252.682555522317
157.12610600559918
-25.755311319231968
173.7712966802818
92.20071908102125
-139.19889983644845
296.70218669343836
56.54367261383513
-141.76390133336537
-154.76874785100765
-47.87423385953057
-55.36723191842336
70.7590571798292
-55.14954567669592
114.82875476476815
8.694565805465986
-203.77597542491463
-54.68186097975419
24.764225839983755
-74.04548217970273
-87.02604784118546
35.92043474641083
85.27938139497442
-19.915527989258752
-12.66325751924864
-57.28557739451093
-44.84870072107848
-103.14125296283362
55.44763601850955
86.68978227740877
-13.03243878261213
-164.47720839459006
-126.39812208751175
17.304706042106307
-51.75340459940906
-45.444385807604505
-133.66042035523492
47.39570223137992
78.40207212785705
165.77292593266807
-36.48407260389748
-3.5866047565636907
-41.36419205742437
-162.0095202077323
-299.2577552767887
21.613405929302882
-95.71637309266497
225.64851448057402
107.969197456587
-160.4813300865522
40.01770138140733
-158.7776634011839
