-225.3085524253002
334.42448285453696
112.1482214031338
1.8216068457349806
-36.7001169070215
-89.53472017128976
-144.96859804393247
90.3474199265247
-132.92117576686385
237.1542355831142
-182.20924664043093
-226.20819713979793
-14.679400479923707
290.78576199974964
-48.3004433798038
420.26654997705333
162.1195191265667
-196.23250971592802
-286.51531551016205
281.8495160212988
223.48483087671644
-5.533645839947495
-132.47974423102343
-67.58259219823925
-185.54577747294405
3.3039452213253777
135.98015318101847
-201.14960112893772
8.764742455361882
87.96349244328967
340.25759483239807
-112.73441283782542
-243.0716149250469
-27.527464053752315
-51.05935573355164
-174.03060966349457
47.633841483585236
108.2789449146181
-60.369727655803146
-122.76570665485187
-348.6147581215076
-211.4064976228858
49.35323412963043
175.02747299036136
-195.30361929132678
122.29788182330226
-32.807697398755465
-185.50037714892864
-261.84573984597586
30.157140959814292
355.8841525416529
-135.13636419052776
295.0928804624218
-273.0621323949041
-17.806011780388282
45.5506571307752
135.71745823763686
-200.94036870052767
-299.9908239494835
101.6398033215047
-89.35235452101546
256.9672899730921
12.557607022016162
-60.383005023178534
-135.46046235808288
118.6538110832575
-218.22483514032075
-125.34980119665374
-64.54517306191062
343.4757659749312
-137.50032287842362
-143.72083847168784
-264.41100629787456
-71.49630301914968
2.902879074338119
-99.5867538639617
285.16732879872836
-166.60154309231066
164.55917377437618
-30.767415362002126
-86.5056454173238
13.539987788576049
-207.82263312882333
314.1861338055674
93.34357479241925
139.70055404938196
-14.862598363244164
287.50450017030295
-76.03039386896934
69.30667332850274
-145.64429292607684
-155.58640296911543
127.61299860627875
-23.87601617770205
-72.52145334920603
257.33950723319447
102.30675649631654
-206.04774724424905
-350.94933811239065
-143.8949882774727
-94.47962989955876
-125.08252812161811
122.85099392795067
154.12851955427453
-79.49882196358395
90.80371125707187
-206.22810225065678
-46.29396102700053
-255.54824935307008
13.21691956191902
-178.02705771717336
129.85976440469898
128.3191150114655
-382.2725104685241
244.5274752216313
-133.50071435325006
155.40204205742842
175.34147642193386
156.36370809624734
-17.28777513225118
-3.2477804673186506
121.62329972163808
19.255481460727342
140.24667444979067
-260.9946510082914
-2.7855156380745796
331.04211184087694
175.43223657609497
397.36172430013295
58.38086049876837
-311.91903914772485
-48.54741937435156
190.7060859212429
-305.50533114296474
-301.3232498188823
-2.3639930337519965
-11.606717151389349
-57.361756951912355
119.21542902479312
-46.615853414983526
-96.9269221024479
277.69489556429323
-356.86150285610967
-55.824096789416025
-89.37583686186348
76.61826269514458
-49.78748003072503
99.27826347949362
269.6438448845201
152.88736741249647
100.14593561572131
23.612683473693465
55.078606834794186
307.39259018309247
24.407432903817334
123.84336287818962
-430.9351012945741
-92.52817135503655
102.88782298423993
-30.568757490374935
181.4516624283707
88.5806416016103
16.002400837694253
52.54506195170562
296.7994294964434
-223.67016027728707
214.20914655351902
153.70734248036038
-73.56749412155672
-161.79445866560675
403.28010890468875
84.2027292821564
-6.361228147774081
29.793553093806
93.39020848792568
-42.56304319127091
193.23444491609123
-19.747251255857318
85.69619927544082
-116.2489980231544
-266.38444447128023
-40.38511168347141
17.92409494577725
209.9441294899761
-86.49348862746794
325.1323310955203
103.5835120622183
122.07232993354637
-166.37493941383278
-62.36403012290432
63.73162865155888
12.92840595996625
-74.0685992065806
-141.24916371796138
-299.73393027196414
120.71984130993299
193.00101811214682
206.97267107649768
-7.025990384693037
61.659834147378184
14.06296068899154
-50.04211228150767
-10.049409046789634
-208.4755502250966
224.8863723343204
-19.645438603231426
99.24766543802178
-120.45716750037542
296.7790537568403
86.81235613898916
176.6468166920413
102.66362712353745
77.45880104348092
220.01950719626447
-148.99455003330118
-78.46211466679121
154.59504902838225
-163.01543522904853
-142.24480925867735
-55.78410618508219
-8.765148933430888
-147.32462417044516
-150.94919047766885
28.27101542006219
176.32672382262456
-200.64577139325678
-66.24920112843289
56.80674397354461
-80.64189825887559
10.093237063342913
234.01665827897148
81.29898072790368
122.24900809443417
-122.7063427141525
-124.9979183176839
-283.8532335961465
-173.12931908780334
102.63360361513004
22.043561663956805
49.84624962274166
114.15333537196904
204.14371710651176
-0.4731536576086717
-49.76013643358474
251.13613698331017
181.41707412319906
149.98784410279515
295.414299138406
-245.89615610565494
-71.58874054782687
198.66771851564502
215.6092175637687
44.05054853950986
145.69711981562463
-109.22407164428314
-102.78419152965981
9.588794362320435
-317.3418896975452
24.256259573222945
-39.65343393637023
-228.76927426401988
-62.480700902891066
-98.58834450333184
62.89568755372418
-42.75840556919652
474.1880774830807
-15.618380021810587
-424.0992771096331
205.44286022980523
161.07150353399632
-322.2688730481794
45.04338780185127
83.47506932572924
129.41346365232906
179.51885638208606
-146.25793970691555
167.7996398440593
48.27500133139586
155.35564105183042
153.53805492407693
-76.71700562801536
223.32154420753298
158.6684789419927
212.95834227625974
239.70255512245697
52.9879133478103
-10.023392555417196
288.94945180399105
134.6498610234036
-72.58275657950074
6.426760800029289
-153.55534551719842
-45.444507184898654
43.903797207351296
-230.55879269317413
135.96551596672813
126.28735191369339
-87.0729489184479
363.4475293927584
-239.65786649115722
64.80881188191879
-184.31729643122122
-164.73811394008138
36.773549456175346
-127.62366132862266
80.24999881064389
147.14096872148235
157.27655074886968
216.3078378295865
-61.86515915819412
-60.92677317684772
50.5238405151514
-65.05502069164199
-23.382573814642956
40.94053595739762
-95.90572087398172
23.750066115777784
143.1756563309064
-159.924708216825
300.1326830504304
118.3955376705255
-302.7538405028337
-254.14937307660048
142.98400101326996
-175.1714630261579
154.72192004742553
-288.40620633494655
89.03927312459484
-53.053226822659845
577.1134997285303
180.61916439915979
-77.20464937798197
-79.54091411096827
-87.35459586622875
-323.51044310157044
-46.3271422699091
-67.13723036025613
157.43607497970336
-185.39681641122965
186.49544829644012
23.92150553973727
290.8557807779853
18.924428833496282
227.24307256980882
-175.47503877348458
17.031170525440793
17.552657318611878
28.05072703855744
61.62964465049482
216.98854662382456
99.34658399295529
-417.33564352777785
-61.65835293987228
-239.43837635246987
-38.071590007612464
-351.63225785307355
86.32670689907842
-127.42264508124123
-202.43413627039223
272.95541252334823
-398.07134906830225
63.79119321469857
25.768647342745115
88.28246739308796
63.777504835615886
-52.6324450820459
-174.743628867285
55.18774148077087
175.04762143726074
125.06405268623101
-68.76964149349692
-48.80715851610398
91.88419107434042
-26.523146469226738
177.54525188184945
64.73488131775204
13.628386303191515
-239.61830710619472
226.86141956264922
277.91962276785597
-83.01106388781791
-240.5545432257976
-51.18327563802346
23.105397427324696
346.31891850930475
-118.31938918154044
-295.9830514040557
226.28784866070487
241.7262784505226
261.91858664415656
54.425448885745794
26.019233151107088
-118.20186041463201
-176.45245053415985
-244.3488109320561
95.34488877325622
-16.829181239856116
-168.69302785116324
7.03464907218496
-180.40735715017738
75.83508064906307
-150.8093547404762
56.214406680141366
153.34117576360208
-188.0861299949416
-203.4581595844612
88.98740139109744
207.82729414064596
-30.667105449443
-98.92197390501266
310.3756816734519
-74.19912147354826
-266.05428119208074
147.2437660323688
96.9840094103831
31.302072259001214
35.796536994050776
-32.30024977788963
191.58338673146017
102.49088234511615
-24.845771779803943
93.04608222724099
34.78906771948562
174.94204722676534
-322.7758038536805
-40.582452332268176
-47.310474231580564
-28.865469430006193
-245.4873346240179
-287.117734379878
-283.2398475925422
113.24653584708582
-9.543487530895383
-95.02725027919824
-60.98235698312059
-405.19995051242205
162.97907877525674
-10.335149157015872
273.99596772111283
122.12459474452592
-305.12732659347057
-68.55436875373204
165.20786762374505
-197.24180381068882
46.43345196579243
169.44127681389799
31.95205484708664
-161.38006807852645
-115.20006974315085
195.2988887777398
6.030902252595685
287.8831970446578
-137.69659254484844
57.610482917255844
17.099457424055956
-117.86199255539671
-395.97627127532655
-123.55017688446306
44.4847479423135
-30.290773913218768
-128.4750999196692
410.4355065824372
198.75084754182234
186.21885853097194
118.85486812598337
-143.78732589050125
-249.17045290959808
25.73537944269679
-281.10134959091533
256.95371628134546
218.7245408643996
-8.261650637133876
-234.43872446274258
19.072135413739474
78.59441621128161
246.8370938187111
-99.65383520801534
-60.15544153570825
237.39298730495693
271.7187898405961
73.6970611402648
-139.31948659610276
-311.7881648846552
-161.11710085818976
-176.48544552301195
205.83557963823128
-254.17328859950837
140.55292087466808
189.6843276081506
-278.9169125132663
225.9699745712945
-168.87342739011004
31.537059452837028
-16.66436430778583
-88.07784547684854
-78.52493307798987
9.682790658553554
-4.945224845458719
-104.89992926922139
-4.4809536716975185
177.58500272924454
65.50542586900418
-155.39770916346797
-93.74676009408039
302.1735693855122
298.7793202608241
-5.147515052777855
11.697971462420016
-52.595167398207586
447.13609013353556
219.6004358575707
55.01178339370663
-107.66173886332767
103.90266819885046
363.9910557909298
-36.79995146330369
103.44103314930616
-51.67958138026957
-163.4872488174969
143.58935783886398
-95.47228719917439
119.64412778242804
87.0134129090567
-27.194078530555398
-265.26109520958823
135.77183928146212
15.86644674949346
34.87921011027996
-257.44288374859195
224.52786425482648
27.80709861678368
-28.8674698173332
-65.51352459935138
-76.37446467985117
-75.26686532960228
33.251428695098205
127.51610851793913
255.49505574254724
39.910078949220555
236.1089467395945
-128.79330553545267
-43.80878548455572
-141.96548673467223
38.34253536463051
-75.91211887496954
187.80420702447395
-422.51118666511235
-229.50393491680774
-200.71939680926806
254.23161622711999
-212.65875632090376
-387.45589676191486
306.0607873318862
-27.509898826726367
22.53407452526139
61.985183143450435
-161.8760545635111
212.38018946324283
83.00849261716449
185.59365646735472
-248.80131954808778
-81.17692927193123
-223.8199415465044
41.73084510166462
-137.38547379400785
-149.8713225888577
33.35529812699469
-154.63788329673955
53.612415706781405
-48.32540035159035
-14.237620071065153
165.88421037401457
167.69903950326355
-239.01502546250939
561.4899231715922
134.9874184590453
100.17078543396832
47.098164340153545
16.03579904660012
77.32087963715273
-99.9429260565465
22.62678357492379
73.4603326059049
24.236671789831973
-96.95548582467228
284.1328250027579
-2.6638912397627963
-141.93438811833752
232.82479957149206
-164.32305802227597
-226.36011745794494
292.21797600920473
64.45948094448684
3.9754483826827296
23.395398172333877
-65.53974946018641
-184.08284409438824
35.71629189884749
31.501523271166718
7.229124553837048
311.53891508520223
257.46462598268164
231.57491247615775
91.82009017924443
-72.7326743519079
-136.80617667538306
303.9904497164513
-60.61447509729218
199.04823273340185
-32.22817661471378
261.0937846394327
-87.79826675917721
54.8827123880202
14.02553757679083
260.74882815080997
-86.6992968630054
-199.44542151127385
-50.56320572419293
-46.74278526630867
62.976275998883445
286.7005623702625
105.25982176930572
-169.00796904334743
190.3931460073768
-42.54216212693507
-160.51970718873267
16.171372015007506
-461.7398476010925
162.31420589852806
-23.875213549220817
-193.37545048985865
-118.25399610090088
-185.80140294273937
10.36083873639193
-143.26759638791714
160.44773803086568
-98.63034144186557
-194.17470716477595
157.71857892137655
-13.713679631785142
137.25881968381768
-162.0864340910292
-123.6647831589919
126.71907777189567
22.636200212235828
-386.5386913632582
328.7038173467928
-79.87156769935628
-318.9475399982632
100.5493572674837
244.5147077564528
310.8317438480465
143.37670817038608
66.33520905785025
78.86390893710994
-9.216829998286705
26.262987303766916
235.4641797614417
-121.50803282227052
109.984401647174
-211.09063717799418
6.170877098760974
120.53838354238904
94.35955618872657
-94.92976989133955
220.04055511157176
-457.4834808353306
21.22640477006255
-43.980395286955755
-187.82524053501368
-168.53127193572297
70.43127660876607
357.07310536068354
-352.41253925774004
217.1323362318141
363.07736483081374
-167.65905572473068
127.18832178360817
409.4832658959112
-78.89599971247632
80.41311696921234
-111.58596694899377
-0.7461278310152333
-94.9572182402823
168.0656557850787
-44.42319320587354
326.53077874242723
-45.744244553679
312.0313405293933
-127.31166200058072
207.9731544857049
-11.264937373559102
-3.0795053517542232
-111.41225305502604
-287.85083690323114
209.81303673017624
-119.83055173255407
8.80634346338848
-184.81820471844128
130.68027115498333
-70.00061062718152
152.81905130444315
52.89186985412604
-119.87714901600773
-31.76224483799096
180.81522632604975
100.98500757110115
-99.26773164620246
-150.4933818374377
276.8525418429049
-62.96222612024865
-150.1154147384129
-42.74831639128826
-5.2740445545206045
-60.49896986214397
-167.24850549165467
-185.6293009484818
303.3681357577078
-142.44301052084717
-263.8998754412598
-193.7708193849977
-332.48298673015444
77.97811708515496
217.5048091792866
68.862751296357
-207.42926674408002
128.6339975872749
-201.03587713370365
100.65615423967758
-136.27413625280062
147.97925331450148
-0.5005698117848483
-227.27665806654798
-23.974148915512377
-62.34122590703063
313.70803755948526
141.80765704470272
236.31471959673243
382.95714219912514
-97.69537302526817
212.11727428873763
168.02148040176218
-121.5954158354892
64.68467623910033
117.18303044959002
286.0984300917207
-123.1275073066116
239.71545637991082
-158.39507336224568
-31.393718469320405
-7.9200060744286915
2.2251774166033167
-31.291059582128042
26.26420711288575
45.28986449980124
-186.83285315868534
-84.51841653675157
192.9522294795435
171.36582917689563
49.16558532921783
85.34661961122653
-127.7973419931116
-348.92593493031575
-250.64170006392968
279.6589450936229
-101.55062919064581
15.93260800678281
-39.51497878337726
-135.12750149532133
-50.359721175605785
-554.7488578100175
24.512371011550293
-38.03299151494567
137.26857059555655
168.65911328311057
48.236749236431095
26.368503699528134
-94.16977815006233
21.226544081217614
-7.342021996858453
-160.15107582710516
74.6291995548684
188.8616981670412
-82.48383132665833
-239.45353231756297
51.96952547543088
-163.19578935491216
-87.84045143179917
14.929297341162629
144.13038259803415
-183.73397702984977
40.49878095875523
-188.3007980375175
-189.57054829555665
55.75260446514916
-259.83187527441595
-32.88194864494855
-163.61927346142733
19.57514323338105
204.71317873575245
-20.61767364991158
-172.84313225276344
178.3654972183403
-53.38990188852643
8.491384170005032
284.14230216644637
-19.582373693038413
41.701593306680465
340.5162758581288
25.659029744334234
255.30619082723803
394.5245216021942
125.6505695633473
52.36037776213698
-38.66640126366704
-131.88260416235102
-301.1579409077149
82.26722669922668
7.420055662325371
-16.231236146438164
20.869937017929026
-230.41424318763976
-41.83353553706148
-352.7205321879108
-235.40105477442643
90.18666521167295
20.162436833794075
-78.04565996503155
10.538786934133006
277.94395069784713
35.7598998411974
-47.605287084971316
180.3123798332359
-144.69783174261278
-44.26586206205343
42.02555476839396
246.7235305651422
198.13635685099132
36.82869696608967
-18.631512103867713
-133.76463583873917
56.96747990893797
382.9223352516956
-106.01037814760308
-173.60050746787752
-77.2050783981283
131.45564928336105
-194.78404152769187
-31.214145211315167
331.7280336228204
-14.91215841353144
-94.44080553146313
186.42928939172015
-233.05170025848605
-31.94869183536033
-108.86976750000007
-145.45395375779088
-129.625481403877
0.8044812076092391
152.3441924114732
-74.62613429130175
-16.772058319710805
33.40893902612876
84.34823294224071
61.351460856106755
155.42828014824948
67.87556468108161
2.8034959685952137
-110.79930535463039
-280.7913580105975
-23.004941491182187
-64.94574646022755
-202.50398035816997
-88.55133821950876
18.191498945861774
-17.538879081185513
280.2180600822342
-164.40922642644568
102.38674619270904
68.89914998839654
-355.8228231923618
106.63635374871266
-84.63965438603825
-22.115062974555773
-90.1663862106875
58.708777521530486
317.7802997651213
5.423532195884778
105.2745172013292
8.469699235164308
62.61234330354509
-135.83117379482994
-10.584693088775236
251.3312521697864
-160.30351579779827
233.1801290042085
26.341461046601495
258.68106696814806
-132.8356043652261
266.5277969350425
-356.16787256290286
31.392931820300166
329.42465952134427
237.98180565050606
-309.90590434624806
120.71372235565937
70.77408639719737
-9.812794005317318
177.54620185752046
115.40580218502014
28.28814782323818
-340.42960677488395
4.211855104606492
112.56029213485675
70.57294078300542
285.3314926962803
26.813791877700275
16.9858671087861
-223.85171340796396
182.85103084588428
-32.09477799294919
-94.83837651474853
186.483500305487
193.61574091266573
-187.0750782877931
291.8610538760618
53.71934767006344
105.55720863903123
-46.72488420382168
42.64212136307976
-256.9923948313238
-199.04419955603294
-36.00159498109897
-105.22525031448721
8.21815154784471
331.97005874742763
-177.20385109857025
98.60752600157527
-30.2671939807551
-124.23706733668445
-156.81953142918346
28.77013213780515
-34.00270879692736
-245.00679984291938
-96.45517014497953
154.958754570073
-152.0139422774736
-235.2076220867308
78.8160619638905
-191.730071632964
-288.9675654130415
-316.59526041041545
-123.00919948077092
105.63092777601094
-208.29827741820696
107.1915564193835
-257.3256614006697
9.839473720207936
79.19384367000305
118.3792820631351
31.110360350365767
58.1989306444196
5.223935123872359
-143.03660145578644
-19.100533301358467
-428.86039926093906
5.015728379576901
75.88716637300647
495.25620399629565
-35.277212145954906
181.14612750004514
-25.592915060999793
60.28624705884215
-9.668964624989972
185.368161636709
59.799562617409784
-87.43077374958405
138.84281788083527
71.77318597981215
-177.04452844589076
121.61525599825711
96.81671176271324
-79.30479990911431
-84.6165578502595
-297.3574169289171
-53.02523042098818
-159.30877021131147
180.32488832807383
-209.66915586125583
-320.49885162016943
117.06860641048418
-80.33767754264808
-51.24809133618301
89.08718707269396
20.725010986907048
-56.68652139345853
127.05070361260198
-7.2514074138066595
136.90471242894193
-61.7907550051049
