30.8779833927956
-150.690589338814
147.62672813797275
66.8087095973208
-4.111818921221457
-29.345293500710643
-231.02141911149081
95.85058714762295
-4.208343869706469
-27.68662160006929
-120.23101338033838
144.40239758294436
-20.03913431566655
73.90946791111776
-139.5563235374746
-72.38305954140726
95.72198140854002
-161.53378135498042
-116.56588294818233
37.202588570680945
-182.82389364328859
174.10132692057414
62.0838766231874
-171.12344686890043
-20.82026559889629
155.5813676622875
-13.222768965961144
58.61289671565006
-79.90683829241202
64.89918540180048
21.463831431236546
-38.6861923657327
-38.72268849499871
-71.77780725122788
122.74579441601898
64.96003101032632
-80.76066558988781
14.862756209790076
234.58064090945064
107.23768510231494
197.70986362159357
-40.07196810426966
-8.659526559903634
-99.95744694558118
26.138233406974006
-87.93085072324472
-408.3347068516233
-43.57456982529775
-206.92918907510565
-194.6118434033271
-87.52757004628135
-16.55687066926201
-141.12821025299755
-51.013051443797075
130.33927456058356
148.9463881830401
2.8561275676925675
-28.05804039229442
55.38716342128577
118.33146604567617
95.11318968127252
-99.00973518770867
-79.3319316850842
21.85824444612479
-33.758263067171924
-340.2851444621087
56.980053777485175
-31.801110806267282
-126.89302044953492
156.2521772512768
-158.00633883584132
63.49490072393452
82.74176441519393
-93.02617456791249
138.80853791285836
51.52533478414869
-163.1679507313258
-49.99262659741206
-63.69420846766572
7.148224670148117
-142.6239357720566
-200.19752327196647
6.85150829950177
107.01430948073707
89.25988650100568
-11.135887848112354
-22.750078945416007
131.7412811533874
147.07706369653013
170.17518968037083
113.6629532811535
144.946044662363
33.453282783574494
-55.09827652958883
189.81338135640434
-28.290777544651487
35.71375682215488
-94.45671134522331
201.92204778308198
-217.80803402217194
-30.276270179691842
190.03454585950473
-288.1389213170704
-16.452686146602787
55.475644036507006
61.513172933964825
152.06903628755427
81.04147563938733
-152.86189189103175
34.983123313633016
40.878179978232986
69.22916074872475
-123.89296949637883
2.131639328474312
102.21769359788848
-22.6564717179065
-85.79070090933564
34.802853927316086
-140.59516069976576
17.52113423840179
61.70582386858951
-111.4235373485845
6.092443428081347
-69.59741524628593
-113.0500520970216
-81.31653952786122
55.568274363992344
6.369466534004606
26.607232597918028
-55.49538342498152
-175.39629805603496
188.34917540680865
135.31843442668116
46.35724053921124
-30.11640597840481
31.563504383911596
-151.7144822555822
-19.705915691870032
-69.6802833249754
36.78486553118139
49.801401850934965
105.92315944108604
31.278728022314308
113.31721661987993
-18.608208685473254
-18.63638503328347
17.505978022383033
86.01045029972954
-39.26713688668639
171.6642021518959
50.40347951499687
23.464005271180717
-159.77934431007859
39.064102804329615
-54.52353274818267
183.60722953925452
64.6292179131039
83.5536245731651
20.280770893516063
-10.321226663170078
-142.83614026267247
-172.79653013891516
28.315222284796725
44.541968982978986
67.8255882817285
-107.1810217064214
133.1400658664695
46.23164753443741
77.9177156127299
-192.68121368470335
-105.33677351792389
18.557035998664478
108.14848882195952
163.9649891415273
13.300197375932838
40.370687269289775
80.4179271524463
211.16864606284904
-121.92751885614071
-202.521269243543
-108.60138429359958
-196.6356266921044
-196.75493761267606
-59.26968248015863
21.404576471868175
167.4973717340689
-83.37844411675515
-2.505594799588905
102.57080165868716
39.31418204091905
3.9113207969632087
-177.86432541005294
-165.62941576657008
-41.162429536955145
134.1324528529313
-10.552693116475325
-61.75821093559803
-203.8816933130743
-2.121571469269785
122.63637166466569
22.399583013094293
211.44451350480907
-20.69192276163519
117.13518999636554
175.46631889889633
-202.09732467330562
-63.18661232588756
-56.76929607012034
2.1875026288533723
-69.48567248734585
83.79637666806642
90.50069378633447
-226.0510871198212
183.4217994877222
57.03057286122769
-91.26626148579349
60.63233206457021
-101.06739909800295
-25.63721167701182
41.425926854099835
-97.21583935773765
-39.87350001479578
98.02835765916772
-41.55173444373269
-102.93004304294374
181.0883835867976
-303.9884306770802
-170.43662417358865
-52.21133130832999
-21.020806177511307
173.78395068068588
218.7747313531378
87.52942221407709
10.945917269173423
193.74590807172424
287.74795023487235
190.3458569582691
108.79045658592715
-97.1383699168844
-191.7141940510597
66.76182709201909
103.87498432477152
130.36174816311558
23.677435909048206
243.05608352173982
-59.8115535550616
-16.080024460125433
-237.6698588305545
73.2911467786843
-119.53374211141823
-68.75795849973856
119.68486675591738
43.43827135733535
-64.06720103951038
-100.83428025193841
55.794835582349855
-11.926071884381868
-81.93493384027866
264.67674851239417
101.30364273072462
24.402322594709926
-82.00854581446853
188.54744923592034
5.492923756449186
-81.69109129198796
-22.434056115453416
133.06477156514444
90.34377792246808
-78.35580696622068
-163.67585349339066
43.478810547202634
251.85869892056226
-163.16788631884205
20.93397230443354
77.82055697968387
-47.69551255918652
173.246101236782
186.88926694649206
-33.82606382097416
-82.07460918635124
-75.5082660669126
114.32727693446128
19.631837854772545
178.18655794390884
70.65948995147065
0.12389274560236996
-67.9264250510213
207.41223169860987
92.03913368897722
-147.56798711893387
-341.64518867053073
-21.313023441753174
54.169727350360986
-121.4621053638311
-261.92456637560355
91.74000693297724
-61.82883811562114
215.5147454698316
-75.41767429768174
-13.44525899454429
-14.880500410491635
-160.05666244515808
-321.4365604557679
9.867579244458993
-62.228372260029516
46.687059546385655
68.70277829336335
-34.14270954905126
-84.8840747543431
102.21413581686431
121.80663834768399
-123.96927232955666
83.1629825110104
-93.50622537295261
-118.33895689462992
186.00949707231632
56.43851110537548
19.948615305439837
-192.07533919612007
-2.931926663560536
-177.06926097599103
22.902282761604624
-102.85264085958933
-297.607447300641
-14.497680928656226
53.78715420913135
-109.42062904749535
42.3953294534772
-14.16912165844715
73.28671474390515
-128.472874656874
147.3007379515913
-33.62599830809656
-123.26568179935097
65.44769252678688
-73.56714030274055
-73.19831784126654
14.148625694591972
0.9705824411827566
-36.39424183031353
-7.903097346734222
47.394323976099415
53.60321513527976
-160.98018674180753
-179.92800947026177
25.286543896534255
-14.547394029556518
117.73040418051828
56.539617599223895
-78.9559531116974
272.3009459125432
33.29663499626012
-62.103206645643
127.04220434020088
43.06604347809053
-119.43363356014495
-125.66653914674042
18.669622115185124
-231.04173159545337
-99.93437312865605
-236.88882968322542
-91.51563229121939
190.2452905238176
-11.82568168925621
259.9459756001927
40.520289791056804
72.4117583464542
-35.48706902114092
-22.341389082071316
-41.04756635919317
-89.97238586124233
92.27439317409561
55.02505418116856
-131.37812505968878
-25.189907324855827
23.926885500757628
69.24185205260918
-202.41929753116125
-195.67228059675068
-6.559530548794302
-11.035599663249467
-110.49766740361278
-62.419580070016984
72.59228886827584
-45.84720325799037
-27.52759758379654
16.27298971983048
393.42684809806735
-72.07048056229807
129.6737714065751
-50.094054762962216
147.19356177551785
-130.93494638550737
-106.27081412076781
14.826518649718539
-155.9884916510888
31.807712866363318
-149.76951370622254
-136.49999183941554
172.50293693456172
-23.066777236938126
-52.512739333740456
48.90599844937844
-21.03552367285331
73.3104896973487
-88.41763328248705
-0.9165179529963792
45.26155921701243
-48.65602398422439
14.83898352750133
-49.174989762869934
1.766389278549016
-49.50499566885505
33.81209269223032
196.79509822677136
96.7207541095073
89.9823742674664
-103.47353974671553
147.84852153767108
-3.4056101343590535
-40.767206905231326
83.2397461153804
44.69906242310424
151.49166280911
14.3451710008228
33.545933894983584
15.588369568893482
128.61195859658133
-41.05851917204814
21.609755434100137
-48.564643319524805
139.94300019191553
16.855699511227353
42.36458287975268
-52.05261649896143
105.82361545429222
131.09759098142024
-45.41707925232159
-96.1526555341087
-171.29329127029857
-220.97196965124965
54.70285373283849
34.15028759223488
52.96997829543043
84.15309684806155
-72.76715405051026
-48.525884608714506
26.36475508557117
-130.1224775379784
192.37420710148783
-204.10123960034105
-212.8234319952227
-47.51317200326411
64.83886406930296
-85.63723954990195
113.9466982704737
-29.971947276748544
-92.24109882619743
192.21439826390258
86.19981949248984
54.70084495610545
-53.12941190204999
-89.32034050769224
46.08258838662425
-60.00655404386686
35.09842522294937
-20.261125063914204
-166.62177750436211
2.5501750862013233
134.86562603252443
-133.89493507052953
-233.55464060866817
-9.83044337830244
-137.89560942699705
-112.43585545633331
2.305050333214987
51.107907065023454
145.47321148739456
-88.40307224342449
-43.73189823170422
46.044446639733465
76.5492215578938
-203.71063912646306
105.23818170063261
49.608609582029274
276.4467747701583
-63.01721634523057
189.55696711896505
132.1083912594735
0.7217445369339286
206.08163726555827
181.8243674542798
-162.88922056364788
-108.13462471894336
42.084922332489484
155.48387049293274
73.57264303694953
303.45622423796436
13.819621823730357
51.73523757838002
126.98200624803296
8.323373384598751
-263.34527670859467
-33.072292322717004
65.91796851655037
-42.05668918667149
190.46615221764387
28.402987665375015
162.60009664072845
0.206229395885477
-7.8203214860334835
-37.690980272448066
-13.17825779357287
-25.416713072426276
-120.90016251468984
-239.33214146305863
-56.829963894767026
-163.3205005621597
-12.464568351180636
157.23296461162224
-178.455581072135
151.55859523303548
32.353183855483216
30.35576026933261
-61.970254798938804
-131.6379218405188
52.20964875677993
-16.576921382056767
-111.09152862047927
220.5774856658643
35.86773504270162
-191.55108309283565
148.32313601563146
-153.41403263221
70.33220433941553
157.91824156578986
-20.657943591660914
-43.57903359784199
178.66147114161006
21.924908541316945
76.25787294212007
101.12432527821774
-106.55352568998238
156.96898409396744
28.121647688401602
273.0768611655939
-9.780156305423175
85.73099170435052
-21.729983019652217
15.540754930587305
130.47275113388304
168.00554367846976
11.770337228978732
143.22518218663797
-150.95487504742619
12.427353023189912
288.69487991722997
54.97426937193045
138.13483348537875
44.27333665497971
351.1442651914041
-13.122582926441392
55.73235879794139
25.081390894594488
230.59080953842385
26.349770881548224
190.74978592754977
-180.4779515420746
12.097994764575192
-88.286438454078
-169.06310438069883
56.68206223473438
111.84523004277204
-63.47226369244354
35.90044320096586
-422.4867339852799
-79.984049310111
21.071815757251674
46.73570490582354
-40.93927356523723
151.4811020054602
5.924616841753203
-159.65262926160779
295.8090850958175
95.04917159169665
155.07679622795632
104.24764281817288
-90.45788259918609
209.7083352225738
-211.69791808482273
-41.77982508359116
-86.19156866749383
201.64204125732752
57.62849292514181
-4.829622846712378
-106.58104793420118
-49.402053988771534
-142.61952204867123
9.593027004996264
-42.46199489456371
-199.86934552970249
206.87967762886706
-116.25018277207165
-84.77337859595278
-22.279562695805442
-85.14502140925359
122.19291931564597
222.5532006370502
116.61462317197038
67.50160124962993
79.01782817350616
60.91396205326826
132.34541399649544
-67.19922427585296
98.64665820183792
93.5498411337401
-3.7708555178723095
114.73790017396884
-68.35951585960754
-74.41999627983867
57.21861232421874
76.40562248108492
2.1696976209834644
52.894962260644206
88.81783214111654
-42.0088694159415
59.149841328915045
-47.21955436826244
-222.592402415947
-27.495401413583984
163.15765288599496
-33.58507923951634
168.47030935877086
-172.20970009542032
-96.39459652910593
16.66684477838752
4.262856693836422
186.30790098065341
40.17453414334811
-160.97538513075784
84.49090549244599
28.238291007104532
-180.59626944237175
51.747550087178205
2.233787575891609
14.50561270872164
-90.01927342929899
-40.01973390700917
-89.00242731170216
30.626779262461998
275.60400246054206
264.927598462612
14.053465415167159
-331.53961644479085
11.645299379132815
4.906254906439741
-7.429817615325652
128.3810213446621
133.83533555047342
-4.054139858309846
-226.5799609601414
-151.64859009305943
-73.89443090389753
52.28573186039671
305.9141755308603
223.36971058380584
70.10300524217396
125.17412639324435
116.43051708364455
343.6385187729315
136.99680477892403
-63.81087115617681
36.694248029982184
-77.25032855259083
-165.452329452709
-29.488035047706756
-36.08619976544327
222.35109199886045
-142.15551449378964
-66.54880129064436
103.79586807708311
-149.74989052342454
-352.13231197880634
-131.71341042852856
-162.38177323632195
228.11893827385978
57.723150581701695
38.755474704056404
26.53868362381053
-187.3098534300487
-72.23170997214743
-160.14992249897762
0.5004511243116059
83.35305040545227
-263.62995220476074
-69.2814063817431
-221.33409635351217
-6.701003414776694
-125.79269054111724
-132.34652259143976
-82.28990709539971
-31.229763911128888
-42.935757303585234
-124.25783896677443
67.66511987915685
-202.35523827759783
86.49427751297856
-165.74763533584175
-92.33033487517164
134.58370195004358
-260.46878130175315
-23.582050228349225
-117.72742313210374
-293.94978976137855
119.11944540836356
-92.9758961025022
-4.913601626088954
-256.3972545200136
-75.54746662206743
-90.72212472277172
305.8312391203556
63.697933238539136
-132.6406404934352
-32.068364368611256
131.53328607107053
-87.75582536636962
392.13123061540335
2.5319162152917065
87.42412964948221
-158.62316984949967
-176.81546223388224
11.22988287055107
-102.78692268737386
47.17131086455043
-21.183503176104388
-39.966549778539004
-3.0142889025368658
-110.2475226932081
-27.70183461028091
153.18341561174253
-114.27078366125306
93.16647990137129
162.12484301446517
-74.63844020565915
156.94905276178233
19.397521236091144
-92.9187219900937
-43.932193629741654
150.79624233687304
39.69456784247458
-23.055767373422633
92.05781318564765
-47.63389027018741
-15.061176505235757
-90.72226244147508
166.198324360968
94.13799110374266
101.66089336103428
94.03183142626742
49.02285400210201
3.1865720476064627
-158.89648395914233
16.034959638210477
-104.13135494437316
-98.51985490424303
43.06363088515714
139.11642089469842
112.27357169885309
-20.11535619991529
163.58642492687747
33.968013509425596
-146.69162616933235
-6.808391659851592
118.86705074181475
-63.95101756452204
-157.50027963239688
105.85921200947851
-221.67286897302017
-27.41349305616077
92.92587020967616
18.036631850384936
12.30088728679237
226.61838808774743
-207.61537393346657
42.907440453915825
-189.63034876010087
2.1415624942706035
165.81872322962693
74.41511727134403
-127.19602537704922
-32.86251737418925
-88.46612767788321
13.553193036556463
-5.640537874528529
82.12985288192917
-16.060290503800235
114.74036168225311
-5.229084264604415
33.06142964308051
-230.15119405395097
17.105052338041112
186.75828621581985
-8.740284927365503
-85.28447332714538
-273.3904764936289
-34.51633571441097
-59.29345037706384
-64.67507139643813
-45.21586346210231
-133.265461215391
117.3441671399529
-96.83890128870746
86.08844833880386
78.90683382797697
-122.81710022177433
-103.76473076091844
-97.00325430003687
4.548876581658991
-20.64578038766307
-126.76570121644697
105.19992047382885
-222.23504533562692
-72.2311361243818
9.814338294386218
-110.96886405069918
252.566776916055
-19.572783150438276
192.16068407988575
-130.5032895536143
-30.379700759592996
22.246176005013197
-42.24447784769731
-4.66839223498793
-25.104531162470142
-95.19392074181773
26.554001332006646
7.0623808396557015
78.30459221526283
-198.66140063337033
-46.96125044844647
-16.266140196839537
9.807205274637328
-10.070057281292979
121.91597576174182
108.1282203784997
15.647759332814845
22.40933998323494
77.94457197452112
-131.86493909872775
-175.92356327375242
23.827545172486897
158.23665748379585
151.2749921943891
-137.37138615394883
-23.698434030487324
56.51368565513778
-19.205420516858474
134.05025878132582
38.472019749761245
-143.71767931143344
82.08580858851681
51.70494703393778
-157.2479825922008
-48.447075886623615
-30.829607350112628
-175.6310307648551
-104.9928571608526
-55.86475461170217
-5.655837231139107
-31.403312460846664
7.612210852994815
-61.36950002490038
-117.29230786918131
145.21607131275832
-63.150557058256
-38.49287529819195
-191.06061254955438
66.06834287787953
-32.16540098934488
91.21875221625639
141.82388353217038
-3.735538065144577
-86.4799607196166
-67.3289826402233
-154.75012660926546
-2.2895072218942283
73.80559590710143
-38.10631962067556
288.97247347929107
-44.507467350904854
-81.4203325086176
157.68728392967827
157.40476812840603
56.57649524918639
-0.47564014312714564
63.97252931569117
-111.7228099139276
26.80122614388632
76.20449908765715
-74.19910549508154
140.28992978798198
-137.90904073645135
-93.71429158767945
25.251588574900946
-50.123316846248294
-82.82592729718229
99.47906381953027
4.086403008126886
-147.75207846572368
180.16176158554993
161.03989723545095
109.94545021112155
78.57527571710017
21.122740197122496
-80.39561721417466
-21.558180748217076
49.27258744451446
23.762961294060915
138.7799603406133
80.37694863443286
193.97978009623986
188.8397279069856
-288.24780720402435
-144.47489957334977
-18.96486535481705
-114.88282625505518
72.82679378759691
-117.83827450393895
27.642730383969525
-140.66685675598708
-39.042561784024336
-70.15391160334629
24.997678582744076
-225.1939134849169
183.97875875701905
24.34179525123861
73.79830913598157
40.97950399943997
-147.9803237785509
20.858635017572638
8.482548229876786
-23.888183923161122
-36.390254274064105
59.612635075136964
-104.13206876548988
-23.293367255494797
88.46421230884495
53.82478049763117
-90.42744933372435
-76.4751176931512
-49.037445574059916
-49.04185022449713
170.9207591848711
-48.55443741268311
28.622862279757964
34.20428920018788
-162.90086862861415
2.880758129065292
28.20035793421895
-109.84079457153116
-33.0155493615686
54.542423292818086
-101.06069947153031
-70.32152610831365
-127.26666358274409
-57.0408555240615
-14.28058122473129
23.637101367047606
-89.69091622428998
-158.73952519334438
-126.0016854021273
-213.91490253837603
-18.73505527868076
-64.48980607680062
110.85936526137203
-9.041913769700301
-97.89012277076594
-72.39727418473356
34.31213339858423
246.78432174946752
-123.98414129966783
165.7325663089048
215.77353848077118
-97.77025961755704
-33.77906226171325
-120.38639848201055
176.07179112729708
-26.55875079465738
21.209613871356368
43.194840631461915
42.92240320146037
-82.53927241940912
-110.31899682175779
147.6793016499344
210.20961057514114
-109.69402143698733
75.35577844871189
93.32312711688638
16.674712582244158
-7.703491077579948
