68.34037697861328
5.068351954105402
74.9811182296063
6.218237606274085
-62.88980847555178
75.74279055708996
-31.478177313333145
119.80131626756241
126.33346008863151
150.71945380672133
194.07005436938005
129.59834775381324
-3.469934527240394
-146.85016675680959
99.16017526653263
18.165429650092268
18.945040319913012
127.58407438061899
33.22698741841748
26.613919128445932
-28.47239352344461
35.83437057846839
-12.863170339140115
10.87912203540711
-52.51766533364102
-71.14915317242536
47.98674044253471
28.37723668531771
30.127046850573354
-26.337498947436533
156.9840365699678
-26.10481115163821
112.08310040946215
168.58064345685628
-13.20573391335907
-57.741330408141515
-0.6190073856480396
-69.47405546024149
-37.35928313898236
61.80278488951274
-81.79976464500488
6.187873753017798
123.9612063915171
-68.93047779963713
-99.5331061350051
-106.62492050930125
-218.57200737417367
-86.62037400412088
-12.179283280776954
12.498953835514106
51.12925617498243
132.68014783378473
20.006868679320185
-36.09543252338482
202.59996641702665
-29.6554413618339
-36.657871566545865
-79.66597563130651
58.86809926688402
-47.62804301360277
160.6529917241843
97.4466007901892
-22.55824120854072
26.977099862445048
-48.848925252022184
-11.446671962650782
82.31691541627859
-189.74181745624918
-126.60365191232526
-88.37876924015829
61.76884913093333
-82.62987600302229
5.420887516295582
74.54419972490948
24.36481971695574
61.10405047094767
-132.65540389004224
119.74721003594556
179.96130227068903
-46.86646828059556
-45.88937420501974
17.75597194047588
-71.52473200464304
-2.46914092876223
16.930033287749314
48.560386038977086
-64.80746431636669
68.00498250528048
61.904982739458696
162.25037615102434
132.55285709880397
-4.714104333159677
-36.382927775693894
100.80793523879424
-74.94101349389246
-132.58464611399822
-38.39441271062765
-108.16987295312701
-45.05865044831322
43.64858860184685
94.3583362503273
81.06960848678784
16.611857087195997
91.42550765832515
-2.3873348107322245
174.6117894196262
-70.37669343249385
-108.96031749001361
28.88479935442309
-72.518409961922
-127.3158022597029
-45.861797559226986
35.76019072976319
54.10707772904906
18.67927837447644
-55.137275223187935
314.77582364489496
156.48001564867477
-6.90688787849389
-56.20186238661646
-31.26307389702556
11.38358354450951
42.50494940229612
-221.93459011038075
61.80143341352126
140.05404699331092
63.98768552160675
114.42562141006209
26.827963489705706
32.77865001497679
145.5422650498189
83.22989530713902
136.966746953295
11.686531258154288
42.803984538715746
-45.921121166226925
90.04032261924142
-3.1823088715885874
2.876461813283629
-223.09899262557505
-178.25527979654558
73.23279566441279
120.48784836026053
7.873129830996894
108.55320958631354
165.4145375991714
197.57459146948295
-79.48450650091608
-185.1598345494483
-54.06184659010387
-16.807412513473306
115.07524566575407
2.045882464258587
-6.7134210307022295
131.9928023863896
70.00237691380175
-87.40023561550797
-113.19741519604915
6.90859212167824
-24.99451990527102
101.46397912036105
95.55414028454115
38.88543905505863
-41.827852766642444
-4.987953923656181
-35.97667684564086
-86.72579539361654
120.28766349025166
78.41281432709175
-7.6743593003492645
-113.60942504425131
131.26810123238886
-32.23665105147199
156.3664772806975
-6.536523069904851
112.21912513986388
-97.22709248667287
94.79766177082283
-11.727323926159979
63.58951846866507
25.665055414215537
5.325819280762117
80.677956436069
75.36717121135696
-40.792004304166504
9.412623575437273
47.91588581308282
17.096712216101572
61.547743745189
149.0099590457571
42.234110210425705
224.48130655885222
118.90508226316462
18.516243730148037
75.60849440453316
126.24298926042438
-38.10146509812798
56.532147092528795
-23.688478054551588
25.885747696773937
-62.30447183394322
-46.443673618795
-52.421700310276
28.364908907116178
134.59908391840102
-8.539920113507556
135.18271114350293
-14.966280146394745
-71.28209814087165
27.600929903475674
-166.82686088939667
-108.07207411344328
113.4509940076118
-31.992667690906686
137.28703641592082
10.373877544390854
-72.12958173123707
-40.607147354421684
110.49768840477036
-27.327393477265094
3.3681032895032046
-90.99914139800286
134.94026719982799
-2.643318099165078
-32.87209142534814
87.96838871700817
102.680274762407
53.195691002588106
162.4763403384929
57.413595609956666
1.2703350833985818
45.45691439350874
152.80394042451272
32.5016754170582
-73.73730441777994
-49.106127834905635
51.87626138165694
-86.38775959611232
-16.04690392031531
141.61655087103472
-88.43153068019076
-145.92710982324866
-20.415520781276626
-146.05804764009727
-75.50380803914214
-53.49711745488934
47.77247725309846
67.30572316344501
55.63751225444216
48.200339968023556
-77.7091811714351
9.14863599958668
-21.375149968232588
-154.0925316429647
-79.99907075602601
20.472125102778477
-86.11816981711083
-55.32123828347185
-118.66256542983768
32.832135193752265
-87.03930805190612
13.645957918223434
-20.079159715946272
212.94951985295444
56.199559595870696
24.410171968328946
193.60992112332013
256.31594677289786
-1.664168507190191
67.11806678395277
84.72615610603684
34.04609749699614
39.54058177458043
20.323250008082027
133.9449658555532
-79.63851096047104
-48.07304490083637
-85.78277735962368
6.95425028358058
-23.275105004496716
-74.6440768344299
2.1374711871468888
-84.86945358218689
-15.49047492093896
-133.8701272843003
-101.88649853854652
174.8460672181242
80.5223166952327
16.3691760380235
3.8299370470524376
9.876515456714836
71.14390062477172
90.56451509843443
66.6456939078577
9.92875757353934
-108.93295843893826
-8.279521272464352
-34.85009945067875
-110.50795131659305
-3.5493061907377337
66.46829883787639
35.969454764850155
-75.19358750443492
-58.38854925146497
-76.71086072607785
-50.438306101489744
-52.11425612714393
15.959787632358063
54.466694874731125
-1.5814094281830053
-102.26388206571492
-14.112506741333132
-28.30920443844007
2.158408856805818
-3.798321179779613
-47.66114184990058
71.84109536145297
172.16180534490323
33.74521803734998
64.81983110020631
228.18706509772187
53.40503640450714
35.70582895609909
29.523584139106138
-108.42096893296197
129.74594972250685
-47.61125591328614
22.124530831547155
109.81804162951829
3.4088287001329745
-72.76119877537576
146.5632818708324
170.5194942007341
82.6597937623217
-55.611785684597194
-138.95265076299785
-94.96576416275921
-0.7285299945924465
163.2616054306625
99.3575353245279
80.15769983270339
-51.744317386992336
42.55176209844563
145.29065630293601
-68.22577966767568
-90.70649893754089
-34.318530621076555
-52.693447937296156
-116.89602413383145
-111.83213103410196
-43.75742315452668
-49.927012829711295
8.160887604262
26.429572165032027
-68.06373369270541
-136.02924129484987
15.48251955913024
-35.57760082942191
-16.26134735066399
-98.4087501695745
-48.14593286123954
-60.901599469297224
25.241673142018698
110.21272122379092
96.56324893515745
-28.660853958576883
65.1830612452254
102.64515140477945
-4.0882129945864225
-137.43059503830298
132.1065763640111
-125.15967927990059
-19.57580383820259
-76.81648863965836
36.43832646006995
56.10240703915457
-15.969801886932881
40.10160687145833
60.71891434181923
-101.91373608581503
4.134299320913571
-15.499130104233684
95.01806171746196
69.76647837110644
18.934392054032816
35.59865864369993
98.61685038887197
-27.617106636118148
-59.159931293452416
47.186325831825975
-78.56267546190767
77.24075053100498
108.12116494547004
-25.249663569700274
131.22145460099856
-18.58171471554265
13.813084711312209
20.51233504018502
26.748546003271457
58.64597010555597
102.72502276479996
96.95828706374222
-3.484253985284152
109.14259879265153
-117.97251886460003
0.39511935141588006
44.86969174896008
-48.05958497377556
83.19485141377645
39.582110623791955
-41.87103123205057
-28.656099266194314
-17.027219329312164
126.72538884974506
-69.18690366023057
-93.53520704585657
-100.10430329674423
-0.7684072025305204
36.90306392570882
100.01973771597804
-38.651956675642666
-61.85625873160142
27.560286962419024
-119.96069109242023
-50.15010734293283
-19.39259671873137
67.903766252895
35.439972346952665
-51.447566189564114
-0.8895764677064613
75.48371509684218
-37.700097496933545
76.0499329824077
0.5297698838601665
6.419328160003076
-78.53045836074992
30.061086296700577
-115.64082194278195
-98.17974286610233
27.5449682351811
-96.34900592786089
161.80507916459106
105.12068732607433
107.64918736393723
-55.12252532537596
-16.557838362335275
15.011825380570668
-80.08886358473309
109.70939264892198
-147.25085438851013
-2.7665207128531284
-133.58001102159906
-16.455095964240112
59.06226558206316
-53.28000449034924
-42.091095250068726
45.33374121470493
21.63340118960077
2.423594753906136
15.098645658804562
-23.031687008283324
-86.8821961747991
-11.405912941833614
40.541660994560445
103.99815510256535
-78.23515476351123
-27.93451498642462
153.70160288738745
97.43564781615238
-27.80375502265452
-108.73317473603767
29.36670318884638
72.31964044529889
-53.33992694000518
24.560946215410297
-19.858796516822085
-276.37839878540683
-69.07806972521303
-104.6508615017645
38.917396428595936
38.81114108464577
-23.79488942399158
-86.81648144072636
33.09210295670103
-148.77003108733624
-167.20856411975728
-116.30774775584058
-59.65022999322882
17.5912863083132
-103.00449942953392
-15.89955387806587
-78.65308707976229
141.69139765672773
105.21054268455217
93.48730722753974
24.784411274609877
-50.609273769534035
86.85448332395862
16.730918034604333
104.54388996362906
103.91819654990951
2.7525518354896077
52.926470139752176
117.20695294254774
46.064953129309956
-28.293822710872412
-78.41695667207127
8.434513947465216
-38.41571634601311
36.22642784353089
-5.844866621312613
51.97667591133509
108.11011401628629
-10.25350902584507
46.138195262737106
-40.19808761203006
15.678088153853185
35.386471916707634
58.472850370044256
127.46242988235072
89.73405467267153
-28.32203690236796
-129.26012165124985
28.45662710093332
15.504029335888095
-97.69456185363843
-104.36187744498145
-91.14302903309785
-60.21967637952002
10.390176756594382
47.37533674316443
-23.029480401339484
-4.815172791484728
58.013851157201685
1.6096056794358604
-66.73567841239483
165.75985822730166
-122.77266846960889
-38.784561627369655
-71.45736365738351
24.66761683083479
156.52426677548442
-108.02025430775721
105.9934117862137
-64.20072330649441
28.93189518690424
106.08985644345334
117.57718775497467
174.04445427797663
12.287830118418917
-18.969227480338862
-81.75458659685297
-33.17128584856801
53.51996448683232
-122.13430106480159
-64.9535404978404
-64.14138778601871
-40.63195250247478
118.73551900243775
-95.00567679639005
75.27550077806869
105.87805949456755
-49.37400224178877
-33.63930890837383
16.27579389536782
59.63260429217183
-116.22650906187631
21.39006081343411
8.11455610949097
39.68108778833839
159.23980157807543
-36.76975427352912
45.890605646007785
121.38855437998755
-48.187167807778934
8.448456315259744
-48.519027137016465
52.59552770850447
128.44970751115483
85.47729239246536
-120.8493469802365
72.07841258942499
28.61104735914383
-33.838453970491486
41.96007787603998
129.2083976373802
-145.94669123849397
-38.51347366126859
19.838729511549577
19.746565450368866
-93.07551465236214
-120.87793565461948
-260.4767176444874
110.8653642630899
-72.2958141178387
8.077299852949674
-3.7705913634752406
7.081237414553156
119.51016520254096
-37.8746097386197
0.5260978969780075
43.626548757479945
-45.954252646938365
17.59485813664966
143.23037754448183
106.335456073217
-227.51200722467792
-25.84947750128905
-96.12443597268499
-52.41725835091973
-37.33171790998981
-274.91445586654953
-60.098415190373565
-122.78311439620893
-110.19767902115963
15.991811808698355
54.51455830896697
84.57026756328895
58.753182342696135
32.76941935436041
-18.100482219186187
-43.0613332087182
-80.94453195950653
-30.81342990420178
58.98294830675804
106.41918613436722
85.37695235396014
-3.0994751396388946
22.375995403962964
91.0523380496854
26.179113184932383
12.857996026868822
67.17243100771212
-19.8106644082482
38.104086482382804
134.11272327822724
41.011962073247474
104.41296563680993
-58.560275601846605
42.095279659920315
-8.096253199887402
-71.32671004100008
-99.84565546226031
-144.36357381219167
-165.11259986791856
4.471891388414914
118.70240311882354
12.10808376564674
-92.18179789630051
1.5701454595342206
-87.46748163291105
36.99653150437145
37.601304290715014
-50.54274059002229
49.980501072572295
69.07481097362414
-45.42599852664228
86.56596648337853
-94.80816310960286
5.376743436248975
-32.91969856550844
17.63682401927434
28.846004304717606
147.4121437650671
90.44644691430896
2.2916597478402547
115.98438391312553
-109.45028786436093
-60.27215693376443
-3.345034534802994
-12.715505587957486
24.860111752122904
93.95801498875514
-88.97123519364749
-70.1477579057418
67.63279462779121
-57.32799794550883
-39.228204586151584
-26.61355171724964
8.984897416478171
115.16971041100489
-150.0691855266777
37.213157853784054
100.0583376937693
-113.2447150729552
-38.41961237818632
74.58755127147055
-182.32209219822084
-12.60265795538775
50.352575916128345
-114.80504695247097
-51.305362704495565
30.99953566179561
-125.0091762477239
32.61604361175497
121.02488226924841
-67.68060712642277
-80.12435358632472
-71.85137924521194
-101.58617330332221
-39.388303024705635
-18.95310034306807
-17.482856655131492
-106.0860109543346
8.394318547673917
115.4488753662104
-9.49282864492837
-54.10550117109376
-135.65808250007538
-172.83679429978918
-58.83624462256265
173.044859029983
-59.863909938401626
8.708350428469272
-91.90126372945431
16.43188387214197
-13.96745726498566
-51.39589105260465
-58.12933178488761
62.2648739458143
11.486165627766217
-39.13665428242822
-170.6438448420917
150.1912363733032
32.97987932085967
-49.14461966647556
32.93974919928502
84.78792845716154
0.5383792771428453
-105.18854550825255
127.9012128416342
115.33475533445817
37.74562181312179
-138.53078660344352
-119.57377091683756
-94.63419716030293
-107.24973963771994
-96.73468584200903
40.627238684034715
-3.119447207145865
-52.81045415863032
-96.20749010330725
-1.8183011989412492
47.67023723752098
-47.65342675842717
34.46210688298404
-348.88401180981754
103.20670296972428
-110.31519514739851
54.30701950145987
60.005408135004494
72.94924645555832
15.982216934937147
-78.89387584595337
-5.16209693790282
-36.57084434067287
-85.31608846981361
116.08885308472274
28.491028426790503
-8.982863301040585
-28.270105723698716
-109.64080286190098
-22.21447769324109
9.602407286687159
72.93802213695827
135.62146045548687
-34.11536848097714
92.10947974087567
-134.69389283750724
-153.3335894135775
46.335935615769415
-23.780776102851757
-41.87682248406112
21.897085079259043
-9.5021792026658
-67.02028949629722
-11.954252940520695
13.232219845265535
19.458183014050377
-63.4069418713371
4.913801813853385
23.898031207754443
11.117884887937326
-18.677780554288343
-12.372075144356147
101.7553604524114
32.700456515294285
95.92885194624347
92.4391195718627
-1.3004706008165383
-107.08505717825146
87.37483445563382
73.72510095019987
-244.4179750574967
-74.80375067861533
49.952496137545225
87.76682754915886
112.84193846322694
199.9931529623827
36.86359256057585
-76.67395346479718
-33.697021834371576
48.44174500243927
11.471546890653762
94.8401719178618
13.151482447883303
-93.25489643555613
-106.77410036000754
86.08831697452918
-26.558167138967917
-233.79580958117958
-26.516784268159046
-17.9179071151382
32.82279920395936
39.50915821116573
-48.431378578469165
76.72373980312115
-37.39333337585105
-75.30973574000015
-132.62118692305336
-94.80644521916616
-65.16994927046484
-147.18433960686863
21.13317173543243
-3.5958986216873434
59.5453491611422
-73.68925929388115
28.546281445435174
-123.12323852638357
178.92423772250143
34.41072708452424
1.6978217799861794
96.01549615318315
-48.465539235135665
-10.323546810658534
-21.537589864660927
-17.689893005659833
14.130614001156635
134.03907912789148
-40.59169093351802
-9.39486197266082
-135.88752870060046
-135.52150400729474
-29.89552538755462
-124.2771961392486
14.74746350693458
-98.30339306102212
16.28595651945499
-90.91911387048475
29.016745344394263
-153.4961575600143
-109.12960030244815
68.59147875196378
175.4810047175515
73.51779915326553
-52.21191235134079
-142.91490820822972
-55.97871437742928
-93.21233616018411
25.248011318173468
0.3583180639483958
-11.6570477921188
-12.137686123431694
-44.60700984633821
93.10855600348214
29.761819695842743
98.67330684494743
-72.41032652021207
-28.953426659922652
59.30532073114509
-2.9111949130781296
91.34386910261604
-154.19413947099198
-66.70282612532044
-25.77746541746007
-70.95175152023546
-76.66300163189432
-75.66754602393418
-6.472540444560968
162.03580108231867
-76.49742807336527
-52.4551088537989
41.733078206662526
47.28095150321497
-10.408614990760189
-34.18344982012046
79.79679509376506
-221.71854752867318
-53.2050301247382
-128.10863209499828
65.77886880519318
47.31972628453261
-78.20834077249408
-21.808713094807395
52.96427589983384
3.7589849554168673
48.13818265510285
-1.9424344106837392
-26.308978240682343
35.930133850432526
11.158542761718323
42.90953074177372
5.715046193554166
-19.190307254438498
232.91264150883833
-49.096374990457505
-61.66301245940871
-18.64340387343
106.75536788190789
6.457497934085344
69.45818807934634
-61.31022593338827
-168.39385561955794
-86.07197915356036
65.61366870967197
91.00280802945825
79.63857407445848
-8.042638739896155
160.46689722809086
90.87874888810335
27.657234234893114
53.300396247234055
-116.16516875101678
-15.458790659952337
-22.186365680000726
-28.023865992789066
178.67515838988373
78.68214452572313
60.58492532935972
-8.505115946176032
-44.87821933477729
-207.88649647154404
-14.046105343111128
71.65683878246699
2.2613635515505797
54.36858632738869
-39.61547726502668
199.7761208999377
112.49174515719639
34.21773208984165
-172.1884878897068
25.401543108785674
105.03195614211673
-103.99001392541507
-42.92973256418991
-11.30388874006621
7.865126860400578
145.2554178120893
38.362084717911024
69.66297595527716
-46.37120148506246
-159.26694572943651
-114.84862915744279
-46.92324030405792
47.63923076680565
77.83811614059701
66.18217472422458
79.97835765223923
-64.58618277952618
-89.78757664043707
-153.63071082094226
-27.98955419741633
115.9727099548167
87.87205599431434
87.49707797989691
5.5158947492506405
-50.297636961261006
-18.689886115786056
-40.38204981910537
-59.22355245303898
-173.01467025689732
27.500869849409597
84.04657443256654
-227.5272116369993
87.28363315022209
-1.1250740190210857
-32.66279244420333
-19.18716941871311
67.80247924988092
131.75332047988775
24.859307536561356
30.160656601779845
-19.50933311041866
89.19905875701386
139.30918427304394
12.40407508545875
-37.932725466483205
0.030445893414000502
57.583289476019885
-138.64816375687536
119.38836356095237
57.194500468447615
18.980716038387612
81.9683932426688
51.4182356841358
-137.90019313528794
-182.26544658747906
-18.737318860566884
4.775834099479651
23.763757244802004
