5.633831266184736
5.614474007954129
6.193701460979829
6.040578249745472
5.741030218277313
5.276561975358665
5.979532656122588
5.460952065226438
6.2212683174743715
5.633831266184736
5.189869551348691
5.633831266184736
5.633831266184736
6.443246457759754
6.349662522530151
6.2460442691489035
5.686769273744864
6.368448617592285
5.633831266184736
6.538039241004626
6.35629594396705
5.633831266184736
5.975433023932276
5.633831266184736
5.633831266184736
5.4383378875077515
5.482508867653316
5.81497247399661
5.736642584390921
6.447688303983999
6.097918193528821
5.633831266184736
5.633831266184736
5.320082554784531
5.523506152118085
5.696199687601338
5.633831266184736
5.859511669717387
5.649191810671409
5.633831266184736
5.633831266184736
5.633831266184736
5.633831266184736
5.489321999220764
5.402594882376079
5.599305145538396
5.682571808421781
6.223843608440592
5.444353596678038
5.633831266184736
5.344370614398157
5.633831266184736
5.633831266184736
5.633831266184736
5.614092276368332
5.452288054074307
5.822500075801368
5.633831266184736
5.872140875581914
5.566560545000735
5.633831266184736
5.633831266184736
5.600527344983567
5.633831266184736
5.633831266184736
5.633831266184736
5.736392538654902
5.633831266184736
5.671188438830473
5.633831266184736
5.695163268775573
5.488932264357652
5.633831266184736
5.633831266184736
5.416101126436002
5.493940372249815
6.017796266244628
5.913950362319949
5.633831266184736
5.633831266184736
5.633831266184736
6.0980229346471315
5.633831266184736
5.539614256470765
6.046422776320405
5.6691082119062735
5.633831266184736
5.633831266184736
5.633831266184736
5.758827560490328
5.633831266184736
4.984477225189886
5.633831266184736
5.633831266184736
5.976823639128794
6.372890577844528
5.642784411200081
5.560626468823894
5.601580121090584
6.31329390284043
