5.761286388364539
5.149844155883631
5.2883737281601135
5.149844155883631
5.0668849140064385
4.939347581743098
5.149844155883631
5.149844155883631
5.149844155883631
5.149844155883631
4.6167632329392
4.779237343003909
4.552989240656649
5.149844155883631
4.662566627718874
4.579269615179204
4.855862153689037
4.762669752032103
5.149844155883631
5.149844155883631
4.32127029218225
4.016503004587675
4.68445900667184
5.051485457536993
5.149844155883631
5.536721701821175
5.194885852153254
5.149844155883631
5.149844155883631
5.838036398194356
5.149844155883631
5.149844155883631
5.149844155883631
5.405024641607232
5.492140906953788
4.710544962481956
4.866018022504187
4.315953894222602
5.149844155883631
5.149844155883631
5.2075527249389335
5.363101184739191
5.149844155883631
4.648084787144741
5.149844155883631
5.149844155883631
5.125189249090107
5.4366743529670165
6.121063391153111
5.579822552192921
4.774653574200955
4.950178220111528
5.781380668275878
5.149844155883631
5.149844155883631
5.149844155883631
5.310444714936189
5.503015683922634
5.149844155883631
5.149844155883631
5.149844155883631
5.149844155883631
4.140310535864332
5.149844155883631
4.933708711700795
4.894916884105941
5.149844155883631
5.149844155883631
5.149844155883631
5.409105386835531
5.149844155883631
5.149844155883631
5.149844155883631
4.266966541477116
4.505672653533651
5.149844155883631
5.149844155883631
5.8174771616745735
4.945692873051795
5.149844155883631
5.149844155883631
5.149844155883631
5.149844155883631
5.149844155883631
5.149844155883631
5.425170443595896
5.7490237940512765
5.149844155883631
5.149844155883631
5.149844155883631
5.03430586018391
5.149844155883631
4.696882836871275
5.033744362130659
4.991650649720841
5.051989120039444
4.216008494768284
5.149844155883631
4.315075480378142
5.149844155883631
