5.621972235824966
5.468356505191691
5.621972235824966
5.710108286229096
5.57286726333839
5.350591394628617
5.669813999795844
5.725160973941615
5.621972235824966
5.621972235824966
5.621972235824966
5.621972235824966
5.200102936637675
5.621972235824966
6.053810746343854
5.621972235824966
5.765505861490106
5.621972235824966
5.621972235824966
5.774862389680477
5.9491972322694835
5.621972235824966
5.478963303937334
6.232760606060377
5.621972235824966
6.301093256342842
5.621972235824966
5.621972235824966
5.44627665479884
5.806911839520155
4.960759164470346
5.621972235824966
5.267444469307159
5.634299403426917
5.584300083806815
5.046792161426521
5.817738460276578
5.621972235824966
5.621972235824966
5.621972235824966
5.439067252304103
5.177807117928948
5.621972235824966
5.621972235824966
5.57511677542536
5.621972235824966
5.574755355780349
5.621972235824966
5.621972235824966
5.5991770318015845
5.723527042577919
5.771752417014817
5.6359676784472414
5.317636151163339
5.621972235824966
6.137338545348424
5.621972235824966
5.529549199215093
5.6090405039293305
5.621972235824966
5.821893618498827
5.530294166580406
5.683371760091648
6.007983254075466
6.002644581166162
5.198262888492733
5.033174079924362
5.7634602174282605
5.621972235824966
5.329336711409375
5.723305450230356
5.566059777172049
5.3226960219222645
5.621972235824966
5.796116464977024
5.621972235824966
5.804406920611302
5.621972235824966
6.105768411629141
5.487630245125384
5.621972235824966
5.621972235824966
5.873286685463858
5.164457218596265
5.777529704740855
5.505914796519368
5.621972235824966
5.621972235824966
5.680767595289386
5.891972227314242
5.785068825910034
5.621972235824966
5.621972235824966
5.166265000358342
5.6680861995731435
5.613614997221834
5.676050126220972
6.072131968884877
5.621972235824966
5.30740599360227
