5.714962708021443
5.841670299521047
6.224165899530597
6.133764190473505
5.894844433479902
5.813874315505476
5.894844433479902
5.894844433479902
5.894844433479902
6.006967794197024
5.948850832020488
5.9686731504819655
6.051113315002792
6.025451298721178
5.937786628891705
5.861997676161996
5.8831736547361695
5.9862955375791245
6.003850330835301
5.654254152159115
5.894844433479902
5.894844433479902
5.842871533213042
5.911988726027939
5.894844433479902
5.894844433479902
5.894844433479902
6.090835355222137
5.894844433479902
5.727720202579544
5.7717261393268195
5.824276079671825
5.894844433479902
5.946974132782071
5.894844433479902
6.142247906426201
5.894844433479902
5.907234272129934
6.143028422123555
5.699665375605413
6.057543997876278
5.878287524059241
6.1438551752423916
5.816770513897063
5.894844433479902
5.865428208078684
5.894844433479902
5.9461769375640845
5.954204784004284
5.894844433479902
5.894844433479902
5.894844433479902
5.694498455795813
5.894844433479902
5.894844433479902
5.549306028962404
5.894844433479902
5.894844433479902
5.894844433479902
5.894844433479902
5.894844433479902
5.8583272050156
5.8532190409272795
6.035503242803852
5.749223854809438
5.717002135475524
5.894844433479902
5.930837476727957
5.626068495141407
5.887490505068239
5.705357171095198
5.827298398091242
5.894844433479902
6.21375194400774
6.3152618733412
5.927127854852788
5.894844433479902
6.217601678160982
5.894844433479902
5.894844433479902
5.894844433479902
5.894844433479902
5.95722793624002
5.894844433479902
5.506503559780218
5.639726796238274
6.083320908016588
5.855998263755453
5.894844433479902
5.99693420316615
5.97597346031372
5.630584532268953
5.894844433479902
5.913447552065046
5.9619789590291745
5.894844433479902
5.990849329022163
6.201349406537103
6.02115197244512
6.098201826182029
