2.0665504059255766
3.5326054144090806
3.9755238548776153
3.6223143262482376
3.1890057618581604
2.953481662423135
3.207672076928293
2.481093582631984
2.506117665672882
3.3474683539128915
1.9299929355830914
2.2731815019490482
2.2609317204197237
3.1785754750285355
3.2467963663466772
4.796071733341854
2.4755490050546864
3.281921156076025
3.4972080975026034
4.0116804735919604
3.7959986534025387
4.289759290032935
2.457775127720964
3.914292690899258
2.6820743527013935
1.8735433411024771
1.2916073808230264
1.072580190270587
3.012640137363409
3.338433842383403
4.114200009129297
3.4394422962282647
3.0651404666860813
3.4886819983478587
3.108172906352271
2.8360268118777414
3.9736143422684576
2.4629169392007615
2.58966377887208
3.710300122891293
4.014466585059498
3.9900081540765306
3.7357613041489657
3.9223342725231096
3.1665232644067123
0.3145755958950054
2.3504525362856175
2.6958573110868884
3.97330519597879
3.29139971274804
3.7364843010688835
2.887812797264142
2.8307916431540567
3.0622604411908707
2.474585473366829
2.8865921996790656
2.213866587102721
3.9581192626373745
4.226183064939252
2.340477920179155
1.2937851544951653
2.440607751191728
2.878726582684579
2.3106113882758645
0.0
2.2503399396767967
2.931609025746334
2.830725492063791
3.710521967282456
3.378307577934193
2.0683964639747376
2.9089943091582233
1.9061648889708556
1.7937274245589716
2.309621528874445
3.1909062900784897
2.4870273326993186
2.443968572447033
3.1246489315448813
3.508444948519221
3.5517763564009526
3.232325585005023
2.370358166546905
1.6946976678344647
2.6112419179411623
4.006662885415576
3.779470872616483
2.8163164967352103
4.360152483557735
3.7495256967976323
2.808202355305551
2.4908975655087895
2.947540176012509
3.9875889941200824
3.98283121830161
3.3867285259998914
1.5255254575295656
0.6280927530723819
2.395013082686252
2.838465597364574
