1.4113486736911622
2.3816363773968092
4.136017107042755
3.0730853623360197
2.4787046057096256
2.5738032623044056
3.008280445259918
2.1919098262338923
2.339990639463247
1.616824285967946
2.147109794393367
1.2781544311177946
1.7074135196365927
2.1300948329153484
2.7951971250867693
4.060316822041738
1.4548831498557422
1.4804929556649533
2.1337390328704364
3.5503531546548426
2.7884439153338163
2.7535262629900434
3.2987021656349587
1.8661193557974198
4.006471697292858
5.282886687448769
4.854213817162492
3.8008888379155126
0.4771430740775622
2.3538284514438916
3.626182484058886
1.4063258556461857
0.29991557612498365
0.736868073945466
0.0
3.7637059307025407
3.0901898344836924
2.015920340794435
2.892928200679615
2.222643278697478
2.2175355293286017
1.7753332454807853
2.610004330105796
3.559585312360179
2.2558505640508493
2.7675121535533327
2.017372373077439
2.691942161072532
2.064471385025039
3.1933730749600326
1.366949676310996
1.4318219887998882
3.107003584400693
1.9264283902122128
2.337188771182199
2.14011932040141
3.2379757547577146
2.0681553597368807
1.3005670741310138
3.0984500459933875
2.8467334752103577
0.6644299456713556
1.762557510059772
3.232906488193645
2.6875050812137222
2.95695973261283
2.9765390078365805
2.6839271363462482
1.9002525153482037
1.920896952284858
2.9328764413646793
5.450337620096277
2.3580240325479798
2.5509236648076405
1.4695201628989931
2.7513472293299692
1.061122763017369
3.307976504495137
1.8129802555364711
1.6712471486277354
3.624940606116976
3.049206426594448
2.2486161664207196
1.7174154715246464
1.9166422508881924
1.7324222876942437
2.5554388787304982
2.1823499300221094
3.2669781740604704
1.5136419374220584
2.2178785707472928
2.935240208088797
2.2706137313971526
3.1297961268531314
4.375808565328244
2.9331548546827406
2.950445888975941
2.864896411630482
1.9056430055285922
2.006127243233535
