5.509910574581967
5.743525239255076
5.743525239255076
5.591289773485677
5.743525239255076
5.743525239255076
5.697698101286898
5.743525239255076
5.743525239255076
5.743525239255076
5.520827703694295
5.203865171330567
5.555915140993388
5.442966579286152
5.736279145663431
5.743525239255076
6.028849222597416
5.686026877734322
5.743525239255076
5.743525239255076
5.494900327236168
5.743525239255076
5.743525239255076
5.743525239255076
5.71180033199205
5.743525239255076
5.743525239255076
5.743525239255076
5.633481118376719
5.743525239255076
5.743525239255076
5.743525239255076
5.90461279527625
5.743525239255076
5.736026759722394
5.488891007929457
5.743525239255076
5.773960305846155
5.536792403482165
5.857150580152126
6.117133583746451
5.580459497635436
5.743903324692711
5.743525239255076
5.743525239255076
5.473133606000122
5.925915677410574
5.743525239255076
5.555683618956689
5.743525239255076
5.674342492011521
5.652070680692498
5.809619877597564
5.690221635729253
5.7682472812438865
5.743525239255076
5.743525239255076
5.743525239255076
5.743525239255076
5.743525239255076
5.743525239255076
5.743525239255076
5.705653909339099
5.743525239255076
6.0471558543769675
5.902690004235492
5.489057277182406
5.9779755301727935
5.2719925201349
5.743525239255076
5.509466568653789
5.489570072393896
5.650218754593361
5.832049970700379
5.743525239255076
5.743525239255076
5.743525239255076
5.743525239255076
5.462166629594247
5.743525239255076
5.743525239255076
5.227278415198308
5.556844691122414
5.743525239255076
5.528962258016218
5.677676538304613
5.39486952795281
5.743525239255076
5.743525239255076
5.919991624496325
5.841380039685738
5.82170124666148
5.743525239255076
6.0519331789303905
5.743525239255076
5.664403210537946
5.398415620297682
5.497877002202772
5.739323919612611
5.449676268078681
