4.2529079762201665
4.396051077209219
4.050628921668365
5.165157272438732
4.999711573331835
5.10608895630092
5.091979412250881
5.656897863114567
0.0
4.664752119366529
4.740582419471964
5.6272300082661815
5.45889987097498
4.083896495436751
6.428395142257818
7.605284871397368
5.916855255815505
5.5643577494825776
4.54367950260066
5.55743395444601
5.449183142526798
5.5797275385387435
5.134667142437234
5.198438639445577
4.935080920776742
4.799396839753074
4.841854280273072
4.888828349603628
5.65796131464435
4.365250898805396
5.703993421932319
5.991230197107447
4.341483415930886
4.406341085082063
3.8601915624417202
4.510104814682588
5.164369872038792
5.749703369446626
3.793873621764449
4.814644695979602
4.533210359797247
4.085743991022133
4.135102333741024
5.137698504548325
6.65706180987366
5.368642766942744
4.858390450904019
4.822274629593299
4.045739131143913
5.117399585820999
4.9728199597854505
5.110610792291735
3.9599216677547613
3.7069047302816784
5.912391139210978
4.538438461384025
4.901591784813455
5.245041151963122
4.872859679062429
5.180732633137862
3.81243805626777
6.143252201748353
5.7752557356020775
4.887927345986796
5.342052483103638
3.8672604066102534
3.627159791980362
4.837171882359448
5.099417842446764
4.621781578229398
3.9021459936498073
4.974033651523263
4.688881416415719
4.07187559459141
4.21159077835941
3.488126855553202
2.5860650693882423
4.287579444267431
3.8377111657529834
4.295974392984121
5.334691226552616
5.111853679731016
5.17265395233521
5.4465226261833495
4.869532104144634
5.9612699157291615
4.204539080256325
4.262597940014807
2.6323993805673207
4.460257788853869
4.364408314024727
4.403940530097923
4.549043338854713
4.306794982419353
3.809126474462164
4.905929659675967
3.984920780020037
3.559678230043354
5.117258178148539
4.106157342391379
