5.323544456784667
4.158889919129315
5.214574698589731
5.096846138821666
5.096846138821666
5.119001897515508
5.096846138821666
5.096846138821666
4.545767985021669
5.096846138821666
4.992290087337351
5.372912067813837
5.096846138821666
5.499155459058448
5.730282409681296
5.2902657132020225
5.096846138821666
5.096846138821666
5.092829414945975
4.631172664597223
5.186432146381273
4.514523756119491
5.096846138821666
4.3899456258862815
4.573478891978685
5.096846138821666
5.783208399769011
4.582110905470872
4.841909011013303
4.5060656076016485
5.241206006956698
5.034544785922992
4.727252555557872
5.093217078624711
4.985493457655623
4.951263767891124
5.883143237518128
4.843631901629533
5.096846138821666
4.727529845980245
5.096846138821666
4.702476912972492
5.1361749132132966
4.731985880579444
5.096846138821666
5.316289495227592
5.096846138821666
5.093976772619032
4.746031674700585
4.538293953117726
3.910506970463746
4.609887285758032
5.096846138821666
5.450727182837411
5.096846138821666
5.094254936275214
5.146407749048646
4.644250740735106
4.586911416867632
5.096846138821666
5.220800305039787
4.85406850018564
5.096846138821666
5.305277113329871
5.096846138821666
5.096846138821666
4.562376109000346
5.096846138821666
4.397505986671477
5.183920431517785
5.096846138821666
4.997434216459197
5.149705805737943
4.5328283738845805
5.096846138821666
5.096846138821666
5.001485142389719
5.769770856674835
5.096846138821666
4.3807317971906246
5.7387994041958335
5.096846138821666
5.096846138821666
5.366353911761334
5.096846138821666
5.096846138821666
4.675871108454186
5.096846138821666
5.096846138821666
5.096846138821666
5.145939810841623
5.096846138821666
5.387252086208256
4.925923037470259
4.9774590662018445
4.440833501838511
4.8393871186209685
4.8424228468909165
4.6431518400431395
5.103213291806092
