5.107450587566843
5.7542814259692925
5.949163947310739
5.500997042195268
5.609529742560548
5.6436484457863685
5.517955028206566
6.057212247291673
5.266224834473576
5.18479503692458
5.8326869908795285
6.028045069021352
5.500997042195268
5.470353208774183
5.500997042195268
5.500997042195268
5.626381527562678
5.817277465517398
5.1890876869667135
4.71880877721095
5.802143296259677
5.960136900186384
5.500997042195268
5.500997042195268
5.601972460239393
5.500997042195268
5.500997042195268
5.500997042195268
5.753165919888261
5.616880298004887
5.500997042195268
5.500997042195268
5.500997042195268
5.500997042195268
5.261116772436938
5.500997042195268
5.211182783675637
5.500997042195268
5.688577926301491
6.006206210068447
5.62634648966011
5.166239808023068
4.942306970500926
5.62447225318342
5.677880890469412
5.120585818236847
5.919312395454607
5.7663495120922
5.500997042195268
5.500997042195268
5.799996760992741
5.4567489273876015
5.500997042195268
5.4906971976327545
5.500997042195268
5.500997042195268
5.362678345173668
6.167263635945462
5.495036271806223
5.901577023729774
5.488687407509657
5.633972516586716
5.500997042195268
5.600184219400605
5.500997042195268
5.6830954019000295
5.952021251999415
5.500997042195268
5.500997042195268
5.295038172630299
5.727601957019484
5.596763018140395
5.500997042195268
5.304291971391205
5.500997042195268
5.876844656033503
5.8976674983425035
5.24191481559344
5.500997042195268
5.704609785525729
5.500997042195268
5.500997042195268
5.500997042195268
5.73225037141708
5.561699598477299
5.049382142839413
5.500997042195268
5.500997042195268
5.825482460036854
6.111628832310986
6.600499091526478
5.500997042195268
5.641880400786167
5.714789863883031
5.364374093587995
5.317524911975481
5.500997042195268
5.879515401746541
5.694614288912515
5.500997042195268
