5.417059259910207
4.615931349061615
5.591350463083176
4.757983951868248
6.387221120381131
3.9730008369676493
4.063333193801516
5.511401115726208
4.52286523474371
5.307021540249764
11.417773023787475
5.809785391759864
4.797980099811389
6.317125372025384
4.88617111441353
4.477214168759804
5.30205736927709
5.048673347883044
5.611205379965312
5.101985577366749
6.150011409583335
4.038392945798771
5.034291326115662
5.027445909684211
6.023810166270263
6.137676656594033
5.656172310245678
6.787076140949242
6.111125070169025
5.327339597459604
4.928378493490958
5.1897266201295835
6.403440589677212
5.976732904119061
0.0
3.312295145142768
4.449631190656407
4.472373626606991
4.922617558242256
5.009604311752101
4.406661613376522
3.6581915247868464
4.994089329441096
5.1185980107023346
4.967590040008904
4.3754341578114335
5.269230141656986
4.874580435357125
5.327979028384856
5.752527229899619
4.3416087184321945
5.40240590337304
6.448224617207545
6.490798654576372
5.53743391814525
4.815931722952869
5.803099772153923
5.432039604462432
4.889556458383065
5.519914900183801
5.061998070098915
4.844273684823751
4.599406094065193
4.270273148840388
4.3322960531642405
5.998684722585734
4.594572253330257
4.178100246175667
4.923891786486976
5.440143749038449
6.120528413263138
4.62358706569616
4.92343314353884
5.667956525720174
5.050048154417978
4.57909780498804
4.150043423842516
6.024999152233859
5.724235748989729
4.5682338643676035
5.3790347706613595
5.8123209073735005
6.546354946541134
6.449622205790847
5.637445270543422
5.5576551928967
5.188622837684607
5.838866576235709
5.047455549975537
3.8781830989980426
5.85845566768311
4.3664799639311145
4.4360745603931715
5.713911282798402
6.034755337956531
5.496498526187892
5.479872900971193
5.510722650980361
5.257620198953079
5.2323958299685405
