2.9990091951531173
2.95073710861408
2.1539055603334374
1.8575956604376431
1.4651532794465318
2.086195792866046
2.013795288526369
1.8460747452678135
1.0876604788574968
1.0449879696564905
1.5137977307604458
2.477979239552807
2.7573976730457117
2.3074938926821473
1.9201589327831141
1.877478497299979
2.1345299410533367
1.9028556174817752
1.980949007420722
3.102018696525602
3.436929968308013
2.743253035716244
1.8146172037589228
2.2086836182865848
1.794568962194833
1.4235744218269955
2.2356521154604314
1.9470037707852823
0.0
2.402435366915813
3.49998889035899
2.695261227805095
1.8293708087947307
2.2495094890953524
2.0641021063117466
2.488005593840812
3.3118942127889035
1.9531216944716188
1.9257914481101555
1.5389357806397919
4.99729868102384
3.3177939448013487
3.300675818133511
4.0090250893742985
2.6070865695947685
2.114727580340591
2.4149154808546354
2.169617036879574
2.5783939006356396
3.6983893668968975
1.0684955527666569
1.955224864701706
2.981843572937359
3.2018125721188158
1.8135310012209005
2.215130555957976
2.3051968568749994
2.4595812880345953
3.1495313381581638
3.1469522141123103
2.322114484812176
2.126905603482018
3.3790830627736677
4.269695723944773
2.4616289032672634
1.7394354404748964
2.9867648166153127
3.794673642899226
3.0282343899136674
1.4860772161792541
2.035391968521677
2.4395726079918107
2.8811696470443664
1.7013378538546182
3.065541453409947
3.4933360202774986
2.8328707101139496
2.307687209667453
2.067211276569721
2.8616166455902237
2.1516396513342686
1.60561165227764
1.9884605578718622
2.6566550578476766
0.8543756439075147
2.339102982134104
1.2554062849457317
2.1191029957330563
1.5998021674649863
2.307432367170582
1.8317908111296601
1.6911438228726126
2.17472296319918
1.432014554295069
2.3367676966436024
3.212725006968424
3.031000152699055
2.2687105048517355
2.5912329956417706
1.7257786685408538
