5.981444806541726
5.759366503387788
5.770097545814683
5.741476365620942
6.087657860136308
6.532648480292658
6.218103272130698
6.073587197616661
5.741476365620942
5.68175752821468
5.741476365620942
5.491261471260653
5.741476365620942
5.741476365620942
5.590162500962174
5.765127880135035
5.741476365620942
5.668282365687969
5.682322784135033
6.070690051933356
5.741476365620942
5.602064137447206
5.794719588309496
6.089284226262741
5.625590795381672
5.588096391168335
5.741476365620942
5.741476365620942
5.530921001680663
5.741476365620942
6.040915475683798
5.741476365620942
5.199767424062298
5.741476365620942
5.741476365620942
5.783378419566252
5.727731035708211
6.024709311306639
5.884742549708584
5.741476365620942
5.677723036189428
5.5946404538358045
5.741476365620942
5.741476365620942
5.760680334883871
5.733607244388786
5.741476365620942
5.43930417606202
5.88302528790051
5.741476365620942
5.55720477625873
5.636007019109825
5.741476365620942
5.741476365620942
5.741476365620942
5.416274616953705
5.925221739877225
5.618643526946777
5.535643440691512
6.083677940536782
5.988098655629707
5.741476365620942
5.7763704508089795
5.741476365620942
5.753768474114732
5.741476365620942
5.741476365620942
5.741476365620942
5.741476365620942
5.306834068883408
5.741476365620942
5.741476365620942
5.741476365620942
5.741476365620942
5.72311696592957
5.225809174634453
5.5435197696127965
5.613141080126715
5.741476365620942
5.746769861844961
5.660453535649721
5.741476365620942
5.741476365620942
5.741476365620942
6.074671277191916
5.741476365620942
5.741476365620942
5.707534091290883
6.01881231807104
5.660125603225527
5.741476365620942
5.741476365620942
5.879242911672167
5.741476365620942
5.741476365620942
5.741476365620942
5.445485927438034
5.6732244936920715
5.673168794906576
5.741476365620942
