5.827705174764622
5.552231742730908
5.583221626574587
5.827705174764622
5.684367718982637
5.868225005253777
5.778386013005877
5.827705174764622
5.650146292830673
5.827705174764622
5.827705174764622
5.442474755984948
5.827705174764622
5.827705174764622
5.827705174764622
5.827705174764622
5.827705174764622
5.87065811703542
5.795359800135358
5.827705174764622
5.827705174764622
5.827705174764622
5.823358885118194
5.827705174764622
5.89699996720824
5.827705174764622
5.827705174764622
6.0925287021319185
5.827705174764622
5.972693719825911
5.827705174764622
5.827705174764622
6.073889343141289
5.827705174764622
5.827705174764622
5.827705174764622
5.888117286738259
5.827705174764622
5.827705174764622
5.853797356800298
5.372225042349657
5.859613389857392
6.1250524419095775
5.827705174764622
5.827705174764622
5.863715053585202
5.827705174764622
6.156637273090007
5.827705174764622
5.827705174764622
5.827705174764622
5.827705174764622
5.8063655511573735
5.827705174764622
5.895901603665763
5.416198859008471
6.162483455251207
5.827705174764622
6.174806237527257
5.827705174764622
5.812007649580806
5.984330689646381
5.601235998391047
5.5747003070946
5.827705174764622
5.827705174764622
5.827705174764622
5.8593773796062685
5.7112754347301555
6.126523431323472
6.260354204397705
5.698584424805443
5.827705174764622
6.137594502147158
5.95021005434502
6.146872152638226
5.827705174764622
5.873520182829887
5.827705174764622
5.827705174764622
5.763472471924164
5.827705174764622
5.827705174764622
5.827705174764622
5.827705174764622
5.827705174764622
6.004823368934583
5.954430466292564
5.827705174764622
5.827705174764622
5.827705174764622
5.827705174764622
5.827705174764622
5.7459859402532985
5.958176951386681
6.124337158359012
6.32645480362654
5.6845822414316025
6.083699642167488
5.827705174764622
