2.16617053122061
4.487571438590292
3.9831167072660136
4.47701909812576
3.8239236155686167
4.967493279937166
4.650180805535267
5.267994232835922
4.903699043115007
5.1291849846911175
3.9819632533384794
3.0512980318214096
4.385407880178848
4.653454577744291
5.261997329681388
4.689841465886431
4.724873889669129
3.738366553067642
4.5684429743597414
4.097123902443474
4.781599397343598
4.110842773616827
3.5561878009207244
5.290694720614969
6.005841124828305
4.800418786914982
4.6500841893151605
4.713116151172374
3.3501244691162593
6.909365305254363
1.978496155666095
3.7715132287794106
2.37016971991969
3.95121801429146
3.65879583175658
4.287671512040789
2.93040245650937
1.8284640271545238
3.533027014096192
3.1651057428930507
5.031869546518524
4.72040200341189
4.887392078169698
3.798501383899188
3.1533414557521313
3.9359354045195403
2.089428774839661
3.025052076785036
1.989043045834487
1.958345679364557
3.753996269713284
6.959776841909492
1.8511268108275378
2.380153757447432
6.979458748495253
4.593976733609725
5.546034473909843
5.61584938044893
6.057790974625608
3.3044463120834653
3.822508676711024
4.051896677789752
5.717553492605761
5.755043489337008
5.881795475245917
4.536622501772814
4.472129624318577
3.6457259268762634
5.506527154201164
3.0632617251081538
3.7131348982514485
4.646148164558068
4.047877317957842
6.733189358945927
0.8459305255951897
3.855164988033172
4.3079937054546455
5.621577728421743
2.575390365835588
4.607486361782318
2.4374451321501738
2.532287082404147
4.660232407366899
4.290978992399673
5.528156011858091
0.6528106991436529
3.7829452629950975
0.0
3.309603772953947
4.060487989518172
4.0735625319023825
3.9286031327813755
3.421348505764635
1.50117555126152
1.7944262587192243
5.67599587894811
6.998187994484791
4.455603018055041
4.070817879511477
3.7965309940004017
