5.376996715064333
4.422396892598885
5.352791099889235
5.352791099889235
5.112660387634828
5.510404228025626
6.206260152694167
5.232947100065616
4.910150297203669
5.352791099889235
5.352791099889235
5.352791099889235
5.352791099889235
5.352791099889235
5.352791099889235
4.978057635501007
5.500534625470409
5.480589679796738
5.923277845728457
5.640606958073064
5.352791099889235
5.343410413475124
4.714206192538697
5.770298783766812
5.7038710760259175
5.565027139362133
5.352791099889235
5.465080532202659
5.352791099889235
5.5071145617883115
5.352791099889235
5.888804123175111
5.352791099889235
5.500904570538124
5.827472531564261
5.352791099889235
5.588553673487816
5.774904719037995
5.352791099889235
5.236830372459584
4.877028009154618
5.352791099889235
5.859063687612489
4.621829718609003
5.317475411477991
5.352791099889235
5.13867438627143
5.253434714955322
5.352791099889235
5.161184476075596
5.352791099889235
5.352791099889235
5.352791099889235
5.317547667174182
5.248100773778972
5.088229563415162
4.657449041782197
5.524465004975246
5.383251239049068
5.352791099889235
5.352791099889235
5.352791099889235
5.628939431457399
5.352791099889235
5.352791099889235
5.890546855979404
5.662190216369944
4.89767910123614
5.352791099889235
5.352791099889235
5.48927749972112
5.352791099889235
5.32145646895863
5.352791099889235
5.352791099889235
5.352791099889235
5.697857072917293
5.352791099889235
5.525561328041777
5.352791099889235
5.294244680548173
5.647170249132143
4.842319139895915
5.327134438421615
5.352791099889235
5.352791099889235
5.352791099889235
5.351938400173797
4.9399304095013274
5.352791099889235
5.352791099889235
5.318650337180994
5.0324944259689985
5.687193772704009
4.9457308138463425
6.025524557148162
5.655062856265971
5.352791099889235
5.122707697075089
5.352791099889235
