1.985956459638055
2.027522914852099
2.6276976336059548
3.15560667200028
2.2515943011378474
2.322162703095535
2.108424404510707
3.1860741376323465
2.9075531052801775
1.305509666340285
1.7612619872646014
1.1300499374204929
1.386737999656333
2.88832339811172
3.2084609598842713
3.3101644373671695
2.414096803696969
1.645187671847952
1.1735023405051608
2.6765185394639053
1.916755484540103
2.8627702939505086
1.9576474543051496
2.820008409010229
2.5604024235340748
0.13163032870000801
2.0675667890979184
1.5436864640672496
2.0655019520959312
6.352427812385817
1.029038877546833
0.8797185501489337
1.7510201925652515
3.4930519124143196
0.9902062799781848
0.9712415208381671
2.4329565871900005
1.8547251358050718
2.7525238989326186
1.9909891259403203
3.8580207934529653
2.5926468906624445
4.05976726515972
2.457641772021008
2.73500661130361
3.1828844836999792
2.5011542399512594
2.205180414807564
1.1395509212628578
1.9732445317324792
2.503796476335155
3.165015073972768
1.6805626885530023
0.0
3.7045120618411347
2.288767652869112
2.9590752124185804
3.1148919521965057
2.011054724647782
2.1542260828878557
1.0680977896101003
2.57140047046028
1.4861665040364378
2.061550046131395
1.9522645138839718
1.6258034573838311
2.17597505642828
3.3425944025468426
1.6065321539212207
1.5523010476474801
3.309417442629216
5.7181112342451375
2.768079617151668
2.693206012098731
4.538903905484316
3.10409261992161
1.9934582514065036
4.160000532914806
1.3739587358990408
2.6456624514601956
1.2492937351043043
1.9787519747078837
0.8020410681355912
1.5169334932400678
3.594315410016142
2.690164802839675
2.0095432842417567
1.6307567979198945
1.4337059759266217
2.968181337603553
2.795551251655504
2.6049398934198544
3.3371904460528423
1.1140934514134981
1.8815023379613502
3.020355630462246
2.370914667795984
1.8798587210715683
3.047662180025263
1.3029105324111319
