4.111325042305665
2.6800277642589734
2.531228470740489
2.64168238973258
9.503042997409372
2.935330195835097
2.7680020736998285
2.4616568839243342
2.2858523270861646
5.236062142169533
2.4736496556342367
3.376352735547
4.352689770473825
3.456486265676992
3.8013234473521704
3.7641918136018817
2.832444642038302
3.8935054043345927
4.680013232042894
3.4687775642751797
3.47660292583289
3.990464923485472
3.611840784652659
2.997521606981885
2.6976993901917536
4.330764685055225
3.712890030325638
0.3502993138354289
3.530531539089893
3.3274106559963204
2.749404434184014
2.6775105635432563
4.023653877796182
2.5682847077731727
2.6921911672087377
2.1814079157505475
3.084728444778426
4.46405477796319
3.8838940581873276
3.5097974744441025
3.454735772170495
3.311530462073809
3.170761958616058
1.413663752301927
1.554878309491664
3.2187929565734548
3.5539465148284757
3.6123350388983577
3.317341782372738
2.587190793214973
3.095119202020251
3.553377415260851
3.2976536069544475
2.65089335355683
1.8109497630599738
4.590123141273532
3.580248518745853
2.961663851036996
4.258380262322076
3.9677494962384188
2.5127751306474537
2.747204373880516
3.8361674312913654
3.2246529256098944
3.5264679150734555
3.379287792630241
4.160517169044407
3.927073035942823
3.88068394960108
4.3535144677461535
3.74186926099458
0.0
1.5208950841586917
6.462981800975573
4.895565054959614
4.294480881309157
2.944359615203748
2.5854869795244224
3.455432762458515
3.822489803697832
4.299449556588184
3.7477023268824388
4.275256488033096
3.6473167304059806
2.674038970264082
2.709038332251622
2.9582773059270044
3.7675870340905147
4.331405481787181
4.120058075271627
2.816649498834449
2.916806739984176
3.573511316097706
2.627830840049503
4.221685066864462
4.102931284381245
4.447907772570039
3.316879870343306
4.102008949980536
4.330683689963228
