4.260297612989056
5.3502725357853755
6.015674144889109
6.641476325647986
4.530700767752838
5.056827171991402
4.0210948879984345
4.987561752133389
5.4927995879020575
4.784174422162193
5.713131780596097
4.6925558584303
4.756326514355838
4.061830646878523
5.0142919217392405
6.046056038399285
4.697162462198914
5.56312582843194
5.214002576703507
5.1765049981464015
4.893198467161964
5.836845637989695
4.972950714099104
5.804877042335942
4.509453815910606
4.432815450239622
5.268000946463768
5.831862111588893
5.1228750307054804
6.090228124738547
11.360718012702467
4.888424214918226
4.520829422595117
5.306224501076452
4.376542260895968
0.0
5.068512793160047
6.383276484232817
5.961668228840396
4.972747210612187
5.5616654602651545
6.269518171910464
5.634505383975164
4.7238622614120525
5.22089336760611
4.887512925628176
5.6274727758397205
5.167964650078371
5.4944266254145315
4.891696527615799
5.299675981214026
5.90695278512861
4.998846389794212
5.577481564009393
5.082268148208344
6.095936075001621
5.2731787049033825
4.605271605157785
6.308763381861846
5.488311661601064
5.914851790410859
5.163146102285818
6.294505376827546
7.19195487029536
5.69114974234693
6.455737425280346
5.278704639042818
5.8204560761890605
6.145375955581732
5.660157705125416
5.966130002048306
6.138852900758204
6.261382967253794
6.026789337972621
5.372000515315265
5.014555717656391
5.106593594256674
7.552158628936835
5.649181380970452
5.265594124011663
4.96483959687432
5.169645095401937
4.6829767286297175
5.343971217019458
5.878052192208246
5.92535111139787
6.047386793764069
5.937083823810496
5.650883527824382
6.040243108790636
6.15490076139087
5.856020205773344
4.767960787986753
6.280178090757107
5.055921691458212
4.901064546691656
5.610369262247823
5.578948937178609
5.667091215418658
4.83502471003768
