2.6647278930452343
3.364514733341327
1.7909508942638546
3.1472665967720737
3.1400346596473088
2.7634057275483803
1.784860556572219
2.1845908139109125
2.2487296670259456
1.1575050513095468
2.389315402923438
2.639513852053593
3.244981408809658
1.838274168054911
3.796030705975249
3.0067715173478433
2.9728024722366815
3.9625091454918735
4.216415720330312
2.5611669933726318
1.1418850384562955
1.6628466797625614
3.6923969468013955
3.1341329559974804
2.8692379033906317
0.0
2.8537589095267273
3.691065373665994
1.5907932304386372
1.911006446500579
2.536156935983153
2.8077850156406936
3.167181437322339
2.211526501856582
2.595142881659946
2.076499190696498
2.5244965453182004
2.169991119273215
3.1773425447840147
2.0894800050382605
3.2266489327705052
2.37222621991598
1.6395124166939516
1.8986813572995656
3.1995801084410727
2.93104782032533
3.5134405347536166
2.7618342378782863
2.051064020890588
2.0044622163777
1.1408021475165948
1.0045135345076728
2.3903658219335515
2.565692480045902
1.4766775046019343
2.036963878190158
1.5955543810132915
2.1220188882256164
2.6157572195992707
2.859323046885489
1.2306152188138764
2.431508690169571
1.7947487974522671
3.5710320447952597
3.127317481167416
3.0011437404589154
3.0242133082729667
2.2903073308775737
7.354210012357402
2.069900512661466
1.4819479744812427
2.336328744546509
1.3064286168731194
1.7830841751274005
2.8299105574432093
1.3436136237497402
0.20418627912407938
1.699504923453662
1.9593429929004103
2.5456486265471847
1.3998251907332144
2.019830969597367
2.1633005446977274
2.8598167031385437
1.890555184274854
3.1440790726114303
2.8740498247537403
3.084099880573895
2.4162007189455434
2.9921941976660227
2.7527680234497245
1.211276236701292
3.1579404005100598
1.9899884676995812
3.1506434197791053
2.032551082417167
2.5862078519442595
2.3730178630162557
1.7765081559663414
3.13208966241213
