1.4940303033601947
2.161402954843142
2.6646319259174045
2.659248098290969
2.1094858828592393
2.0315327920410917
1.8199720124389775
2.0042152035165133
2.6243036100896484
1.8017760402981355
1.5222160595760543
3.321717488938025
2.016697795922559
1.7723149939591476
1.3775962448644297
2.355782467560405
2.2880953220043736
2.148441224599389
0.7001859805822839
1.0715347318280164
2.36528952646467
2.1512542684749807
1.3982070822312216
1.3390618956835512
1.4735528656992198
2.5774985430963713
2.340699596041307
2.3267830334174615
1.6105607838916793
1.291681343888355
1.5999846269848907
1.4078665393790044
1.7633394772816575
1.4586858020851958
1.855471009969436
3.2496399987351903
2.4487371917576075
0.9609950812057134
1.8542989710108921
1.562549907858083
1.3650469108268382
1.8889670456556014
1.5700478130361695
1.0724197515849845
0.0
2.2669993816629397
1.0105282584491377
2.381311774825056
1.8488987832755301
1.1829540586896246
2.253870404763677
2.4744626164723083
1.2060429476763364
2.6414682041580946
1.6023402901367694
2.5539812636952837
1.586201518252224
2.7805639448823243
2.9200687517445836
1.3511050220759138
1.410312241058625
3.1135855668322536
2.3682056635806132
4.074420303690713
2.557343308771177
2.9181283784427765
2.1436958664798462
0.8749080239075051
1.116627347156983
1.1770255098194415
2.0254049721169
0.5727086209337786
0.8401151217886751
0.8727065833048753
1.8955166964125023
2.128410054940879
1.463060758368697
1.2455309709628675
1.8829208209086017
2.201714813876462
2.4983789198236663
1.2200088264959355
1.9229645203105896
1.7106740288288687
1.2280221215651592
1.373333698741134
1.8076046117560187
2.2019366536778926
2.295656950316814
0.7922946562641158
1.2556084430440289
1.4434480760185198
0.932173468099933
2.111462658135652
4.569056215127941
1.7113906794199105
1.2898371754771778
0.2046859112334063
2.1542998590902984
1.5069616979300349
