3.3356705925990613
3.0964293352589145
3.4136696316456465
0.0
1.9641997974365513
3.386036083331132
2.7839392798405593
1.5164456376071096
2.2731302486272416
3.997513666563489
2.5742902419712315
2.667797876697213
2.744939829759247
5.200720249221481
3.1255044943550105
3.4494794094699186
3.3550993403835045
2.864764115441394
3.7979065770830753
3.760871486079077
4.14110537679062
2.8914145816716945
2.8443201879926496
0.8682305634388889
2.7330784570691398
3.044009011458427
6.052882544174204
3.832103379660732
4.436044516687922
4.633152612348457
4.995353874325326
2.7717706697443245
4.031688081760185
1.928276734789849
3.2472332167276097
4.772260729197398
0.2100289230042076
0.2389295679384178
3.3209505478512638
2.4391360040725356
1.0723500608057868
3.491999716444358
3.5235554396109716
0.5480450710484286
0.9366590384401725
4.357599327204592
5.849525653426596
4.973746211483895
2.9836869317791024
3.056897445299501
2.9750198138489767
2.3561403999834813
3.4360219442860203
2.578268708078469
2.355507806691486
2.349219620731538
4.440065801420231
1.2206672972613595
1.564889500935748
4.269909962960039
3.8975960077438647
5.74447519371034
3.9168850030076845
5.719652861730103
5.79843248453181
2.2140905557577875
3.671387150936351
3.9232997879073443
2.6726128164747687
3.1783000927339367
3.41886514032171
2.9573661708954453
3.562298021402771
3.4755151930528174
3.914120872420427
3.293920813353332
0.9699827043268447
3.0444473775607594
2.2246281445990723
4.205911145515854
2.6455042872143957
2.413944046475317
2.479541736241397
2.271261695722895
4.857764187780956
0.4564095339859717
3.1458323766972973
3.559539875995236
6.634571820563697
5.672656416159663
3.702913403988459
2.1663085088787133
5.413126261561428
3.246072906200845
2.0635140869650357
3.5140372377832376
3.670396546478513
3.3341888959520634
3.133309072742172
2.60493537920427
