5.5299741605181705
5.454144049548574
5.460812823114942
5.93874172680971
5.460812823114942
5.460812823114942
5.460812823114942
5.005341421086465
5.288085861114929
5.460812823114942
5.197408182412282
5.460812823114942
5.249147853636556
5.460812823114942
5.652926252497734
5.460812823114942
5.353942109974115
5.460812823114942
4.996518640820206
5.460812823114942
5.307944612889526
5.4019135480707945
5.460812823114942
4.875932487637148
5.460812823114942
5.476367290183514
5.459982245136205
4.831764102144453
5.460812823114942
5.460812823114942
5.460812823114942
5.460812823114942
5.749320599235009
5.974342299750213
5.160687640865084
5.460812823114942
5.896027759606309
5.460812823114942
5.196018458992958
5.460812823114942
5.460812823114942
5.260747067471918
5.460812823114942
5.863537766534318
5.495144944554307
5.566099479924589
5.460812823114942
5.460812823114942
5.460812823114942
4.638440339050298
5.435036659827805
5.21633101404138
5.460812823114942
5.460812823114942
5.460812823114942
5.666160092171502
5.460812823114942
5.460812823114942
5.61884328905305
5.460812823114942
5.634594256833871
5.118854732518222
5.524227639739797
5.460812823114942
5.460812823114942
5.866643348396176
5.460812823114942
5.446507039840806
5.460812823114942
5.460812823114942
6.033381689525329
6.1246691474769035
5.460812823114942
5.272885840036226
5.344293678730242
5.793582494743948
5.5710133635906125
5.460812823114942
5.328115493367145
5.460812823114942
5.460812823114942
5.221940870501572
5.212481588883385
5.460812823114942
5.103863337223426
5.409829693070568
5.503709113672616
5.384727552166334
5.313845997225624
5.460812823114942
5.460812823114942
5.5149230287339694
5.460812823114942
5.729992222974017
5.460812823114942
5.2979378369108066
5.460812823114942
5.460812823114942
5.460812823114942
5.463624368788414
