5.613470461504608
5.613470461504608
6.211996459795132
5.613470461504608
6.060146175927927
5.613470461504608
5.613470461504608
5.613470461504608
5.365355592510874
5.177563066125716
5.466872534581874
5.613470461504608
5.241177962950883
5.613470461504608
5.613470461504608
5.964906549135185
5.613470461504608
5.3508316949676935
5.613470461504608
5.258167073622177
5.262968953054369
5.4606563695304295
5.179685463911014
5.661654208455463
5.958576643397027
5.362785871561421
5.357973369568348
5.613470461504608
5.613470461504608
5.613470461504608
5.613470461504608
5.092949039276335
5.613470461504608
5.613470461504608
5.613470461504608
5.613470461504608
5.613470461504608
5.613470461504608
5.613470461504608
5.613470461504608
5.613470461504608
5.613470461504608
5.613470461504608
5.613470461504608
5.613470461504608
5.933958433788156
5.613470461504608
5.749066092203597
5.613470461504608
5.954776233544997
5.365740618345132
5.024489499134996
5.613470461504608
5.613470461504608
5.613470461504608
5.613470461504608
6.196976091348086
6.034546822104171
5.520256811466906
5.613470461504608
5.546572932101497
5.491426297233868
5.048447659483015
5.637381050894566
5.613470461504608
5.613470461504608
5.991152369714759
5.812567334671284
5.412617928867737
5.638185571611043
5.613470461504608
5.613470461504608
5.613470461504608
5.613470461504608
6.012728685027685
5.613470461504608
5.613470461504608
5.783344189965803
5.84498052608083
5.529021075995504
5.635170406159363
5.613470461504608
5.475031780555466
5.613470461504608
5.684466949021523
5.3065763204352
5.613470461504608
5.369304903417058
5.613470461504608
5.613470461504608
5.613470461504608
5.613470461504608
5.613470461504608
5.613470461504608
5.613470461504608
5.613470461504608
4.94375561582963
5.765102461279042
5.613470461504608
5.28882568609392
