1.9338965656289535
2.601269217111901
3.1044981881861635
3.099114360559728
2.5493521451279983
2.4713990543098503
2.2598382747077363
2.444081465785272
3.0641698723584074
2.2416423025668943
1.9620823218448131
3.761583751206784
2.4565640581913177
2.2121812562279066
1.8174625071331885
2.795648729829164
2.7279615842731326
2.5883074868681475
1.1400522428510427
1.5114009940967752
2.805155788733429
2.5911205307437397
1.8380733444999804
1.77892815795231
1.9134191279679786
3.01736480536513
2.780565858310066
2.76664929568622
2.050427046160438
1.7315476061571138
2.0398508892536493
1.8477328016477632
2.2032057395504165
1.8985520643539546
2.2953372722381946
3.689506261003949
2.8886034540263665
1.4008613434744723
2.294165233279651
2.0024161701268417
1.804913173095597
2.32883330792436
2.0099140753049283
1.5122860138537433
0.4398662622687588
2.7068656439316987
1.4503945207178965
2.821178037093815
2.288765045544289
1.6228203209583834
2.693736667032436
2.914328878741067
1.6459092099450952
3.0813344664268536
2.042206552405528
1.5643906744246256
2.081022337248729
2.4580921514412952
3.3599350140133426
1.7909712843446726
1.8501785033273839
2.0957178076344922
2.8080719258493723
4.5142865659594715
2.997209571039936
3.357994640711535
2.5835621287486052
1.314774286176264
1.5564936094257418
1.6168917720882003
2.4652712343856584
1.0125748832025374
1.279981384057434
1.312572845573634
2.335382958681261
2.5682763172096377
1.6924852786802242
1.4972053211112297
2.952921817757837
2.641581076145221
2.938245182092425
1.6598750887646943
2.3628307825793486
2.1505402910976277
1.667888383833918
1.813199961009893
2.2474708740247773
2.641802915946651
2.735523212585573
1.2321609185328746
1.6954747053127877
1.8833143382872786
1.3720397303686918
0.0
4.148076470720728
2.691450206635542
1.7297034377459366
0.6445521735021651
2.5941661213590574
1.9468279601987937
