3.175042483965493
3.9461844235931802
5.613743015576599
4.566056158514675
4.462561936822347
3.052569266981171
5.282136093121547
4.518446503076931
3.9421052204340676
4.61270666910538
4.2319803841103285
4.292066536048933
4.577246165664718
5.165186573118236
3.69778635094676
4.241330698277525
5.328794915336272
3.9799914873518083
3.0514876831213886
3.3681132316803604
4.083266606086299
4.767625298765125
3.7110880593723987
3.0858262871668325
3.468744724514014
2.733146729454529
5.371983423607458
9.07393806740332
3.7547364131081014
0.0
5.175268622694021
5.63668505755906
5.665600250429751
1.0085304219552564
2.9016813508636505
3.2739097371168633
3.6536563839994254
2.6808834139727864
2.8097876445804446
7.332843802638596
2.7618402333315495
3.6656335061328806
5.1179362523037035
2.9782658635459183
4.763844357658991
4.238361531665759
3.527321215131821
4.384014245382424
3.2813648263784017
3.916924518114861
3.8320181615635978
3.6402160988785317
4.620086387156356
4.2356004063368236
3.4157527205033165
4.269597399848081
4.27747999312013
6.817490622214114
3.498141719684357
4.238904772765932
5.04737175261908
2.889975512661863
4.478952073572362
6.207075106271315
4.309948381048112
3.4337082242959585
3.115174906997192
4.220319593845751
4.455087439144659
3.061354238397568
3.654876591670327
3.1748159541700893
6.015212759434071
4.60497992584429
3.308525872409497
4.1989012981311475
4.137492944157569
4.690256877963071
3.886530319492394
4.413695455036241
4.918922936826822
3.8710212592655604
2.7921189601202885
4.209501169483049
4.86111177239384
3.8384290117952746
3.8151503992384797
3.5592687882344882
4.720122714317314
4.265257536197661
3.800997595742653
3.8626489603201626
5.45039916667613
5.84325975202984
5.859498505501776
0.90368231666708
5.52331388630441
5.341872416820886
6.419049574930056
4.2904147491044204
