5.621972235824966
5.269450277288963
5.621972235824966
5.367221175575784
5.708855093146795
5.621972235824966
5.669813999795844
5.725160973941615
5.621972235824966
5.621972235824966
5.621972235824966
5.621972235824966
5.200102936637675
5.621972235824966
5.593994366936724
5.621972235824966
5.621972235824966
5.621972235824966
5.621972235824966
5.621972235824966
5.9491972322694835
5.621972235824966
5.50924708302748
5.621972235824966
5.621972235824966
5.561211047394277
5.621972235824966
5.621972235824966
5.44627665479884
5.621972235824966
4.960759164470346
5.621972235824966
5.267444469307159
5.621972235824966
5.584300083806815
5.358108091304257
5.917279342414368
5.621972235824966
5.621972235824966
5.621972235824966
5.621972235824966
5.177807117928948
5.621972235824966
5.621972235824966
5.57511677542536
5.621972235824966
5.574755355780349
5.621972235824966
5.621972235824966
5.621972235824966
5.723527042577919
5.198475421267533
5.621972235824966
5.621972235824966
5.621972235824966
6.137338545348424
5.621972235824966
5.768188433226176
5.6090405039293305
5.621972235824966
5.621972235824966
5.734101926130901
5.683371760091648
6.007983254075466
5.621972235824966
5.198262888492733
5.033174079924362
5.308139696692736
5.621972235824966
5.329336711409375
5.723305450230356
5.499114258743226
5.371929300810653
5.621972235824966
5.796116464977024
5.621972235824966
5.804406920611302
5.621972235824966
5.1167305300684784
5.511076425711838
5.621972235824966
5.621972235824966
5.621972235824966
5.164457218596265
5.545689391759726
5.621972235824966
5.621972235824966
5.621972235824966
5.680767595289386
5.621972235824966
5.785068825910034
5.621972235824966
5.621972235824966
5.621972235824966
5.6680861995731435
5.621972235824966
5.420111944638152
6.072131968884877
5.621972235824966
5.621972235824966
