5.5279797650611275
4.713886932574394
4.347118675446435
5.149844155883631
5.0668849140064385
6.523310108184743
5.149844155883631
5.149844155883631
5.149844155883631
5.149844155883631
5.071414772419054
4.779237343003909
4.552989240656649
5.149844155883631
4.562685187028806
4.579269615179204
4.855862153689037
4.762669752032103
5.149844155883631
5.149844155883631
4.32127029218225
4.016503004587675
4.68445900667184
5.051485457536993
5.149844155883631
5.536721701821175
5.194885852153254
4.746917836755133
6.032862616128567
5.838036398194356
5.671849382813683
5.149844155883631
5.149844155883631
5.405024641607232
5.492140906953788
4.710544962481956
4.866018022504187
4.315953894222602
5.149844155883631
5.149844155883631
5.2075527249389335
5.363101184739191
5.149844155883631
4.648084787144741
5.149844155883631
5.149844155883631
5.125189249090107
5.4366743529670165
6.121063391153111
5.579822552192921
4.637834352302379
4.9274460767608215
5.781380668275878
5.149844155883631
5.149844155883631
4.8606795347102505
5.310444714936189
5.503015683922634
5.149844155883631
5.149844155883631
5.149844155883631
5.149844155883631
4.7187216288752545
5.149844155883631
4.933708711700795
4.894916884105941
5.149844155883631
5.149844155883631
5.149844155883631
5.409105386835531
5.149844155883631
5.149844155883631
4.32263592050448
4.266966541477116
4.505672653533651
5.149844155883631
5.149844155883631
5.8174771616745735
4.945692873051795
5.703757091886773
5.149844155883631
4.299061913816427
5.149844155883631
4.744861462068741
5.149844155883631
5.425170443595896
5.7490237940512765
5.149844155883631
5.772361658525212
5.149844155883631
5.03430586018391
4.34318890007518
4.696882836871275
5.033744362130659
4.991650649720841
5.051989120039444
4.216008494768284
5.149844155883631
5.723892897841621
5.149844155883631
