2.967044418936294
3.378005667469823
4.3153898755174644
4.480237904752874
2.713140398375046
2.9071690697232806
3.5643328768014797
2.838597174811207
3.64858202186502
3.7721641395859598
3.53769575732864
3.224746175562017
2.7214653398817936
3.2774701070502865
4.027349043079231
2.8178414024588565
2.693551714859798
1.900752801567049
4.91344707342776
2.3722126163930493
4.839538288107257
3.2214471583528765
4.858455419819681
4.211648261340422
3.1719887943710736
2.3476661923621123
2.5822227892990193
3.131867876715643
3.5914310673087972
3.97586834698254
1.29689518541283
3.095252536249282
4.6595526741007385
3.600415458267112
1.8071632149444263
1.2601967134266507
4.955796205069348
4.181670460853876
0.0
0.5045743131832312
3.5299769716230966
4.153975629069643
3.1190969339566808
3.921015498091285
2.966959870679133
4.377788023458681
4.435111961162223
4.966977136621559
3.1163240818287874
4.11222083681615
4.039779412125469
3.680655546618993
4.543655444045536
2.6105212996307845
4.52555912169233
3.8964686684742773
3.5938684389124864
3.6340860942269235
4.289362374799663
3.912234292747253
3.9028367207100403
4.546224550409225
4.431017924965678
3.587276828355302
2.6748860621274044
3.6607720351676827
3.9119213844245877
3.7673259812525637
3.5346109161982713
4.698076425793058
5.489959093727494
5.2957728694118344
4.231540095916973
2.656164442199626
5.548776939197581
4.493130450111731
2.832546753053261
4.721041002978911
4.061798721108531
3.107733111596482
3.4639395747563655
3.728423628454115
2.8462162740060726
3.5315513695452294
2.872067612266245
3.1666306368138084
4.9644409370521
4.117256848531928
3.058380502517018
3.0042682142969617
1.3151027155840187
4.610096221481658
2.921705071134054
3.3198552963657995
3.9593353533473046
3.8117292655713246
3.830923166625145
4.288255441181509
4.3341126411649675
0.09268619961170455
