4.31484811707661
6.489368924609322
2.7409033315488105
3.227589417113325
3.4483400181335244
2.648914831740121
8.880074625051991
3.1717652157885277
3.5205580822590075
2.6042001424017647
2.7153689694973164
3.860583974978992
3.317354997130581
5.48684088577123
1.9393803155720548
4.599153549625794
4.167054290938882
2.7720746417867215
5.0121977720484185
3.5537982086434874
4.023802501924356
3.277026296943818
3.701316593383611
4.30438120538377
0.7393325882191149
3.436751982478948
3.130469470922654
6.650722425936493
7.4206887077007
0.0
3.292395514559156
5.166695247499257
4.5632064241682055
1.4036743610128872
2.566188387915507
2.409770340508519
3.8713574863891287
4.712522743331558
2.612492364709157
3.789877189000534
3.4073054692547946
3.910368001452719
3.068368934176624
2.503305763811877
2.4966491421266475
3.465391681169826
3.5287182055691106
3.9671060805107716
5.238197467968076
3.5840378616969653
3.7645561266431375
5.059126220668527
4.047334690831976
0.4381663308565056
2.5662139599590774
2.560991073082536
3.4235617330181936
4.126881656899046
2.958454617879666
1.0142377932755329
2.71004725676688
4.207185654183239
3.5668259995878686
3.633961771119294
3.704834907610308
3.6637596503495256
2.0984549354114974
2.9725145665434245
2.1998527712293297
1.6116290270654372
1.533275488574311
4.071333989356346
3.801191104733172
1.0671145944861036
3.08255221905618
2.371922832194181
2.282368025587018
1.9218497340862968
2.9647762516760325
1.4898669120387709
2.254150059318039
3.597984953523904
3.8053986183799875
3.9998096143380235
3.1152875221036007
3.3551516436961055
3.7741390328291318
2.9559824995429462
3.211306256607635
6.399740855319264
2.784018146191567
3.084433662461668
2.489766902137825
3.9193916944977643
2.8210725759880306
2.573301824285526
2.8946527438525527
2.588888880915367
4.540904177163274
2.27918958936062
