5.989505059654826
5.989505059654826
6.0740819104063215
5.989505059654826
5.989505059654826
5.898347033246274
5.989505059654826
5.989505059654826
5.925537086186309
6.0901202461357204
5.989505059654826
5.989505059654826
6.227948426549492
5.989505059654826
5.989505059654826
5.989505059654826
5.933877451199946
5.9942315404235
5.989505059654826
5.989505059654826
5.989505059654826
5.87965066567255
5.989505059654826
5.989505059654826
5.989505059654826
5.989505059654826
6.017348338384213
5.990643529809182
5.989505059654826
5.989505059654826
5.947493242092558
5.989505059654826
5.989505059654826
5.989505059654826
5.989505059654826
5.989505059654826
6.076485328317102
5.989505059654826
5.940776230437322
5.7278350038768515
5.989505059654826
5.989505059654826
5.935825324775239
5.741058352363993
5.8802457553129415
5.9455531007015745
5.989505059654826
6.0854056075414364
5.884579649463279
5.989505059654826
5.695824812130067
5.989505059654826
5.989505059654826
5.931423645036331
6.042494152620325
5.989505059654826
5.888833332485791
5.916470100387832
6.071827159510015
5.989505059654826
5.928383375423794
6.071773096707185
5.989505059654826
5.989505059654826
5.989505059654826
5.989505059654826
5.989505059654826
5.918918122706534
5.989505059654826
6.036166985624478
5.923907357579944
5.989505059654826
5.989505059654826
5.989505059654826
6.030085936770002
5.865456761425705
5.978223991797101
5.964134445557267
5.8692724661403695
5.989505059654826
5.959574472186032
6.08001636653653
5.820202022791473
6.027946200216515
6.12133335605799
5.9270010178956785
5.929335849226095
5.989505059654826
5.989505059654826
5.989505059654826
6.0950864859532015
5.989505059654826
5.989505059654826
6.165170781617583
5.989505059654826
5.989505059654826
5.989505059654826
5.989505059654826
5.989505059654826
6.249187966203493
