2.603344135043127
2.9325221912660004
2.3820877640560956
1.3452990831030847
1.0226139661527658
2.457735962240833
2.4475825223875143
2.243943714872513
2.841909776881354
2.8221626050650963
1.6241628735090148
3.480364688385132
3.0061575251794324
2.4694732865138667
3.5062789069275313
1.8703813315436588
1.5483301569020576
2.795441191661683
2.3492758159742753
2.9384730596861113
0.6687878046453639
1.3966429786461498
3.4204753165575763
1.6349222195037685
2.294087412237613
1.8877982644354216
1.993434505069117
2.92901440614033
2.1937469639317677
1.6046967758279163
2.0979594297320787
1.7735289971195762
2.877670593396988
3.500202350596966
2.876030149962406
2.632192863041869
2.509640432724761
2.3080826984095872
2.264086825237086
1.6919132173155156
2.2752790433433487
3.283753818711094
3.0251824748037426
2.433019319760735
2.8225646018453503
1.8092102245732837
2.2136606733845223
2.716066433270448
1.7219169645655674
2.206719084412457
3.5615773112931164
4.671408686428123
2.6945266619972896
2.6240234408847556
3.268906954082594
2.724082836155079
1.0295072015690425
2.3686116128466583
2.709488588940139
2.3357812306374357
0.2698682510639956
0.0
1.7587795852763692
4.16593383861556
1.429009726273302
2.136699635027255
1.9440264091532358
1.6337024275976535
3.377225671106917
1.3336128373087304
3.2652827694279507
2.5175169763290954
3.2676625162557684
2.4977792409500466
2.598048187478602
2.347337295706439
2.852465063376787
3.44104663820412
2.140488041264745
2.3798616494079274
1.6974750652159103
6.321728096115933
2.150578581496383
1.8745839494628145
3.0463311969602618
3.1592324389586723
1.860267462696744
3.5776072484188917
3.3931147014249063
2.113446232995972
1.7585234526896962
1.5161434592517038
1.7345710951914435
1.6785336200270753
2.610986647106713
2.9055313109594043
2.575508650375194
3.085563893579484
3.077477206921772
1.027388278088754
