4.423004274463675
2.1581789394916218
3.2281895756308385
1.739084981546764
2.412829716486405
2.8545924592172667
2.8809452381977674
2.228752919278917
3.3374749356367004
2.0097203953835034
1.4951408953824084
1.7890138757039353
2.0984038193898455
2.2876768483639363
2.7960284415273207
1.811863376318695
2.9307347559568058
3.153543870786968
3.11862613273486
1.7189490166118617
0.5106224286036742
1.9208151178874369
1.4608672240668148
2.466583213041292
3.1430333515732296
4.420723698688451
3.136819314865707
2.964308427372036
3.3191775819522817
1.7336749393124218
3.617850010526431
2.2092290553296645
2.632256976299773
1.990174217690047
3.3448968951325457
3.970108955136266
0.9805570743198597
1.7160695232431178
2.0154068650954855
3.1125096992024113
3.5351518443001946
2.5051416958994417
1.5520601564520864
2.0474356705745165
2.2224390918680004
0.2861228734249597
1.9063869751098061
1.5637767375284115
2.0737934735940495
3.1874561427189025
2.085510925328342
2.338253230652829
2.830640247126913
3.2362740643661634
1.819928561371317
2.6444719972592012
3.0351060018867018
2.0636571048483914
0.8267151711505503
1.466759848955094
2.7754724810388214
1.981326850721398
2.27610803990213
2.122093579156126
1.6985037250495076
2.8337151345932843
2.5565598448400464
1.9463623607771638
2.633323003360453
2.9205970164464996
2.158430793266781
1.5904698132415422
1.515324361760876
1.325200692182245
1.6404669759099426
2.3585237231415883
1.5821297653312474
0.6281979510728151
2.183656740400832
1.9062920224444149
1.977720126923787
2.2576992659576915
1.4512844109697576
2.855191286380947
1.4184382420884376
2.79844784042874
2.9550773623171502
3.0445519504665963
4.110202473336089
1.983804838103405
1.488895058844382
1.532823148078605
2.149587290513845
2.3839096776927606
2.0711442621302236
0.0
3.892422933227622
3.2743365359793204
3.245244405102796
2.7021503953226067
