5.819304205878467
6.0193686277659895
5.894494951083024
5.884847115950406
5.894494951083024
5.83383726331647
5.894494951083024
5.894494951083024
5.894494951083024
5.894494951083024
5.737864704144268
5.894494951083024
5.894494951083024
5.7324996635021765
6.153172591889113
5.894494951083024
6.034766001889738
5.894494951083024
5.9600017065868816
5.894494951083024
5.894494951083024
5.738726755174715
5.894494951083024
5.999043070382864
5.894494951083024
5.9128457733378035
5.894494951083024
5.850995713323554
5.894494951083024
6.042865970719166
5.807652462017439
5.894494951083024
5.894494951083024
5.7683281704123965
5.894494951083024
6.162158030061288
5.894494951083024
5.894494951083024
5.894494951083024
6.045843394998704
5.788290091621528
5.894494951083024
5.691149445457167
5.894494951083024
5.894494951083024
5.9135670044816795
5.894494951083024
5.894494951083024
5.894494951083024
5.894494951083024
5.5727313053949565
5.912465846535602
5.750099109874522
5.8300257028356395
5.935508420657314
5.894494951083024
6.083382590540612
5.894494951083024
5.894494951083024
5.894494951083024
5.894494951083024
5.894494951083024
5.894494951083024
5.894494951083024
5.894494951083024
5.867267074459404
5.894494951083024
5.894494951083024
6.0095339938013534
5.894494951083024
5.950335779850898
5.894494951083024
5.9322495203138725
5.894494951083024
5.894494951083024
5.894494951083024
5.7746990926660935
5.894494951083024
6.005997149235439
5.8153074635038315
6.005580285336464
6.080328300596943
5.894494951083024
5.894494951083024
5.5058045949864605
5.7588242371308205
5.894494951083024
5.676752024652661
5.894494951083024
5.920065287272813
6.006731495287018
5.894494951083024
5.8955021460334125
5.870688225007328
5.894494951083024
5.894494951083024
5.945601079052416
5.763596704051073
5.768996918983406
5.894494951083024
