4.463744605205783
6.6382654127384955
2.8897998196779837
3.376485905242498
3.5972365062626976
2.7978113198692944
9.028971113181164
3.320661703917701
3.6694545703881807
2.753096630530938
3.3687668897434326
4.009480463108165
3.4662514852597544
2.9589039406866107
2.088276803701228
4.748050037754967
4.315950779068055
2.9209711299158947
5.161094260177592
3.7026946967726606
4.172698990053529
3.753666434067997
3.850213081512784
4.453277693512943
0.8882290763482881
3.5856484706081213
3.279365959051827
6.799618914065666
7.569585195829873
0.14889648812917322
3.4412920026883294
5.315591735628431
4.712102912297379
1.5525708491420604
2.7150848760446804
2.5586668286376923
4.020253974518302
4.861419231460731
2.7613888528383304
3.9387736771297073
3.556201957383968
4.059264489581892
0.9073408947279846
0.9774223888271307
3.8453482970364083
3.6142881692989994
3.677614693698284
4.116002568639945
5.3870939560972495
4.858813080008417
4.945736664610208
5.2080227087977
5.916597906709496
0.5870628189856788
2.7151104480882506
2.7098875612117093
3.5724582211473668
4.2757781450282195
3.107351106008839
1.163134281404706
2.8589437448960533
4.356082142312412
3.715722487717042
3.782858259248467
3.8537313957394814
3.8126561384786988
2.2473514235406706
3.1214110546725977
2.348749259358503
1.7605255151946104
1.6821719767034842
4.2202304774855195
3.9500875928623453
1.2160110826152768
3.2314487071853533
2.5208193203233544
2.431264513716191
2.07074622221547
3.1136727398052058
1.638763400167944
2.4030465474472122
3.7468814416530773
3.9542951065091607
4.148706102467196
3.264184010232774
3.5040481318252787
3.923035520958305
3.1048789876721195
3.3602027447368084
6.548637343448437
0.0
3.233330150590841
2.638663390266998
4.0682881826269375
2.969969064117204
2.722198312414699
3.043549231981726
2.7377853690445404
4.689800665292447
2.428086077489793
