2.2297139258887997
5.03900268443836
3.186599691185377
4.210406180241385
4.80635838778595
1.6534495432669805
0.0
4.937728130544306
4.339362890611
1.1489140297767406
3.8895220267394572
4.436858928455377
3.229489858540687
4.226092720549905
4.366598077471396
5.005758573716858
4.382832916538301
4.424682754450185
8.5993142039624
3.237949775762507
3.1939976354169404
3.832903152062423
3.406607227207196
3.4320094688021654
2.5855916690480085
3.0734228067755605
3.0934829949655205
3.155281338929699
3.0880415505221888
3.9046289849008944
3.8564284104018114
3.9220327014696545
3.390978151713685
4.185079301321032
4.129459902808385
4.186935202048738
3.400650081614772
6.296515367863893
5.159630992649279
4.038378386346837
5.227780176509887
7.514851809049354
2.447137800835775
2.611689626767732
4.5560631366579525
2.7402676725364867
2.8918345313585347
3.789763038392935
3.612808446448895
4.092051833901413
4.183551150649803
4.37188679993798
3.8058969938931826
3.9918648206254597
3.7440504720984866
3.398936283266368
4.433986463520872
3.8084374105887253
3.1382911097921493
2.991641184672245
3.2749650285014518
3.5500550607657533
4.280047143316063
4.073709754465945
3.342998918304332
3.134791411642675
3.5137609650832093
4.334811875515019
2.5845528853692774
3.9502599963924303
3.762340783874758
2.181404838067489
2.6509890562803275
2.7945754556655342
2.1251211167513193
3.070792215732194
2.7228813794456683
1.4982601101381126
3.4080926646740846
3.676314391305296
2.7562550457641697
2.3397782803879696
2.880432435668889
3.8115468448517005
3.8975117001408477
2.7721155013808207
4.207707762736865
4.095690082902917
3.1380217007577627
3.580921151572888
3.5752774039216124
4.413722264096861
3.8484926298384563
4.059292502006395
4.057900478719881
2.945560701678223
3.100786996730136
3.324074816529783
2.0886829849673973
2.3229078261575578
