5.404128289169456
5.319126933867145
5.388807259458617
5.407206174493829
6.05317334475086
5.72053754185135
5.388807259458617
5.83266210156787
5.181815865186034
5.388807259458617
5.388807259458617
5.401644332111971
5.353215131855142
4.644979475549343
4.795439001377863
5.299230885801428
5.060423709594494
5.388807259458617
5.388807259458617
5.58143076557049
5.693660479853775
5.388807259458617
5.388807259458617
5.388807259458617
5.805788262394165
5.425534047255593
5.388807259458617
5.355492889340519
6.182595605891419
4.895242870107502
4.891724019286568
5.231954462319033
5.1525735970113224
5.383253134059494
5.385753217242774
5.370073595007073
5.388807259458617
5.388807259458617
5.388807259458617
5.945372987423332
6.03483045099396
5.750223990547864
5.75169325389558
6.050366868837828
6.22712196534728
5.531321864260127
4.920759053589033
5.388807259458617
5.388807259458617
5.388807259458617
5.388807259458617
5.253239004799794
5.645414103697197
6.00163323631412
5.388807259458617
4.943067002604621
5.7333387158953455
5.276322333279355
5.388807259458617
5.243457421657994
5.44370441526698
5.922106132646258
5.388807259458617
5.388807259458617
5.136309090500026
5.117374163474989
5.445103045830107
5.388807259458617
5.473389378954391
5.146176765071102
5.103164835812374
5.388807259458617
4.967792192068767
5.388807259458617
5.948716017865172
5.372771661828346
5.81923306411588
5.388807259458617
5.389165398051407
5.259803961760401
4.494429211737648
5.388807259458617
5.388807259458617
5.388807259458617
5.388807259458617
5.388807259458617
5.388807259458617
5.7755206392597405
5.388807259458617
5.388807259458617
4.9909584573579435
5.388807259458617
5.067859583876398
5.0115082886246345
4.771055094172513
5.135741647798982
5.388807259458617
5.388807259458617
5.425507065652589
4.770296277246079
