4.635022050007425
2.251755023161162
1.6327728285354068
1.3284366486948271
4.028463589861545
3.6349520124629406
0.8956512547908468
2.682231787201236
3.6615751854277745
3.461618143083265
4.358275653856122
3.9092775763797802
3.194768440308259
3.157330359730957
2.6406666937287016
3.1883661034438333
2.3106140098506858
3.155796109418472
2.735495046772819
2.778251438353041
1.8038784670432486
1.8850553174186868
3.444529101457446
2.3535605230773924
0.5124627610970627
0.46913828886849585
1.6590976728325066
2.016358425853345
1.7676687181951074
1.9912335016188765
2.0911359776637406
1.8445322587635227
1.4829750695172157
2.839057771332292
2.488304599143641
3.194940317376154
1.517398370980887
2.363810914208824
3.103775767882963
3.093424126891157
2.6835031118586263
2.313932410840668
3.0994322551256563
1.760045870722567
1.37506012134635
1.788011143434563
3.9252774936981494
2.0283626675958324
1.617727722773742
2.7447642189386756
3.3643057250472115
2.913939150441356
3.3066714753898965
2.9536397274336945
3.0125722876161154
1.6639454380523713
2.2150857016686194
1.5564956493290598
2.549924322438809
2.482488482773967
2.7513157972013484
1.9657401469524407
3.6371033651320035
3.1615214982964197
1.6506920068690267
1.2890933497551291
1.50953255038559
2.722963927526066
2.115333526547837
2.147981355081706
2.839616415753204
1.3496062066923988
3.1997380845883527
1.7353057444615647
1.8816289801463832
1.7270308442138438
1.899204259857378
3.1819979781274688
2.3981180379728597
2.9734486796885746
2.6228326844442407
0.0
4.115854398827263
3.0220218673148653
3.220440183993805
4.0404425725469775
3.397957631496705
1.8747728560060826
3.399297829025532
2.6591503615348966
0.9643610450689533
5.1326427944758635
3.894411415893956
3.1191212964914463
4.4181585871000735
2.7384413477738416
2.874849518753831
3.265763645161179
2.896869428296487
3.0488856807224716
