8.15799782396797
2.506481020363087
3.3715841330807748
2.3234173502856925
4.102786571124965
3.3090946881124617
2.7700445911730354
4.158936118331001
2.91871294060301
3.5076998407164552
0.8491406496547276
2.118504479397805
5.376626873699623
7.590166752816872
4.377205442151052
3.322922502620052
3.686552644696484
3.277507274968341
3.9472240880575287
3.2793578089338054
3.570751549790145
4.160012916734699
3.649762860288053
2.9317515772346208
2.9626861230799437
3.2261348752860717
0.8426733677649101
0.2209496306951957
3.8985146510697493
2.213766485859427
2.4456957083257045
3.8999832783069057
3.0468950616409587
2.7236873726732282
3.954607843899366
5.035926573229523
7.797552043477573
6.9874637940096775
3.998438997189675
3.3174543247372195
2.415599883380462
4.200201280321053
4.070846789363223
2.5424116577619778
3.064488401499804
4.278253177517825
3.734962424892947
3.0764437211228026
5.660703581281307
4.554124022518653
2.2298766101080796
1.4042111262063743
1.6846710972830437
4.012531798424254
4.256418374754594
0.19056324083674392
3.7639651154212825
0.0
2.5264866728116915
5.1735683952946365
2.575446760466079
3.6411581529636248
4.234872585681571
3.9111957554809975
6.940740888763646
2.3065797015032
1.8539387709716593
2.4221072562909316
2.959487607572955
3.1232631571782172
3.10332624436657
3.5404573100661003
1.910564644400834
3.5508669001469397
4.054920089242889
3.6317851076634664
2.866844158498343
1.5163501036526927
4.2928080106810445
4.477348598611103
2.4154816904242056
3.47179554977226
2.7382045812097284
4.483673356877889
4.781098666715648
4.569095693015685
5.427441557253996
3.750554551664125
2.866510781247576
2.973169173166731
3.948851810026672
3.8395639997274267
3.535517860989876
3.288537417819675
3.8001259450168017
5.1209857553552425
4.133106254198871
4.007877659899814
3.0905669261020616
0.04661190150957051
