7.890433480970299
3.4305033133131397
4.679479146378132
3.326714132762253
3.4835353412272667
4.0375585916534975
6.358140046859869
5.904154293602126
3.9123133932385876
0.6727676305369732
4.2175961404508975
6.017426578641537
4.908602113134332
3.671288528015743
4.086282025119729
5.003914979262768
3.874239651053879
2.291663346691105
4.3365918803332075
3.9679638056374875
4.701171978093736
4.692857183195208
8.064851971720962
7.389202725353293
4.705942312729434
4.113626091757588
3.6750920951227064
4.790362158549812
4.560883923453393
4.749574428348636
3.601598262359827
4.4048605998633095
4.550676828529884
5.413765754097533
4.435211891360274
3.2565738438473613
3.320451895287475
7.208068595590756
4.124858934793381
3.732052958323939
5.182446980740044
4.827972389817882
3.9922618873398044
3.2248690173345462
3.2370410371231424
3.9696022873036885
4.7546466502991205
3.1416203509070386
3.3023221100816578
2.6170634407484172
3.8761914877236343
0.0
4.616332789160258
3.6268297532312372
3.655430791603338
4.318452164072592
5.159682389863998
3.482238793238211
4.161724666018173
3.9915625346377874
3.583552866076519
3.2382438989890234
0.915665213722729
5.3188186954506484
5.016728640133614
2.354547035723193
3.22960477895759
4.865529030985671
3.515859807879692
3.41081335644234
1.2706386573456454
7.388784573771066
3.31598673192229
4.891896817301232
4.395917298931904
3.3247591692982477
3.7029154996392073
5.1971226798694925
3.9114946284893506
3.5046015735207727
3.0593918752562166
4.8725794667263465
4.88170137399487
6.217353002187762
6.488055832252652
4.4211897388346895
5.552490236991848
6.051104618996098
3.1163509665098204
5.620773435796268
5.600207347359968
4.073156720279949
6.489908842206979
4.959446222427173
4.8684638797985755
4.276373387294461
4.492032669633982
4.4396694216417885
3.6631926477205194
3.539313192630666
