6.778519868637769
4.745165972390327
5.825099316637744
6.806204375314621
5.473336153006053
6.0586529770744715
6.0409963502466475
6.3363501249576935
7.168731867239261
5.785306414595622
6.75690140266949
7.958465841904131
8.879505975357208
7.059937554370894
10.59234485427844
6.915465945252709
6.702495121595403
6.573173370333795
5.248763700167964
4.280529656851515
5.878284685794078
5.201355157248804
4.962681010631287
6.713822700078913
6.5697185945862495
4.368720747343964
5.1924464720594266
6.1615940850431885
7.095890487447161
6.223949322859313
5.142499972835375
6.011959016291238
6.8814608053305575
2.7230008119746043
0.0
6.163783192049175
8.185357502212806
5.94706477090027
6.894573367812731
6.194815229844366
6.381881904134411
4.77471769143166
5.242422293703264
5.236408269937964
5.174056076142375
6.581963045341283
5.595535137446583
4.76590185344197
4.033674127409105
5.768917110097064
5.432126841157656
7.102752007883112
6.752063712474205
8.29424882610122
5.130306591855561
8.767446850296611
7.55274879079386
3.3557903652982763
2.279731557086055
6.9429842595379085
3.821836480395331
7.013644272712092
6.4276692410372425
6.67485248581438
5.60167663951888
6.967706672597806
6.857926352376939
5.216866210255368
6.840419597441842
7.023498671822257
5.237966141531869
5.526232767620567
6.821745280232555
6.820024141166323
5.141255784473705
6.029124441077988
5.508508493364792
7.038275587826458
6.690449808863008
5.4456299471076886
6.149230952997598
5.359709628605518
6.916869012819415
5.764366072465271
5.498792674560669
5.755396010206449
4.041900917681542
7.4795971994160455
6.94615482686214
3.8603225512027013
6.977799780305881
5.52195155345356
6.364286666005584
5.720689759754272
6.3451130878386115
6.631947954415759
4.862169439413497
5.516142442702311
5.818431293669692
6.383688710385538
