2.086541438655517
2.5454440413698
1.2032912165491871
2.019172950091076
2.409310038543061
2.029918675419328
3.321096422242356
3.144222886602851
2.9928930684077706
3.6708910670119126
2.519307626515302
3.1595718692566166
1.805096629935738
2.502205582003776
2.4348798323449983
2.232609405641615
3.7736798172931185
2.8734750022462645
1.914221384167937
1.5011642348808203
2.259087797878926
3.4435515140498554
3.582031299793259
2.870322283477467
3.8749082230288385
1.6354179098926027
2.086592878310663
0.7650963535642479
0.0
6.406299813113646
2.7537964781915356
2.486144062152494
2.113630798054705
2.6879530026513314
1.9030070534280772
2.6102843035880814
2.2785193369047922
1.7700968107305426
1.4897833600546866
0.604308070223095
2.1645952815077236
2.248601191194722
3.0953037825019614
2.8472741476307712
2.4158816737479563
3.1570958334359323
3.1468754382232826
2.0407584693326504
3.027308412118116
3.2118893331732514
3.8664570091803
3.054917395614605
2.635914553844627
2.2319054689246456
2.0613023103952197
3.1673358704090866
2.523603896581536
1.937525914475037
1.1570063990255588
1.7433627836349896
3.7438267793057007
1.6102275505466046
3.691062533042624
3.183161938934119
2.8909521711490647
3.11810699827738
3.645026511155735
3.557717383635991
3.553130729870462
3.8476603675337917
3.938759900565008
2.6431345201783123
2.8277227621840666
1.6998889273885212
2.9346317979279224
3.0218717176560546
1.9576186324827654
1.8112663946858993
2.395603243034967
1.2285826743417936
1.5787915695183365
3.648682428621549
2.8845018501897033
1.891780624474035
2.812717389629149
2.7420030554981616
2.0623595298060353
2.6296945417215514
2.1383207389528702
1.8884818597535031
1.6411006414876297
3.3037931248068264
2.2935527703380605
3.212385642736085
2.5891988024948045
2.89945822093969
1.6523362985585177
2.1330972712268994
3.1576357675725633
3.3900311538923376
