6.308934052485169
7.586912102275644
8.19561183955222
8.238695665253276
7.406660501355515
6.840473315182757
13.109154787163305
6.377908240685666
6.530034282854679
7.158731097892459
7.505057558064017
6.283185307179586
6.336590926792491
7.149908540515904
6.755136882952206
7.444503629646174
8.153292567318934
8.354678746451619
5.947243117519073
8.156784073666284
7.810509197939918
7.732874823085921
6.629380692124272
6.8744593674076775
8.02713554902708
7.289434616364147
7.117586529049509
6.4157274435139575
6.959339474522844
6.712145932260441
6.688560422162776
7.1320968639804
7.425625942678834
7.92544238436737
7.331739373173555
7.015275848872825
6.520007711151083
6.847462349646975
7.738947362209477
7.158198256912107
7.378358860383285
6.149627993138406
4.914812972070478
5.468842603905831
6.778660601197138
6.77582412131235
7.023820488257156
6.984726608981189
7.295036446930533
6.685155846148108
5.609836360312215
6.698731782546667
6.600413427316232
7.889552895495068
8.160348730006971
7.424937643414261
8.002019301328158
7.326066079574611
6.605131070788235
6.086158969961611
7.280849962293793
6.746431762826726
10.54905598583927
5.245057976103843
6.208701291214947
7.791991987957417
8.989009214521698
8.197719982343306
6.327513459374867
6.866429644058894
7.7334685969058246
7.390931307559956
7.658257683363096
7.149360474547172
7.819677131738075
5.2828444822352685
7.096420677858131
7.915194674670765
7.847438189671934
7.586736419744714
7.920187447997039
8.290424507304948
7.140295391841939
7.419127708934669
6.607790187381543
7.533755896402967
7.968179225723323
6.395405829872163
8.529228750159016
7.155250800087516
7.288396985530202
7.91703708324996
7.201089727377612
8.122968536894986
5.979257313322943
6.830059610345795
7.256347016980615
6.679818311484778
6.776105531578661
6.438336535763442
