0.772193488933886
4.487571438590292
3.9831167072660136
4.47701909812576
3.8239236155686167
2.57512016843685
4.650180805535267
5.267994232835922
4.903699043115007
5.1291849846911175
3.9819632533384794
3.0512980318214096
4.385407880178848
4.653454577744291
5.261997329681388
4.689841465886431
4.724873889669129
3.738366553067642
4.5684429743597414
4.097123902443474
4.781599397343598
4.110842773616827
3.5561878009207244
5.290694720614969
6.005841124828305
4.800418786914982
4.6500841893151605
4.713116151172374
3.3501244691162593
4.948520868137628
4.387653079473543
3.7715132287794106
2.37016971991969
3.95121801429146
3.65879583175658
4.287671512040789
2.93040245650937
1.639868843924269
3.533027014096192
3.1651057428930507
5.031869546518524
4.72040200341189
4.887392078169698
3.798501383899188
3.1533414557521313
3.9359354045195403
2.089428774839661
3.025052076785036
1.989043045834487
1.958345679364557
3.753996269713284
6.959776841909492
1.8511268108275378
2.380153757447432
6.979458748495253
4.836450880428366
4.207569198568574
5.61584938044893
6.057790974625608
3.3044463120834653
2.0896789666548523
1.02447303914408
5.717553492605761
5.043382182043852
3.933346475731413
4.536622501772814
4.472129624318577
3.6457259268762634
2.667959100124018
3.0632617251081538
3.7131348982514485
3.7264096252463865
4.047877317957842
4.059047566150564
1.9273977995377582
3.855164988033172
4.3079937054546455
7.596773139968755
2.575390365835588
4.607486361782318
2.4374451321501738
2.532287082404147
4.660232407366899
4.290978992399673
5.528156011858091
0.6528106991436529
3.7829452629950975
0.0
3.309603772953947
4.060487989518172
4.0735625319023825
3.9286031327813755
3.421348505764635
1.50117555126152
3.5962746402789074
4.605964889164315
5.417700297294358
4.455603018055041
3.524808449616073
3.7965309940004017
