2.17347244701212
1.7099885757696136
2.908766662416201
2.6669421980565073
6.287718385200653
1.4952235688047306
2.9825989823501113
5.118825234907223
3.0327791177994836
3.404603191978468
4.4126748650923755
2.8932507293818763
3.827120669480607
1.012658657019803
3.2445704601864884
5.245020592646207
1.767572659679658
3.51667550305166
3.4525004476059156
3.9036026375076616
1.6446092988200194
2.70120746381444
2.4132407093819412
3.2531681510015913
3.3857369054586233
2.2006172687479806
2.3611548493801138
0.7736601137851413
0.03563075477252342
1.416414641643307
2.043980895516772
3.082676298342184
2.387769289585416
3.089950550073437
3.2400421004790214
4.3701033093979795
3.2626755264572673
2.017052658879675
1.872567905163946
0.01816539079706292
2.087282742164405
2.5693208101851788
2.851824091562073
2.6541349576545983
2.839463779703134
3.557192065834306
3.1293526168347623
1.9844427647082727
1.9612407939606555
2.294042369159088
3.2463879767382577
2.4171944675895043
2.3091080375296302
1.3042940869486648
2.2366066510390485
3.617079094597421
2.242944654939717
3.5682676801599014
3.5890327841531833
3.7767300853639747
3.645662497086357
2.1929283317824972
3.0716040524915402
3.5953952584783293
1.7627011404611346
2.5147670075648567
0.5618484900184448
2.35952863647782
2.518007355816036
1.6879466686318123
0.8849466449500887
3.0284894010648977
0.09136867952420191
4.06701227031332
3.4269312467078006
3.7529590762665443
3.5202995013174685
2.5270588980295594
1.694469340103114
1.8497969103411425
2.604017746311323
2.289629722655269
1.9180848143418299
1.98743191675559
3.1625911279935117
3.6249244410590897
4.391143751792847
3.2823857268764085
3.535022523576842
3.1408275930972147
2.6061237296003212
3.649940303426078
3.502766150684413
2.5196560672368653
3.306545342478567
4.126070910809121
2.3094610260660575
2.072240605345085
0.0
2.3113101974307986
