4.099545581214404
3.3353536379946216
3.955633478911121
3.577063978266981
3.797485868139548
3.9062230402207625
3.504962876819891
3.1694232153166917
4.179154164805308
4.303454778151911
2.550905092680091
3.5462254422586734
3.5726303859791564
2.887065695795651
3.92374924514999
3.5399233527583602
3.325888253006056
3.4395735044476594
3.7685361894782
3.668574153451598
2.5172700734635747
2.237502870129365
2.9964669997441145
2.513675492239913
2.81270908672511
2.6913490137132072
2.647588060318821
4.295723153754613
2.5715013900025525
2.56996893503076
0.7843723503779367
2.3596247924202274
2.149941636280675
2.9523856854266
2.5277553442657483
2.3773916305580953
1.938592995875097
2.017324477277664
2.154599726304122
2.540039184601069
1.7020562124396625
3.4109949313938426
2.20840320933889
2.3284673135856844
2.2056995189447846
2.6194154982708078
3.4496046213261824
2.6142257855033684
2.4269336475476013
1.5040699749833217
3.0183392081504836
2.21943892842022
2.3398382635105195
3.416099845647323
2.770336427467622
3.17897669424708
3.627373474889317
2.2513929974517763
3.4835045365807744
3.593181267473457
2.7252160953012017
2.631528580765711
1.8113056210551772
2.1761964829143796
2.3630679207017953
2.015639597899277
3.008221415293664
3.6373816824853047
3.3567096069189732
1.3715115087176661
3.8278565255168924
2.5180215877660093
2.2728459163095343
2.002905408782345
2.2868757655496736
3.345711761949936
2.301543910377818
2.488453180076925
2.9948398237960445
2.48725390386551
2.281498931013672
2.344390401058266
2.6523123175739154
3.1522975857699946
2.3186724642154135
3.515397259597333
2.9559853641101634
2.0552006795678204
3.6100054457149677
0.0
5.7436152322208525
1.5461339667286307
2.1980026318738908
3.8288381506465226
3.3252676254528213
4.398923236233173
2.674523795363736
3.3265306131482153
2.456679751581672
3.594013984658093
