2.1382098626892754
1.711862866292977
4.335979344713413
5.352497776232796
1.4831840922313644
2.924678987664537
2.6851489950798495
1.1781620631472736
5.005661757214295
6.9302705236813384
3.196326480514251
3.647359854194665
4.78080597443677
3.710240733451597
3.7778323013731994
3.866686586953815
5.323891908754117
3.08396171603539
0.0
3.4404419654575795
3.623320704359046
4.126831609672118
2.9089194521806108
1.7866821553465262
3.665109708895175
2.6629973607495656
2.8920701198790213
2.0132991133198033
5.099648679861268
4.788370989402457
3.759946397343189
1.3908155945909253
3.660182117099606
3.874921074658537
4.3917556877570085
3.632656871235617
3.6765148420932543
3.0669924948949965
3.0792834279818417
3.1326956530688532
2.379662787129509
2.4258248177972046
1.8215355805285292
1.0804032446750305
4.680904106620391
3.7270137184863072
3.884586176260669
3.1151636643155225
3.9081491187969424
1.2814259158549621
5.963243025165932
4.386622165602567
3.089393896652762
3.9403497261966707
3.2437794642399758
4.350905083471407
5.440660972670537
4.8487610860327806
3.802474975678164
4.5120439449956775
4.71059209423761
6.472154808523676
4.609653478797146
5.161251457015442
1.57800132173521
3.6244981933191855
5.112880315594313
4.22390885762538
4.071425578542106
3.742939067506117
5.309156121911643
3.680964442137535
4.0856833874762835
3.5863892010066754
3.278577444477055
5.3061625301818856
4.147908691613965
4.517541967719764
3.9701636641253706
2.6097637772528732
4.19039298416187
7.310732119938179
1.7271722768584072
2.98170355838851
2.182878320610699
3.901490280468549
5.219706689623832
4.863145192265929
3.76746900454412
2.7789201530897554
3.2826015016880348
3.531653756586336
3.202378611322086
2.5912051615136753
4.659351399575623
4.853555575124867
4.399225010177674
4.800803099432397
5.01494720980736
1.962174679621032
