2.889322701475827
5.764143824563401
3.898989754717408
3.1194400317750133
3.4420901949455933
4.404036733356508
0.590589533083123
2.126235543330176
6.314539004282306
5.6634568855164025
0.6211191728474827
1.964071032494536
2.3684442916441357
4.899022948961856
4.657692988260751
7.181246170191174
2.859251858245972
4.557666426487589
1.6613339837889263
3.0588962991428685
8.457548098300752
2.49380856933832
3.8204322229620598
6.075620534420258
6.514295376884945
2.31970822440299
4.144483244051288
0.0
6.256742747219343
0.2589648843768808
2.6643670364226555
4.645492442426342
5.949624881384515
2.2040479654305547
2.9250778514892706
5.497192934613368
1.344493186454482
2.898922904728714
2.5692702236585765
2.8370557985064275
3.098535673691611
6.380199206731946
0.0021661010151525772
3.0556505919480745
3.9782409908169125
3.571245803839922
4.280087207763018
4.578418319126007
4.025893875317312
2.9206520251873807
3.3857013719556046
5.945204994851068
3.6240472945125606
3.567538367422332
4.1123323074218465
3.478717371841226
4.435980450747332
4.2670760113137955
4.552484636860267
4.500409699103994
4.061225825873949
6.435625167106384
3.6807176781779023
3.6485133108879237
3.1399986365116237
0.3560650939358858
4.051197455962316
3.204407960596189
4.267405281702171
3.9684377409759053
3.0194575328150832
5.424697782293904
4.13697820397236
3.8840766588471745
4.436497605503191
2.815560271717149
2.4961158251677555
6.467221259424667
0.7358332173927629
1.1402985933020942
4.033482456536033
3.1746063101791084
3.1928718317945686
2.8786736459260887
4.084447072771577
4.502915553813244
5.349621670032873
1.0995756389041338
3.7859269646322478
4.222101362487008
3.66274884568808
3.979581253478909
4.130675581617455
2.8084888975423343
4.2602795104707445
4.658828192114038
3.1089989123988224
4.0490625467721
4.409548378046411
4.017712009470717
