5.474422539110233
5.474422539110233
5.474422539110233
5.5512273396084915
5.223864721412376
5.474422539110233
5.481114122785525
5.474422539110233
5.474422539110233
5.474422539110233
5.474422539110233
5.474422539110233
5.474422539110233
5.474422539110233
5.936986109854601
5.474422539110233
5.474422539110233
5.755937151640142
5.474422539110233
5.474422539110233
5.474422539110233
5.474422539110233
5.91738612810574
5.878555197262268
5.474422539110233
5.474422539110233
5.921316015403004
5.7486880644892935
5.333521640032966
5.18725536257554
4.810946454483556
5.129868543589055
5.1695015970305995
5.474422539110233
4.8924185417527735
4.665659771040878
5.474422539110233
5.7954187833063475
5.474422539110233
5.777224995894393
5.033140526801656
5.062412538870152
5.474422539110233
5.598582834862882
5.474422539110233
5.537753943833813
4.9964029293276475
5.474422539110233
5.474422539110233
5.7704723644736715
5.474422539110233
4.990094812272255
5.218927900215975
5.881460752928859
5.474422539110233
5.474422539110233
5.474422539110233
5.408232970672707
5.657916058819524
5.474422539110233
5.385011354328117
5.474422539110233
5.6456410790097795
5.474422539110233
5.8289265112764355
5.847407450463621
5.474422539110233
5.474422539110233
5.474422539110233
5.474422539110233
5.474422539110233
4.996361236968768
5.946066760359756
5.474422539110233
5.87165261438205
5.181203066668701
6.585908460290041
5.474422539110233
5.474422539110233
5.474422539110233
5.090650127783175
5.469179974713228
5.474422539110233
5.474422539110233
5.468489216659334
5.474422539110233
5.474422539110233
5.6262855800946046
5.895227334052636
5.474422539110233
5.981509041397574
5.068549599768071
5.474422539110233
5.110715189871148
5.96365555867227
5.95934855123188
5.538890873315944
6.570482526319248
5.474422539110233
5.474422539110233
