2.889322701475827
5.764143824563401
3.898989754717408
3.8690898508481895
3.4420901949455933
4.404036733356508
0.8707684928021524
2.126235543330176
4.298869255878498
3.660805701579106
3.267182045467879
1.9757469887471872
2.3684442916441357
3.773499858912648
4.657692988260751
5.477004295860198
2.859251858245972
4.557666426487589
1.6613339837889263
1.6733418332142502
5.712712783096878
4.549736306597038
3.3116198415332376
3.0036462219686406
5.006807472310504
3.9067008457250356
4.144483244051288
0.0
6.256742747219343
0.2589648843768808
2.6643670364226555
4.214476339386648
3.458080209439029
2.2040479654305547
3.9130367474203473
4.353187385918073
2.745824184799527
2.6051408278262653
2.9801446023496903
2.8370557985064275
3.098535673691611
4.816111525150472
1.2206279231584767
3.0556505919480745
3.3241514350091896
3.533391118138346
4.280087207763018
4.578418319126007
4.025893875317312
2.8749562749393895
3.125024453806594
3.9296963136148935
3.6240472945125606
3.567538367422332
4.1123323074218465
3.478717371841226
4.435980450747332
4.2670760113137955
4.552484636860267
4.500409699103994
4.061225825873949
6.435625167106384
3.6807176781779023
3.6485133108879237
3.1399986365116237
0.3560650939358858
4.051197455962316
3.204407960596189
4.267405281702171
3.9684377409759053
3.0194575328150832
5.424697782293904
4.13697820397236
3.8840766588471745
4.436497605503191
2.815560271717149
2.4961158251677555
6.467221259424667
0.7358332173927629
1.1402985933020942
4.033482456536033
3.1746063101791084
2.591010387253842
2.8786736459260887
4.084447072771577
4.502915553813244
5.349621670032873
1.0995756389041338
3.7859269646322478
4.222101362487008
3.66274884568808
3.979581253478909
4.130675581617455
2.8084888975423343
4.2602795104707445
4.658828192114038
3.1089989123988224
4.0490625467721
4.409548378046411
4.017712009470717
