4.933513051945573
5.3796174784982105
5.2837464331071775
5.2837464331071775
5.2837464331071775
5.122179698065309
5.2837464331071775
5.855570665384447
5.480083527893948
5.2837464331071775
5.478349005448332
5.235352435703595
5.2837464331071775
4.973592720270482
5.469882435385242
5.652872245408384
5.530116996793725
5.2837464331071775
5.2837464331071775
4.987943916865753
4.284307559034769
4.366458409290467
5.2837464331071775
5.2837464331071775
6.129638708686993
5.2837464331071775
5.561590227580424
5.265467821644958
4.888609489317298
5.2837464331071775
4.890551847040749
5.2837464331071775
5.1491732115492175
5.803050350838893
5.369347522333618
5.7488576526221165
5.2837464331071775
5.2837464331071775
5.266101015932687
4.521830201757025
5.2837464331071775
5.2837464331071775
5.317885590100955
4.833740570976161
5.953239055013925
5.08719871178703
5.2837464331071775
5.2837464331071775
5.2837464331071775
4.81242144770698
5.2837464331071775
4.998328948659361
5.2837464331071775
5.2837464331071775
5.2837464331071775
5.442841553085245
5.2837464331071775
5.335805254024303
5.54011476426818
5.556737866378145
5.476424545579102
5.2837464331071775
5.282469601935311
4.933150744970237
5.299729366110086
5.593179301385964
5.17678492841805
5.2837464331071775
5.2837464331071775
5.2837464331071775
5.2837464331071775
5.2837464331071775
5.786498148969386
5.2837464331071775
5.2837464331071775
5.2837464331071775
5.362421982237674
5.348090951015425
5.500703724614198
5.446594642631063
5.2837464331071775
4.334206227558255
4.562129911787359
4.637433452270297
5.2837464331071775
5.2837464331071775
5.2837464331071775
5.1749729498006385
4.588501982601727
4.795658050103983
4.838118331024773
5.742940345999707
5.2837464331071775
4.975024660659907
4.609754567442122
5.2837464331071775
5.077966821127514
5.065283400289712
5.51125158960601
4.958385723289741
