4.105211613947955
3.9281531271568144
3.4866907626591104
3.236702343508832
3.7155184779693258
4.919227138321809
2.225638214499811
4.342029996795457
6.557655019516968
6.953876807550788
3.5994024318747617
4.08425904612062
4.609658086097674
4.586396178437235
5.332273948506981
5.689909209705461
4.016957515165794
5.444746803079788
4.025801326112316
3.2931566164150725
3.286774224965873
4.939867332119359
4.117266396907249
5.324283691668258
4.317268253771906
3.68460071767337
4.636931561311895
4.084092459801244
2.7185248020301582
7.556040510552561
0.23842588391248887
4.523183824468603
4.8202297746312786
4.757350384990598
5.088576807670243
0.0
5.263425699205052
3.82557316716643
6.174404404576371
5.2653338104055685
4.1017590766179755
1.3949884674592128
3.9454274507141416
3.1240569385365875
3.6447303238194557
3.411618343892439
4.028475435044535
2.919127610206852
3.8761992624956583
3.0325794003734523
6.074567181315601
4.6252674384697485
1.2817194760890565
3.6905363954186616
4.885375634269757
3.667679859433453
3.95172170968
4.951212303560375
4.601347891393278
3.6603017169879184
4.704283951665895
3.239851583047694
3.7159883418292754
3.891499824669408
3.1078681169064866
4.253749365357683
5.021943877647825
3.5177464626898685
3.567132587296098
5.393615544191609
2.796642099427065
3.0972294296881366
3.379571616867629
3.05304602842954
3.2992777950783467
4.116877824142336
2.771189341833987
4.271543210971018
5.518374573985007
3.706531856531084
3.9511635146492696
3.6548536142248094
3.6452410903988985
3.9651492502816286
6.617139604825805
4.7801125300008875
3.635623053472476
3.409431839998681
3.4393705026339694
3.5287711225269187
4.0656357918858195
4.387001612340649
5.553789324657192
3.262132481069899
3.7671973574329054
4.650773940944492
3.0805886817948136
4.713756905911076
4.643038535474735
4.375661195220909
