5.297799005288533
5.935686035352775
5.383290113638875
5.297799005288533
4.777490735743909
5.297799005288533
4.724034629715336
4.827524902425316
5.297799005288533
5.333268491859263
4.676629586923884
4.631691402220399
5.228098483821267
5.297799005288533
5.297799005288533
5.297799005288533
5.297799005288533
5.091608588511747
5.426348105600057
5.3305692851010456
5.297799005288533
5.297799005288533
5.297799005288533
5.297799005288533
5.297799005288533
5.519486368768565
5.297799005288533
5.297799005288533
6.350085350521243
5.6355998163614185
6.080627348947543
5.418047191883966
5.297799005288533
5.297799005288533
5.247644977847316
5.297799005288533
5.297799005288533
4.976724412230094
5.087141585042065
4.784759919500465
4.973669532729206
4.749096132494348
5.918374110982559
5.512424359752082
5.230927050232699
4.917347307304111
5.5197666292190295
5.297799005288533
4.312412703397479
5.600867401321253
5.256764916763913
5.117006171569738
5.576754965770789
5.297799005288533
5.297799005288533
5.32522171528392
5.297799005288533
5.192269253709364
4.998566573922046
5.297799005288533
5.297799005288533
5.626239367804025
5.908522818241984
4.87261221908777
5.297799005288533
5.679939840018051
4.728163834447017
5.496252479201073
5.297799005288533
4.815623763004474
4.828691190009811
5.297799005288533
5.297799005288533
5.297799005288533
6.557668355431687
5.770896714349666
6.086173602874262
5.297799005288533
5.073126472669465
5.4590202616122525
5.548585835599116
4.345372952414348
5.479073537889535
6.874571236536357
6.058911070110083
5.849465349560409
5.398827839915222
5.297799005288533
5.297799005288533
5.297799005288533
5.233367400411867
5.368702620491757
5.297799005288533
4.98220532317984
4.707276793256543
5.297799005288533
5.297799005288533
5.925993370720901
6.719574493569145
5.297799005288533
