6.334902479092614
7.848070995112414
6.724996387306483
6.370153256132724
6.024983748585393
5.467132836252546
7.516868223795818
7.050097545121744
6.753369640957883
5.809084485754841
5.459886727571225
5.355897040306598
6.234322691934084
8.075284754223995
8.865312233460232
6.916101107399033
7.498226730478157
6.384144238173237
6.652419719288664
5.83036815149388
6.611104958749315
6.133992739722407
6.544979940111129
7.188301253209545
7.013525098267424
6.057748418563774
6.276503069452306
5.310656156819933
5.742488732887555
8.693088794906595
3.576201637385038
6.095840218903667
7.208805261403159
7.02732649667009
6.416604290304285
5.534915715757084
6.107958607411059
1.8061954020422348
7.180298495413606
7.611587229439743
7.685000637112066
7.7865528293621615
6.917702222507531
6.283185307179586
7.612651971145773
7.038674060714962
7.620266386818306
7.7196401611706795
7.4584182511950665
6.4898044567741895
8.038975386554402
7.375722800507177
5.7676455869527175
7.532866972238335
7.180518964510501
12.218829362181548
6.366424563618688
7.249790365576089
7.432242420802122
7.785075364013336
7.301800600142196
6.462593969728083
6.4099446671023514
6.612103712217477
6.888762553264705
6.871162419736526
7.418120132186852
6.577377106042893
7.118183595927284
7.50574033610577
7.766857111948984
6.415186111664987
7.993927212507321
7.256165768753537
8.107262455743257
6.625269253767429
7.18263129386218
8.420703616501157
6.34040284502572
6.656734596736783
6.302176048402757
6.717871075927599
7.3256873692776
7.103628312327545
6.604438107424859
7.898642899270179
7.9252449368281805
7.027083359157042
5.567538347332066
6.171686509731224
6.727961203964079
5.899036645315698
6.55127766930499
6.357131378240108
5.142628304748525
6.558710819587258
6.832274967657646
6.125058295742341
6.557617430696691
12.76443749118068
