3.784234683999602
4.715507104877027
4.382338620670346
4.103281480930066
5.4222149788204925
4.988236210504274
4.351296736927503
3.4910568302167655
4.547578220228365
3.631134221961153
4.7781051904118215
3.158180513695132
3.532324254973515
3.899162910897879
4.1873298458225126
2.2453682790657234
3.136308462616152
4.343887976123376
2.09157287200723
3.4247674550478733
5.734815769012646
4.21479566384523
4.06613742214429
4.1257184082404015
5.2886352863313295
9.804088974589627
4.233388985576438
2.8555280380625114
5.268736176151873
5.672407189688256
4.676641428325961
3.663597165121125
4.708005376064153
4.224459490987537
3.105268230326983
0.0
1.039677237361083
2.597608275897856
1.9302461987698916
6.57773497333996
4.473350446138859
4.603068571741637
4.529019244974943
5.092442386917515
3.0354877082920217
4.2625863537969115
4.480445036432807
4.494562795959201
4.776457888539661
4.7949650841604265
3.4843503137337635
3.364744435942527
4.403655061693153
4.863582999653223
5.094610873916889
3.5482540415638475
4.480376787386287
5.028198071768802
4.275078664973198
4.13721529722483
3.8520028612875112
4.828864043068107
2.4956521577348125
5.104301656182219
3.3613545191865377
3.5278067756961633
4.1691979571057525
0.35290494387765303
2.110013771741621
6.506999941486593
4.997739170230547
4.560504647417121
4.652383794304175
4.053970560109263
4.467919146291663
3.3848865862225765
3.9296634247790543
5.114008091716773
5.494600097093697
3.6312991983233927
6.156469465892093
4.945711153888335
5.322555712002492
4.896702074232026
4.464479895475067
4.742027688172254
5.719840882009845
4.306994749676049
3.577018425513841
4.756987455559658
3.887345853186786
4.518405636542531
4.075653816556411
4.036772279341907
5.285501741818571
5.20211008308676
3.525012430305588
5.006919656746575
3.5054406421007513
4.430674556223046
