5.29828040505819
5.643237725894177
5.421141679700259
5.462983529117134
5.856496391740219
5.800715269242714
5.44824240461509
5.421141679700259
5.421141679700259
5.421141679700259
5.421141679700259
5.4466981400865615
5.33313439218551
5.421141679700259
5.198581858770586
5.619115997110976
5.421141679700259
5.596590045399277
5.563946120685163
4.951552034005433
5.042316291902221
5.421141679700259
5.338058193292946
5.078242858467567
4.953376547288695
5.4768974932796155
5.421141679700259
5.421141679700259
5.375848598225502
5.421141679700259
5.421141679700259
5.421141679700259
5.421141679700259
5.356957955226589
5.801835063699552
5.597407680297495
5.294349622617441
5.359133540536657
5.421141679700259
5.787678796406352
5.421141679700259
5.203063867491549
5.421141679700259
5.463987875982772
5.654499819031864
5.421141679700259
5.240283969784121
5.3382892374932105
5.3553986845713535
5.595972000264867
5.2151490563841625
4.559098052220933
5.421141679700259
5.354554800979409
5.4696409654665965
5.222017536408362
5.421141679700259
5.421141679700259
5.421141679700259
5.3154626673510466
5.421141679700259
5.421141679700259
5.421141679700259
5.297814768170822
5.056642298178534
5.670457173595272
5.541164432780496
5.421141679700259
5.478532177260698
5.813802421542724
5.6855312494487436
5.111675252654652
5.421141679700259
5.045767115651801
5.421141679700259
5.421141679700259
5.482363666729926
5.421141679700259
5.598656544365761
5.763144342927347
5.421141679700259
4.794172698917652
5.421141679700259
5.421141679700259
5.421141679700259
5.421141679700259
5.421141679700259
5.421141679700259
5.421141679700259
5.421141679700259
5.125157962351577
5.765630955652329
5.844100495512393
5.421141679700259
5.421141679700259
5.236623414426509
5.455062495689014
5.290875772667906
5.737523372631022
5.421141679700259
