5.544382687686352
5.934688770396376
5.104486991150847
5.44223657229747
5.44223657229747
5.44223657229747
5.44223657229747
5.44223657229747
6.093219981255446
5.44223657229747
5.593354293627703
5.44223657229747
5.567959175083809
5.44223657229747
5.423014749686944
5.44223657229747
5.9284574691170295
5.44223657229747
5.44223657229747
5.263892960598664
5.44223657229747
5.44223657229747
5.44223657229747
5.505854566992487
5.44223657229747
5.44223657229747
5.44223657229747
4.936345531582401
5.44223657229747
5.163634484455215
5.44223657229747
5.236685723257958
4.670400826067871
4.717100191837656
4.601287837415354
5.4803223891190695
5.636240938240098
5.44223657229747
5.751913857042972
5.468845127245505
5.44223657229747
5.44223657229747
5.44223657229747
5.347674747196333
5.542842124474744
5.6268661220431895
5.082066335716018
5.44223657229747
5.518649196793351
5.44223657229747
5.44223657229747
5.44223657229747
5.44223657229747
5.44223657229747
5.994506768169774
5.44223657229747
5.44223657229747
5.181936296742185
5.44223657229747
5.44223657229747
5.771874408044417
5.550584886480261
5.470537610450279
5.44223657229747
5.255175928253242
5.44223657229747
5.44223657229747
5.121379224769333
5.44223657229747
5.44223657229747
5.44223657229747
5.7962413786005715
5.44223657229747
5.44223657229747
5.44223657229747
5.44223657229747
5.447427389921641
5.44223657229747
5.44223657229747
5.44223657229747
5.677769431223846
5.44223657229747
5.44223657229747
5.44223657229747
5.112159685748129
5.44223657229747
5.3449622531955105
5.0578434870222235
5.44223657229747
5.44223657229747
5.242152980755658
5.44223657229747
5.064088556829862
4.94462527932238
5.621700059873653
5.44223657229747
5.200148534257183
5.231991069237555
5.44223657229747
5.44223657229747
