5.878576706724924
6.321943036485449
7.9430789809751525
5.449715480795893
5.298304304143764
5.798871624119622
6.555413288181162
0.929924015246633
2.0825336177428087
6.534836430175367
4.902209850893096
4.325964785898249
3.493265526330473
5.517453709814233
5.9257732277406765
5.45065540530866
5.718131463670219
5.030440846901339
4.673927501300808
4.976487357693026
5.2926303216769846
4.241276613051297
5.36986081995277
3.3866212449270527
5.972780922425225
7.879340903014838
4.073471192202157
2.2385776900898415
5.329694474448695
4.416618586938856
5.6725748515382834
0.0
6.1871315636040185
5.7336873951860285
7.75437734715504
5.700717215755904
6.099860051693794
5.4453944824503715
5.675258848690951
4.401139312537654
4.614214628440416
5.882636691663449
5.618488408011366
5.858170243056248
7.699131338317107
4.898236945141736
5.249616957374478
4.7205115947087775
3.836972967573234
7.370574502644261
5.586727522025745
4.989057965469922
4.6497438102715325
9.164675780457834
7.729302031847901
4.656121472673597
6.656939090001261
6.360665069820966
4.106085960295722
4.428739727014195
3.8799502140640527
4.64614048317726
5.140004792116144
4.019895145265869
5.651698391550116
5.167460932095302
6.032323514436205
6.785403346163079
5.496586454426457
6.506071215919908
4.778693866999868
6.06856539283187
5.80815770738685
7.373424241265862
5.238546908925829
5.223409405207991
4.867052930792214
3.2011979613051285
4.65700438100938
5.910294210783352
5.286632461278192
4.688907106632161
5.7462282039508175
6.300697224010698
6.8243504965951285
6.09225058577878
7.16138867904597
4.273100770693694
4.720497302232529
5.6924364144039625
7.5306612581333745
1.2795412109647732
8.537646221197182
4.167040859033094
5.5772161715142285
5.768194340418177
1.407261976769281
3.1680561696584117
5.863313094290833
4.664440178307281
