2.4808432526794904
3.2013485766903402
1.7896212282665365
3.1869981423953826
3.232751524671798
3.3746760058139147
1.5620566356598107
3.102879068371765
1.2124908603873257
1.4956457599334905
2.1032810553251986
2.447816181587045
3.228780121943651
3.2696383804823848
4.242755561083749
2.531029218670941
3.1692027598929835
1.4131516671487234
1.3554047000167877
3.2771103961771333
2.4184797071415924
1.4499700840929295
3.3007504473105502
2.9337882251744123
2.8717409796981337
2.6370006452365664
3.0084449741236043
2.81905188346844
2.800641358589251
2.8663841479208614
0.566561454877144
2.3604501826783486
1.9130204800571229
1.7031909664812162
2.939250618593043
1.7928815754912764
1.6377200532188259
2.293927510678181
2.494866852423273
3.7466136584629877
1.4937556136182741
1.4367700864582091
1.8231250205679252
2.1886066259885735
2.520461555028814
4.071434770481593
2.2334135412469993
0.9429990633189893
1.73489922692219
1.9444639211978028
2.00995845823231
2.3972140691843093
1.6970978723985928
2.6952592168687257
2.914372831195702
2.5028393224835384
2.298430076405401
2.0191245317055015
2.6262133416117326
2.6805133744961127
2.590793286569092
2.3146486563429263
3.299867640350484
2.769799214522019
2.626799084343574
2.88022018713866
1.8006031925666184
2.2657500816787097
3.2235430307132895
3.087167413141647
2.647861430069075
1.7200968419388007
2.1025723606541202
3.1944369930972742
1.7792526223635934
3.0129414664457506
2.532939798571488
3.042409135371746
2.7609858363527886
6.427464785363851
2.706351535600886
2.238277617201188
2.1396389002206857
3.58344613076495
3.194752380047336
3.104599945296999
3.0626973159769864
0.0
2.0712363927000808
2.05404411100841
1.8584920873446735
2.041323955095576
2.475358804227134
3.3078350237765495
1.3503078388031255
0.7708225404445641
2.1846432448257125
1.9650920335107436
2.6987575630312213
1.7569059856803442
