1.321445085091269
1.780347687805552
1.5281675866251043
1.254076596526828
1.6442136849788127
1.2648223218550798
2.556000068678108
3.2064493992702534
2.2277967148435227
2.9057947134476647
1.1304900548501682
2.3944755156923687
1.0400002763714902
1.737109228439528
1.6697834787807504
1.4675130520773672
3.0085834637288706
2.1083786486820166
1.149125030603689
0.7360678813165724
1.6696205621647686
2.6784551604856075
0.2636785062079898
2.105225929913219
1.1152322597752913
1.4005237096079544
1.321496524746415
0.0
1.420927678501506
4.232201518911866
1.9887001246272877
2.2220159703638096
0.7164653250065334
1.9228566490870835
1.1379106998638293
1.1840019070205021
2.066064195721978
2.2265311064978386
1.2352145869134175
1.755591043588967
1.3994989279434757
1.4835048376304742
1.965016467921279
2.0821777940665234
1.6507853201837084
2.3919994798716844
1.5757692978559312
1.2756621157684023
2.2622120585538683
2.4467929796090035
1.0631341914995036
1.353950908042314
1.3987802728758196
0.8470083377304469
1.2962059568309718
2.4022395168448387
1.7585075430172883
0.9494371226663505
0.9673847143549201
0.9782664300707418
1.194986013685317
1.1825060495821802
2.925966179478376
2.418065585369871
2.125855817584817
2.353010644713132
2.8799301575914873
2.7926210300717433
2.7880343763062143
3.1838074800761285
3.17366354700076
1.8780381666140644
2.005197126323334
0.9347925738242733
1.1194301508957758
2.2567753640918067
1.1925222789185175
1.0461700411216515
1.8797002814375459
2.0767574649133183
0.8136952159540887
2.883586075057301
2.2837069448044884
1.126684270909787
2.047621036064901
2.36577375731415
1.9581329418384819
1.8645981881573035
1.3732243853886223
2.427365569088687
3.0415171871715394
1.5900043909101762
1.144750310797268
2.447289289171837
1.561653954744766
2.1343618673754423
1.3002902166716188
1.3680009176626515
2.3925394140083154
2.6249348003280897
