4.518355579793191
2.2535302448211385
3.3235408809603553
1.8344362868762807
2.508181021815922
2.9499437645467834
2.976296543527284
2.324104224608434
1.719048326364271
0.0
1.590492200711925
1.884365181033452
2.1937551247193623
2.383028153693453
2.8913797468568374
1.644591720436086
3.0260860612863225
3.2488951761164846
3.2139774380643766
1.8143003219413785
0.6834157348062866
0.11128472467739448
1.5562185293963315
2.5619345183708084
3.2383846569027464
4.516075004017968
3.232170620195224
3.0596597327015527
3.414528887281799
1.8290262446419385
3.7132013158559483
2.3045803606591813
2.7276082816292897
2.4486986050472663
3.4402482004620625
4.065460260465782
1.0759083796493765
1.8114208285726345
2.1107581704250022
3.207861004531928
3.6305031496297113
2.6004930012289584
1.6474114617816031
2.142786975904033
2.317790397197517
3.2230223481057614
1.5708009769377738
1.6591280428579283
3.800212257108492
3.2828074480484193
2.180862230657859
1.6588134929526448
1.4381911318781464
2.9899861608826983
2.7582191396266693
2.739823302588718
3.1304573072162185
2.1590084101779086
0.922066476480067
1.5621111542846107
2.870823786368338
2.0766781560509147
2.3714593452316466
2.217444884485643
1.7938550303790244
2.929066439922801
2.651911150169563
2.0417136661066806
2.72867430868997
3.0159483217760163
2.2537820985962975
1.685821118571059
1.6106756670903928
1.4205519975117618
1.7358182812394594
2.453875028471105
1.6774810706607641
0.7235492564023318
2.2790080457303485
2.0016433277739316
0.4319288661251841
1.4104194750093395
1.5466357162992743
0.967014392938359
1.5137895474179544
2.386381066458164
3.050428667646667
3.139903255796113
4.685600284885909
1.065710209424299
1.5842463641738986
2.7383900429565022
2.2449385958433616
2.4792609830222774
2.1664955674597404
0.09535130532951674
3.9877742385571384
3.3696878413088367
3.340595710432313
2.7975017006521234
