5.332565501404199
5.056842602556469
5.213872825915712
4.790706326143545
5.201643829759806
4.601149562779241
5.494267592976367
5.049442478607601
5.056842602556469
5.0300668737780745
4.944060998897698
5.056842602556469
4.365327082040107
5.056842602556469
5.056842602556469
5.056842602556469
4.956652922948606
5.056842602556469
5.056842602556469
4.918442991288984
5.056842602556469
5.056842602556469
5.056842602556469
4.180894596471954
3.8304998979333527
4.702153184606152
5.056842602556469
4.739540565934067
5.056842602556469
5.16198753804381
5.300703378918496
5.056842602556469
4.401823002597317
5.345619260566728
5.056842602556469
4.671647180960608
5.056842602556469
5.200821292192694
4.979917267761033
5.056842602556469
4.566089022313884
5.056842602556469
5.056842602556469
4.853041304534145
5.057697275496539
5.056842602556469
4.469001913740205
5.056842602556469
5.842922252734638
5.336157405118955
5.280693711694949
5.056842602556469
4.975493990443323
4.542743676503495
5.056842602556469
5.146433955731557
5.056842602556469
5.056842602556469
5.123284923418686
5.056842602556469
5.056842602556469
5.056842602556469
5.056842602556469
4.790225384231531
5.543969669831527
5.498051830329836
5.056842602556469
5.056842602556469
5.056842602556469
5.056842602556469
5.056842602556469
5.056842602556469
5.056842602556469
5.224545681168241
5.089726555116874
4.758512842787419
5.056842602556469
5.056842602556469
5.056842602556469
5.056842602556469
5.056842602556469
4.994523210505429
4.721718043715759
5.327111884186639
4.181702799623295
5.056842602556469
5.056842602556469
5.056842602556469
5.056842602556469
5.056842602556469
5.411685950319356
4.781214260251335
4.856866631909622
5.526940321849511
5.056842602556469
4.917951915781123
4.844790679933097
4.929228158380236
5.601439305256199
5.056842602556469
