4.802581242782156
4.357946386919994
3.9574776079624767
4.365614063201894
3.268725327075571
3.889767840495085
5.798397206004063
3.6496467928968523
3.8609222320910592
0.0
4.298817119230026
4.281551287181846
3.637014266805337
4.111065940311186
3.723730980412153
3.681050544929018
3.9381019886823756
3.525986019522846
3.784521055049761
4.90559074415464
5.240502015937052
5.56128849663722
3.6181892513879617
4.012255665915624
3.598141009823872
3.2271464694560343
4.03922416308947
4.926032876042984
1.714310403986516
4.206007414544852
5.3035609379880295
3.943076526252942
3.712946791493446
4.053081536724392
4.310471490968703
4.924858661312879
5.115466260417943
6.6235899468094015
2.9310948623422433
3.4169307719442763
7.724358001549453
5.121365992430388
5.1042478657625505
5.812597137003337
4.410658617223807
4.181694456557036
4.218487528483674
3.973189084508613
4.3819659482646784
5.501961414525937
0.4796024155280989
3.758796912330745
4.118197495940216
5.005384619747855
3.6171030488499394
4.018702603587015
4.108768904504038
4.263153335663634
4.953103385787203
4.950524261741349
4.1256865324412155
3.930477651111057
5.182655110402706
6.073267771573812
5.794188092074689
5.5351918488165275
4.790336864244352
5.598245690528264
4.831806437542706
4.481371807240764
3.6592495573022426
4.1793638238349216
4.684741694673405
3.504909901483657
4.869113501038986
5.2969080679065375
4.636442757742989
4.111259257296492
3.8707833241987597
4.665188693219263
3.955211698963307
3.409183699906679
3.792032605500901
4.460227105476715
2.6579476915365534
4.142675029763143
3.0589783325747706
3.922675043362095
3.403374215094025
4.111004414799621
3.635362858758699
3.4947158705016514
3.978295010828219
3.235586601924108
4.140339744272641
5.016297054597462
4.834572200328094
4.494467102969511
5.148297274788831
4.686250173825767
