3.488546806011105
1.7506749845997336
3.1188602905575844
4.374806741408637
4.351408627411564
3.4660175561838518
2.6229794764784913
2.7705196643615784
4.083094940643646
2.503680353078033
1.6786448838192798
4.1284828683469215
3.9998018467204846
3.1879567420767683
1.6622612613467522
2.624025195114136
2.1195145493908765
0.8105262108500026
3.161874896067958
3.04353728048147
3.1552441737310146
4.3046896630725655
2.679811890683316
2.8950505460456335
0.17347627330102133
3.3989049337493444
3.373673933327921
3.1442053477224436
2.505061814982187
4.234917905388435
3.519642149141759
1.7896355292917558
2.2476905942147476
2.3711393533481706
3.7631228097605027
3.3979135208117817
4.484361751667635
3.813336789435138
1.5800113829504867
5.250984587253651
1.5888873660981828
2.1882703351178554
3.083211453089694
2.312903901777399
3.3227242500403515
3.2603435264180134
3.4899179768027446
2.7489126849690826
6.605787124577619
2.396069923473685
4.221790548296067
2.345215856493458
2.3629032283686193
3.772907869027113
2.86379671543919
3.352740384849267
3.078282042140836
2.3898334169726865
3.243404713989812
3.0884059382568703
2.8778393216161975
2.8437496697510882
4.285379294641814
4.101575319041275
4.075794393799354
4.08569236657842
3.723180569132661
2.6558404400377182
2.9635523204955256
3.815294449610418
3.4334837567324845
2.6873620451676405
3.7726518102763986
4.242005784228848
3.3036310121393324
3.0365312308328685
3.1406501964202205
3.0238234918957754
2.6117897181879344
2.8236454320273485
1.1414065424858637
3.5810775345585397
3.2824538262595597
2.50264917585668
2.2066603442970356
4.124981033188952
4.286712224667484
3.3975531570628847
1.9889890698139996
3.0197736422097154
0.0
3.5862709203336385
3.063394185204761
3.191001228421522
4.141968110309081
2.7116664077644184
1.8780797340284598
2.9366010109085154
2.8835149797271473
3.9483924765495235
