5.332565501404199
5.056842602556469
5.213872825915712
4.790706326143545
5.201643829759806
4.601149562779241
5.073921561847314
5.049442478607601
5.056842602556469
5.0300668737780745
5.056842602556469
5.056842602556469
4.365327082040107
5.056842602556469
5.056842602556469
5.056842602556469
4.956652922948606
5.056842602556469
5.056842602556469
5.056842602556469
5.056842602556469
5.056842602556469
5.056842602556469
5.06599448809917
3.8304998979333527
4.702153184606152
5.056842602556469
4.739540565934067
5.056842602556469
5.16198753804381
5.300703378918496
5.056842602556469
4.499173684932466
5.345619260566728
5.056842602556469
4.671647180960608
5.056842602556469
5.200821292192694
4.884287914903387
5.056842602556469
4.566089022313884
5.056842602556469
5.056842602556469
4.6887647185863415
5.057697275496539
5.056842602556469
4.469001913740205
5.056842602556469
5.842922252734638
5.336157405118955
5.280693711694949
5.056842602556469
4.975493990443323
5.2943272026849115
5.056842602556469
5.146433955731557
5.056842602556469
5.056842602556469
5.123284923418686
5.056842602556469
5.056842602556469
5.056842602556469
5.056842602556469
4.790225384231531
5.056842602556469
5.498051830329836
5.056842602556469
5.056842602556469
5.056842602556469
5.056842602556469
5.056842602556469
5.056842602556469
5.056842602556469
5.224545681168241
5.089726555116874
4.758512842787419
5.056842602556469
5.056842602556469
5.056842602556469
5.056842602556469
5.056842602556469
4.994523210505429
4.721718043715759
5.327111884186639
5.41952350798607
5.056842602556469
5.056842602556469
5.056842602556469
5.056842602556469
5.056842602556469
5.411685950319356
4.781214260251335
4.856866631909622
5.526940321849511
5.056842602556469
4.917951915781123
4.844790679933097
4.929228158380236
5.601439305256199
5.056842602556469
