6.001766095721742
5.925837506190009
5.800963829507043
5.960565169669597
5.800963829507043
5.74030614174049
5.800963829507043
5.800963829507043
5.754544113648096
5.3187423518345
5.644333582568288
5.800963829507043
5.800963829507043
6.062373514487247
6.059641470313133
5.800963829507043
5.941234880313758
5.800963829507043
5.866470585010902
5.800963829507043
5.916301981888619
5.645195633598735
5.585761579841515
5.9055119488068835
5.800963829507043
5.8193146517618235
5.800963829507043
5.757464591747574
5.800963829507043
5.949334849143186
5.9245159287318865
5.800963829507043
5.659546184549272
5.674797048836416
5.800963829507043
5.994898573786795
5.800963829507043
5.7305223649164745
5.818280291360864
5.952312273422723
5.694758970045547
5.800963829507043
5.597618323881187
5.800963829507043
5.800963829507043
5.820035882905699
5.800963829507043
5.702642566944672
5.800963829507043
5.47558147034434
5.4792001838189766
5.818934724959622
5.6565679882985425
5.7364945812596595
5.841977299081333
5.800963829507043
5.989851468964632
5.800963829507043
5.800963829507043
5.800963829507043
5.800963829507043
5.800963829507043
5.800963829507043
5.7926057927270564
5.800963829507043
5.773735952883424
5.800963829507043
5.744071181206674
5.9160028722253735
5.980236455111695
5.856804658274917
5.800963829507043
5.838718398737892
5.800963829507043
5.903356207122053
5.800963829507043
5.565038619212653
5.98804726931177
5.912466027659459
5.721776341927851
5.707239011587466
5.722025940995564
5.800963829507043
5.800963829507043
5.819658503214518
5.6652931155548405
5.800963829507043
5.583220903076681
5.800963829507043
5.826576680003251
5.913200373711037
5.618877610597913
5.801971024457432
6.015647507419736
5.800963829507043
5.800963829507043
5.852069957476436
5.670065582475093
5.675465797407425
5.800963829507043
