5.45216707299282
5.45216707299282
5.560632606720871
5.45216707299282
5.45216707299282
5.45216707299282
4.878402697419624
5.856274626195982
5.45216707299282
5.48763655956355
4.83099765462817
5.45216707299282
5.382466551525553
5.45216707299282
5.45216707299282
5.45216707299282
5.45216707299282
5.245976656216033
5.45216707299282
5.484937352805333
5.45216707299282
5.45216707299282
5.45216707299282
5.45216707299282
5.45216707299282
5.673854436472851
5.45216707299282
5.45216707299282
5.437851420978717
5.789967884065706
5.924062605912702
6.039686240922456
5.45216707299282
5.45216707299282
5.4020130455516036
5.45216707299282
5.45216707299282
5.582535993215636
5.241509652746352
4.939127987204753
5.45216707299282
4.903464200198634
6.0727421786868465
5.666792427456368
5.385295117936986
5.45216707299282
5.45216707299282
5.45216707299282
5.45216707299282
5.45216707299282
5.45216707299282
5.271374239274024
5.731123033475076
5.45216707299282
5.45216707299282
5.4795897829882065
5.45216707299282
5.346637321413651
5.662574829971737
5.45216707299282
5.45216707299282
5.780607435508312
5.45216707299282
5.026980286792057
5.45216707299282
5.45216707299282
4.882531902151303
5.65062054690536
5.45216707299282
4.969991830708761
4.983059257714098
5.45216707299282
5.45216707299282
5.45216707299282
6.712036423135974
5.925264782053953
6.2405416705785495
5.45216707299282
5.227494540373752
5.558466495312839
5.45216707299282
5.45216707299282
5.633441605593822
5.45216707299282
6.213279137814371
5.45216707299282
5.553195907619509
5.45216707299282
5.45216707299282
5.45216707299282
5.387735468116153
5.523070688196045
5.45216707299282
5.136573390884127
5.161025374735461
5.45216707299282
5.45216707299282
5.45216707299282
4.621148838806053
5.45216707299282
