4.102597181483274
5.012997985966478
5.59720194326726
6.420111810118527
0.940231690462177
5.127939772071148
6.8519173533434135
5.820921662915334
3.1696540017974315
4.511728639404211
6.04745141483677
5.763822467658339
5.720079470616097
5.892809788352619
5.508426624495539
5.966489719744317
5.790861701053302
5.782409809343031
5.8196131533955775
5.731648357329899
5.407589883495444
8.363242321619406
5.18448217836308
6.3538003435316694
5.522834051803088
5.819735979836083
5.249369481327081
5.975467486522543
6.496847980054619
5.440335543989932
5.640877108265444
5.0178960185567565
5.453068027685129
3.5145478510550454
4.728892113907968
4.444380824086279
5.182102497337822
4.425942846013077
4.141442895579223
4.098405973081899
0.0
3.907336049119335
5.2769331693148676
6.238559876615554
4.77036614628723
4.965619200362655
5.508394443913517
1.4088776098334588
7.493669530672761
3.3696786309840894
4.104278136283977
4.752554962788421
7.866277163417333
6.046561392273758
5.93657465682688
5.456657536413529
3.986297168737972
4.10647930772099
5.845366725548532
5.923884644499081
4.533882627597173
4.818394932832041
4.556115132860226
5.747899950639734
5.48300856655975
4.2960463249386125
2.9719089567994312
5.07928864159528
6.103295598865711
5.586036834087642
6.262509634217887
2.195694461543672
4.810994885008555
4.723969935236566
3.9289567367710245
6.151271733005478
5.679812651831384
5.700273706418689
4.95866071350023
5.6362009445807555
5.848748225111537
4.814868067466293
4.536944981777799
4.1290345130601604
3.9341477809563448
5.266435099679132
5.725330836169928
4.3286454703405575
4.448910881128601
4.860643976992488
4.076910629066326
5.488135453698105
5.330664487433438
4.247404636077819
5.489894674090859
5.7469628206468695
4.464802363657546
5.229550406547821
5.017776521020954
4.201595826809459
