8.1113859224584
2.4598691188535167
3.3249722315712043
2.276805448776122
4.056174669615395
3.262482786602891
2.723432689663465
4.112324216821431
2.8721010390934394
3.4610879392068847
0.8025287481451571
2.0718925778882347
5.330014972190053
7.543554851307302
4.330593540641481
3.2763106011104814
3.6399407431869135
3.2308953734587704
3.900612186547958
3.232745907424235
3.5241396482805745
4.113401015225128
3.6031509587784827
2.8851396757250503
2.916074221570373
3.179522973776501
0.7960614662553396
0.17433772918562518
3.8519027495601788
2.1671545843498565
2.399083806816134
3.853371376797335
3.000283160131388
2.6770754711636577
3.9079959423897956
4.989314671719953
7.750940141968002
6.940851892500107
3.9518270956801045
3.270842423227649
2.3689879818708914
4.153589378811483
4.024234887853652
2.4957997562524072
5.046361514419312
3.948210805466945
3.6883505233833764
3.029831819613232
4.872030235934924
5.893405609960019
2.183264708598509
1.3575992246968038
1.6380591957734731
3.036915220023075
5.61944182924206
0.1439513393271734
3.717353213911712
1.7684424159830565
2.479874771302121
2.460717845270663
2.5288348589565084
3.5945462514540543
4.1882606841720005
3.864583853971427
6.894128987254076
2.2599677999936296
1.8073268694620888
2.375495354781361
2.9128757060633843
3.0766512556686467
3.0567143428569996
3.49384540855653
1.8639527428912634
3.5042549986373692
4.008308187733318
3.585173206153896
5.116077134113228
1.4340834827125128
5.345223475873929
2.672266968588013
2.368869788914635
3.4251836482626894
3.2772984005224877
4.437061455368318
3.4381986026113904
3.67913125161629
2.9403640964231794
3.7039426501545547
2.8198988797380053
2.203660267319267
4.018514658859811
4.162844078257966
4.192771855678753
3.2419255163101046
3.753514043507231
5.074373853845672
4.0864943526893
3.9612657583902435
3.043955024592491
0.0
