6.083221281873696
4.944884123071079
5.271052192968846
3.490029506679397
4.394513255978852
3.758617466310533
3.2830542953037085
3.8139678242690955
3.8581325079458644
2.738826830908933
4.95752908837331
3.6030610229009064
4.345012057757566
4.3128725634768
3.3559870879369758
3.3389098675272684
2.7923030720738753
4.964358394939329
2.729689587825854
2.730409781911783
3.1805720596078304
5.124996995099595
4.959479811769523
0.37244570579762293
4.891758347700516
3.121989719246849
4.146144942219455
5.080785033912685
1.8634832333785822
4.059194449977497
4.0386993773157585
3.432206597801724
2.035447573571617
3.90674352686654
4.218459835279364
4.2453543717159015
5.120620899101464
5.413890378726783
3.574494378267714
4.859467369427288
3.2912351770518287
2.636972119398111
4.65736021198056
3.4725268302876837
6.984060682396816
0.4662369893498042
4.554174078237488
4.788203229257076
4.422191800826622
4.170844672517882
5.225690440361616
6.65446369100291
4.257740710671911
6.468783386104905
3.1218230309452704
4.143431394554243
3.3976470041090696
2.677648852959964
0.17790455138187378
4.770638579681488
4.991692621049116
4.150277663791892
0.5984484027897174
5.1716840872467955
6.5491192624335515
3.7571638220763957
3.8694179995549858
5.084471489721272
4.985312166953284
4.74544584480344
4.153419554254879
6.346947836372188
4.429924576137475
5.710310186348673
4.3401701470187675
4.259646584111229
3.4511618080005046
3.6471992437274903
0.0
4.0942160254789215
3.410762856572719
7.415971017572563
4.152362748672001
3.5677014297672374
3.841125553366862
4.179189714658314
4.682524428667829
5.207269454441768
2.007120163864319
3.084047851813552
4.315658824378783
5.0133397754252975
3.4147798722054326
5.77135129791178
4.412298278366444
5.038041597994567
4.895143024846636
5.84683725468469
5.524018470404185
3.113762283482327
