6.156679133882248
6.272236888136805
6.293785338951283
6.2674569661696005
6.1554615603779785
6.1298718404305275
6.156679133882248
6.156679133882248
6.156679133882248
6.166272203724191
6.156679133882248
6.143982089170844
6.1661075032216806
6.156679133882248
6.107837911275897
6.1146478482364675
6.141313654833985
6.171487233616785
6.144938547027245
6.156679133882248
6.156679133882248
6.156679133882248
6.1190663051631216
6.214876050853519
6.112726678996582
6.156679133882248
6.302290165009419
6.156679133882248
6.209970914963176
6.164041130541445
6.196963443443757
6.156679133882248
6.156679133882248
6.076240225123032
6.216631720406049
6.23368180241118
6.156679133882248
6.156679133882248
6.156679133882248
6.137843570079444
6.16607220295451
6.218736899425908
6.156679133882248
6.106551228446192
6.238841685017187
6.18001668745207
6.156679133882248
6.171653756302318
6.156679133882248
6.244004204526323
6.156679133882248
6.052304770919957
6.297405351852804
6.156679133882248
6.198843565200258
6.1315175826489305
6.156679133882248
6.19637595220615
6.18045047318177
6.156679133882248
6.265831617494724
6.137715994221281
6.156679133882248
6.156679133882248
6.136131332655255
6.156679133882248
6.156679133882248
6.0538677367836415
6.10597631384806
6.156679133882248
6.156679133882248
6.156679133882248
6.156679133882248
6.178203091251906
6.156679133882248
6.156679133882248
6.156679133882248
6.151216486172143
6.141083067167716
6.156679133882248
6.164917887486247
6.1780921079088165
6.108547135569762
6.185374487182845
6.156679133882248
6.198477296438267
6.156679133882248
6.030172960584909
6.059178924167787
6.103184393885629
6.156679133882248
6.239603539042442
6.1566578379816725
6.116745313352753
6.156679133882248
6.156679133882248
6.156679133882248
6.156679133882248
6.156679133882248
6.072068583275427
