5.7615181933298345
5.522276935989687
5.839517232376419
0.0
4.390047398167324
5.811883684061905
5.680634039198097
3.942293238337882
4.698977849358014
6.423361267294261
5.000137842702005
5.093645477427986
5.170787430490019
7.626567849952254
5.551352095085783
5.875327010200691
5.780946941114277
5.290611716172166
6.223754177813848
6.18671908680985
6.566952977521392
5.317262182402468
5.270167788723422
0.8510669809850082
5.1589260577999125
5.4698566121892
11.304448130327849
6.257950980391504
6.861892117418694
7.05900021307923
7.421201475056098
5.579572010077872
6.457535682490958
3.9868276046481674
4.891323095405121
7.1981083299281705
2.6358765237349804
2.6647771686691906
5.226312543216006
4.871690992526002
5.380525268353223
5.917847317175131
5.949403040341744
2.9738926717792014
3.3625066391709453
6.783446927935365
8.275373254157369
7.399593812214667
5.409534532509875
5.482745046030274
5.40086741457975
4.781988000714254
5.861869545016793
5.004116308809242
4.781355407422259
4.775067221462311
6.865913402151004
3.646514897992132
3.9907371016665207
6.695757563690812
6.323443608474638
8.170322794441113
6.342732603738457
8.145500462460877
8.224280085262583
4.63993815648856
6.0972347516671235
6.349147388638118
5.098460417205541
5.60414769346471
5.844712741052483
5.3832137716262185
5.988145622133544
5.901362793783591
6.3399684731512
5.719768414084105
3.3958303050576175
5.470294978291532
4.650475745329845
6.631758746246627
5.071351887945168
4.83979164720609
4.90538933697217
4.697109296453668
7.283611788511728
2.8822571347167445
5.5716799774280705
5.985387476726009
9.060419421294469
8.098504016890436
6.128761004719232
4.592156109609486
7.8389738622922005
5.671920506931618
4.4893616876958085
5.93988483851401
6.096244147209285
5.760036496682837
5.559156673472945
5.030782979935043
