4.775556500776887
4.080613473727302
3.4433943314009685
3.727121127708777
4.1808043810282935
3.308069699597165
4.194742960366137
4.508837877792514
6.135237679460379
3.8073589617355763
4.1001699607260464
3.2965303660724885
3.901923771342423
3.2681764774527213
2.993253683992623
4.3491256526511535
3.6042299841692147
2.87052988110997
3.6503013425204736
2.9918024189260883
2.1292708641600724
4.622583193441234
2.909029392694697
3.229940144399509
3.2996623960101155
3.265405366520382
3.9612252636490886
0.0
4.694437977116015
3.149774067675442
3.6785333960918547
4.285569281070983
3.1248797457371373
4.3473105494740345
3.2767455156795484
0.7223039120160184
1.5275981610701965
3.9948583825567634
4.9680280892645925
3.533921673272176
5.365566404448533
3.8061925472800104
1.802322493842114
6.0345148749179
5.425820819164758
3.65583915598811
4.344109988834472
2.84474619196837
2.535357362657427
6.415776434745421
3.119795360806759
2.4720835776043772
7.971658556275381
2.58708198015709
3.7253670413928446
2.89051252213551
2.4594583900504983
3.002916931028053
2.7385109022286547
3.174217205387368
7.098515834875874
4.5752132678663635
4.299258356582563
0.4636343410063981
4.430712037606953
4.144601492579813
3.7571740856756746
3.929698898179881
3.5747579809557517
4.065632313422778
2.9696907577399188
3.7123185997317156
3.258617064607003
3.601282587878873
3.357683682712554
2.41873647752081
3.517989469190957
3.650059804742174
2.2168203143717546
3.897706580804271
3.0932502832572917
3.5671942039802973
3.4607147598983112
2.7367723135308317
4.058816156692608
3.9461964483050385
3.7577464056781924
4.951892628073871
3.6522430020225887
3.5920689274041564
3.4375107836325944
4.031221714326242
3.691082191000228
6.490189337826216
3.0684130467107065
3.4919847395742867
2.7610403386679083
3.5690505534902504
4.263142313945885
5.118602788602013
