6.134814638840971
6.839554277945269
4.584407978660414
3.835049534259576
4.672025704803102
4.76599020733771
3.9557360250894735
5.263460749686159
5.636794808157416
5.337451441236784
5.2531519563812274
4.750951804771115
5.373427233023225
5.5742696798602935
4.415308440607836
4.473793436754006
4.563290710448262
4.541839235486842
4.29781501008131
4.808401473815033
4.482807451803122
4.444332186117492
4.043426289536324
4.051022746607383
3.837908728358377
4.107609006688874
3.2038170034952524
5.243679202110316
3.4605203623887792
4.689599091210178
4.332582722636404
4.9041652901070965
4.268204463193831
4.545957709530059
5.323816297867115
4.549045016962176
4.5929910804184315
1.1902238964879626
5.443700682660791
5.337835331132808
5.897107084001137
4.841328949236001
5.6312962517763365
5.683128166707516
5.021626593388575
4.7416378843924285
5.360397552597014
5.3143373337102995
0.0
4.775662710217731
5.126091514234147
3.5018107851032925
4.912499798696794
5.732750931901203
5.734197965511944
5.275305840364586
4.991081693157059
5.7589960160030795
5.557522295807483
6.141924337142033
6.445752530103215
6.205415908591238
4.347866949943018
3.505325153217586
3.151954422262098
5.260793827354799
3.535190145260719
4.711677875617729
3.5753827730876626
3.673054634484529
4.001639964560599
5.813322460489312
5.338481632081338
4.742182199420571
4.213005378650097
3.862562827714587
6.396626730141993
3.963424319828468
3.6842836252531224
6.3575228704888
4.838784174161997
5.627106237931513
2.5941397200003387
4.274527310971848
4.4045020480270365
4.169808751005339
4.227337374097758
4.696985915993714
3.990099274019529
4.525209151241486
5.563921447503535
5.099453388158629
4.06672957818045
4.513367938730311
4.140399592048667
4.766718508169495
4.982221482774158
5.277086754029964
4.236262842436966
4.620903616128474
