3.8959177360739243
1.172878780666824
0.4346640188850974
1.1066418558628892
5.015860216801233
2.7757431035336206
1.2329615398301381
0.9266163500546436
2.8971323898525356
1.4820383121617007
1.9949145140389173
1.8413122016773094
1.716533791472699
1.9214457318073013
1.828634186668908
1.6864000490680946
1.2974041081686112
2.358464870464902
3.144972698173204
1.933737030405489
1.9415623919631995
2.4554243896157812
2.076800250782968
2.8810881240331065
2.4882992237720187
2.795724151185535
1.0325749471767467
1.8296706503056626
2.649548812285792
1.7923701221266297
1.2143639003143232
1.7155684687118402
2.4886133439264913
1.2425621405565952
1.157150633339047
0.6463673818808566
2.899626442350426
2.9290142440934996
2.348853524317637
1.9747569405744119
1.9196952383008044
1.7764899282041182
1.6357214247463672
2.6484894080411703
0.01983777562197342
1.6837524227037641
2.0189059809587855
2.077294505028667
1.7823012485030474
1.0521502593452823
1.5600786681505605
2.01833688139116
1.762613073084757
1.1158528196871393
0.27590922919028316
3.0550826074038415
2.0452079848761624
1.4266233171673055
2.7233397284523857
2.432708962368728
0.9777345967777631
1.212163840010825
2.3011268974216748
2.4468937937671082
1.9914273812037648
2.2850252061925924
2.6254766351747163
2.4837995311281853
1.7936941250358305
2.8184739338764633
1.1270276337049556
0.0
0.07128889961162987
4.927941267105882
1.5817821318476537
2.752365674679592
1.4093190813340575
1.0504464456547318
1.9203922285888244
2.2874492698281412
2.7644090227184934
2.212661793012748
2.7402159541634057
2.11227619653629
1.138998436394391
1.1739977983819312
1.4232367720573138
2.232546500220824
2.79636494791749
2.585017541401937
1.2816089649647582
1.3817662061144853
2.0384707822280155
1.0927903061798125
2.686644532994772
2.567890750511554
2.912867238700348
1.7818393364736154
2.566968416110845
1.0324353609495938
