2.602824560431511
0.873988218766607
1.870332138807191
1.86299346680756
0.05940121830777256
2.49162288373653
1.4405967098626515
0.0
2.4700564766395927
1.8812848106552766
2.4625656926790294
1.7236657307774341
0.8893617719284803
0.8089676987897918
0.9939906777447096
1.7531858656220758
6.039322038535131
0.9778852800685665
1.9791615233175404
1.4407105228183554
0.9102845966946683
1.4349371467135623
1.734189610310537
2.7932820752966228
0.18944921917418056
2.3524547560032785
2.661466073981812
2.6156228990215884
2.759445563788354
0.9608497997586998
2.3829126161551155
1.1676946461162758
2.8303266269876235
2.7569522374117583
1.5392620918218323
2.1651228005894123
1.7212493224623793
2.5723588947541214
2.601478487202964
1.9432292152048154
2.5210999023481957
2.66932173789579
1.4187194075683252
1.2672587970519764
0.9826338163702406
2.1517000365115893
2.5045444302840667
1.8259556370006567
2.118870339602623
1.325375033533743
2.0901059470403287
2.158109285110172
1.3678918527142523
1.4994535834406961
2.797619446093117
2.0440052290396267
2.2700032550284948
2.6537403729415114
1.8686295166615312
1.6162256900495162
1.134549131512519
2.100799108694112
2.5529780014708576
1.994444273596295
2.8396697861805436
2.432564070278638
1.3682704114187494
0.9781376237002339
0.9841160399633282
2.371335006826434
2.6297133487062636
3.0148252046468405
2.1494016447897843
1.8156425183120355
2.7640056096619707
1.3543241199604088
2.6647504332463092
2.2345977535402155
2.749924834666757
2.541319422325405
2.749483391142058
1.0832315214757466
1.0501260095817953
1.4205039457504656
4.228200825666541
2.3818033059783006
2.3796140509673376
2.3981734281499283
2.1748631172110806
2.3598213487713333
1.6382795692862206
2.8114606912656765
1.7471474258817494
1.309931369050986
1.5897957668954015
2.2285018279159376
2.8880993234503727
2.631234662382653
1.2008964704327536
1.1296842461787882
