1.854326130938047
1.8958925861520908
2.4960673049059467
3.023976343300272
2.1199639724378394
2.190532374395527
1.976794075810699
3.0544438089323385
2.7759227765801695
1.173879337640277
1.6296316585645934
0.9984196087204849
3.5919646501233107
2.7566930694117118
3.0768306311842633
3.1785341086671615
2.282466474996961
1.5135573431479439
1.0418720118051528
2.5448882107638973
2.9675344035499878
2.7311399652505006
1.8260171256051416
2.688378080310221
2.4287720948340668
0.0
1.9359364603979103
1.4120561353672416
1.9338716233959232
6.220797483685809
0.8974085488468251
0.7480882214489257
1.6193898638652435
3.3614215837143115
0.8585759512781768
0.839611192138159
2.3013262584899925
1.7230948071050638
2.6208935702326106
1.8593587972403123
3.7263904647529573
2.4610165619624365
3.928136936459712
2.326011443321
1.8715317877170174
2.800610039006509
2.3695239112512514
2.073550086107556
0.7390811027130288
1.8416142030324711
2.3721661476351468
3.03338474527276
1.5489323598529943
1.2716777828027226
3.5728817331411267
2.157137324169104
2.8274448837185724
2.9832616234964977
1.8794243959477739
2.0225957541878476
0.9364674609100923
2.439770141760272
1.3545361753364298
1.9299197174313871
1.8206341851839638
1.4941731286838231
2.044344727728272
3.2109640738468346
1.4749018252212127
1.420670718947472
3.177787113929208
5.586480905545129
2.63644928845166
2.561575683398723
4.407273576784308
2.972462291221602
1.8618279227064956
4.028370204214798
1.2423284071990328
2.5140321227601876
2.2086492918046714
1.8471216460078757
1.4310073008455575
2.142685888561563
3.462685081316134
2.558534474139667
1.8779129555417486
1.4991264692198865
1.3020756472266137
2.836551008903545
1.712751117045895
2.4733095647198464
3.2055601173528343
0.9824631227134901
1.7498720092613422
2.888725301762238
2.239284339095976
1.7482283923715602
2.916031851325255
1.1712802037111238
