5.62168969791994
5.914724753090043
5.646694919613176
5.62168969791994
5.62168969791994
5.62168969791994
5.62168969791994
5.62168969791994
5.62168969791994
5.62168969791994
5.62168969791994
5.62168969791994
5.62168969791994
5.7681859151984405
5.62168969791994
5.62168969791994
5.62168969791994
5.62168969791994
5.62168969791994
5.558009395947142
5.692259457264596
5.54414388877608
5.513850311018761
5.609889033184535
5.457804052873152
6.05792289464382
5.62168969791994
5.324930034121797
5.62168969791994
5.62168969791994
6.134336303761739
5.62168969791994
5.62168969791994
5.62168969791994
5.658403365108742
5.614679094182994
5.62168969791994
5.245548323932617
5.62168969791994
5.257092513503165
5.767271914304008
5.753007235866386
5.446681583918197
5.62168969791994
5.081417349867495
5.62168969791994
5.623494720859683
5.62168969791994
5.407947525584532
5.62168969791994
5.590431808298339
6.198111848752263
5.62168969791994
5.62168969791994
5.9970724975520735
5.796265821672143
5.62168969791994
5.7191081658537914
5.657720551155288
5.62168969791994
5.4504650300010145
5.393386397833392
5.62168969791994
6.108774203985812
5.364454523971197
5.639469913914786
5.607806813063663
5.620849537520526
5.821754774577833
5.10547258340123
5.368481626425805
5.62168969791994
5.347202729028094
5.62168969791994
5.62168969791994
5.62168969791994
5.62168969791994
5.62168969791994
5.491074773042936
5.7521515528676535
5.62168969791994
5.284516067223752
5.62168969791994
5.62168969791994
5.6974310663331
6.090333129827165
5.796033167560271
5.56906094788018
5.152397259251559
5.360663764609071
4.960194088660294
5.49978298716979
5.62168969791994
5.62168969791994
6.081761908414553
5.517167013453314
5.62168969791994
5.62168969791994
5.721953549687939
5.62168969791994
