2.2593162896352417
2.4190756290404094
1.2582424034318476
1.2887796860938727
1.9040324050042994
2.8191891667298545
2.451488954715312
2.197159969384186
1.6723092023959278
2.3587075547147935
1.848375090961758
2.837106183319885
1.6700466021148708
1.7410968315559097
1.272769019441856
1.5286735441551822
2.966152726818467
2.8695145035774585
2.3500026112455275
1.1149079022612567
2.9293424422953147
2.0445855206224213
1.1631221578657573
2.9025977575826154
0.7728060107715264
1.4679982002666616
0.9340394910506074
1.8755759174404636
2.887296468185285
1.1646389499762488
2.5047440825634033
2.224348354097157
1.4445207928483397
1.4871488142191636
1.9039624269557365
2.7475659554054963
2.3526584657613387
1.4818429831520392
1.9945139267570147
1.4690465308016891
1.1679126026293183
1.9108608481107667
2.9422306551985393
3.5364543759072196
2.341210353428859
1.9136474362278046
2.273430176483741
1.9034697760816695
0.0
1.5182606658233766
1.955301586499525
1.5037661790314227
1.5364118366207329
1.7863026660846613
2.325152094946757
2.7605071864947073
2.386418585508106
2.390275174631881
2.825395515349562
1.956888565481428
1.279771427975602
2.3443010713048773
3.027613529429159
1.9396590267780827
2.022844679758081
2.247822793875155
2.7768168630771233
2.829886714549077
2.512729554761001
2.204811365649924
2.7607863896622766
2.6885064238909666
1.3543932056082113
1.555987300865843
3.4148786077779274
3.9284761435641213
1.8966737750284834
2.28602472100836
3.842253754140249
1.6771210520166857
2.4118695727521198
3.0190630666352787
3.0328581343202425
3.0023829970704803
2.783738830410344
2.6690850844893976
1.7399877946870919
2.1530042360815513
2.42921537635707
2.487152005641245
3.1135564121599506
3.489811358462184
1.9756158991152968
1.0675095404634478
2.9786797982844493
2.863161028862697
1.7573241004942415
0.3952286213698515
1.5103163473886894
2.5676447667516276
