0.0
6.127867715828324
6.3350129190586735
4.010039553848792
5.706563873867404
5.302211425609192
5.188690044522568
5.291873184922443
2.9972017354063385
4.867483719340715
4.90986499100126
4.278850587324123
4.454809760791234
4.920449942966384
5.033212744500545
4.861336542936794
3.4688893583118188
3.4784843082433046
4.048604403229006
4.928517794487094
5.397274977121928
5.227683259939417
4.6903491092300955
3.566450429731876
4.004731685289043
4.877813417508882
3.5394573226345014
1.3822910210519304
1.3071293672702207
5.646767598007015
4.56939119391334
4.2106884669913605
5.048378625195882
4.842471916875832
5.716553694946106
4.061688037453713
3.4579084218112968
3.6695910249520654
5.13533710814054
5.300563522909286
4.203100889692947
4.161610222705513
3.905248594903297
3.906386951424001
4.564306349994885
4.619259367492941
5.2972282192272875
3.953013041683105
4.9509844667219465
4.153400952915357
4.839604107324103
4.363997393028269
4.218582688791813
5.9289250367387405
3.8335389112537457
3.90377846790775
5.027693498293563
5.168442663712237
4.169531540428048
5.334627713339393
5.2736118335215165
3.7857235712269244
4.149519093904894
3.907816485141465
4.560927048908022
3.4411359482099537
3.5142103215830236
5.164546643154029
5.367540586199233
4.168926311519359
5.28951633353614
3.6041905208333143
10.653956093108139
5.259169325194218
3.9206610481542117
4.519993947554671
5.180403600661538
5.028045086192032
5.063871627019652
4.813371862959103
5.122771685945667
6.201710130291996
3.835132042816505
4.458939723673929
3.359154370903579
5.209563900955709
5.264190089257866
3.4585629697673093
4.213265174603625
3.404263924978358
4.910947126851343
4.691676923487189
2.429121148970188
3.6591497486883497
4.450706648147069
4.819505221801895
4.020170351221013
4.309225101684708
5.073901642800916
3.608888224369955
