2.321266178417419
4.405417097798427
4.613066427334238
5.117851188130563
4.265570231519557
3.3453418361438145
5.14029481701146
1.0975916584296677
2.8285013704557054
2.944603260531368
3.6846354211714094
3.918515721328349
2.7648934060620225
4.1694210898779245
3.1489312892025185
3.0393133057897495
2.611480831311829
3.171895062644447
3.8479080379333475
4.011908589307223
3.746738183088677
4.262448315861344
5.9234319154277895
1.0160492430806443
0.0
3.5337742826789795
1.6019062136065996
2.9051651246954315
2.7251321260523245
1.924238568939936
2.8049064966104194
2.940971121768667
3.442581621903459
2.2716466181589605
6.88834338830546
4.996732036394283
3.6601467371644074
2.4118283950810344
3.2990618443355726
3.3022658359882158
3.4235774853040035
1.915247876374801
3.2549383948143733
2.964884213441236
3.784928433108376
3.2531812517437393
1.8593299513093153
4.3232965313216285
6.814363317901667
3.4893140835183805
3.0190092311528596
7.102167560063917
2.8383050557647227
3.8856229622500713
4.144086147579371
4.393407019741544
3.4988771248341552
3.440705218884637
4.355323969651726
6.976812030057591
4.750581730091475
3.0038460833211635
4.42502330025311
4.290278755242883
3.6599613075219373
5.075534393294181
6.076928872455773
3.1199181742643374
3.9769701554509242
4.722181920770484
6.62381899380455
3.2407343558713464
2.401589928183978
3.048339186833493
4.162335236728681
4.403406510810349
3.078868406340089
3.7133758028102855
3.7655543753291307
4.303251786102116
4.419119171812107
4.6189065568711785
3.4780903754152583
2.9646252212768904
3.5908941234567626
5.48082620239983
3.7734010378094696
3.850620311412194
3.179623843382204
4.145986032079499
3.99894466694089
3.3781998776901614
3.752098011283753
3.2869749608965586
1.9820751999755304
3.9625014074324256
3.9844734834377022
3.792012199450878
3.3610761308812886
3.5364393549606468
