4.571416466375897
3.2165714394040013
4.580352670243089
0.46225480295167065
2.6740723200033556
4.0117071761216305
4.582923427463754
2.70018803210755
3.5002005461586827
3.999226033284253
3.6373750953728647
2.940427680171089
3.7513857958110326
3.03643684949432
4.0061562097750745
3.5673714748862975
5.576074339359533
3.6425061019595204
4.113729082086466
2.957223380450631
3.2387313643340074
3.3480748091869468
3.941873295214743
4.319412991990545
3.8942360327169205
3.4546576098464206
2.1573806648771594
3.0212362917864097
2.730016376770018
3.568209869360512
4.276056914600147
4.271192308662788
3.908430400045959
4.584672974154306
3.7782628424909306
2.9065778172258545
2.9958438583152995
3.190186477491316
4.008745411807418
3.353863409133971
4.521938376184389
4.935681281039255
6.861094727236329
3.0128531944280907
5.38454312110091
2.7823879021872244
4.007981206165991
3.8607070224696
5.377848317630626
5.36964102554177
5.5718012637409835
4.220371777964566
3.8934854380083057
3.9158184956196687
3.8648205438881753
3.9183177716449378
3.5401664068690084
4.243049370266902
7.371452753088853
2.875513745763939
1.3407623218403284
2.12970643510324
0.0
1.887061773391705
3.8177517681295745
4.513840720267934
4.954853654288289
3.430285844555422
3.1367240502342337
4.369223089090948
4.6670687632826855
3.400882795361411
3.969552575806744
2.9180015116622426
2.5184316228365136
4.589197904642325
3.583061717820539
5.711743455079922
3.024984059526716
2.030653770655344
3.1676343856265943
3.4289589608209625
2.4303934313047684
8.180997684803705
2.217874699295627
3.6817711863787403
2.944347163627185
4.036955215632987
4.577837229856095
3.0327904402885495
3.6500115157104345
3.9306946077087557
3.269765419754464
2.9876461768358187
2.718222802119464
4.184133623675368
3.782601506487257
2.07197527977005
3.990032122350543
4.509643451657365
