5.718895013912862
5.845938621573399
5.718895013912862
5.70306345780709
5.70718172708029
5.718895013912862
5.718895013912862
5.718895013912862
5.560227875325858
5.581179136777578
5.718895013912862
5.461266795568494
5.8694629387695585
5.912400196367884
5.757865731469289
5.91407917865874
5.738809001623154
5.718895013912862
5.377401751006515
5.4911610667135236
5.718895013912862
5.718895013912862
5.718895013912862
5.718895013912862
5.47223595063215
5.154604720646138
5.718895013912862
5.718895013912862
5.718895013912862
5.718895013912862
5.718895013912862
5.851923617004367
5.799136548299981
5.568154259111087
6.047090217767375
5.459114363567002
5.51374792299743
5.922937663458507
5.496916292824045
5.718895013912862
5.658008381660171
5.718895013912862
5.718895013912862
5.6767579261084125
5.980191745081084
5.718895013912862
5.718895013912862
5.248228310596005
5.18671406704544
5.718895013912862
5.718895013912862
5.802864420569453
6.0050866250037105
5.458516346095859
5.697713231751688
5.934813711045678
5.758490983408904
5.437548987212558
5.718895013912862
5.718895013912862
5.718895013912862
5.536205049379713
5.694974717803936
5.718895013912862
6.084082890652944
5.619560850481909
5.53234627482553
5.748951010833499
5.718895013912862
5.428445036887247
5.351732435099274
5.7328345949814175
5.510711966206854
5.718895013912862
5.718895013912862
5.718895013912862
5.635650020250711
5.426312756287492
5.8889434108218675
5.741086842531398
5.718895013912862
6.0664548604013895
5.208199577758204
5.718895013912862
5.660029006676247
5.718895013912862
5.686147785455847
5.904815201620364
5.701450466428387
5.718895013912862
5.718895013912862
5.658104040638889
5.791128606742106
5.941611584350893
5.893906183532987
5.779875022164671
5.718895013912862
5.706889818441317
6.200007372093628
6.026886287965953
