3.2325994724594596
5.129873884320441
2.8266898068159874
3.245932154961623
3.0073524179708553
3.349415024246958
2.3951861454311683
3.2582928483330114
3.906866000564852
6.270131033713239
5.639239086763606
4.1791891110921675
2.784411408789656
3.146709649626075
3.2361340972908668
3.055516890212193
4.162082730766429
3.382573457466047
2.043533186591536
3.6325224364413238
4.062796447110936
0.0
6.257533722238624
3.130646392523727
2.6465991723714826
4.088067567385162
4.9654406687159565
3.484781527972217
2.4262636630867678
3.9477608746465207
3.8197718895180364
3.6837213987392348
3.6478934971715153
3.3189679443144677
3.1551596374549424
4.0787932874042525
3.1840205652754388
2.322333377375485
2.081445566456776
2.8381719882132215
3.305035745585188
3.039479970227827
7.275349827173027
3.11981274681167
4.0600011380011125
6.284464723122765
3.660043572542871
5.104663315446817
4.643109178446713
3.768238360984036
3.1497566441289737
4.683666828957504
4.771011179254737
5.134691027181697
4.36532709538935
4.315445571962861
3.00447640203378
3.6745962540285944
4.26331576234642
4.634536003931216
4.5512301231211385
4.446426907993203
2.8244702565788624
2.8387841604228186
4.031604640437828
3.081104066362124
2.748270880020893
4.975119370598431
3.8718247779780697
3.5095120348032074
3.4080372550050138
3.2293158420876065
3.551706819861512
2.7166201254492353
2.8217069335034646
3.5923910529559087
4.508016850775933
3.2752985603603557
3.3242265640951465
3.439996026168873
2.921625821689555
3.190716113035202
4.217954696119596
3.1068277436973766
3.1096182889306583
4.2114375958917964
4.183180426949664
3.4999376823250494
4.3414538186408445
2.8048404920148355
3.35361866613679
3.9894959871780844
5.477002458561861
4.5388425409651685
3.192740627696043
3.347716541190621
4.307718241648319
3.631442931121734
2.6815405566526813
2.9101404043613317
