6.088511451362836
5.866433148208898
5.877164190635792
5.848543010442052
6.194724504957417
6.466398225599319
6.325169916951808
6.18065384243777
5.848543010442052
6.1112900610393535
5.848543010442052
5.598328116081762
5.848543010442052
5.848543010442052
5.697229145783283
5.872194524956145
5.848543010442052
5.775349010509078
5.789389428956142
6.07581594270739
5.848543010442052
5.709130782268315
5.901786233130606
5.848543010442052
5.7326574402027815
5.695163035989444
5.848543010442052
5.848543010442052
5.637987646501772
5.848543010442052
6.147982120504908
5.848543010442052
5.851993760443712
5.848543010442052
5.848543010442052
5.848543010442052
5.83479768052932
5.777459056128016
5.991809194529693
5.848543010442052
5.784789681010537
5.701707098656914
5.848543010442052
5.848543010442052
5.69872399468886
5.840673889209895
5.848543010442052
5.54637082088313
5.848543010442052
5.848543010442052
5.664271421079839
5.743073663930934
5.848543010442052
5.848543010442052
5.848543010442052
5.523341261774814
6.032288384698335
5.674741771032215
5.642710085512622
6.190744585357891
6.095165300450816
5.848543010442052
5.8834370956300885
5.848543010442052
5.975012223135014
5.848543010442052
5.848543010442052
5.848543010442052
5.848543010442052
5.413900713704517
5.848543010442052
5.848543010442052
5.848543010442052
5.848543010442052
5.83018361075068
5.718521014620045
5.650586414433906
5.720207724947825
5.848543010442052
5.848543010442052
6.052544269612276
5.848543010442052
5.848543010442052
5.848543010442052
6.293251735682611
5.848543010442052
5.848543010442052
5.814600736111993
5.928606198885131
5.848543010442052
5.848543010442052
5.848543010442052
5.986309556493277
5.848543010442052
5.848543010442052
5.848543010442052
5.552552572259144
5.780291138513181
5.848543010442052
5.848543010442052
