5.425146921467295
5.1537659808807765
4.62518754345334
4.960912001131035
5.1396317042754385
5.530057956144977
5.1537659808807765
5.1537659808807765
5.1537659808807765
5.1537659808807765
5.798812544853639
5.1537659808807765
5.1537659808807765
6.049818589676918
5.1537659808807765
5.13740399074757
4.947367569289829
5.1537659808807765
5.1537659808807765
5.019873006671108
5.458600253535478
5.620633038353274
5.277902452116802
5.1537659808807765
5.96987050389507
4.0911028886961365
5.1537659808807765
4.241587541057209
5.1537659808807765
5.843890324996211
5.1537659808807765
5.1537659808807765
5.1537659808807765
5.1537659808807765
5.1537659808807765
5.1537659808807765
5.528118636825329
5.864924450097204
5.1537659808807765
5.832271908760783
5.1537659808807765
5.1537659808807765
4.981002666049319
5.283101294923098
5.114628928126489
5.301957180135756
5.15459354977544
5.1537659808807765
5.033503126443317
5.1537659808807765
5.01234088600506
5.1537659808807765
5.1537659808807765
5.1537659808807765
5.477875389287549
5.063905963555438
5.1537659808807765
5.093151815224639
5.1537659808807765
5.1537659808807765
4.45339717912222
5.1537659808807765
4.784428181020811
5.1537659808807765
4.567571185443958
4.380617425100206
5.1537659808807765
5.1537659808807765
5.155905450869521
4.9240257494970185
5.1537659808807765
5.138994005866464
4.601274222074358
5.1537659808807765
5.1537659808807765
5.1537659808807765
5.717609738866504
5.412531555310219
4.234091415389326
5.1537659808807765
5.1537659808807765
5.344779290268213
5.1537659808807765
4.77544860509988
4.024346654581967
5.1537659808807765
5.1537659808807765
4.781320089294111
5.1537659808807765
4.447312382662157
5.507591196521388
5.1537659808807765
5.1537659808807765
5.1537659808807765
4.774278087183868
5.130487003869632
5.1537659808807765
5.1537659808807765
4.671338213232355
5.1537659808807765
