5.533355051754909
5.878312372590896
5.656216326396979
5.656216326396979
6.091571038436939
6.035789915939432
5.683317051311809
5.656216326396979
5.656216326396979
5.656216326396979
5.656216326396979
5.681772786783281
5.501298043834769
5.656216326396979
5.433656505467305
5.656216326396979
5.656216326396979
5.656216326396979
5.799020767381883
5.288180254151151
5.277390938598941
5.656216326396979
5.573132839989665
5.313317505164285
5.188451193985415
5.688576977358615
5.656216326396979
5.656216326396979
5.656216326396979
5.656216326396979
5.656216326396979
5.656216326396979
5.656216326396979
5.656216326396979
6.036909710396271
5.832482326994214
5.576967744276441
5.656216326396979
5.656216326396979
6.022753443103072
5.656216326396979
5.121781798015581
5.656216326396979
5.7281323260320995
5.889574465728583
5.656216326396979
5.857152036794399
5.57336388418993
5.656216326396979
5.831046646961585
5.450223703080882
5.656216326396979
5.656216326396979
5.589629447676129
5.704715612163316
5.4570921831050825
5.656216326396979
5.656216326396979
5.656216326396979
5.550537314047766
5.656216326396979
5.656216326396979
5.656216326396979
5.53288941486754
5.291716944875255
5.905531820291992
5.776239079477215
5.656216326396979
5.713606823957417
6.0488770682394435
5.920605896145462
5.656216326396979
5.656216326396979
5.734027637336475
5.656216326396979
5.656216326396979
5.717438313426644
5.656216326396979
5.83373119106248
5.998218989624066
5.656216326396979
5.029247345614372
5.656216326396979
5.656216326396979
5.656216326396979
5.656216326396979
5.656216326396979
5.656216326396979
5.656216326396979
5.656216326396979
5.656216326396979
5.656216326396979
6.079175142209112
5.656216326396979
5.656216326396979
5.471698061123228
5.238941781280312
5.5259504193646265
5.972598019327742
5.656216326396979
