1.4815679353997644
0.4320419294753033
3.194739549425058
2.8328625421458486
1.4150427095703888
2.7471978712208815
1.6986371962224043
1.3582244577720228
1.379174251996202
2.072627311213675
1.8073155681862332
0.9807372961551193
0.6847021005637872
1.9314577629296341
2.520858012295489
3.0727738126544057
2.8983185627328814
2.466652896317855
1.5484661850990435
2.6896799000671248
1.92199317074007
2.0652758163586027
1.9685247541110953
1.6202893180992954
0.7206945927219017
2.433560244056796
2.108362040228401
1.8793602643578602
2.2814333617478972
1.4671907957875576
2.426504056681888
1.675380566061611
2.926616945017719
2.5057155207596558
1.6809682065931306
3.0783376780113754
2.5321618656670513
2.029250607037896
1.1407280273346263
1.905208686286239
1.534429689217407
2.017165368071746
2.3723235412637393
2.549934933559885
1.6119529372252135
1.5039297781607042
2.411151979102981
2.450782838181245
2.1300535209114946
1.9455154402894457
2.193624275735613
1.9527611992633611
2.644543836210344
2.1112445622618843
2.0276912389636714
2.024588261642037
2.7732866086682892
2.028442075783029
2.5179170908649295
3.3062544871590553
1.5822814776711032
2.8753722918959355
3.4963431947864083
2.482956340493542
2.5874317008188004
2.9194299981775638
0.0
2.9480987013849047
2.2806015297087017
1.7307002198357155
2.7688903044632496
1.6188712897795545
1.6007963643318326
1.930783165325396
3.1021736187368076
3.00440793019209
2.047684187811089
2.9454378618043684
2.8010688129824164
1.7537500468167804
2.586893972880618
1.911087842649752
2.6529186763991692
1.6002181245515168
3.0843345175344243
2.516571029522466
1.7369402443848179
2.0397023560386627
2.457296418512282
2.9449765122180502
2.3352595610336486
1.1804703831538972
3.055390670534462
3.2172244150459433
2.7021123124876274
2.828915784480871
1.4871370864039513
2.5859594003720905
2.724014577571997
1.6483461593066941
