2.460541613921155
3.1603284542172476
1.5867646151397752
2.9430803176479943
2.9358483805232294
2.559219448424301
1.5806742774481397
3.7970420257058013
2.044543387901866
0.9533187721854675
2.1851291237993586
2.4353275729295136
3.0407951296855784
1.6340878889308317
3.5918444268511696
2.802585238223764
2.768616193112602
4.7555437498381306
4.012229441206233
2.3569807142485524
0.9376987593322161
1.458660400638482
3.488210667677316
2.929946676873401
2.6650516242665523
0.8908780943140802
5.010299997420053
3.486879094541915
1.3866069513145578
1.7068201673764996
1.3125896518411295
2.4478108111533734
2.9629951581982596
2.007340222732503
2.3909566025358666
2.3004938836698594
2.320310266194121
3.0232077035637683
2.9731562656599353
1.885293725914181
3.022462653646426
2.1680399407919007
1.4353261375698723
1.6944950781754862
2.9953938293169933
2.7268615412012505
3.3092542556295372
2.557647958754207
1.8468777417665088
1.8002759372536203
0.9366158683925154
0.8003272553835934
2.186179542809472
2.3615062009218226
1.2724912254778549
1.8327775990660788
1.3913681018892121
1.9178326091015372
2.4115709404751913
2.6551367677614097
1.026428939689797
2.2273224110454914
1.5905625183281877
3.3668457656711803
2.9231312020433364
2.796957461334836
2.8200270291488874
2.0861210517534943
7.150023733233323
1.8657142335373866
2.0419808872527803
1.896976876445409
1.10224233774904
1.578897896003321
2.62572427831913
1.1394273446256609
0.0
1.4953186443295827
1.7551567137763309
2.3414623474231053
1.195638911609135
1.8156446904732877
1.9591142655736482
2.6556304240144644
1.6863689051507746
2.939892793487351
2.669863545629661
2.8799136014498155
2.212014439821464
2.7880079185419433
2.548581744325645
1.0070899575772125
2.9537541213859804
1.7858021885755018
2.946457140655026
1.8283648032930875
2.38202157282018
2.1688315838921763
1.572321876842262
2.9279033832880508
