1.7918661151782926
2.0840127308898966
2.5319230343905534
2.796510605349057
2.550364528862073
2.249921133674884
1.8649759922610876
2.660215672672613
2.5524686566826036
3.128675049778022
3.3859461126469963
2.1216396519543252
2.5639222309710994
2.3776629236009423
2.4565003313679146
2.357007954237982
2.3936979695082865
2.510047967194377
1.6995421735190361
3.075299292431523
3.0119443829933843
4.0600540283797635
3.093137925377965
2.878404578536297
2.4644404360725174
3.2466405792622
2.208262994569686
1.110005053316423
3.3729877669036306
1.4616599500781553
2.7480466841069178
2.390224647226259
1.8143940566498151
4.11972058571517
1.9954450591131914
2.7929705654860975
2.712028930226377
1.8504938867715777
3.3883682976548646
2.6944586307787075
3.601911193721575
3.125789832409543
3.5209449036362512
2.2966733724850017
3.290377601162204
3.624725429985185
2.4847313791461234
2.7063689337653347
2.6135713957898163
2.8364987390790577
3.0963656023888597
3.2575210920700113
4.1894388033054035
3.107570316384834
0.6594412896714004
0.0
1.7865172178480853
1.5510570361551141
1.7502413245852517
3.13971919085537
1.3550895130252312
1.3249841025612432
2.3270411070967634
2.5033385685888936
1.914219293160845
2.6262670858044563
1.9636862074434323
2.6388606332715847
0.04646470265153635
2.749656448897852
1.701627263769721
2.363888061250549
3.008389714529306
2.294953637828765
3.226488344992029
2.458900824832263
5.836658150698675
1.525179390685536
1.4638444501818033
1.1380678442346512
2.5482524497464283
1.572221975928357
3.5327527149323013
2.3675178124180647
3.0851994280398154
3.1964154980616524
3.101102560347859
3.016738979800485
3.1359071508003162
1.4491810548946495
2.738400151182493
3.230094196711385
2.487036570433403
1.542515471576899
1.951792438336958
2.611642775870957
2.999092287679914
1.701848423358666
6.823047206772465
2.1435770715007223
