5.980558841554434
4.105673881002965
3.1900595102289535
2.3581136931612945
3.3801184518637997
3.8229553327933665
4.072754035153951
3.7710675689141353
4.789129190532772
2.6193675680932293
2.841735372275834
3.7582122305741956
2.7178762957759353
3.294435155066032
2.125330242094197
0.8875053164905742
3.208318132417811
3.089649206588151
2.6319649564258567
4.614275100610586
2.839155928790313
3.1970557041289647
3.9021551254305757
2.551877177204286
2.396946435643759
3.2679838960411205
3.8893783536993807
2.2380698077343673
4.152413958832048
4.0970083522435505
3.3804350445605507
2.9861293786476444
3.256987023957517
3.3278046320738457
3.634134855951814
2.949205949016657
3.4931135908639757
0.0
3.4123593003494292
3.9805657122752547
2.0051267988881953
2.0207642789399536
2.884161455568806
0.2791406521435529
3.0658305912328827
3.8744927621647527
2.4788865146992483
2.210538237532015
4.028101678631907
4.6586910353664335
0.18715178216820894
3.6494548869873706
3.6830185137811706
2.5847076205237114
2.7140063515889663
5.339140031240516
3.9967086747655927
2.8404536757226766
2.4193637811912123
2.5431342407779014
3.6665068199393898
2.8699885742570426
2.0942908786465972
3.7263412664705644
1.3489199464938109
2.726616305616134
3.3702563503375904
2.6929049753458516
2.5540986833552517
2.145772480229187
4.06542034007976
3.357527092402781
3.7185794368593106
3.3670717508233734
3.0003937173189112
2.485917798607772
2.3034203774644118
2.112711315723743
3.149999514008568
1.8522831717376949
1.7285433058412103
3.268797002083928
3.8315824769812603
2.829073849488683
2.5810820030848896
1.7987236510697682
2.5228258274387727
2.3305227461938864
3.7147783894858533
3.7436106328496215
3.5206691779905337
2.7291512055676934
2.8704634220530236
2.4710849706887736
2.788950293406899
4.224434035233544
3.0500848362152726
5.204526900953474
4.550799730091912
1.3829863752129197
