1.385546883228432
1.0514788408244051
1.583617356293474
1.742188909733826
1.2913060085034471
2.7081527708691295
0.698283836897446
0.7533504299699363
1.4204277360440507
5.432265143939423
1.2446448150098124
0.6028316504294811
2.532806837924241
2.074638293137858
2.619482592388039
2.2598488146322016
0.37903646276421776
1.4075334926361103
2.388300946824923
3.141412977078162
2.0049346332794324
1.1993966126388473
3.303347594725091
1.7761051302433017
2.010866405392747
1.41711361282205
1.8124283079215824
0.7989811393328212
0.0
0.4494880245120303
0.04961992529744941
1.2649066327009035
1.5242861281819549
1.2698312240825167
1.5907821059591387
1.2128811223621176
1.9034737784794298
2.0138086375848703
2.15975235351653
1.4588470249379673
0.6336866233723372
1.0752837843197303
2.3551406714199605
2.1227563391856243
1.775717119403038
1.459269107105067
1.596776990942737
1.1512226834877355
1.002381577224027
2.523349422481595
2.2365427187785163
1.7664716996481253
2.1087924759897705
1.03177772578892
1.4977619266097646
1.079223290841285
1.80490465510829
0.8833769565695859
1.6440779150871752
0.6915357777316458
2.1507106864530416
2.1777275653381407
2.686349264075907
2.7761791075980575
1.8664875659074043
2.019669499906345
1.312130549482179
1.9847703593225368
1.6358442967846551
0.7296640220472521
0.6813578685263804
0.2477876832914756
0.7673591841484657
1.8971704154434346
2.850531834618451
1.436069674899824
1.471402364189529
1.1438480580139316
0.9709734281129894
0.6767216689927583
0.10203284486461683
2.421379419627679
1.751666053261312
2.202891528889249
1.1938676276964744
1.7932004822672716
1.0873872803605615
0.6599033906393568
1.9407991577731423
1.5221314258609921
1.3505548792736028
1.0244106136340496
1.7279085280051292
1.7644625707855617
2.3675238423849945
1.1536882970925393
2.37644725961324
1.9124627831855225
1.1728427251787061
0.6466939035726396
