5.585756651650229
6.2286209996873145
6.993347759916659
7.201230790293904
6.566215817264536
5.393867954684738
4.464611343440377
4.6884271780491895
5.370252349027828
6.149393830141538
5.603090478055899
5.739623829092946
8.142400456616564
6.026103668054426
5.147302270213817
5.16810553626444
5.471954204191082
6.685929153111481
7.023704386207321
6.04239326228673
3.699825828201825
11.08238253073195
5.33032238286762
5.069470887994398
6.6550127174617595
7.975655320347292
7.497479311246919
6.902930241933051
7.066804078948085
6.5846409193386854
5.789664057928289
5.932367491749071
5.59689206769316
5.490043197420613
6.361968175017543
6.920566606615347
6.605577271231457
5.135602773181002
5.683284140265778
6.473219792990799
6.518893535264962
9.272157107632639
6.621732193348727
7.706262921287417
5.761263853794684
6.765038974610507
5.920207487729369
4.7602085922380155
6.522931756019874
6.681756680865407
6.90199165545987
6.83451555236871
5.5188752785755915
6.359837242147866
7.25282328267192
6.73011995889732
2.043813037334088
6.522146095394764
5.897014693376897
6.180767165090859
5.56507986155769
5.736114343888081
9.860414607108352
5.253925246054912
5.26862099326703
5.3969697596538335
6.558310787455499
4.801325201892127
6.018714302089355
6.354372809209755
5.8012961701251395
6.566695321355162
4.799947710740012
7.006629619343877
6.599184445859852
5.711707929412207
5.1886112021889526
5.418908588974654
5.4912068167322285
7.175226009573386
0.0
11.384171928215054
5.680902058730115
4.4854258175155595
6.214368612187068
6.0445220693393145
6.928943954488309
5.675636926682769
5.893588568851852
6.318777044268612
4.721884645939681
5.160369741791025
6.893750468197256
6.125201900036183
5.772373239231045
7.162624190100475
6.672653801604671
6.133248242335939
6.347760585135689
5.257637024321316
