4.755865095385063
4.309464338634395
5.326240922003005
3.7719933542056214
4.04761595704649
5.0726821428613835
2.8404820579211614
3.5551524642066803
4.8734492972481736
4.969901831935722
4.470155137361256
7.0317504374026445
5.370452854358842
5.1473921072541
9.17283786380564
4.940037991966084
4.05644156131139
3.8224633577813316
3.4104155656667228
2.4791762270543374
4.813059362709996
4.0579858702268226
3.8877604518808826
4.545756642585305
4.689628128853295
4.745301803352783
4.208009809381983
4.637036584875908
4.725102540480716
7.398366372277345
3.9057641520109794
4.765596637476376
5.263271861489618
5.708825798131979
5.101998293569928
5.464243034359036
4.104783753484677
4.4439909832121085
3.69561902743997
5.971626754300255
4.522611215644656
7.223907197888368
0.0
5.215927668785188
4.427126460591044
4.505100905856215
4.5802288290678925
3.8826811515020894
4.856145055580358
3.9966298895940984
5.486747903220502
4.271027812222008
3.254541348917522
4.334786014731078
5.030903114377097
3.7541957287530194
4.30502733990453
4.655312159695055
4.960827781281903
3.3983502567020096
5.2761574184698965
3.6856758384610138
5.364513080093818
4.040607422495513
4.915734664234316
4.764145525861435
4.034920195057688
5.2684222281812065
5.3131207444665485
5.574878732297597
5.1780724091686
5.446385209815583
5.021209645123015
4.139510410721177
3.331602329333408
3.9259841956070805
4.928860793090941
3.2348923029089374
3.386331145670794
3.84635996042379
4.18200789487152
5.2657855866132355
3.807564039279484
3.34340248384274
6.037296031208469
3.936096335475476
3.338801074857293
5.133533878229429
4.743301526590462
2.058030217775433
5.123915024651127
5.02200989169471
3.920789440736033
5.104427519127661
5.403184104853786
4.844757765362763
4.614836725008833
4.124245200686245
4.287211505526108
5.313511491830008
