3.5039781020521756
2.1850093827846564
3.069323637361762
4.252927552474773
3.4282890655559113
3.934109995389912
3.446522426887797
3.851223681245695
4.3138743521476774
7.278653600381022
5.34089154178645
4.499185482067244
5.356146978390469
6.328064378018393
4.3113288111697425
5.501891331433972
4.176821470726373
3.73208419306844
5.387096217985114
4.326895200993274
4.912944599763097
4.548664051914425
3.7755196172464722
8.941918731073768
4.1529843675227465
3.021358402083303
3.8829670836025727
5.4277993253468235
3.1480846752657596
2.324597025729302
1.8784086693444322
6.0740677587227605
3.6335614053524394
1.5963936033035937
2.393030200288222
3.5475786807015504
3.734132938163685
2.5296316944562873
4.322099765023211
3.066610300472856
7.926288622427812
1.144914027489043
2.9855117076845366
3.8022494463441414
5.707445702710877
3.7028390769112027
4.106760240556448
4.233870599388748
4.418213340924002
5.466931053810808
2.943338591372889
5.04624372942691
4.186864644767917
3.3587229523542312
3.3768560165199037
4.510925122043474
5.522043824088766
3.5873482501022
4.065667822892237
4.113283250267431
4.463159861008258
3.9791462854693607
1.4901644242091963
2.5887191653481088
2.9299708355080734
3.500655149325689
3.5397741102828255
5.740274156446302
0.0
3.0107213928463623
4.473156207263509
4.1975566900214645
3.3502648674442317
1.8144294530676053
6.777259168361623
2.0449308888580715
4.917777100818427
5.136187937828325
3.0334244619160886
5.181904317876939
4.797375120594763
4.018366761717774
3.541588924524932
2.1498479856975377
3.570858646029343
3.1577305033469396
2.195003379890559
5.1069845598007895
3.985371620237776
2.93382123152473
4.193545845316789
3.7752638901640334
4.203939598151177
3.4054645645886796
4.208103698820036
4.239055378412829
5.063055586713969
4.134928795897837
3.393957618794732
3.470914233127667
