2.2917781028710777
2.316499154994715
2.189732124826917
0.2641921336899975
1.6637396483250637
2.0375758179925754
1.6312313964616927
1.6317046071352188
1.33154912072515
2.053034886964901
0.8695899867393135
1.289734927620609
0.9035251007590179
0.9959341066329102
1.2996030727287131
1.5222280935585928
0.6277008773675379
0.4205165546082765
1.2264280374240477
1.8558247078573902
1.391517189464068
1.52425613717995
0.9957976797437122
0.9770284636182068
0.3232789985238729
1.6498986888444227
1.520703587046843
0.21756748722767294
1.1239099364447913
0.6557435140362267
2.3444744810298306
4.987449542840699
0.5562708457752521
1.0593812520351982
0.8075014305812799
2.112786957683018
1.7728871019722392
0.6109168218505305
1.1102356371970905
0.4228012794187824
0.6057009508392591
1.3563800165758317
1.691932588231787
0.7048971461424436
1.2275007491779903
1.2323605575759924
2.7163847955392777
2.0557024673159994
2.1951151247458283
1.8148261236621845
0.8458505002947627
0.07781900731834068
0.11154997106430753
0.757946923359654
2.112023885070281
1.5673173386385615
0.7464287921408885
2.096973441158896
1.8385986094858804
0.6559506245994251
0.9198129404249082
0.891040798721862
1.873300873608745
2.3740983475092117
1.2785540748957818
1.7061990581592872
2.5756449380603508
1.832648986942882
1.215650213199963
0.9938224893805021
0.5644655062592602
1.2554908438145012
1.294693799406506
2.2147987693893523
1.8149229815859178
0.7682755396341843
1.565347807746929
1.183385501477689
0.735174141755759
0.0
0.6665565975872205
0.7308727301013598
0.7927092805110088
1.5624828973273495
1.9381907257358721
1.6243517369168923
2.1128954870630405
1.668752580311519
1.7445727829844455
1.7411343099476655
1.4919826645171224
1.4968069600025673
1.3289852772462585
2.133159364377125
2.977742895620924
1.7454636146488551
2.1707010485739504
0.21800630377185515
0.7060844499300103
2.432888821685823
