4.700712648761016
5.356721927997067
2.456810017791915
5.0324578826630315
3.897087566344391
5.753703421688476
5.919773176558039
5.792841528300997
4.630480978345694
4.214223988500534
4.604250144992255
4.235085659409081
4.934786299688266
5.230264532300408
6.118559270203132
4.804282930944818
1.94150708262007
4.669844225995808
5.135845552512542
5.439434391177929
4.354677812701118
4.779655119297417
4.689108302719316
4.285943493990789
4.119582152751862
5.776520908618149
4.955639579770141
3.9901142257504176
4.947539517621697
5.2954747002986124
4.111803761534198
4.072574180116421
4.297584733566769
3.695678320176694
4.500345863797419
5.086198685890991
6.391153022228188
5.54565831768999
4.4989801473751925
6.973437281479086
3.925406100583013
6.148561786144903
4.494499835298521
4.478221128532914
6.361163176219325
7.254463771914484
6.623868421383719
7.359877539617788
6.264492776795812
5.092811278850336
5.227268447556045
0.0
4.479689194193876
3.1778678520841073
6.59466998737785
6.2972052431033925
5.117461420355866
5.529857063204377
4.0662322843896614
3.272409062643467
0.7261253690088365
6.5315927504334255
4.057164349370334
5.099898967941377
4.610968019874621
4.30531945889031
4.1989504962482425
4.549510122088872
5.045086008889613
4.313298788596182
5.959035223219066
6.140449506151716
4.75593338321346
3.9994959865348267
1.384412690991394
6.420811048225365
5.925601776043387
8.535989843366407
4.545284150464835
5.421126059147892
4.680620840028285
6.938399141583929
4.179865287661096
5.714303086121156
4.854275151100217
4.672346184241917
3.35489465728908
5.259262496916129
3.0293932828154366
5.106992135184998
5.4731968168939
5.615400649350718
5.346777126813347
5.426060854367624
3.4256377628823507
3.612652134522006
3.3312624517772202
4.776164684519248
6.5660647081097725
4.1080102206401445
