2.3757245467925614
3.0317338260286126
0.1318219158234606
2.363682226636621
1.5720994643759365
3.428715319720022
3.594785074589584
2.346113294216275
3.3040237214299237
1.88923588653208
2.2792620430238
1.9036003795322354
3.607488195768422
2.905276430331954
3.454811766294213
2.4792948289763634
0.5466437005951699
3.0422285745466224
2.8108574505440878
3.749704066916814
1.95630028249073
2.1282414928751288
2.364120200750862
1.9609553920223348
1.7945940507834082
3.451532806649695
2.6306514778016865
1.6651261237819632
2.622551415653243
2.9704865983301585
1.7868156595657427
1.7475860781479662
1.9725966315983148
1.3706902182082394
2.1753577618289643
2.7612105839225363
4.066164920259734
3.220670215721536
2.1739920454067385
1.7523129056409923
1.6004179986145588
3.823573684176448
3.5792191693176028
4.027379315219184
4.03617507425087
4.929475669946029
3.575489191086227
3.866843093377509
1.5169720788384358
3.1315530730177947
2.902280345587591
0.7341638749534369
2.1547010922254213
2.501332733266463
2.91046153761174
3.7830004132514747
2.7924733183874118
3.3946252776741717
3.029460271396003
3.908396637257721
1.5118139294769404
3.963411448747817
1.732176247401879
2.774910865972923
2.2859799179061664
1.9803313569218557
1.873962394279788
2.224522020120417
2.7200979069211586
1.9883106866277274
3.6340471212506116
3.8154614041832624
2.430945281245006
1.6745078845663723
0.0
4.09582294625691
3.600613674074933
5.817830452299306
4.280473524349441
3.0961379571794376
2.355632738059831
2.92939397754532
1.8548771856926414
3.3893149841527013
2.5193674994397455
3.67748504664835
1.0299065553206252
2.344917635795238
0.7044051808469822
2.782004033216544
2.7961260552362233
1.998647455815103
3.021789024844892
2.3910563279756682
2.987170823762661
1.9055965820233003
3.0166298676494683
2.4511765825507936
4.241076606141318
1.7830221186716897
