2.421855155748092
1.1028864364805726
1.9872006910576783
3.170804606170689
2.3461661192518277
2.8519870490858286
2.3643994805837134
2.7691007349416115
3.2317514058435934
6.196530654076938
4.258768595482366
3.4170625357631597
4.274024032086385
5.245941431714309
3.2292058648656585
4.419768385129888
3.0946985244222898
2.6499612467643563
4.304973271681031
3.24477225468919
3.8308216534590134
3.4665411056103417
2.6933966709423887
7.859795784769684
3.0708614212186625
1.9392354557792195
2.800844137298489
4.34567637904274
2.065961728961676
1.2424740794252185
0.7962857230403486
4.9919448124186765
2.551438459048356
0.5142706569995101
1.3109072539841387
2.465455734397467
2.6520099918596016
1.4475087481522035
3.239976818719127
1.9844873541687726
6.844165676123728
0.06279108118495946
1.903388761380453
2.720126500040058
1.9053890898657886
2.48829620604318
3.0246372942523645
3.1517476530846644
2.2633349893187384
4.384808107506725
1.8612156450688055
3.9641207831228256
3.1047416984638336
2.663408723884877
2.1624267055092576
3.4229821965820495
4.439920877784683
2.5052253037981163
2.9835448765881543
3.031160303963347
3.3810369147041746
2.897023339165277
0.4080414779051127
1.5065962190440252
1.8478478892039898
2.4185322030216057
2.457651163978742
4.6581512101422184
0.9794660514363418
1.9285984465422787
3.391033260959425
3.1154337437173805
2.268141921140148
0.7323065067635217
3.8871693498964746
3.4565666935432433
3.8356541545143434
3.6254562939600206
1.7882559642146143
5.07865332621186
2.8614213449573414
2.9362438154136896
0.0
1.833274745704538
2.4887356997252597
2.075607557042856
4.2193581147025085
2.762214255079765
2.9032486739336925
1.8516982852206465
1.8586467447329098
3.253739576334688
3.1218166518470936
2.323341618284596
3.125980752515953
3.156932432108745
2.0545482401653046
3.052805849593753
2.3118346724906482
2.3887912868235834
