5.122015897539869
5.138144940977668
5.022016092178113
5.022016092178113
5.022016092178113
5.754287115297702
5.022016092178113
5.124050476121024
4.184787299044938
3.8907846102099923
4.925080296526907
5.667691091830923
4.1675602425341935
5.532734172374635
5.056187045134648
3.7608468771766406
4.497014345201785
5.022016092178113
5.022288401260392
5.003976527476407
5.630845130450535
5.022016092178113
5.022016092178113
4.82265406818731
5.022016092178113
5.022016092178113
5.022016092178113
5.022016092178113
5.022016092178113
5.022016092178113
5.022016092178113
5.022016092178113
4.261436984845638
5.022016092178113
5.022016092178113
5.183976012986705
5.022016092178113
5.022016092178113
5.022016092178113
5.623047454156766
5.022016092178113
5.19370397925197
5.182690441623592
5.022016092178113
5.022016092178113
5.022016092178113
5.649895178562623
5.022016092178113
5.022016092178113
5.022016092178113
4.995859574592587
4.090935615380923
4.289061537690062
5.065001275789919
4.648928645195147
5.290962271267825
5.022016092178113
5.053517468325017
5.022016092178113
5.022016092178113
5.40534116554495
5.022016092178113
5.022016092178113
5.0721783521608685
4.928634911362147
5.022016092178113
5.022016092178113
5.022016092178113
5.022016092178113
5.022016092178113
5.022016092178113
5.022016092178113
5.117661799926347
5.457962727810854
5.022016092178113
5.022016092178113
5.022016092178113
5.046942801744301
5.022016092178113
5.022016092178113
5.022016092178113
5.022016092178113
5.022016092178113
4.554169533719806
5.347353295592849
5.022016092178113
5.022016092178113
5.022016092178113
5.022016092178113
5.483159312525801
4.498502974580797
5.022016092178113
5.022016092178113
5.022016092178113
5.482393923097819
3.8744272086008227
5.022016092178113
5.629099271258514
4.45353718055596
5.16710308867097
