2.615370238249582
2.640091290373219
2.513324260205421
0.5877842690685018
1.987331783703568
2.3611679533710794
1.954823531840197
1.955296742513723
1.6551412561036543
2.376627022343405
1.1931821221178178
1.6133270629991132
1.2271172361375222
1.3195262420114144
1.6231952081072172
1.845820228937097
0.9512930127460422
0.7441086899867808
1.550020172802552
2.1794168432358942
1.7151093248425724
1.847848272558454
1.3193898151222165
1.3006205989967112
0.6468711339023772
1.973490824222927
1.8442957224253473
0.5411596226061772
1.4475020718232956
0.979335649414731
2.6680666164083346
5.311041678219204
0.8798629811537564
1.3829733874137027
1.1310935659597843
2.436379093061522
2.0964792373507435
0.9345089572290348
1.433827772575595
0.7463934147972867
0.9292930862177634
1.679972151954336
2.0155247236102913
1.0284892815209479
1.5510928845564946
1.5559526929544967
3.0399769309177818
2.3792946026945034
2.5187072601243328
2.138418259040689
1.169442635673267
0.40141114269684497
0.4351421064428118
1.0815390587381581
2.4356160204487853
1.0016228367827993
2.411530787649344
2.4205655765374003
2.1621907448643847
0.0
1.2434050758034125
1.2146329341003663
2.1968930089872494
2.697690482887716
2.442128840017744
2.0297911935377915
0.27998466489143725
1.34129544643103
1.5392423485784672
1.3174146247590064
0.8880576416377645
1.5790829791930054
1.6182859347850105
2.5383909047678563
2.138515116964422
1.0918676750126886
1.8889399431254332
1.5069776368561936
1.0587662771342634
0.3235921353785043
0.9901487329657248
1.054464865479864
1.116301415889513
1.886075032705854
2.2617828611143764
1.9479438722953966
2.5039279550597273
1.9923447156900234
2.0681649183629496
2.0647264453261696
1.8155747998956269
1.8203990953810716
1.6525774126247628
2.1674782552302867
3.3013350309994283
3.123076946051853
2.4942931839524545
0.5415984391503594
3.2114286039867794
2.756480957064327
