6.283185307179586
6.111648992729571
6.116707505169189
6.985224270159859
5.497076617524776
5.851999508213592
5.858708364520037
5.081696178900689
6.004057389643313
6.766239279993984
6.153421715033707
7.597968107895173
6.871730495780632
6.87369203668997
6.929233802585513
4.459575282730561
4.849632345817835
6.100219185349335
6.929787277783921
5.1836036275858834
6.746561323110283
6.927272867764348
7.2306908074126515
7.900345152436136
5.902530344096292
6.479524886040953
5.330691499664409
6.1664776630961455
5.124908988725938
6.172523078321351
6.796301992602986
6.745870420793995
6.549849335657015
6.745804742194698
6.144962332798226
7.337448029309574
6.5766243912657
7.164257603948767
6.39259948793228
7.203380821461284
6.2016382815234845
5.581763419543261
6.411041026861315
6.733505156663019
3.139530332163572
5.981966127760916
7.007797300665232
8.199695183978218
0.42987111654018584
8.230267447380564
7.4800932696788385
6.049352860385229
6.44202255024738
7.0226057933202455
5.970661561780615
5.706863361350871
1.2730294921705898
6.285079515612378
6.990663097064168
3.4113797730888358
6.785827055846898
6.453755977098808
6.771388491825182
6.591307537556735
8.267944875356534
7.144710869091753
6.875060495382671
5.474997990063802
6.268710131931595
6.196032474967918
5.049804589824758
10.115939274693817
7.120220401278525
9.792020288552495
4.630274834632351
5.6197472697463455
10.98412951592164
4.9696942642246285
5.283727562027437
5.36785257217597
6.82428888203286
4.47056209860396
6.305591673105216
5.42910760530474
8.608381392856137
4.265127633250778
5.811454398211193
5.617181940301954
6.934523019705757
6.264447745690558
5.767553101929813
7.001524415317401
6.052590563501349
6.067904244408567
5.715907680680383
5.948020887954113
6.229916532077314
6.48400257561018
6.296687152896091
7.217673375201803
