3.819102211650848
4.306402781926387
5.062779110731322
3.6655391155203922
3.449779963640938
3.3484684992580083
4.709172528801192
3.0612758712053125
9.273556851947827
5.465472237434279
6.894978730303205
7.878137944165335
7.785632255127374
3.989909476715235
4.479722275073096
7.18841647778582
6.073582971724944
5.425596864359581
5.467591962662332
5.5129757133758
1.6935242895485465
6.321273079348768
0.0
4.239585495867702
5.039377131246166
5.567644534340786
4.655755618452294
4.907194656764057
4.712686474151305
8.369932973524918
5.149326180862726
4.593504929677606
4.951469349869816
4.308447461142953
6.6433188306263915
4.062578594247648
5.1130759574334945
6.405282194756388
4.3887628106321745
3.180987240024566
2.5684922526727556
5.962684188314742
5.471482201613372
7.875570164552077
7.108467796340232
6.4166841748896095
6.893795013634104
6.811735182082838
3.9534413413144263
3.7892934199817367
4.883073931028569
4.697402878397092
7.751928215397774
3.680093034714956
3.9767433480363525
5.997917247779171
6.346227478417643
6.907348383400667
5.789046046567177
7.123975291589604
4.020514759762359
6.4709417860034
5.23183863984756
7.1216829040039915
6.137496327597944
4.850360354867053
5.5908309525876065
5.966203277113843
6.264806980896894
5.362143596887726
6.104098566795067
7.449043169209238
5.4363802032119075
5.2787022821629
5.110247756895156
5.223323057628203
5.997558765694614
5.1705857043088095
6.09995994937225
5.427079945571474
4.928302954751616
2.9808588116650636
7.138957960721711
7.174130769641455
6.605549460234627
6.337845031810625
6.483284546440631
5.913027366711885
4.577533166683931
6.553959279426418
7.213205953191864
5.855900929682555
7.191819431603079
5.784133272282884
5.916455770344915
6.516956362081817
4.289279733504742
3.5803325931299197
6.823395015749885
6.012753190895258
