2.363883120080111
3.829938128563615
4.885415514481005
3.919647040402772
3.486338476012695
3.2508143765776696
3.5050047910828277
3.5177539872861097
2.8034503798274164
3.644801068067426
2.227325649737626
2.324122049252363
2.5582644345742582
3.47590818918307
4.1262898219974495
3.878698637085887
2.5497722608764137
3.5792538702305596
3.794540811657138
4.309013187746495
4.093331367557074
4.132787529255957
2.7551078418754984
3.7448622772845073
2.979407066855928
2.1708760552570117
1.588940094977561
0.0
2.6372871034696153
3.040717892487015
4.411532723283832
3.7367750103827992
3.362473180840616
3.7860147125023933
3.4055056205068057
3.133359526032276
4.270947056422992
2.1176298236660522
2.8869964930266145
4.007632837045827
4.311799299214033
4.287340868231065
3.7776845680231412
4.2955673660057565
4.84478265665024
1.9424573809218821
2.647785250440152
2.993190025241423
4.270637910133324
3.5887324269025744
4.033817015223418
3.7761568340427116
3.1281243573085913
3.931243034389527
2.9623234429960044
3.1839249138336
2.5111993012572555
4.255451976791909
4.792507546966893
1.865929414683979
1.5911178686496998
2.0620048782405673
3.1760592968391137
2.607944102430399
0.29733271415453455
2.5476726538313312
3.2289417399008684
3.1280582062183258
4.00785468143699
3.6756402920887274
2.365729178129272
3.206327023312758
2.20349760312539
2.091060138713506
2.6069542430289796
3.4882390042330242
3.2728448205900667
2.7413012866015674
3.421981645699416
3.8057776626737554
3.849109070555487
3.5296582991595575
2.6676908807014397
2.3535978136898343
4.235750725076289
4.30399559957011
4.0768035867710175
2.695080548608034
4.657485197712269
4.046858410952167
4.919927695621271
2.788230279663324
3.2448728901670436
6.612392381092281
1.2982157680915374
3.684061240154426
1.894182300241494
0.9254254672269164
2.6923457968407867
3.1357983115191086
