5.297799005288533
5.297799005288533
5.406264539016584
5.297799005288533
5.297799005288533
5.297799005288533
4.724034629715336
4.827524902425316
5.297799005288533
5.333268491859263
4.676629586923884
4.631691402220399
5.228098483821267
5.297799005288533
5.297799005288533
5.297799005288533
5.297799005288533
5.091608588511747
5.297799005288533
5.3305692851010456
5.297799005288533
5.297799005288533
5.297799005288533
5.297799005288533
5.297799005288533
5.519486368768565
5.297799005288533
5.297799005288533
5.28348335327443
5.6355998163614185
5.769694538208416
5.8853181732181685
5.297799005288533
5.297799005288533
5.247644977847316
5.297799005288533
5.297799005288533
6.099165197493385
5.087141585042065
4.784759919500465
4.973669532729206
4.749096132494348
5.918374110982559
5.512424359752082
5.230927050232699
5.297799005288533
5.297799005288533
5.297799005288533
4.312412703397479
5.600867401321253
5.256764916763913
5.117006171569738
5.576754965770789
5.297799005288533
5.297799005288533
5.32522171528392
5.297799005288533
5.192269253709364
4.998566573922046
5.297799005288533
5.297799005288533
5.626239367804025
5.297799005288533
4.87261221908777
5.297799005288533
5.297799005288533
4.728163834447017
5.496252479201073
5.297799005288533
4.815623763004474
4.828691190009811
5.297799005288533
5.297799005288533
5.297799005288533
6.557668355431687
5.770896714349666
6.086173602874262
5.297799005288533
5.073126472669465
5.784087290703182
5.297799005288533
5.297799005288533
5.479073537889535
6.691205260445087
6.058911070110083
5.297799005288533
5.398827839915222
5.297799005288533
5.297799005288533
5.297799005288533
5.233367400411867
5.368702620491757
5.297799005288533
4.98220532317984
5.0066573070311735
5.297799005288533
5.297799005288533
5.297799005288533
4.4667807711017655
5.297799005288533
