3.431329740121949
4.362602160999373
4.029433676792693
3.7503765370524134
3.707317417632241
4.635331266626621
3.9983917930498496
3.1381518863391125
4.194673276350713
3.2782292780835
4.425200246534169
2.805275569817479
3.179419311095862
3.546257967020226
3.83442490194486
1.8924633351880704
2.783403518738499
3.990983032245724
1.7386679281295772
3.0718625111702202
5.381910825134993
3.8618907199675765
3.7132324782666366
3.772813464362749
6.358186712672465
6.345863671898994
3.880484041698785
2.5026230941848584
4.91583123227422
5.319502245810602
4.629283722992713
3.4549402014143635
4.3551004321865
3.8715545471098847
5.1503673802123515
0.8974193515748716
2.902283570871262
2.244703332020203
2.484208949717906
5.699414251325182
4.120445502261206
4.250163627863984
4.17611430109729
4.739537443039862
2.6825827644143687
3.9096814099192585
4.127540092555153
4.141657852081549
4.423552944662008
4.4420601402827735
3.1314453698561104
3.011839492064874
4.0507501178155
4.5106780557755695
4.741705930039236
3.1953490976861945
4.127471843508634
4.67529312789115
3.9221737210955445
3.784310353347177
3.499097917409858
4.475959099190453
2.1427472138571595
4.751396712304566
3.0084495753088847
3.1749018318185103
3.8162930132281
0.0
1.7571088278639682
6.15409499760894
4.644834226352894
4.207599703539468
4.299478850426522
3.7010656162316096
4.115014202414011
3.0319816423449235
3.5767584809014012
4.761103147839119
5.141695153216045
3.2783942544457396
5.80356452201444
4.592806210010682
4.969650768124838
4.543797130354372
4.111574951597414
4.389122744294601
5.366935938132192
3.9540898057983953
3.224113481636188
4.404082511682005
3.534440909309133
4.165500692664878
3.722748872678758
3.6838673354642544
4.932596797940919
4.849205139209107
3.172107486427935
4.654014712868922
3.1525356982230983
4.077769612345392
