9.993576276694988
5.5336461090378295
6.782621942102821
5.429856928486943
5.5866781369519565
6.140701387378187
8.46128284258456
8.007297089326816
6.015456188963277
2.775910426261663
6.320738936175587
8.120569374366227
7.011744908859022
5.7744313237404326
6.189424820844419
7.1070577749874575
5.977382446778569
4.394806142415795
6.439734676057897
6.071106601362177
6.804314773818426
6.795999978919898
10.167994767445652
9.492345521077983
6.8090851084541235
6.216768887482278
5.778234890847396
6.893504954274502
6.664026719178083
6.852717224073325
5.704741058084517
6.508003395587999
6.653819624254574
7.516908549822222
6.538354687084964
5.359716639572051
5.423594691012164
9.311211391315446
6.228001730518071
5.835195754048629
7.285589776464734
6.931115185542572
6.095404683064494
5.328011813059236
5.340183832847832
6.072745083028378
6.7603340212059155
5.244763146631728
5.4054649058063475
4.720206236473107
5.979334283448324
2.1031427957246898
6.719475584884948
7.090870282456393
5.758573587328028
5.410764708098517
8.08378500637857
7.291258051564327
3.544109600111913
6.094705330362477
7.272584934376096
5.404612344162357
0.0
7.421961491175338
7.119871435858304
4.457689831447883
5.33274757468228
6.846826985433394
5.619002603604382
5.5139561521670295
3.373781453070335
9.491927369495755
5.41912952764698
5.802562295539221
6.499060094656594
7.528197309578624
5.806058295363897
7.300265475594182
7.483863908873789
6.32228973909131
5.162534670980906
6.975722262451036
6.98484416971956
8.320495797912452
8.591198627977342
4.508802607233244
7.655633032716538
8.154247414720789
7.688371881087431
7.221320062493042
7.703350143084657
6.176299516004638
6.280782924564079
7.062589018151863
6.971606675523265
8.732513123600274
5.970432218250693
6.542812217366478
5.766335443445209
5.642455988355356
