2.3640780838454023
1.54422180128608
1.8348832889430136
1.7825098382549713
2.2535135291393065
2.467283239944334
2.156700519517524
1.3107670124806794
1.7858114417068887
1.2513106830528775
1.4255342442299264
3.197394896220249
3.5849521250440803
3.359572362960164
2.5058444441243055
2.051226561000947
1.5194657227973958
2.164924265225811
0.8103317277541953
0.48835013079798273
3.190528855315665
1.832288832745165
0.4140002705704797
1.3865340891967106
1.340881193566687
3.621058737984985
5.21165346109164
2.1143954361968076
1.1526478664770399
1.4704557567973335
0.6808582363820475
0.838808540801598
2.405932978839373
3.462146806576412
5.687420104433592
2.3017193906830133
1.4402922947714838
0.6142211890167557
0.5250743477475897
2.4342689470019305
1.6362402547566899
3.2692486942049905
2.5291396621751008
2.1842378890688217
2.5836877765691573
3.262645064708015
5.82296515085101
2.522999335670349
0.9501953223502508
1.2084729169582797
2.0152063975796564
0.3099206908868868
1.114134159746579
3.18528760850926
2.7098138393854314
4.7567542694410445
0.2729257539673846
3.3176980308268913
2.660940781090492
1.0121882438870407
2.1666789006110103
1.5018642435783423
1.8701187070228174
1.42340465093808
2.0413959673978903
1.1773677160967986
1.5916544770848366
0.0
0.15198445417568562
0.4771798710858528
2.1573633660669134
1.3956157629740402
2.29901783088015
2.640934975801166
2.1380378263499233
2.051103956563439
2.772195103065981
3.3428836710997483
2.2410649921241865
1.806936707121749
2.248545462825012
3.4602512784257655
0.8664163628266173
2.3246317531386387
1.2817143399349895
4.452219455723944
2.7787459494363564
1.8223615580284187
1.9846726547026556
0.5773073104531337
1.423701034428138
1.8695192764267543
0.8664509784413916
2.5137794288717727
1.2918268908032404
1.675491427879541
1.3859361482818602
1.1041541689838947
2.0240987980726146
0.999372631171835
