4.9956532595535705
6.200761899903747
6.4902580213375565
9.00555765949894
0.0
7.313349098902274
7.74497343141371
6.713977740985631
4.062710079867728
5.404784717474508
6.9405074929070665
6.6568785457286355
6.613135548686394
6.785865866422916
6.401482702565835
6.859545797814613
6.683917779123599
6.675465887413328
6.712669231465874
6.624704435400195
6.30064596156574
9.256298399689701
6.077538256433376
7.246856421601966
6.415890129873384
6.22235619258951
6.1424255593973776
6.789267037347702
7.5051704402156005
6.333391622060229
6.533933186335741
6.847867876994201
6.346124105755425
4.407603929125342
7.926854751189778
6.281590577719865
6.0751585754081185
5.173206817484513
3.346682942272247
3.9448596884660105
0.8930560780702965
4.800392127189632
6.169989247385164
7.13161595468585
5.663422224357527
5.858675278432951
6.401450521983813
2.3019336879037553
8.386725608743058
4.262734709054386
4.997334214354273
5.645611040858718
8.75933324148763
6.9396174703440545
6.829630734897177
6.349713614483825
7.41265900615607
2.1405216927444877
6.397735066299061
6.816940722569377
5.426938705667469
5.711451010902337
5.653959675314814
6.640956028710031
8.334143721062892
5.189102403008909
3.8649650348697278
7.469673912934859
7.857407462259103
6.479092912157938
6.693168579746134
1.5127305287475759
5.190164536604201
5.617026013306862
4.5192793861450165
7.0443278110757745
6.57286872990168
6.5933297844889855
5.851716791570526
6.529257022651052
6.7418043031818335
5.707924145536589
5.430001059848095
5.022090591130457
4.827203859026641
6.159491177749429
6.618386914240225
5.359697712937516
6.027530248621949
5.753700055062785
4.9699667071366225
6.381191531768401
6.223720565503735
4.694392397588972
5.576429707200164
5.834410641955765
5.357858441727842
5.806349247933167
5.9108325990912505
5.094651904879756
