7.6334668962658565
1.700377457912425
4.214468201998928
6.84076280787977
0.0
5.383325323340061
5.41027790978894
6.402253825948726
4.05501655338999
5.135192546965888
4.702577559111431
4.77819662084798
3.850748684378572
4.473144225865713
6.050487109240011
3.36508630658522
4.575761913605726
3.9596905484875635
4.473182949866661
5.411358582956533
4.758708812916006
3.8222168874787115
5.716192596486957
5.357383481785403
4.212489211396941
5.105519097336689
4.097280363225591
4.280366776959664
5.265281038318212
4.8122382061386455
4.604567944339011
6.3572651303019105
3.9632493784416196
5.635814753553313
4.970485307649944
5.164538689132889
4.268411255440216
4.81752696571234
5.6980644625662915
3.905141299839283
5.298849278807534
4.397137497692577
4.460527613620634
3.1094611575350584
5.187260738617385
5.69037894491542
4.016326821084563
4.834218788082737
0.637035348327049
6.28725682236662
5.311165965363483
5.571418066422389
5.531184777908055
4.701573893659427
5.320436238754475
4.881438358739185
6.398858598503875
5.8042045241312
6.337728479281294
3.89298152762991
3.556297704669925
3.767994055689615
5.441117831488354
4.3854509594084625
4.440387561708132
6.024659183142911
6.701294220572436
4.961817095746975
4.351684149615141
5.039502517242279
5.3122621053919055
4.021213250023209
5.333481323931755
4.72701582186459
5.364945939614401
4.085494108239617
4.167976353301383
5.087497819761643
3.7223878000897948
5.578637128458361
3.933271402818426
4.428705886552447
4.722096250109166
4.764448597201387
4.7140490310069625
4.646394648247755
4.687211945217337
5.3413649830140235
4.654555807512729
4.526896906591476
4.613651304827333
4.927518696800318
4.471107758103563
4.653473326170738
4.95187949683697
3.3316376076554546
4.479924223404985
4.033494828604937
3.4315066431487904
5.390674834346266
