1.054162483562366
2.7951150954309996
2.233418074414497
2.0191881112032912
1.0782430154557328
1.4493320025015004
2.4834992728054575
2.9145801445567074
3.2783799743218967
0.8131847548896851
1.1711692815712476
2.482206296690764
2.69442220065969
2.1135576309742143
3.2009456142634853
2.518072842542845
2.4567489859757856
3.661995705916013
2.1428000390657025
3.2231296508654896
2.6419237237543
2.5644772218569
1.3265257158955244
2.0356057212645817
2.648631346780889
1.364344582026034
0.9605218566302811
1.4859920128273219
0.07175875036435819
1.1915776826342457
1.7524270851014334
2.787777869301975
4.127635637098686
1.6977076297529754
1.5735775661628035
1.343771622747131
2.899464885731283
3.810992633629346
3.3016530644345194
2.470078904087422
2.4052701778024455
2.4096286451509066
0.37966963856020186
3.0323307532245156
1.9360693891318244
1.7411565312352115
3.729106192660584
4.376388411468483
1.9652877867169556
1.5859070523730265
3.0548321765899527
0.9889874898380318
1.2474213397533815
1.3146336918074573
0.9342896403023617
3.7863376154716915
2.7220593682914602
1.1317735051844686
3.421374157324351
0.0
1.0711209735910592
2.826930638428764
2.564587379119064
1.5282328524808828
1.4845164460813984
2.0363226909070917
2.833189865883697
1.806969871270978
1.804206119462116
2.551911045228009
1.4525055145208898
1.509744866350935
2.1265902833502155
2.498497315102923
2.350752382138004
2.2430708329525486
4.0436398052848785
0.22870539732509498
1.6486473827150245
2.095205521309398
2.342714736217855
1.3550745485945206
1.034722469566923
1.116383465757723
1.2753983934061792
2.4932635399939707
2.3267176793762347
2.071887392583418
1.7703070044547915
4.0735337358515675
3.3791424256465397
2.230583543534566
1.037216623476044
0.877438462792709
1.5846133686632706
1.954464412312403
2.837809500551584
2.5204460539016784
1.370303102522024
0.4431017479769168
