1.9769001022787336
1.244185683197677
2.554831243136457
3.0692654297720776
1.4510928968953558
1.645911950786725
2.216947560685387
2.2468536488315864
2.352168153154123
1.2529123299817864
1.0948523171995574
2.3002549882563605
2.5001855107484925
1.8078554920588368
1.9089061452049163
2.7301314896129307
1.4414021038835396
1.4690682430525404
1.6212134226781068
2.192743300221061
2.907449197929998
2.382761380622107
2.634985184959683
2.2904147439861564
1.8554558319843184
1.982740148889375
1.709289245084325
1.8664070402237463
1.7736878293774452
2.518900000144038
2.0198202888042185
2.3176098705576247
2.0292852552998766
2.3356918388721386
2.1797766931257803
1.9587537980886855
1.3595263809949854
2.371795730789165
2.5102970273229754
3.0488725659256697
2.7641557455318724
2.699128182330388
2.33417685185524
3.8145616543775027
2.2839745511500533
1.6589111828075134
2.5023867015039496
1.2407656984076727
2.266777845759007
2.5923992962681908
4.372981084359939
2.2664509197151252
2.9614935982690618
1.7147116102512305
2.1277857972015912
2.327166102316924
3.0147448752768122
3.0351487117034006
2.764939238936566
2.3891671979509
1.6537206951517585
0.9107657446998147
2.035856310041805
1.912213242482883
1.857868022024129
2.3488916779232314
1.6819208213515648
1.675595378777564
2.7209651354351614
1.2186025802793203
2.098210940760073
0.7946330567082773
0.8297770108210922
1.078346651048245
2.013085377516746
3.585571590091612
2.6621280199213104
2.246880740683447
2.215688378753424
2.247086363638688
1.392247903354976
2.309591713205871
2.2590868360654532
2.0002656944144386
1.7681024157630603
2.340122794534783
1.8462031431087582
2.2061557580352953
1.3294630640011627
3.0526208842185154
3.033870553242334
1.7798848494524915
1.7743253450421657
1.3634171408260132
1.0604225810193868
1.6829638323531921
1.2554210752728814
1.509640049548719
0.0
2.310750155568803
