0.9865293960094681
0.6969555020845262
1.4950400946112519
3.142455673551261
1.0289242318871896
1.2070183725319814
2.0691350100128734
0.16388862993565256
1.1807338352724073
3.0862836171628585
2.245532268133199
1.3096939182201242
0.20639839090561307
0.19721769260747557
0.5886858191025459
0.6408673292022788
0.6925049882651881
2.5607144834058433
2.903113025163071
1.34766185466658
1.1399464935219503
1.9294306647124646
0.5796675092343893
2.275945235774924
2.5900645998208125
1.3562847343244513
2.0268775170999245
6.159370597153282
1.4657100681776802
1.4351013980903535
2.2838657123450723
2.4772768818101696
2.8265198576944144
2.1941585197747306
2.367348546802951
2.6145627586354845
1.108629882845638
2.0094361226984345
3.579667680189508
1.8207225668980358
1.334160012742547
1.4251635606774589
2.3201700266178094
2.5042181621303237
1.1019010570840209
3.8827322678805816
2.3407138862161503
3.2066277905295006
3.6528858743353023
1.6028142026718644
0.2511212455869718
2.0010146612418556
2.5307467422034895
2.5007996112120736
1.3515985457323065
1.73765225857139
0.8066485584250012
2.620515107221494
2.3076562095598305
1.714355569441907
1.0816084921841587
1.7687501219607533
0.7628592448905036
0.9017876820982205
1.177637558594811
0.7891884530121749
1.600663312713475
0.8141751674637294
1.9020375248733021
1.4615211874121863
2.397967866081023
1.0829215766164235
1.6361945234398925
3.1644578592114896
1.3462694206236345
1.9585817746414607
2.142666019846623
1.2905198294216085
0.24152731316377207
0.7496590550627216
1.3344019597573855
2.3996095322633306
0.5355745791388036
0.0
2.1643083761011797
2.1461120598375474
2.4804468766437604
2.3539432646842284
1.0852585158593746
1.6294254898441187
1.4927465836957772
2.321024881451806
0.9364149322962514
0.9579641985535101
1.9384766914942075
2.097947749045567
1.4572028436685869
1.3240661428819203
1.1102276952559758
2.0622130718230913
