3.424077445521021
3.4063483031425195
3.0995827623135277
4.214111113083894
4.048665413976997
4.155042796946082
4.140933252896043
3.908700155258532
0.0
3.7137059600116915
3.789536260117126
4.676183848911343
4.507853711620141
3.1328503360819138
5.4773489829029804
6.36684431555939
4.04431887554232
4.61331159012774
4.836640076363875
4.606387795091172
4.49813698317196
4.628681379183906
4.183620983082395
4.247392480090739
3.9088689882992718
3.8483506803982364
3.8908081209182344
3.937782190248791
4.706915155289511
3.414204739450559
4.091273582169643
5.040184037752608
3.390437256576049
3.455294925727225
4.603743824594652
3.5590586553277506
4.2133237126839544
4.979217539873137
3.4294048871480065
4.092219704925993
3.5821642004424095
3.134697831667295
3.1840561743861864
4.186652345193487
5.7060156505188235
4.417596607587907
3.907344291549181
3.8712284702384605
3.0946929717890748
4.166353426466161
4.021773800430613
4.159564632936897
3.0088755083999237
2.755858570926841
4.9613449798561415
3.5873923020291882
3.9505456254586173
4.293994992608284
3.921813519707591
4.229686473783024
2.8613918969129326
5.192206042393515
4.82420957624724
3.936881186631958
4.391006323748801
2.916214247255416
4.07073547190689
3.8861257230046107
3.046186081073849
3.6707354188745605
2.9510998342949697
4.022987492168426
3.841684306494039
3.1208294352365726
3.9185814833999437
2.940240479160405
1.6350189100334047
3.3365332849125933
2.886665006398146
3.344928233629284
4.3836450671977785
4.160807520376179
4.2216077929803735
4.495476466828512
3.9184859447897966
5.010223756374325
3.2534929209014867
3.3115517806599692
1.681353221212483
3.509211629499031
3.4133621546698896
3.4528943707430857
3.5979971794998757
3.355748823064516
2.858080315107326
3.954883500321129
3.033874620665199
2.834868291476774
4.1662120187937015
4.031711195443531
