2.455637172960568
3.2860447772566843
3.8941647345207766
4.529300922589004
4.693089156376235
0.2348018587539351
2.9479758339870017
3.8359117612153963
2.7542805063026057
3.844218776387491
4.949737122980409
4.291969025203761
3.1202627242589633
3.7466866947660895
3.917650989392944
5.411468955126189
0.0
3.265880662202702
5.0073669277886
6.022797930158067
0.6524344733776575
1.1653905342339734
6.147410198557136
5.6541237854264494
4.081603061528594
5.3044607439743015
3.2487170719391507
3.2028051974294627
1.8028406755315576
2.5924779119201835
3.742467899693201
2.7949177339405846
5.637474261951125
4.7538017303959474
4.161755992795817
4.581919082200411
4.646889219052439
6.7841096859742445
1.1052293700295923
3.0609283312331637
4.143292212000532
3.5076966604630195
4.319008534014647
3.891458879278331
1.6674655252588813
5.517383138545526
3.8282409568111047
4.731199806658109
4.0016811686762725
3.543321624642247
3.4115986601639188
3.596186262393102
2.616752173819553
4.157530359695782
5.29449751170416
3.463461884424346
4.200951207670818
4.200469905408562
2.570354770773938
2.9750892103849242
2.796855755644005
4.6086918731344815
3.30514590863798
4.161679952655421
0.16151358482947042
4.177700251306133
3.5548621344403424
2.9865234029191647
3.9329317876280765
2.8603555855153115
3.2087168285781624
3.5568501635363017
2.490620341335852
2.711993829467879
3.59762187955733
2.3799781228221963
3.4645149589794038
4.019594409680792
3.861841506973233
4.039899813203798
2.602980977778577
4.627013254299203
2.9278111905540203
6.278958157383248
3.2016737902572143
3.4607188325805796
2.580466784352214
3.344755669992852
2.9247356675428042
4.455531410997374
4.207863085496004
4.039744038594375
4.7746715222646845
0.6676947511319291
4.5780613752512895
4.858073001524119
4.998623340603976
4.2723635171368075
3.7692723784794007
1.9693422303277925
