5.039921567066813
3.8235564920323637
3.2045742974066087
2.180242743712958
4.953725045886575
5.206753481334142
0.2718330454285143
4.254033256072438
5.233376654298977
5.878465327935455
5.930077122727323
4.01727606163115
4.766569909179461
4.729131828602158
4.284485145459649
4.760167572315035
4.993544757711091
4.727597578289673
4.307296515644021
5.192412472921139
3.3756799359144503
3.4568567862898885
5.016330570328648
3.5414230388056227
0.18464858640904458
0.0
6.331901110206902
3.588159894724547
3.339470187066309
4.13923605400136
3.6629374465349427
3.4163337276347243
2.1544579130626467
4.410859240203494
4.060106068014843
4.766741786247356
3.0891998398520886
3.935612383080026
5.5800480382171855
2.1587009888093074
4.2553045807298275
2.980953463046755
4.671233723996858
3.7211270020054745
2.9468615902175515
3.3598126123057646
5.497078962569351
3.600164136467034
3.1895291916449438
4.316565687809877
4.936107193918413
6.449204294089898
4.878472944261098
4.525441196304897
4.584373756487317
3.898441874241158
5.345429726206401
3.1282971182002615
4.12172579131001
4.054289951645169
4.32311726607255
3.5375416158236423
5.208904834003205
3.330554466657933
3.833716916374194
2.8608948186263308
2.2423399075001584
4.086114684885342
3.6871349954190387
3.7197828239529076
4.411417884624406
2.926115479139355
4.771539553459554
3.3071072133327664
3.453430449017585
3.2988323130850454
3.4710057287285796
4.75379944699867
3.9699195068440614
4.545250148559776
4.194634153315443
1.5718014688712016
5.6876558676984645
4.593823336186067
4.792241652865007
5.612244041418179
4.703542358802823
3.446574324877284
4.971099297896734
4.230951830406099
2.536162513940155
6.704444263347066
5.466212884765158
4.690922765362648
6.0375547177197095
4.310242816645044
4.446650987625032
5.060972715494659
4.468670897167689
4.620687149593673
