5.618043872791822
5.4205652478043795
4.818276436425579
5.4205652478043795
5.483249781220179
5.655091169559346
5.661669604904361
5.209080761532341
5.4205652478043795
5.408863075577887
5.173979556975695
5.4205652478043795
5.4205652478043795
5.4205652478043795
5.4205652478043795
5.087474063029704
5.280776814866833
5.657777472589085
5.3142376706606305
5.4205652478043795
4.871161034370402
5.4205652478043795
5.4205652478043795
5.4205652478043795
5.4205652478043795
5.4205652478043795
5.4205652478043795
5.015216621713889
5.4205652478043795
5.4205652478043795
5.597872763964971
5.4205652478043795
5.4205652478043795
5.391281380237759
5.390726158182574
5.301623507742461
5.4205652478043795
6.036227090891735
5.5685199117113715
5.276890634307106
5.4205652478043795
5.4205652478043795
4.970291122638672
5.56236226365703
5.045134779623867
5.395135596424661
5.4205652478043795
5.4205652478043795
5.946009428665607
5.022309187158925
5.414814549764145
5.843374788818954
5.4205652478043795
5.4205652478043795
5.627655954937793
5.471892917355779
5.4205652478043795
4.817862769134514
5.4205652478043795
5.4205652478043795
5.4205652478043795
5.4205652478043795
5.4205652478043795
4.557945188429172
5.282737141130036
5.4205652478043795
5.4205652478043795
5.4205652478043795
5.4205652478043795
5.299275834191078
5.171578913752086
5.4205652478043795
5.004019790611277
5.4205652478043795
5.4205652478043795
5.346007131131293
6.61282363341755
6.186195552321193
5.61329887074964
5.798412239956718
5.016915052023596
5.576942998218842
5.6482427558338975
5.47704536591395
5.4205652478043795
5.514713841827588
5.556245601609634
5.4205652478043795
5.4205652478043795
5.4205652478043795
5.4205652478043795
5.4205652478043795
5.386814518490788
5.038487791367713
5.182429315226716
5.4205652478043795
5.352998949057062
5.217182677207517
5.4205652478043795
5.4205652478043795
