7.843794090246201
6.324708763166438
7.476590844945068
6.929949421795106
5.243353700555566
5.686190581485134
3.6538633351499437
4.105672872208649
6.629501818033978
5.585024721611667
5.834013958878321
6.043065119355635
4.6322259311685485
5.157670403757798
5.11783836767618
1.0768478335633374
5.071553381109577
4.952884455279918
4.495200205117623
6.477510349302352
4.702391177482079
5.060290952820731
6.145770676134485
4.415112425896053
4.391842205556646
5.131219144732887
5.441149345427652
1.4979823596837685
8.42682915361173
7.548315708798496
4.144280096812316
4.390511030010474
7.963163414211679
6.070597738942622
6.3429329354874815
5.230194768919525
2.584263828641674
0.0
5.939262705481361
5.843800960967021
3.773636822102387
5.145931627014843
4.747396704260573
2.1423759008353196
4.6882820992333425
5.737728010856519
4.342121763391015
4.425167881303613
5.795680771409099
6.613365439361675
1.1986345341142606
3.960425614476339
5.546253762472937
6.1570950754847615
4.577241600280733
7.202375279932283
5.85994392345736
4.703688924414443
4.282599029882979
4.406369489469668
5.5297420686311565
4.733223822948809
3.957526127338364
5.589576515162332
3.2121551951855776
4.5898515543079
5.233491599029358
4.556140224037619
4.417333932047018
4.009007728920954
5.928655588771527
5.220762341094548
5.581814685551077
5.23030699951514
4.863628966010678
4.349153047299539
4.166655626156178
3.9759465644155094
5.013234762700335
3.7155184204294613
3.2307065888592708
5.132032250775694
5.694817725673027
4.548540889687654
4.444317251776656
3.661958899761535
4.38606107613054
4.193757994885653
5.5780136381776195
5.606845881541388
4.428901047277925
4.484807353660917
4.73369867074479
4.33432021938054
4.652185542098666
6.08766928392531
4.913320084907039
7.06776214964524
6.414034978783679
3.2462216239046864
