1.57734738005631
1.244185683197677
2.554831243136457
3.0692654297720776
1.4510928968953558
1.645911950786725
2.839284345831449
2.2468536488315864
2.3247046988615363
1.7055400671863334
1.4872748356921546
1.3843088187822041
2.5001855107484925
1.588683449949857
1.9089061452049163
1.6123815289286039
2.131734334941893
1.4690682430525404
2.007596866929772
2.192743300221061
2.907449197929998
2.337280281589638
2.634985184959683
2.03702439080503
1.8554558319843184
2.412142505698477
1.709289245084325
1.8664070402237463
1.3207234545565025
2.518900000144038
2.0198202888042185
2.3176098705576247
1.988682847885848
2.3356918388721386
4.363696098472833
2.055055242138351
1.3595263809949854
1.9543097812203905
2.5102970273229754
3.0488725659256697
3.0263350893436165
2.699128182330388
2.257163019329011
2.6215358741332837
4.671857299478137
0.7624187382830026
2.5023867015039496
1.2407656984076727
2.266777845759007
3.169183958087703
2.800437442821849
2.2664509197151252
1.2658179532558282
1.7147116102512305
2.1277857972015912
2.327166102316924
3.0147448752768122
3.0351487117034006
2.764939238936566
2.3891671979509
1.6537206951517585
0.9107657446998147
2.035856310041805
1.912213242482883
2.4909301706244626
2.3488916779232314
1.6819208213515648
1.675595378777564
2.7209651354351614
1.2186025802793203
2.098210940760073
0.7946330567082773
0.8297770108210922
1.078346651048245
2.013085377516746
3.585571590091612
2.6621280199213104
2.246880740683447
2.215688378753424
2.247086363638688
2.6314065361423036
2.309591713205871
2.2590868360654532
2.2249322602403043
1.7681024157630603
2.340122794534783
1.8462031431087582
2.2061557580352953
1.3294630640011627
3.0526208842185154
2.5628462767067104
1.7798848494524915
1.7743253450421657
1.3634171408260132
1.0604225810193868
1.6829638323531921
1.2554210752728814
1.509640049548719
0.0
2.310750155568803
