5.582435288707245
5.582435288707245
5.582435288707245
5.253665018900229
5.33187747100939
5.582435288707245
5.589126872382538
5.582435288707245
5.582435288707245
5.582435288707245
5.582435288707245
5.582435288707245
5.582435288707245
5.582435288707245
5.8770498664422215
5.582435288707245
5.582435288707245
5.863949901237154
5.582435288707245
5.582435288707245
5.582435288707245
5.582435288707245
6.025398877702754
5.986567946859282
5.582435288707245
5.582435288707245
6.029328765000018
5.856700814086306
5.44153438962998
5.295268112172552
5.582435288707245
5.237881293186069
5.277514346627613
5.582435288707245
5.582435288707245
5.3737802766829805
5.582435288707245
5.903431532903361
5.582435288707245
5.582435288707245
5.1411532763986685
5.582435288707245
5.582435288707245
5.582435288707245
5.582435288707245
4.966755110336019
4.881685270234905
5.582435288707245
5.582435288707245
5.878485114070685
5.582435288707245
5.582435288707245
5.326940649812988
6.096002823819115
5.582435288707245
5.582435288707245
5.582435288707245
5.582435288707245
5.765928808416538
5.582435288707245
5.49302410392513
5.582435288707245
5.582435288707245
5.582435288707245
5.936939260873448
5.955420200060634
5.582435288707245
5.582435288707245
5.582435288707245
5.582435288707245
5.582435288707245
5.104373986565783
6.054079509956769
5.582435288707245
5.582435288707245
5.289215816265713
6.693921209887053
5.582435288707245
5.582435288707245
5.582435288707245
5.198662877380189
5.582435288707245
5.582435288707245
5.582435288707245
5.576501966256348
5.582435288707245
5.582435288707245
5.734298329691619
6.003240083649651
5.582435288707245
6.089521790994587
5.758957923797633
5.582435288707245
5.218727939468161
5.239722739054809
6.0673613008288925
5.582435288707245
4.95812423160052
5.582435288707245
5.582435288707245
