5.197410551962437
4.887219474269958
5.1007390010565405
5.414178138071038
5.618848287048536
5.414178138071038
5.511053271977734
5.0881232083119965
5.414178138071038
5.487681387241185
5.414178138071038
5.414178138071038
5.414178138071038
5.414178138071038
5.129009473186105
5.414178138071038
5.558629754644718
5.414178138071038
5.708376885592259
5.414178138071038
5.414178138071038
5.246360758396186
5.3065178433276055
5.404946199481383
5.819614556323125
5.414178138071038
6.247637311643643
5.414178138071038
5.468131302935254
5.6371051359576
5.511940858260116
5.414178138071038
5.365130352168477
5.753938016463365
5.37228627340363
5.416992862950099
5.414178138071038
5.414178138071038
5.119196174036426
5.137387670875213
5.414178138071038
5.2661141850973685
5.419759565013695
5.242708938195804
5.567702524681216
5.56085912570572
5.660184727038301
5.886525937310101
5.414178138071038
5.414178138071038
4.980110640963675
5.414178138071038
5.61220316717762
5.414178138071038
5.157135872777416
5.414178138071038
5.4784555533878425
5.3685502088807
6.4488344292030755
5.99383097999943
5.414178138071038
6.136806592960195
5.4485100676780736
5.414178138071038
5.414178138071038
5.414178138071038
4.6232316673462766
5.1560589580958425
5.367425671233613
5.551119683704119
5.067188357419817
5.414178138071038
4.5451709689624895
5.414178138071038
5.023325601501226
4.848796113294647
4.744052107911433
5.4643507022717355
5.704420432434928
5.414178138071038
5.414178138071038
5.223385434009309
5.414178138071038
5.414178138071038
5.909103397833349
6.213595375747082
5.414178138071038
5.47025111110791
5.414178138071038
5.414178138071038
5.414178138071038
5.414178138071038
5.8374602079642495
5.414178138071038
5.348588131395566
5.490130707106754
5.165607413657826
5.637612404564907
5.719826799019881
5.414178138071038
