2.7377792455574923
4.197195279157923
2.779270501060044
4.102842198158319
3.372518520835103
0.8240008022066987
4.456240199115593
4.321077202138017
3.1398352663657745
3.6171673885215427
6.038692751302612
0.11745952473130439
3.6721320457229965
4.035107256416019
2.0050635751939185
2.816448207059538
3.5982905068623743
4.509675052599913
2.6665410071941973
2.7458591284671194
2.111003692650954
3.8171865109149423
2.5725996724196856
1.2738289825803069
4.248502116107418
3.96936360104045
4.747486028187661
3.9279903725564607
3.656394237530638
4.437671679481242
4.905664085091713
3.495565838638476
0.0
7.611574021935123
2.7919981102070803
7.317701433239893
0.5757386680574341
4.6046302804131845
4.110676942648967
3.6115468896586806
4.098945719089109
4.9040371090294945
3.8797308966055706
4.307449961214797
1.7106817449050524
7.9615206482843845
4.162255983825806
2.8820371024503237
3.3799003871399664
3.0608437828088517
4.294062552842615
3.880851851604423
3.0362288625067966
3.441959695278261
4.572083996193131
3.971723013634466
4.38851087616182
3.9649683913038656
2.676813924485253
3.4616514052213874
3.6421536262272003
1.8804463435026877
7.070798676282328
1.987949735565758
1.4414603947657536
8.331865103335073
5.656141696410453
2.700546674741484
4.380126317075295
4.567987433481411
0.6615761974087406
3.7098120118705293
3.4641404187011995
4.023306388752762
4.1668910510760835
3.7543584334708093
2.8196077792162226
5.834461092013306
4.7494903438067375
4.279069382350988
4.533314339675961
3.557446971726504
3.0772690814645447
2.7486023284284555
3.387020576998414
3.282145353882056
2.5088409311928968
4.41672468552117
4.418569226960437
2.819068743991629
2.410017645643529
3.5953184146611448
2.7743823431086607
3.472789089115411
4.830969823076815
3.6032890224404572
4.021974794728806
4.801734936491739
4.43754942576189
1.9059492620180911
