2.306867619594952
2.181160904798675
3.5968370239626406
3.6246964369912837
3.050426884555298
3.2127000773041887
2.381098084312245
2.9409727320331345
3.7422642765460443
2.0640645903516606
2.1721548065250587
2.8228131065635713
2.825228498144199
4.2140610872943665
3.743988841347937
3.3274243605561056
3.4935719093561097
3.03175544181985
1.6161193492151642
3.816248574789161
3.5236133992446463
4.343899264850272
3.600805677512569
3.336227191211064
3.086895537714179
3.3968441195401615
0.0
4.385904210597223
2.868674958946194
3.503815417114517
2.054470734712326
3.1564897917891237
2.4997396665503238
2.7254080606980415
2.7197416654895172
2.2508186156128827
3.171640793072119
2.7443903124247617
2.551404539942423
3.440402366044275
2.612459053290921
3.625949871568647
3.0535712605333316
3.345362819838355
2.3822593174644995
2.625680646566822
3.4225254415712216
3.0826503829667127
1.9684494583582919
2.653629250408675
2.498103217112553
2.835845756975609
3.92192222403284
2.25592795840977
2.907154848404439
3.5120639686314004
2.9361897041356686
2.9898861831557357
2.9817886730981162
2.7788350837377944
3.8285853300637895
3.54836364840373
3.336354414711644
4.9035335436785905
3.877183163466068
2.393790670398696
3.7185290707886147
2.223776051658078
2.898389048388558
2.689540815628087
2.181598842234482
2.7523169855277185
2.0495107685076115
3.5337563156172966
2.997491056605307
1.9966348505216702
2.420426847613638
1.9217352522096602
4.473402051400658
2.3027842336534983
3.1556682918211445
4.06368354980027
4.786161629385273
3.827739433559507
5.542395595903742
4.35739730290222
3.59122620954858
3.350393592346961
3.293273315121094
4.9960750280341335
5.0711442921492225
3.8924548924385722
1.9306245983476913
1.885304889856905
2.775253168928471
2.406464226241315
2.780655741849781
3.603941349908342
3.4397968840714785
3.646206362341205
