5.877961453497164
5.680482828509721
5.0781940171309214
5.680482828509721
5.680482828509721
5.915008750264688
5.891677661768954
5.468998342237684
5.680482828509721
5.6687806562832295
5.433897137681036
5.680482828509721
5.680482828509721
5.680482828509721
5.680482828509721
5.347391643735046
5.540694395572174
5.917695053294427
5.574155251365973
5.680482828509721
5.131078615075744
5.680482828509721
5.680482828509721
5.680482828509721
5.680482828509721
5.680482828509721
5.680482828509721
5.275134202419231
5.680482828509721
5.680482828509721
5.857790344670313
5.680482828509721
5.680482828509721
5.651198960943101
5.650643738887917
5.561541088447803
5.680482828509721
5.198675253396372
5.680482828509721
5.536808215012449
5.680482828509721
5.680482828509721
5.230208703344013
5.822279844362372
5.305052360329209
5.655053177130004
5.680482828509721
5.680482828509721
6.205927009370949
5.282226767864266
5.674732130469488
6.103292369524296
5.680482828509721
5.680482828509721
5.887573535643135
5.731810498061122
5.680482828509721
5.077780349839856
5.680482828509721
5.680482828509721
5.680482828509721
5.680482828509721
5.680482828509721
5.680482828509721
5.542654721835378
5.680482828509721
5.680482828509721
5.680482828509721
5.680482828509721
5.55919341489642
5.431496494457429
5.680482828509721
5.26393737131662
5.680482828509721
5.680482828509721
5.605924711836635
5.473840369006086
6.446113133026536
5.873216451454981
5.508882287157469
5.276832632728938
5.836860578924184
5.90816033653924
5.736962946619292
5.680482828509721
5.774631422532931
5.680482828509721
5.680482828509721
5.680482828509721
5.680482828509721
5.680482828509721
5.680482828509721
5.6467320991961305
5.680482828509721
5.442346895932058
5.680482828509721
5.680482828509721
5.477100257912859
5.680482828509721
5.680482828509721
