5.772489871024928
5.817421433250328
5.772489871024928
5.772489871024928
5.760776584192356
5.772489871024928
5.772489871024928
5.772489871024928
5.658118736809497
5.634773993889644
5.772489871024928
5.51486165268056
5.923057795881624
5.96599505347995
5.8114605885813555
5.88447692067229
5.79240385873522
5.772489871024928
5.43099660811858
5.544755923825589
5.772489871024928
5.772489871024928
5.772489871024928
5.772489871024928
5.772489871024928
5.772489871024928
5.772489871024928
5.772489871024928
5.772489871024928
5.772489871024928
5.772489871024928
5.905518474116433
5.285386496864332
5.912457970412847
5.772489871024928
5.772489871024928
5.567342780109496
5.772489871024928
5.895413766466177
5.772489871024928
5.711603238772237
5.772489871024928
5.772489871024928
5.70370052343088
6.03378660219315
5.772489871024928
5.772489871024928
6.003285099965476
5.757519981842501
5.772489871024928
5.772489871024928
5.772489871024928
5.683797100871365
5.772489871024928
5.751308088863754
5.988408568157743
5.772489871024928
5.491143844324624
5.772489871024928
5.772489871024928
5.772489871024928
6.322484645009374
5.772489871024928
5.772489871024928
5.772489871024928
5.673155707593974
5.772489871024928
5.802545867945565
5.772489871024928
5.703847030792973
5.772489871024928
5.907681149429772
5.991743802625821
5.772489871024928
5.772489871024928
5.772489871024928
5.689244877362777
5.772489871024928
5.942538267933934
5.794681699643464
5.772489871024928
6.120049717513455
5.26179443487027
5.772489871024928
5.713623863788312
5.772489871024928
5.739742642567913
5.823628277668128
5.894733759298117
5.772489871024928
5.772489871024928
5.7116988977509555
5.772489871024928
5.772489871024928
5.947501040645053
5.833469879276737
5.772489871024928
6.060842420493474
6.154266018440395
6.080481145078018
