2.9462234802831024
2.987789935497146
3.587964654251002
4.115873692645327
3.211861321782895
3.2824297237405826
3.0686914251557544
4.146341158277394
3.867820125925225
2.2657766869853324
2.721529007909649
2.0903169580655403
4.683861999468366
3.848590418756767
4.168727980529319
4.270431458012217
3.3743638243420166
2.6054546924929993
2.1337693611502084
3.6367855601089527
4.059431752895043
3.823037314595556
2.917914474950197
3.7802754296552763
3.520669444179122
1.0918973493450554
3.027833809742966
2.503953484712297
3.0257689727409787
7.312694833030864
1.9893058981918805
1.8399855707939812
2.7112872132102988
4.453318933059367
1.9504733006232322
1.9315085414832145
3.393223607835048
2.8149921564501192
3.712790919577666
2.9512561465853677
4.818287814098013
3.552913911307492
5.020034285804767
3.4179087926660556
2.963429137062073
3.8925073883515644
3.461421260596307
3.1654474354526116
1.8309784520580843
2.9335115523775266
3.464063496980202
4.125282094617815
2.6408297091980497
2.363575132147778
4.664779082486183
0.9793109013052863
3.919342233063628
4.075158972841553
2.9713217452928293
3.114493103532903
5.114528492359143
3.5316674911053276
3.0066846387036423
0.0
2.9125315345290193
2.5860704780288786
3.1362420770733275
4.464407477533461
4.414467417238579
2.5125680682925275
4.269684463274263
6.678378254890185
5.486189217876822
0.706567194747322
5.499170926129364
3.7671070219339944
2.953725272051551
5.4473723825776705
5.175168019552684
4.69156837968094
3.300546641149727
2.939018995352931
2.522904650190613
3.2345832379066186
3.043404152732812
3.6504318234847224
2.969810304886804
2.591023818564942
2.3939729965716694
2.229116086050839
2.8046484663909506
3.565206914064902
4.29745746669789
0.836353541016166
1.7452459209198905
3.1831462527023513
3.3311816884410312
4.57053231560589
3.2705347811937653
5.142184265060288
