4.140564364258826
3.376372421039044
3.7931502585775365
3.6180827613114035
3.83850465118397
3.947241823265185
4.629232758559024
4.31778406140479
2.4399954853414396
3.322770982455795
2.5919238757245133
3.587244225303096
3.7721716527348437
2.9280844788400735
3.9647680281944124
3.5809421358027826
4.593700211963004
3.480592287492082
3.8095549725226223
3.7095929364960205
2.558288856507997
2.532297720078918
3.037485782788537
2.5546942752843353
2.7816743977511926
2.7323677967576296
2.380851505683407
4.336741936799035
2.612520173046975
2.6109877180751826
3.027554540875787
2.40064357546465
1.9170036941672972
2.9934044684710224
1.548525203210064
1.5511899792224824
1.9796117789195193
3.3399586924816447
4.475380115718948
2.5810579676454912
2.357489293814094
3.452013714438265
4.698705679038489
3.1884931935287835
2.246718301989207
2.043087624862412
3.490623404370605
2.655244568547791
2.4679524305920237
1.5450887580277441
1.562999043450753
2.2604577114646425
2.0956518952697953
3.4571186286917452
0.0
4.855939558602742
3.6683922579337396
2.931921284701223
1.3917624807856699
3.6342000505178795
2.766234878345624
2.6725473638101334
2.640341951786942
2.217215265958802
2.4040867037462177
2.0566583809436993
0.9590477828107113
3.678400465529727
3.3977283899633957
0.329883621806053
0.8688208364513339
2.5590403708104317
2.3138646993539567
2.0439241918267674
2.327894548594096
2.27388839220023
2.3425626934222405
2.5294719631213476
3.035858606840467
2.5282726869099323
2.3225177140580944
2.3854091841026883
2.693331100618338
3.193316368814417
2.359691247259836
3.5564160426417555
2.997004147154586
2.406565810398516
3.8270499825894237
0.04101878304442241
7.736463123698025
1.55959651057076
2.239021414918313
3.870938868356494
3.7417760708264254
3.829850483353903
2.7155425784081584
1.9709453522196498
4.1759467612585075
3.6350327677025156
