3.869725924443812
2.755220272679872
0.0
2.6485181442569377
8.206958934056477
5.567971903886081
4.180936019239972
1.542785843627858
3.4556036493541953
3.457657870470403
4.961646138807271
4.771381615137362
4.238773804644859
5.090775375535428
3.932336919716186
4.507871683565381
4.730442894533719
4.928426910064552
4.797679664615931
4.5311074341746
5.398095858932331
6.411290392555316
4.366036707186708
5.251894216776387
4.4718307691308485
5.071157893782649
5.351625296977473
1.356187230382453
9.480378892688682
3.957964200701737
2.7788899350124954
5.358782058892828
4.427969787215159
5.324742095741366
4.80425757217618
3.4480265927816816
0.41702322215968124
4.272010990432415
4.309207833985692
4.853384232756489
1.9696595489434054
4.112745106970599
4.781873993119886
5.185152765021269
3.6833992442100874
4.3242475025482605
4.581964455199779
4.374348754595394
5.091894167898527
1.8066725918834794
4.7787714292354195
3.813818998893247
5.011048466691928
4.191779345032627
4.672655215726196
4.262454604946849
4.4038816083801535
5.196916493397065
5.057018436660394
5.105359525341164
4.8944819590910065
4.697765243028197
4.54502902507002
4.072488839142045
3.7950122180822174
4.142502978431324
4.128398911377552
3.786984352896612
4.64467285931306
5.121302702897765
3.8099752148178103
3.5540369583709097
4.115103966955947
3.507329602377099
4.281634091706639
5.230810633224522
6.140112318589108
4.633406433168863
4.885506574295858
4.578284990469957
5.390451318708573
4.658870882235297
4.682491701516502
3.856605505785847
5.017710412481345
6.029741730627487
2.6105096121961435
7.222964556839152
4.8076515639064334
4.7839065660642595
6.409481262828024
5.074304466724298
5.492671965195274
4.963758580854729
4.471812098899557
4.171044031263424
1.1373217950834476
4.839614191583495
4.158920772743861
3.7390182336130526
