5.751004360312163
5.878047967972701
5.751004360312163
5.751004360312163
5.739291073479591
5.751004360312163
5.751004360312163
5.751004360312163
5.59233722172516
5.61328848317688
5.751004360312163
5.493376141967795
5.901572285168859
5.944509542767185
5.789975077868591
5.946188525058041
5.770918348022455
5.751004360312163
5.409511097405815
5.523270413112824
5.751004360312163
5.751004360312163
5.751004360312163
5.751004360312163
5.751004360312163
5.249811850806047
5.751004360312163
5.751004360312163
5.751004360312163
5.751004360312163
5.751004360312163
5.884032963403668
5.831245894699283
5.6002636055103885
6.079199564166675
5.491223709966302
5.545857269396731
5.955047009857807
5.8739282557534125
5.751004360312163
5.690117728059472
5.751004360312163
5.751004360312163
5.708867272507714
6.012301091480385
5.751004360312163
5.751004360312163
5.280337656995306
5.21882341344474
5.751004360312163
5.751004360312163
5.834973766968754
6.037195971403012
5.49062569249516
5.72982257815099
5.966923057444978
5.751004360312163
5.469658333611859
5.751004360312163
5.751004360312163
5.751004360312163
5.568314395779014
5.727084064203237
5.751004360312163
5.751004360312163
5.651670196881209
5.56445562122483
5.7810603572328
5.751004360312163
5.65489906731016
5.751004360312163
5.764943941380718
5.542821312606155
5.751004360312163
5.751004360312163
5.751004360312163
5.667759366650012
5.685561273762408
5.921052757221169
5.773196188930699
5.751004360312163
6.09856420680069
5.240308924157505
5.751004360312163
5.692138353075547
5.751004360312163
5.7182571318551485
5.936924548019665
5.733559812827688
5.751004360312163
5.751004360312163
5.690213387038191
5.8232379531414065
5.973720930750194
5.926015529932288
5.811984368563972
5.751004360312163
5.738999164840617
6.232116718492929
6.058995634365253
