2.3590640745631326
1.0400953552956131
1.9244096098727188
3.1080135249857297
2.2833750380668683
2.789195967900869
2.301608399398754
2.706309653756652
3.1689603246586344
6.133739572891979
4.195977514297407
3.3542714545782
4.211232950901426
5.183150350529349
3.166414783680699
4.356977303944929
3.0319074432373303
2.587170165579397
4.242182190496071
3.181981173504231
3.768030572274054
3.403750024425382
2.630605589757429
7.797004703584725
3.008070340033703
1.87644437459426
2.7380530561135297
4.282885297857781
2.0031706477767166
1.179682998240259
0.7334946418553892
4.9291537312337175
2.4886473778633964
0.45147957581455067
1.2481161727991792
2.4026646532125073
2.589218910674642
1.384717666967244
3.1771857375341677
1.9216962729838132
6.781374594938769
0.0
1.8405976801954935
2.6573354188550984
4.562531675221834
2.5579250494221597
2.961846213067405
3.088956571899705
3.2732993134349586
4.322017026321765
1.798424563883846
3.9013297019378665
3.041950617278874
2.213808924865188
2.099635624324298
3.3601911153970896
4.377129796599723
2.442434222613157
2.9207537954031944
2.9683692227783873
3.318245833519215
2.8342322579803176
0.34525039672015323
1.4438051378590657
1.7850568080190303
2.355741121836646
2.3948600827937825
4.5953601289572585
0.9166749702513823
1.8658073653573193
3.3282421797744655
3.052642662532421
2.2053508399551887
0.6695154255785623
3.8243782687115155
3.393775612358284
3.772863073329384
3.5626652127750607
1.8885104344270456
5.0158622450269
3.6524610931057198
2.87345273422873
2.396674897035889
1.0049339582084946
2.4259446185403
2.0128164758578966
4.1565670335175495
2.6994231738948056
2.840457592748733
1.788907204035687
3.0486318178277463
2.6303498626749904
3.059025570662134
2.2605505370996366
3.0631896713309934
3.0941413509237856
1.991757158980345
2.9900147684087934
2.2490435913056888
2.326000205638624
