2.8797440258825806
2.615723307919077
2.3230065591382854
2.975771830561516
2.998016748407476
3.335524124898011
3.720954036844143
4.3629834240085135
4.131661819034736
3.660329110224602
4.183854235350147
3.1761480881079143
2.848003345533077
2.6961106618407986
2.5534196975424575
3.3061277883413065
3.1874448135320868
3.5691950116704128
4.647983300942432
4.610882557225518
3.8427810260147997
3.0248459965668633
2.9991705371028363
4.151048670254636
4.374591377284236
3.6081426855746734
3.6985301509153463
1.880865561663373
2.770692140860085
2.8070858737250926
2.9300698353792973
4.481839734437414
3.897249057686725
4.669837438082924
4.1731963836806685
4.438303563764008
2.939301526420277
3.067954650749552
4.024695589354539
2.7051867115281785
3.968393510518017
3.7277966877307773
4.499586239753871
3.4964482408044644
3.2086486353165866
4.463784374158744
4.192234460871704
2.779507017264974
3.818733768153179
3.0786585807214593
3.2813377572892497
4.1255784359288015
3.5246985416513845
3.5430889243919745
2.7671641314572786
3.287760667181837
3.6468869594026456
3.130684829232824
3.100927889664046
3.024409395696438
4.3744507313837
4.135285082338066
2.1161794906716693
2.1102724853029855
2.95546617828799
3.221996637274031
3.7202770587705514
3.2976361460918295
2.345120393306964
2.7015489447841685
3.621100078422235
3.7367436823832274
3.608556139895884
3.973722934140967
4.37609667565158
3.870363217262424
4.141129080556062
4.522774105442894
4.921370774602426
3.470082049116638
3.8763283080710034
0.0
3.807119912890389
4.352771694850132
3.9162988888539383
3.1170813517333045
3.3769093256181777
3.114549762783316
1.904629158830709
2.148898441097091
4.542811012920921
4.549187671012644
2.193424952990915
3.605521733795207
4.091608558178917
4.299920374787508
4.4743492710026205
3.4008553193174054
4.05895120012229
3.9564334428116914
