0.0
6.127867715828324
6.3350129190586735
3.767986681492762
5.706563873867404
5.302211425609192
5.188690044522568
2.5810447840813735
2.9972017354063385
4.867483719340715
4.90986499100126
4.604617267069808
4.454809760791234
3.404604765236477
3.7045365253837748
4.861336542936794
3.4688893583118188
3.752301351804612
4.048604403229006
4.928517794487094
5.397274977121928
5.643578245757882
4.6903491092300955
3.476621767099754
3.0675345542572265
4.877813417508882
3.5394573226345014
1.3822910210519304
1.3071293672702207
5.646767598007015
4.56939119391334
5.804118660354918
5.048378625195882
4.842471916875832
5.716553694946106
4.061688037453713
3.4579084218112968
3.6695910249520654
5.998697148240101
4.254768279135965
4.345038857282022
4.8555463582903915
3.905248594903297
3.906386951424001
4.564306349994885
4.619259367492941
5.2972282192272875
3.953013041683105
4.9509844667219465
4.153400952915357
4.839604107324103
3.873324143764327
4.218582688791813
6.8574065251941745
3.8335389112537457
3.90377846790775
5.027693498293563
5.168442663712237
4.169531540428048
5.334627713339393
5.2736118335215165
3.7857235712269244
4.149519093904894
3.907816485141465
4.560927048908022
3.4411359482099537
3.5142103215830236
5.164546643154029
5.367540586199233
4.168926311519359
5.28951633353614
3.6041905208333143
10.653956093108139
5.259169325194218
3.9206610481542117
4.519993947554671
5.180403600661538
5.028045086192032
5.063871627019652
4.813371862959103
5.122771685945667
5.212060053084233
4.980198354730876
3.8047354476315416
3.359154370903579
5.209563900955709
5.264190089257866
3.4585629697673093
4.213265174603625
3.404263924978358
5.42175841456849
4.691676923487189
2.429121148970188
3.6591497486883497
4.450706648147069
4.819505221801895
4.020170351221013
4.309225101684708
5.073901642800916
3.608888224369955
