5.902364903319034
6.018785003524064
6.010922331175256
6.010922331175256
5.884327373188247
6.010922331175256
5.790612786187696
5.992504220661733
6.010922331175256
6.010922331175256
6.010922331175256
6.010922331175256
5.810117035708784
5.850530868995525
6.010922331175256
6.010922331175256
6.107978397355465
5.933286230670499
6.010922331175256
6.0306822208976785
6.163049869591974
6.010922331175256
5.951537145854762
6.010922331175256
6.010922331175256
6.010922331175256
6.010922331175256
6.010922331175256
5.943824550786394
6.13831880358765
6.010922331175256
5.917200522520655
5.952967174372532
6.101290429224152
6.010922331175256
6.010922331175256
5.961098976362827
6.010922331175256
6.010922331175256
6.0544103192678715
5.97210819623176
6.010922331175256
5.8335782476012445
5.853689536809936
5.8800495681428675
5.95863388869061
6.010922331175256
6.010922331175256
6.010922331175256
6.010922331175256
5.927193110918047
5.980719707506912
6.010922331175256
6.065767713924643
5.906257039318143
5.901020164624088
5.793567093150275
5.8115482169834625
5.857758388011003
5.927922427587783
6.010922331175256
6.010922331175256
6.010922331175256
6.010922331175256
6.091302638799313
5.934423906434974
6.010922331175256
6.010922331175256
6.010922331175256
5.97267808300586
6.114992330634541
6.010922331175256
6.091582205672385
6.010922331175256
6.010922331175256
6.010922331175256
6.010922331175256
6.010922331175256
6.010922331175256
6.010922331175256
6.010922331175256
6.010922331175256
6.010922331175256
6.145093335398725
6.081047356829897
6.010922331175256
6.010922331175256
5.738659355170926
6.010922331175256
6.075525669917259
6.035028707004292
6.010922331175256
6.010922331175256
5.985592637845059
6.010922331175256
6.010922331175256
5.933881012220899
6.010922331175256
6.010922331175256
6.010922331175256
