5.095850685358217
5.460865065867541
5.278121719370537
5.8370283555553675
5.278121719370537
5.278121719370537
5.33586447787342
5.283250090951547
4.884394954667146
5.4204521054873585
5.278121719370537
5.353905678245017
5.325001295653821
4.88410285231362
5.278121719370537
5.5644763672407205
5.827721850489065
5.278121719370537
4.526671121334809
5.278121719370537
5.278121719370537
5.278121719370537
5.278121719370537
5.420197437093194
5.278121719370537
4.273058131561488
6.452865043838088
5.340398779227902
5.278121719370537
5.278121719370537
5.718987361062875
5.348653759034913
5.278121719370537
5.0770534740681015
5.499944218641085
5.538834158908003
5.295817289801137
5.2675596271797485
5.008651595133699
5.742160835418925
5.466885943758207
5.083423027800035
5.2556081796009195
5.278121719370537
5.278121719370537
5.278121719370537
5.278121719370537
5.278121719370537
5.278121719370537
5.278121719370537
4.778972297559883
5.278121719370537
5.278121719370537
5.278121719370537
5.278121719370537
4.736689118587025
5.488504929453162
5.278121719370537
5.278121719370537
4.748667290228453
5.482198678051386
5.278121719370537
5.278121719370537
5.238919781168535
5.278121719370537
5.278121719370537
4.8737580917702505
5.116747957074799
5.278121719370537
5.278121719370537
5.278121719370537
4.730231112623683
5.1038435903944706
5.278121719370537
5.278121719370537
5.809120831232064
5.278121719370537
5.003765475247841
6.071376963205913
5.278121719370537
5.278121719370537
5.278121719370537
4.447879807369511
5.218371547788221
5.679441211809175
4.667490905165752
5.278121719370537
5.278121719370537
5.278121719370537
5.278121719370537
5.491322500395032
5.044508629667914
5.278121719370537
5.278121719370537
5.278121719370537
5.278121719370537
5.83118775002054
5.278121719370537
5.278121719370537
5.889944600489944
