5.610627735127739
5.610627735127739
6.346539449782965
5.941051255950487
5.610627735127739
5.253358444301668
6.049279837657238
5.43774853416944
5.88339491883781
5.610627735127739
5.610627735127739
5.610627735127739
5.610627735127739
5.610627735127739
6.326458991473153
6.2228407380919055
5.663565742687867
6.345245086535288
5.610627735127739
6.179954339844407
6.333092412910052
5.610627735127739
5.952229492875279
5.610627735127739
5.610627735127739
5.581880407715847
5.459305336596318
5.5489435404652845
5.713439053333923
6.424484772927002
5.551529805801939
5.610627735127739
5.610627735127739
5.296879023727534
5.3480696498325395
5.67299615654434
5.610627735127739
5.261159735917717
5.625988279614412
5.610627735127739
5.610627735127739
5.610627735127739
5.610627735127739
5.466118468163767
5.379391351319082
5.610627735127739
5.610627735127739
4.938070163075891
5.544893990453161
5.610627735127739
5.610627735127739
5.610627735127739
5.610627735127739
5.610627735127739
5.590888745311334
5.429084523017309
5.7992965447443705
5.610627735127739
5.610627735127739
5.886604266113181
5.610627735127739
5.610627735127739
5.577323813926569
5.610627735127739
5.610627735127739
5.610627735127739
5.452820389363145
5.610627735127739
5.610627735127739
5.610627735127739
5.851320587215929
5.9584449582908725
5.610627735127739
5.610627735127739
5.610627735127739
5.610627735127739
5.610627735127739
5.890746831262952
5.610627735127739
5.610627735127739
5.610627735127739
6.0748194035901335
5.610627735127739
5.516410725413768
5.740843792318578
6.283458524684219
5.610627735127739
5.610627735127739
5.610627735127739
5.73562402943333
5.610627735127739
5.369104137801265
5.610627735127739
5.610627735127739
5.610627735127739
6.3624099030040515
5.610627735127739
5.953308231956193
5.610627735127739
5.610627735127739
