6.767744611120646
5.634316347156796
5.858572236228385
6.560553488709269
6.662984192162844
5.659073473924559
5.3408269584594175
5.659073473924559
5.659073473924559
5.9268634199867325
5.628852721072347
5.659073473924559
5.092160991163124
5.542122335878073
5.626691395944892
5.659073473924559
5.188709347310127
5.861255851652167
5.932943411821036
5.659073473924559
6.019506884147891
5.635185730161767
5.659073473924559
5.659073473924559
5.507529026416869
5.659073473924559
6.163423688949479
5.659073473924559
5.784531392844665
5.659073473924559
5.659073473924559
5.659073473924559
6.724699420837121
6.504681043592932
6.266660391641668
5.659073473924559
5.834252879778105
5.659073473924559
5.562822207265047
5.659073473924559
5.659073473924559
5.659073473924559
5.318237854871315
5.659073473924559
6.297446086862168
6.150909979883187
6.011959698280012
5.570997954893134
5.659073473924559
5.659073473924559
5.659073473924559
5.659073473924559
5.094064662790238
6.073414516582788
5.473440024467207
5.659073473924559
5.26552318555748
5.659073473924559
5.225958878817771
5.971248104107433
5.659073473924559
5.0349616406695334
6.4466575949347416
5.910142948852395
5.582168238537308
5.659073473924559
5.472387162551044
5.553853326702708
5.9374695287494
5.659073473924559
5.659073473924559
5.43034140218296
5.701464534782359
5.3364753080438945
5.759895669852359
5.659073473924559
5.364952210830289
5.659073473924559
5.534470578539551
6.015800135387152
6.014664013477237
5.659073473924559
5.659073473924559
5.659073473924559
5.659073473924559
5.199860823974099
5.659073473924559
5.659073473924559
5.9767965803264556
5.659073473924559
5.307203035907296
5.22985400981604
5.613708980422342
5.659073473924559
5.662517399334574
5.886887516012704
5.331176102649987
5.659073473924559
6.018151168656801
5.659073473924559
