5.500931684732461
5.891237767442486
5.4721734803116915
5.300842596453503
5.39878556934358
5.39878556934358
5.39878556934358
5.39878556934358
5.7525935978589615
5.39878556934358
5.678764206641441
5.919842177099662
5.524508172129918
5.39878556934358
4.816326615982617
5.39878556934358
5.317424142684741
5.39878556934358
5.39878556934358
5.220441957644773
5.39878556934358
5.578306936545509
5.39878556934358
5.462403564038596
5.39878556934358
5.39878556934358
5.39878556934358
4.892894528628511
5.39878556934358
5.120183481501324
5.39878556934358
5.193234720304067
4.975394938121607
4.673649188883766
4.514385831507573
5.436871386165179
5.592789935286207
5.39878556934358
5.708462854089081
5.637131250092448
5.39878556934358
5.39878556934358
5.325397222247224
5.253335488806564
5.672604864309557
5.583415119089299
5.788108605942856
5.39878556934358
5.475198193839461
5.938866811861344
5.489940429758896
5.41661478096734
5.39878556934358
4.986802273243907
5.951055765215884
5.39878556934358
5.39878556934358
5.999274926616258
5.39878556934358
4.901318624630502
5.728423405090527
5.507133883526371
5.427086607496388
5.39878556934358
5.211724925299351
5.39878556934358
5.39878556934358
5.0779282218154425
5.39878556934358
5.449143106068197
5.810195929602482
5.752790375646681
5.39878556934358
5.39878556934358
5.611679955799639
5.39878556934358
5.40397638696775
5.39878556934358
5.39878556934358
5.39878556934358
5.521824103748135
5.39878556934358
5.3350825940409035
5.39878556934358
5.666918145250581
5.39878556934358
5.30151125024162
5.215007050982461
5.39878556934358
4.789998526535603
5.147257552345742
5.81536107212277
4.829578759539386
4.901174276368489
5.236086191970111
4.981446210905901
5.148659725487738
5.1885400662836645
5.39878556934358
5.39878556934358
