4.856604568235719
4.207436723039515
2.7895119449416357
4.113083642039911
3.3827599647166946
0.8342422460882903
4.466481642997184
4.331318646019609
3.150076710247366
3.0888428787470232
4.2058211887946335
2.982356028151489
3.682373489604588
4.045348700297611
2.5111350440133147
2.8266896509411295
3.608531950743966
4.519916496481505
2.676782451075789
4.0477962122007245
4.06283243136394
3.827427954796534
4.291314233156024
2.6788528859978307
4.25874355998901
3.9796050449220415
4.757727472069253
3.9382318164380523
3.6666356814122296
4.4479131233628335
4.915905528973305
3.5058072825200677
0.0
4.496358338090513
2.802239554088672
7.327942877121485
0.5859801119390258
4.614871724294776
4.120918386530558
3.6217883335402723
4.1091871629707
4.914278552911086
3.8899723404871622
4.317691405096388
1.720923188786644
5.093228324470313
4.172497427707397
2.8922785463319154
3.390141831021558
4.385386473942492
4.304303996724206
3.8910932954860145
4.097528286633807
3.4522011391598526
3.7335741689828774
3.9819644575160575
3.345858687906761
3.9752098351854572
4.085564833368691
3.471892849102979
4.044720387952912
3.572584526104425
4.091136528981651
4.777333711870438
2.478756007266437
5.77738714538223
4.049513864855035
3.6358845840776195
4.390367760956886
4.578228877363003
1.9816177127043608
4.582477364232044
3.474381862582791
4.033547832634354
4.177132494957675
3.764599877352401
2.8298492230978143
3.2718384103866036
4.033682580204036
4.415976650711217
3.949359338123067
2.8855342410113622
3.0738736526839956
2.758843772310047
3.3972620208800057
4.522957507090081
3.219008825054905
3.979651263500091
2.7915701510597266
2.8293101878732205
2.854348197501531
3.6055598585427364
2.7846237869902524
3.483030532997003
4.303642621029454
3.613530466322049
4.032216238610397
4.811976380373331
4.447790869643482
1.7549582759937614
