3.86227207456556
5.283500660339243
5.892200397615818
5.935284223316876
5.103249059419115
6.134497548958413
10.739686024821996
4.074496798749266
5.400313231410997
4.650674958795404
5.212734634190189
0.0
4.033179484856091
4.846497098579503
4.451725441015807
4.629696546269867
5.8498811253825345
6.456571307064039
4.076413233343489
3.5250784073006214
5.507097756003519
5.429463381149521
5.1193960162392
4.5710479254712775
5.723724107090678
4.986023174427747
4.814175087113108
4.1123160015775575
5.099558987512431
4.408734490324042
5.049812082337501
4.828685422044
4.1580576933408055
5.62203094243097
5.028327931237156
4.711864406936425
3.5603879387841726
4.544050907710575
5.435535920273077
4.854786814975707
5.074947418446885
3.8462165512020063
4.425888201100593
5.205009259692794
4.475249159260738
4.4724126793759496
4.720409046320757
4.979817690171626
4.991625004994133
4.848489931960809
4.957540070420615
4.395320340610267
4.245098666790184
5.5861414535586675
5.856937288070572
5.121526201477861
5.698607859391757
5.022654637638211
4.301719628851835
3.7827475280252107
5.39409688467863
4.842558977063464
6.9245279668030495
4.606352469621809
3.905289849278547
5.910205190210468
6.685597772585297
5.894308540406907
5.571044761786634
5.5940477973207265
4.3617122378581845
5.087519865623556
5.1814975593905155
4.845949032610772
5.516265689801674
5.952430897247515
4.79300923592173
5.611783232734365
5.5440267477355345
5.283324977808314
5.616776006060638
5.987013065368549
5.260096930876319
5.115716266998269
4.304378745445144
5.230344454466568
5.664767783786923
5.117394468875766
6.225817308222615
4.851839358151116
4.439811006874516
4.957146451539802
3.878846415191084
4.595321874629249
4.595621616096054
4.526648168409395
4.952935575044215
4.312686906636473
4.472694089642262
4.134925093827042
