3.4179347967484848
3.6075639571976565
2.643738785963728
2.760204220674588
3.4285411582944096
3.613959095024485
3.585096386732477
3.2356187291186354
2.740236437675476
4.2442661387607465
3.3162530704483006
2.698862188782193
2.212433307292663
2.6869055961702633
4.618876394259802
3.3350461776933495
4.270885660532294
2.9532338951814503
3.5938130122999494
3.8682377131137353
3.4905618816396955
2.9611625332307128
4.411805961207538
3.856078365279744
4.442023581914073
4.049975055153222
3.194464200071765
2.6785450466809793
2.6822340075557216
2.389437205618383
3.7907124664287544
3.9302280702558696
3.5023410287964545
4.066192206354016
3.2862295749978307
2.7877028123614487
2.7792271159084185
1.8798902453570334
2.292109613934316
1.7233280628786785
3.6933567654995954
4.568743691481605
2.681533239705084
3.1539274606557894
3.3894683333216777
2.731159911481902
3.2054236962393916
2.2542624401463365
4.930883337275426
4.063412715399202
3.8521420320787683
3.081539259458112
3.575348773840692
4.280054137136796
3.2291601323750716
2.7923641267697286
4.214257040865605
4.261359876605924
3.699573848913067
4.288029330739462
3.4308020596423234
3.7122728692929803
3.6879085819071333
2.946960522522529
3.9701934495653957
2.889866444748191
3.6184240188827763
3.6384292192221714
3.316773846764051
3.7465484413788195
3.1387385150099014
3.5101260582057745
2.593494455563463
3.122351373282244
2.9772225115448467
3.930775327221205
3.88897819817151
2.870404725095127
4.316315709377048
2.717264934492041
3.3374278486337605
4.113514189722586
4.033931253125631
4.171716259922184
6.700755822330322
0.0
2.8136574999136994
2.7846359712469675
2.9638440426934007
2.1722349451662244
2.4793928967016794
3.4348612024735545
3.0611066871143398
3.160647581294124
3.2832159400783203
3.369979927696592
1.8640633459691505
3.1774113598918876
3.9728611632959994
4.338498559704162
