5.757959231440259
5.2767863070966365
5.431485346489289
5.969871286451913
5.864914208380444
6.9058130607306465
5.5285868695487
4.503601129868415
3.495951806241449
4.28785895269436
4.394154370961244
3.3366521308129355
4.1802503614085085
3.1491840018651023
4.111145388657423
7.652349816197501
5.965347471110197
4.6198080269887
4.446648521415156
4.543089815328222
4.172097929339278
4.220972376821452
4.177832075961616
4.755239858445256
4.813247194094139
4.131554930821682
5.823033953627331
4.850812216437633
4.015271984206169
4.248563219041407
5.5091233214724715
5.457946961877437
5.388083492145142
5.254242750592857
5.085885766079921
5.745937865702329
4.6099410382870785
5.826892684339726
4.359024322014425
4.717500025762187
5.605537071563013
5.3254991648221095
3.344137976454116
4.150658696558233
5.6157668552828595
4.877326613232535
5.984743205401973
4.90648215130767
4.462377407787097
5.086097190389006
3.7597551180127446
4.896134208624881
4.679737989381236
4.934553773856246
4.785609331896447
4.958258594091591
3.8749284409505664
3.663906258189699
5.371172178814079
4.111861144399619
5.300779087866271
3.5793370379218485
4.849749156060987
5.2153591215976505
5.803839901825128
4.710152756544763
5.187136590268539
4.042433724689347
3.5532690819554507
4.5813167185425865
4.479604626566756
4.280177230600054
5.697262150908504
5.439553996290344
5.162554601443693
1.654276806924667
5.476610499526927
5.5688668763651386
4.653000759720577
5.154284450883797
4.944435573148662
5.258628055048278
0.0
4.490338540134049
5.359809775952472
4.643872872421426
3.666643890987708
4.922840011492048
4.048393616120487
4.652448916740121
2.8085398080370165
3.3786697342792054
3.88283650152147
3.2212620866369486
6.4521758136531195
6.085794559552878
6.421325926124163
6.047068057348932
5.4491088260715514
5.4318250694010795
