5.079994863967901
5.251725272401851
6.728894422190615
5.254991823431246
5.016920433120392
5.048535959763102
5.135596423602296
5.237630807545205
4.298367630469121
4.125945896162172
4.742827389912367
5.013886056717062
4.281140573958375
5.646314503798817
6.500658881395092
4.830155301805185
5.2966512576830125
5.135596423602296
4.329911587356127
5.117556858900589
5.744425461874718
5.135596423602296
5.135596423602296
4.936234399611492
5.135596423602296
5.324468026353489
5.135596423602296
5.135596423602296
5.135596423602296
5.135596423602296
5.729985676661146
5.135596423602296
4.156914487757282
5.312674225489327
5.663756003792165
5.2975563444108875
5.135596423602296
4.918331202817878
5.340569011699614
5.736627785580948
5.135596423602296
4.94082324066188
5.296270773047774
5.135596423602296
5.135596423602296
5.135596423602296
4.917478832873394
5.135596423602296
5.163719303322241
5.505601321476552
5.109439906016769
4.204515946805106
4.402641869114245
5.1785816072141015
4.762508976619329
5.404542602692007
5.135596423602296
5.1670977997491985
5.135596423602296
6.420376411401508
5.518921496969133
5.135596423602296
5.135596423602296
5.18575868358505
5.0422152427863285
4.586946781835151
5.135596423602296
5.463809573922775
5.135596423602296
5.541702189510042
5.135596423602296
5.135596423602296
5.231242131350529
5.571543059235037
5.135596423602296
5.135596423602296
5.135596423602296
5.160523133168482
5.361876102793504
5.135596423602296
5.135596423602296
5.135596423602296
5.135596423602296
5.011208982863814
5.460933627017031
5.135596423602296
4.545980955629014
5.135596423602296
5.135596423602296
5.5967396439499835
4.61208330600498
5.135596423602296
5.135596423602296
5.135596423602296
5.595974254522
3.988007540025005
5.135596423602296
5.742679602682696
5.479120506778168
5.280683420095152
