3.0121556110585734
3.322829308888898
2.2379596002738165
2.3544250349846765
3.0227619726044983
3.2081799093345738
3.179317201042566
2.829839543428724
3.8808394900933587
3.8384869530708348
2.454461530085289
2.2930830030922817
1.8066541216027516
2.281126410480352
4.2130972085698914
2.929266992003438
2.2685033857296095
2.547454709491539
3.6536976772333407
3.5551935493475626
3.084782695949784
2.5553833475408014
4.006026775517626
3.4502991795898326
4.036244396224162
3.644195869463311
2.7886850143818536
2.272765860991068
2.2764548218658103
1.9836580199284715
3.384933280738843
3.5244488845659583
3.724185818831331
3.6604130206641043
2.8804503893079194
2.3819236266715373
2.373447930218507
2.078735484098102
1.8863304282444044
3.206453822692383
3.4321701671690867
3.68632208535439
2.2591000092473688
2.748148274965878
2.9836891476317664
1.9725720975101637
2.7996445105494803
2.1327463355164182
3.4844793905473814
3.6576335297092903
3.446362846388857
2.675760073768201
3.1695695881507806
3.2462802551379952
2.8233809466851603
3.818286439291522
3.3031607677898354
3.855580690916013
3.2442482980680722
2.6639697348613227
3.025022873952412
3.306493683603069
3.282129396217222
2.5411813368326177
3.5644142638754843
2.48408725905828
3.212644833192865
3.23265003353226
2.9109946610741395
3.340769255688908
2.73295932931999
3.104346872515863
2.187715269873552
2.7165721875923325
2.5714433258549354
3.5249961415312936
3.483199012481599
2.4646255394052154
6.050892301526481
2.31148574880213
2.931648662943849
2.3751915951907776
1.5542083527270445
2.170779918860173
9.209866575989869
0.0
2.407878314223788
2.378856785557056
2.5580648570034894
3.0652306417595048
2.6829963850779377
2.1835538874376805
2.6553275014244284
2.9934083464066643
2.877436754388409
2.9642007420066805
1.4582841602792391
2.7716321742019763
3.567081977606088
3.93271937401425
