3.006526180327146
3.2792881521119916
4.616449404462925
2.239746143644908
0.0
5.310311998669929
1.9854140491506573
6.7762318712036285
0.36696173300974877
1.4078862878501912
3.701756323177559
6.386922925798188
5.2741090063864355
4.6244013725621755
4.124689436494421
4.849524193232982
2.4558689145245367
3.8977895907759104
2.9650588700500125
4.937666552567792
5.151453612377063
5.615735639026785
5.665618391739801
1.2924769478897296
3.3807028511848114
3.9244953864183083
3.9605043747922437
4.733097065459296
3.3477029794707773
3.743835716963626
4.403341227752227
3.293436939867533
2.9146959784311273
4.9506049773363925
3.186930214226422
4.490127846388386
5.626098087360878
5.344806181123889
6.628238042322826
2.902908525832334
3.6236723961046753
3.120526809230668
5.979542005595108
5.30008364078226
0.45847960476945193
3.9936838026550006
4.560380809078254
6.090190058099254
2.5792999178166576
4.366696144955958
4.8573693514273995
6.065684068847826
7.133778757992824
5.134965899334399
3.0762370261502
4.242276709770857
4.414680265592098
3.6689134831057317
5.550729784645373
4.5896674459410995
3.0028204051236997
3.893203268937488
0.3989081497597944
3.8319787491537696
2.3400190727097248
2.210535004110512
4.782427592716626
5.258733472851731
4.113770754171995
3.8359404606680365
4.499346372300433
3.6888878420441067
3.8894577916606132
4.001234580110973
4.563452667074484
3.5399728736609117
3.1080204893787675
3.062148908062145
4.507782895339111
4.336948452655494
3.2633476137728072
3.925906246210892
4.73417766603695
6.224738039449797
4.3850295452738575
4.916968254600959
3.7822513423279926
5.19416135791432
3.411841286645197
3.9525925162223747
5.566977413493314
3.681065499977752
3.489910189428249
3.168575515290635
3.2397622393476
4.147902795919402
3.0698817254002306
5.324713216404136
2.0146422097272865
3.442635681360786
