5.721894909508059
5.721894909508059
6.336056495924797
5.918910174359016
5.721894909508059
5.920429094716594
5.589860335778661
5.460058685962592
5.721894909508059
5.197128102342643
5.799578291946498
5.721894909508059
5.962485318842003
5.721894909508059
5.585684890278055
5.721894909508059
5.721894909508059
5.946558770188304
6.259895959836511
5.828801675522733
5.721894909508059
5.721894909508059
5.721894909508059
6.215960380884747
5.721894909508059
5.793256024140664
5.625294191260543
5.91723850848458
5.721894909508059
5.732880852266431
5.721894909508059
5.824743564241407
5.721894909508059
5.688157566810347
5.92049120036927
6.4297297570847975
6.230967900756838
6.565446359395558
5.815180051825505
5.721894909508059
5.721894909508059
5.721894909508059
5.721894909508059
5.372111898757337
5.721894909508059
5.836513223534043
5.344022896249982
5.844132934464675
5.721894909508059
5.831023221187295
5.721894909508059
5.721894909508059
5.721894909508059
5.721894909508059
5.375477119873587
5.721894909508059
5.2918284583653605
5.721894909508059
5.721894909508059
5.721894909508059
6.111356289671275
5.721894909508059
5.721894909508059
5.721894909508059
5.750178893263919
6.331025555861887
6.43930813143926
5.721894909508059
5.546551886718143
5.721894909508059
5.721894909508059
5.721894909508059
5.721894909508059
5.428779474199199
5.450101950469467
5.721894909508059
5.608417875200004
5.213924694846135
5.583544594688911
5.247400313145233
5.394304810716177
5.534878143847486
5.861019013690003
5.721894909508059
5.721894909508059
5.721894909508059
5.6647583430697726
5.721894909508059
5.160604511836532
5.833778031955764
5.469192571469421
5.721894909508059
5.721894909508059
5.305123847547887
5.721894909508059
5.9582265139877215
5.721894909508059
5.721894909508059
5.753242376149759
5.721894909508059
