4.452888333183731
4.825904871582783
4.195884737136035
3.8879526262511366
3.9495778942753854
5.581023813565604
3.835759954591191
3.9840366866613426
0.0
6.096577391528879
5.969684327206208
4.998139042895382
4.176871172866248
4.9868549733661585
4.395388907442333
10.596581982517137
4.864653762525995
4.370174864926796
4.890243012366683
5.806030895105662
5.485854363151167
4.325042273013716
6.265760678649986
3.414732769547518
3.423668486136007
2.674499178486926
2.841466274281915
5.557519242657737
2.6374851917144246
6.419499199593886
4.926366121636395
4.73185417200669
3.330297416637386
4.443174260690288
8.25363209080404
5.148172685155533
4.968695310862932
2.980800345776076
3.8795381204217145
4.119895997493028
5.233596227583929
5.05254555467257
5.4247296655494095
6.099773304634518
5.086325532889957
5.656017097070985
4.3975956797378775
4.433482036787474
5.593406656821774
5.775484017674669
3.140544059528134
2.373065424905137
4.392945872964909
6.805415581762044
5.605281845366158
5.619781648591009
5.470991771949173
4.791808564125352
4.774832433951557
3.8636480436242278
3.142594812977481
5.240769269006728
5.253712067777743
5.301488827697463
3.811242038553217
5.005128249537664
5.70242578836347
2.4580262949422975
4.457807506573369
4.302114284254203
6.260200825346237
5.382399089372442
3.7839003475949626
4.111522004532046
5.6822302129251545
6.937972289014416
4.700060391372995
6.608964624621615
5.832029122139141
4.715150253945758
3.056606648361987
2.3461738891411463
4.616804252340772
4.174772976874184
4.875803284501836
5.6298402234577924
4.201725933830525
4.992159191002916
6.145918955712437
5.166172318875902
4.925360359762751
5.696359016134172
4.654262252963171
4.621191691751128
5.595568135799228
5.679189936020789
4.72418364850394
4.517386639516692
7.0360665418354
3.5038133833019147
