6.842828501707791
6.180825668808449
7.684131735366993
5.79439312863968
6.248076381959196
5.375341700528068
6.26201496129704
6.576109878723417
8.202509680391282
5.87463096266648
6.167441961656949
5.363802367003391
5.969195772273325
5.335448478383624
5.060525684923526
6.416397653582056
5.671501985100117
4.937801882040874
5.7175733434513765
5.059074419856991
4.196542865090976
6.689855194372138
4.9763013936256
5.297212145330412
5.366934396941018
5.332677367451285
6.0284972645799915
0.0
6.761709978046919
5.217046068606345
5.745805397022758
6.3528412820018865
5.19215174666804
6.414582550404937
5.344017516610451
2.7895759129469213
3.5948701620010994
6.062130383487666
7.035300090195496
5.601193674203079
7.432838405379435
5.873464548210913
3.869594494773017
8.101786875848802
7.4930928200956615
5.723111156919012
6.411381989765374
4.912018192899273
4.6026293635883295
8.483048435676324
5.187067361737662
4.539355578535281
10.038930557206283
4.6543539810879935
5.7926390423237475
4.9577845230664135
4.526730390981402
5.070188931958955
4.805782903159558
5.2414892063182705
9.165787835806777
6.642485268797267
6.137670172058696
0.6478281931047691
8.0191102351409
7.858798656615122
6.132593632383857
5.996970899110783
5.642029981886655
6.132904314353681
5.036962758670821
5.267265708202459
5.325889065537906
5.668554588809776
4.55900620229127
4.486008478451713
5.58526147012186
5.717331805673077
4.284092315302658
5.964978581735173
5.160522284188195
5.634466204911201
5.527986760829214
4.804044314461734
6.126088157623512
6.013468449235941
5.825018406609095
7.0191646290047744
5.719515002953491
5.659340928335059
5.504782784563497
6.0984937152571455
5.758354191931131
8.557461338757118
5.135685047641609
5.559256740505189
4.828312339598811
5.636322554421153
6.330414314876787
7.1858747895329165
