4.31609840816352
5.309019445071479
3.9104852782745647
5.243683301329295
4.666370229038565
3.9682238520750106
2.78398001985659
4.093771856111223
4.455763878131234
4.280124162714527
6.174936484913186
4.298765956440785
3.236830548565367
3.4135373997948575
4.509596398513812
4.110128010382288
4.488256321700513
5.235336036160102
4.290032529748396
3.9263883710536494
3.801915592273252
5.079771465746693
4.281133003439171
2.7532095592887176
5.726355278645948
5.147121282432156
3.232724300246695
3.721792129118131
3.0911965760388886
3.492855401928266
3.979452985686912
4.33381690584989
7.045436966203107
0.0
3.9179716395143798
3.7425814611466315
4.033815425848303
4.193380565583219
4.572120745359738
4.489825602906531
3.5245122944560663
2.92905078640007
5.8693806175992
3.6249506538532192
3.278910592550135
4.0207764280356395
2.910718542319579
3.1219782034898205
3.840166186768216
3.2905905842700434
1.0834428911889726
2.371084887038025
3.300282322046207
4.40043674849222
3.1380495025862287
4.238626997885017
4.066287074978193
4.194734024321272
3.7965519070628324
3.4284567678440454
1.6326530518543985
4.490200346495497
4.859749988201708
4.541313146167212
3.1969469323469055
3.1667962178798508
3.264066392058803
4.250474454082075
4.984604441726521
3.8012592865770545
3.35653185495017
3.6000459369563247
2.4517167895585903
3.9947099564697828
4.966220841569806
4.2437982426662995
3.6476723814731122
4.702729776103348
5.429756658578633
4.571293624916861
3.9990921228840643
3.127543281082213
4.00654856603804
4.730079789652049
3.6751353601291945
3.3756671348403766
3.6501766669223596
3.0552510990130557
5.138681726018859
5.33813564420694
5.541291462704537
4.61282827224178
3.0327424918550543
1.3501546699661797
4.301115315603566
4.449933331937694
4.01844405239758
3.7440538588305055
4.589818491364035
4.634178828764034
