4.16588376113893
1.7826167342926662
1.163634539666911
0.8592983598263313
3.5593253009930486
3.165813723594445
0.426512965922351
2.21309349833274
3.192436896559279
2.9924798542147686
3.8891373649876257
3.4401392875112844
2.725630151439763
2.688192070862461
2.1715284048602057
2.7192278145753375
1.84147572098219
2.6866578205499763
2.2663567579043233
2.309113149484545
1.3347401781747528
1.415917028550191
2.9753908125889508
1.8844222342088965
0.043324472228566835
0.0
1.1899593839640108
1.5472201369848493
1.2985304293266116
1.5220952127503806
1.621997688795245
1.3753939698950268
1.0138367806487198
2.3699194824637964
2.0191663102751454
2.7258020285076583
1.048260082112391
1.8946726253403283
2.634637479014467
2.624285838022661
2.2143648229901305
1.844794121972172
2.6302939662571605
1.2909075818540712
0.9059218324778542
1.318872854566067
1.9133537930930635
1.5592243787273365
1.1485894339052463
2.2756259300701798
2.895167436178715
2.44480086157286
2.8375331865214006
2.7510823244461795
2.5434339987476196
1.1948071491838754
1.7459474128001236
1.087357360460564
2.080786033570313
1.6355447478285616
2.282177508332852
1.4966018580839449
3.167965076263507
2.692383209427924
1.1815537180005309
0.8199550608866333
1.0403942615170942
2.2538256386575704
1.6461952376793412
1.6788430662132101
2.370478126884708
0.880467917823903
2.730599795719857
1.2661674555930689
1.4124906912778874
1.257892555345348
1.430065970988882
2.712859689258973
1.9289797491043639
2.504310390820079
2.153694395575745
1.7341382829998242
2.7301834409611736
2.5528835784463695
2.751301895125309
3.755227949758008
2.928819342628209
1.4056345671375867
1.5119302265968706
2.1900120726664007
2.816158527106305
2.1552960511450845
3.42527312702546
2.3867138986358
3.949020298231577
2.269303058905346
2.4057112298853354
2.796625356292683
2.427731139427991
2.5797473918539757
