6.11874099061568
6.122032853357044
6.646698670431464
7.136104613762651
6.4429547267909335
5.905682410300281
6.595110351513885
6.6547371013746766
6.876564036027528
5.983690044423149
5.663845127765179
6.500248526261381
6.981539690624642
6.583022666645485
7.020453225859477
7.2376534088645155
7.327048057634064
7.9300122311986945
6.387688829917023
6.167056049322676
6.281160279443733
4.7237494065468795
6.869076112951412
7.640896883617499
6.420643474925759
6.663603384711023
6.4596973226465915
6.003547589492416
6.080622189522115
5.933677997087361
5.936692483397662
4.957288398023572
6.5011472174091995
5.706027537803984
5.2329748425258344
6.5087142333565255
7.011255858381617
8.363396352897576
7.120350856666448
6.128887077480917
5.818012365829698
6.067812104543556
6.269824240304649
6.500167421085923
6.702657257210693
5.786441014361735
5.722490149309167
6.935162728585903
7.322319500382504
6.51776716608681
6.911209979961382
7.909535935148115
7.240600923769503
7.932713022689338
7.092608627596698
6.662868764741818
7.775206665754327
6.379018860728806
5.010063644245801
6.555812188740052
6.199046037192192
5.2575906533567895
6.732766778069131
6.191733718834034
5.799693692084082
7.050516390185634
7.396630550166523
6.164372600741893
7.597272495581087
6.514807298826211
6.66086305834865
6.533523460344405
6.4188907043354835
5.8963731217609485
6.408808621840153
6.668787202192727
6.283185307179586
7.092734241874155
6.861636635650456
6.510824258331252
6.036449315869529
6.855806267592238
6.855614791965545
6.010552547233887
6.459939228348059
6.202819740534743
6.84768934474459
7.638323492755403
7.3522221683361755
7.172923779903454
6.180559550772384
6.1903981952180125
6.843294086274264
6.618138419944696
6.584953704417416
7.525402511505524
6.278705019870646
6.467117982599162
6.8935860695261635
6.16336912009804
