0.0
6.3476086329092585
5.730201769167159
8.21323053238326
4.960703076475645
5.579601056872839
4.969216449333958
5.02516846889233
3.2679195635978338
4.652290593710006
4.438961410734674
5.066422371675057
5.096956461885221
4.549639989530817
2.213622043236776
4.2979777909872405
3.58990725934961
3.1316133503846455
5.7755968018966
5.838426858792774
3.214112497086088
4.4591172658568405
5.205858124437202
4.245983064639097
4.160258070406469
3.8966012172705624
1.5667243147395569
3.1694856692195645
3.7062510299933615
4.200447948580417
2.6633796366472615
4.580414350811452
3.9113146584844127
3.7127443497843444
4.262164956184832
4.066144957919818
3.5696240503802366
5.198756627317513
5.318049266264563
3.931612058699331
4.73889481390195
5.1894776655122925
4.02510973030747
2.303457489621724
3.3017699732182297
3.6964550772430442
3.3989385656265036
6.8396502020139724
5.836862526259701
4.25671596739635
5.3680186519664
3.993066467907223
4.723869163513908
3.280847908423632
4.52377326386417
3.8613764756049704
6.0862078031914235
4.8650135327904485
4.0808572755062755
3.8307523950264892
4.056135506367511
4.950861385623615
5.194794803127887
4.446605998572856
4.774842891726573
3.0007812748913905
3.562841105511083
5.370538422055858
3.670654526364328
3.6076758917503016
4.907187310879676
4.693276416823391
2.5011347200537615
5.724725896097226
3.6296119506480995
4.236463620158657
3.883332386865852
4.098925899513195
6.128424159122405
5.190417717098042
9.136521554409502
4.3506666231442805
3.6680747411642867
4.773237625626734
4.514905026480136
4.212832048075313
3.5861761697657863
3.7727062429371436
3.7356748565859177
4.210856777945044
4.223524325117819
5.2224886607011936
4.613383124463749
4.0289043588576705
7.990195132744924
3.5507509206892642
1.9065330475875153
6.339624909254311
4.188948328497276
6.997407084801387
