5.991017781367395
5.858200891297181
5.942777742048676
5.858200891297181
5.858200891297181
5.767042864888629
5.858200891297181
5.858200891297181
5.794232917828664
5.873351285327516
6.076158855670096
5.858200891297181
5.9341868094258885
5.858200891297181
5.858200891297181
5.858200891297181
5.8025732828423
5.862927372065855
5.968761595668788
5.858200891297181
5.858200891297181
5.7483464973149045
5.858200891297181
5.950368567639305
5.858200891297181
5.858200891297181
5.971011521691597
5.859339361451536
5.858200891297181
5.858200891297181
5.816189073734913
5.797787981239347
5.858200891297181
5.858200891297181
6.146376816314989
5.858200891297181
5.945181159959457
5.858200891297181
5.809472062079676
5.852304751750395
5.858200891297181
5.858200891297181
5.804521156417594
5.609754184006347
5.748941586955295
5.433216475414776
5.858200891297181
5.954101439183791
5.753275481105634
5.858200891297181
5.564520643772422
5.858200891297181
5.8840194858888655
5.800119476678685
5.76163603307025
5.858200891297181
5.793993789428326
5.785165932030186
6.036405026343939
5.858200891297181
5.8438943495157885
5.940468928349539
5.858200891297181
5.962074149624751
5.858200891297181
5.858200891297181
5.858200891297181
5.787613954348889
5.858200891297181
5.904862817266832
5.849172255040681
5.858200891297181
5.858200891297181
5.858200891297181
5.940629645565627
5.811913268449986
5.846919823439455
6.103881811686503
5.737968297782724
5.858200891297181
5.828270303828386
5.5645094010438925
5.698633656259604
5.896642031858869
5.593502628436296
5.608864640208771
5.7980316808684496
5.858200891297181
5.858200891297181
5.858200891297181
6.050631151564289
5.858200891297181
5.850546304515493
6.033866613259937
6.003900052119512
5.906316706524372
5.794203567698872
5.858200891297181
5.898252841725744
6.117883797845847
