5.106214042729572
4.852144508135208
4.852144508135208
4.852144508135208
5.208408036464409
4.852144508135208
4.852144508135208
4.852144508135208
4.646385696586911
4.852144508135208
5.153028054249978
4.231565229866572
4.852144508135208
5.355245681865707
4.852144508135208
5.181319509506588
4.852144508135208
4.532326728337299
5.150350668282697
4.852144508135208
4.852144508135208
4.79427397057545
4.8820076117217415
4.311342046293146
4.772934103872005
4.852144508135208
4.813829347702135
4.852144508135208
4.852144508135208
4.222092085905748
3.53000935212426
4.773655982483157
4.349413602223327
4.852144508135208
4.807481640047973
5.145754499434641
4.852144508135208
4.852144508135208
4.852144508135208
5.194719814926074
4.412575826133217
4.852144508135208
4.694717823643746
5.435512384145934
4.852144508135208
4.087265205042586
4.852144508135208
4.852144508135208
5.116139288769762
4.852144508135208
5.5838177291616455
4.852144508135208
4.852144508135208
4.852144508135208
4.852144508135208
5.687594395106587
4.852144508135208
4.852144508135208
4.852144508135208
5.133188153143087
4.852144508135208
3.421103709090829
5.453735448431234
4.767694444899242
4.852144508135208
4.852144508135208
4.852144508135208
4.852144508135208
4.844730064242098
4.538576803679092
5.513082073243769
4.70806832513391
4.852144508135208
4.852144508135208
4.30222421634768
4.839355446335839
4.852144508135208
4.852144508135208
4.852144508135208
4.924393772970346
4.852144508135208
5.279358540944514
5.136256324906137
4.852144508135208
4.67316518620162
4.852144508135208
4.852144508135208
4.852144508135208
5.473359947862097
5.279504256768543
4.852144508135208
4.528995500075949
4.727638044859471
4.852144508135208
4.852144508135208
4.852144508135208
4.852144508135208
4.852144508135208
5.265454783274059
5.519851402534941
