4.843066342087988
4.543710890738575
4.948986889466457
3.4218553345113145
3.392629406241582
3.4542706422510436
3.5010517574583995
3.821947794716282
6.179636032643396
4.794690768698139
4.927899933448295
3.529496384545907
3.362817446875802
4.280155296300263
3.48153439910087
4.710799826258048
4.324257789943442
4.90548894615015
3.2115170476357777
3.244707281811045
3.9282026963938175
4.541727612237553
3.3905929537432313
3.6013361858620265
4.685335932458846
4.260216587032477
4.104630617460244
4.559770712428
3.3615991732906596
3.3204836113750815
1.4605933681246879
5.59867989909298
0.0
6.225372598783695
4.623320148784931
3.3395017341282105
4.261596791121144
3.3081601545556314
2.292189833903862
4.473795128663477
4.827193664461194
4.299789941191521
4.882334487069113
4.166529453062094
4.833766826882347
5.926620400151341
4.1661351885330475
2.481687482671801
2.071888811212942
4.096409709731151
3.2425347361459744
2.8466093594418442
3.2930844548886915
3.2522861574460626
3.45386912118485
2.2956018781143355
3.2869768181803236
3.798696870548933
4.13297060813734
4.2076978324310215
3.6499026269968624
3.657891434911177
3.0304923473852448
3.630406954093307
2.96958496007705
3.1450198867358234
3.8131094480409273
3.238933393158705
4.141131846563187
3.6582720358277525
3.73466464004203
3.303902928676641
3.5430607888113093
4.967792835383522
4.640513972313949
3.349569431840077
3.845994968249607
3.5148790060925577
4.658770496534255
5.127487071805313
4.0198824802977935
4.350426266895674
4.017654420972574
3.876442964914982
3.342707240635456
4.6826628069887715
4.624452276547659
4.131993696945794
3.4074524735269405
2.90513378309243
3.1560877342769618
4.220952842080069
4.056111442084048
3.279293902204506
4.4736983741691745
4.500147011561058
3.831982129657864
4.506819626439228
3.9885108413476607
3.3963543523507664
