5.330759254305401
5.968646284369644
5.4162503626557434
5.330759254305401
4.810450984760777
5.330759254305401
4.756994878732205
4.860485151442185
5.330759254305401
5.922419108437781
4.709589835940752
4.664651651237268
5.261058732838135
5.330759254305401
5.330759254305401
5.330759254305401
5.330759254305401
5.124568837528615
5.459308354616925
5.363529534117914
5.330759254305401
5.266131060096944
5.330759254305401
5.330759254305401
5.330759254305401
5.363034010948498
5.330759254305401
5.330759254305401
6.383045599538112
5.668560065378287
6.113587597964411
5.451007440900835
5.330759254305401
5.851155258351324
5.280605226864185
5.330759254305401
5.330759254305401
5.009684661246963
5.120101834058934
4.817720168517334
5.006629781746074
4.782056381511216
5.951334359999428
5.54538460876895
5.263887299249568
4.95030755632098
5.552726878235898
5.330759254305401
6.497940068603188
5.633827650338121
5.289725165780782
5.1499664205866065
5.600938307604436
5.330759254305401
5.330759254305401
5.358181964300789
5.330759254305401
5.225229502726233
5.031526822938915
5.031134494590734
5.330759254305401
5.659199616820893
5.941483067258853
4.905572468104639
5.330759254305401
5.712900089034919
5.22719128934703
5.529212728217941
4.905487817904303
4.848584012021343
4.861651439026679
5.330759254305401
5.330759254305401
5.330759254305401
6.590628604448556
5.803856963366535
6.119133851891131
5.330759254305401
5.329447697656447
5.491980510629121
5.581546084615985
4.378333201431216
5.512033786906404
6.907531485553226
6.091871319126952
5.882425598577278
5.43178808893209
5.330759254305401
5.330759254305401
5.330759254305401
5.266327649428735
5.401662869508626
5.330759254305401
5.015165572196708
4.740237042273412
5.330759254305401
5.330759254305401
5.95895361973777
6.752534742586014
5.330759254305401
