3.839528933026853
7.899425606492663
1.7211910338159213
2.320843175693326
2.909067416821414
4.498192931188361
3.867688754149918
3.7955712368305123
5.5316265347683595
4.80512627386059
2.1045917182829554
2.7647992051033308
2.654637077719089
3.18430985616539
2.2947111081000884
4.590650102642355
3.6472392022182807
4.32176735604684
4.619060975262513
4.088468208299133
3.363000016936173
2.8093040807437455
4.962043699066441
3.5442990416266826
3.986117104375997
4.75881221560717
4.12802661499461
4.832207051192658
6.279488946918658
3.1794998659672786
3.3888569210856216
3.1397583535630873
4.581479835229086
3.9479716227330828
4.545398808558016
6.785596461843609
3.8354123175558437
3.406213788596305
2.9489020805375357
3.169500768750096
2.951183640556623
2.93660294133685
5.637537861367937
3.0646948234882943
1.458657403762607
6.745047957582916
2.802777450789443
3.6456938736205604
5.454440197240036
1.4155470776809786
3.6179271564110485
4.357837959744543
3.0621366657380005
4.4950657582121325
3.779430682543398
2.7428302290393898
3.871974163379831
3.7096597969565126
4.618992165966954
3.842672627882736
3.6118172382141216
0.09568614038330292
3.2252424250364555
4.095338716468988
3.0420157052305945
3.5162551670913325
0.0
4.003255184030791
4.371764358659666
4.45582019173169
5.792930717571991
5.146220596378816
2.9403534529468445
2.1322188499491763
3.242960446343974
4.931649951912804
4.508795358093558
8.398014880220327
6.113025242641107
3.6233065230147505
4.662868613715326
7.822516295451203
5.7232831737687455
3.9315914808895456
5.266464713248062
2.6288419058558907
3.031947613677771
3.6267800189095203
4.5919920528914036
4.310544069638537
4.365798749664194
3.191843119481199
3.852656143727559
4.872195946277329
3.984606018745738
2.7736146243918114
1.6173087288698218
3.677341109137635
3.4445161703548375
3.226585496585952
