4.922706505138484
4.922706505138484
4.59555433876231
4.569264214968122
4.922706505138484
4.922706505138484
5.6096861518214425
4.922706505138484
4.922706505138484
4.922706505138484
4.6902336298921
4.922706505138484
4.922706505138484
4.922706505138484
4.055039852946575
5.129054886744905
5.267679586141399
4.321193023207459
4.738475567285693
4.922706505138484
5.891509854499491
5.85917068324125
5.076409162914294
5.201993467742679
5.151777910853349
5.02077939222409
3.562227703097381
3.9900439022926912
4.922706505138484
4.922706505138484
4.5919172518598215
5.239159937445993
4.922706505138484
4.922706505138484
4.788111048517894
4.185062562726263
4.922706505138484
4.7889440105218455
4.922706505138484
4.040446579245002
4.232036955264439
4.922706505138484
5.06042838532695
5.4838501894313065
4.918868709528414
5.53723414245037
5.348302176863538
4.922706505138484
5.956981038602699
5.164356777224927
4.259628470246661
5.039622433410809
4.922706505138484
4.922706505138484
4.23615782069761
4.613314446226273
4.704469210675283
5.725136205864669
4.919403268296278
4.8971994394550835
3.878448522397199
5.337501528963509
4.922706505138484
5.2294315780376825
4.763895944939788
4.922706505138484
4.922706505138484
4.9250376877401045
4.922706505138484
4.624685634834046
4.922706505138484
4.922706505138484
4.922706505138484
4.922706505138484
4.922706505138484
5.288160743852706
4.922706505138484
5.076540760618179
4.922706505138484
4.311448614028362
4.655849363382764
4.810269568298916
4.922706505138484
5.379069834944966
4.922706505138484
5.782282210609748
4.922706505138484
4.599225642209823
5.4453417066676435
4.966339948548253
4.922706505138484
4.702263207518834
4.836326960193443
5.293164556942185
4.884934474898144
4.736675212429761
4.580432308780762
4.922706505138484
4.542453285118332
4.907009576648792
