5.215474170852945
3.105948707899116
3.66070619229608
4.184724270100521
1.5544207479442123
4.746289975013012
4.65914569219194
3.3297071653621186
3.4179812050629406
4.498157198638839
4.065542210784382
4.141161272520931
3.213713336051523
3.8361088775386643
5.413451760912963
2.728050958258171
3.9387265652786776
3.3226552001605145
3.8361476015396128
4.774323234629483
4.121673464588957
3.1851815391516625
5.079157248159907
4.720348133458355
4.994066658035743
4.468483749009641
3.4602450148985424
3.6433314286326146
4.25436165820018
5.015365598535902
3.967532596011962
3.851114022759222
3.3262140301145706
4.998779405226264
5.623930940575088
4.369253918771902
3.631375907113167
3.3529329177821476
5.061029114239242
4.637653597452472
4.661813930480485
3.760102149365528
3.823492265293585
2.4724258092080094
4.550225390290336
5.053343596588371
3.3792914727575147
4.197183439755687
0.0
5.650221474039571
4.674130617036434
4.93438271809534
4.894149429581006
4.064538545332379
4.683400890427426
4.244403010412137
5.761823250176826
5.167169175804151
5.700693130954245
3.255946179302861
4.315168524088496
5.742289929727594
4.6940121952364855
3.748415611081413
3.7887672473468057
5.683839978679357
5.126042538157253
4.324781747419926
3.714648801288092
4.76298408254395
4.675226757064857
3.3841779016961597
3.66603950040911
4.0899804735375405
4.727910591287351
3.448458759912568
4.6015014874262175
4.781327368364808
3.0853524517627458
4.941601780131311
3.296236054491377
3.7916705382253983
4.085060901782118
4.127413248874338
4.0770136826799135
4.009359299920706
4.050176596890289
4.7043296346869745
3.633528837974412
3.889861558264428
3.976615956500284
4.29048334847327
3.834072409776514
4.0164379778436885
4.314844148509921
4.031616700651931
5.034632512554541
3.396459480277888
3.9673876896363365
3.0642829422212796
