5.765867806776447
5.730590320625628
5.88248720194403
5.8731233581855555
6.035680465141191
6.027065065235959
5.8731233581855555
5.736844589415816
6.069912933779929
5.8731233581855555
6.033720788496483
5.867666462772874
6.098473676866208
5.8731233581855555
5.8731233581855555
5.8731233581855555
5.916769699692393
5.8731233581855555
5.8731233581855555
5.847000625359293
5.947316359611246
5.8731233581855555
5.8731233581855555
5.649002003985748
5.8731233581855555
5.768221953441877
5.8731233581855555
5.8731233581855555
6.0516917793974425
6.288305212056773
5.8731233581855555
5.8731233581855555
5.8731233581855555
5.605723306613102
5.8731233581855555
5.8731233581855555
6.256368021904375
6.309293245066382
5.8731233581855555
5.8731233581855555
5.8731233581855555
5.479415837161973
5.8731233581855555
5.8731233581855555
5.8731233581855555
5.81209569997846
5.8731233581855555
5.8731233581855555
5.8731233581855555
5.8731233581855555
5.7626502307456775
5.8731233581855555
5.8731233581855555
5.8731233581855555
5.8731233581855555
5.714260822103789
5.77635169450762
5.719119063163015
5.603017936454419
5.8731233581855555
5.8731233581855555
5.909067495158752
5.8731233581855555
5.799403027483063
5.808565918280673
5.8731233581855555
5.8731233581855555
5.8731233581855555
5.8731233581855555
5.8731233581855555
5.8731233581855555
5.8731233581855555
5.8731233581855555
5.8731233581855555
5.856795328613513
5.8731233581855555
5.853210501766373
5.79377544311369
5.8731233581855555
5.8731233581855555
5.8731233581855555
5.8731233581855555
5.8731233581855555
5.873854022337957
5.618100780745037
5.735813952854786
5.908442574885585
5.692878408078369
5.753086841440274
5.649946613460546
5.7904475125519905
5.8731233581855555
5.463061409191526
5.8731233581855555
5.8731233581855555
5.8731233581855555
5.8731233581855555
5.8731233581855555
6.175171495063159
5.746000926422941
