2.3795486728535424
2.7525652112525956
2.1225450768058467
1.8146129659209485
1.8762382339451973
3.5076841532354157
1.7624202942610028
1.9106970263311545
0.0
3.7001282774467352
3.8963446668760193
2.9440299157339993
2.1035315125360596
2.9135153130359708
2.3220492471121457
5.553337394367429
2.791314102195807
2.296835204596608
2.8169033520364946
3.7326912347754737
3.4125147028209786
2.2517026126835282
2.9757529761398076
1.3413931092173297
1.3503288258058193
0.601159518156738
0.7681266139517269
3.4841795823275485
0.5641455313842365
4.346159539263698
2.8530264613062064
2.6585145116765014
1.2321607800490715
2.3698346003601003
6.180292430473852
3.0748330248253453
2.8953556505327436
0.907460685445888
1.8061984600915264
2.04655633716284
3.1602565672537404
3.1395014393995098
3.351390005219221
2.5260407504114175
3.012985872559768
3.582677436740797
2.324256019407689
2.3601423764572864
3.5200669964915856
3.7021443573444808
2.146499024996246
1.6810869825646748
2.319606212634721
4.732075921431855
3.5319421850359696
3.546441988260821
3.397652111618985
2.7184689037951637
2.7014927736213696
1.7903083832940396
1.0692551526472929
3.1674296086765397
3.1803724074475546
3.2281491673672758
1.737902378223029
2.9317885892074758
3.6290861280332822
0.3846866346121094
2.384467846243181
2.2287746239240147
4.186861165016049
3.309059429042254
1.7105606872647745
2.0381823442018576
3.608890552594967
4.864632628684228
2.626720731042807
4.5356249642914275
3.758689461808953
2.64181059361557
0.983266988031799
0.2728342288109582
2.5434645920105847
2.101433316543996
2.8024636241716476
3.556500563127604
2.1283862735003365
2.9188195306727276
4.072579295382249
3.092832658545714
2.852020699432562
3.6230193558039847
2.5809225926329833
2.54785203142094
3.5222284754690403
3.605850275690601
2.6508439881737518
2.4440469791865036
4.962726881505212
1.4304737229717266
