6.197951999433133
5.975873696279196
5.957983558512349
5.957983558512349
6.126250852576563
5.957983558512349
5.957983558512349
6.290094390508067
5.957983558512349
6.22073060910965
5.957983558512349
5.707768664152059
5.957983558512349
5.957983558512349
5.80666969385358
5.9816350730264425
5.957983558512349
5.957983558512349
5.898829977026439
6.185256490777688
5.957983558512349
5.818571330338612
6.011226781200904
5.957983558512349
5.842097988273078
5.804603584059741
5.957983558512349
5.957983558512349
5.74742819457207
5.957983558512349
6.257422668575206
5.957983558512349
5.96143430851401
5.957983558512349
5.957983558512349
5.957983558512349
5.944238228599618
5.886899604198314
6.10124974259999
5.957983558512349
5.894230229080835
5.8111476467272105
5.957983558512349
5.957983558512349
5.957983558512349
5.950114437280192
5.957983558512349
5.655811368953427
5.957983558512349
5.957983558512349
5.773711969150137
5.852514212001232
5.957983558512349
5.957983558512349
5.957983558512349
5.6327818098451115
6.141728932768633
5.784182319102513
5.752150633582919
6.300185133428188
6.204605848521114
5.957983558512349
5.957983558512349
5.957983558512349
6.084452771205312
5.957983558512349
5.957983558512349
5.957983558512349
5.957983558512349
5.957983558512349
5.957983558512349
5.957983558512349
5.957983558512349
5.957983558512349
5.939624158820977
5.8279615626903425
5.760026962504204
5.8296482730181225
5.957983558512349
5.957983558512349
6.161984817682573
5.957983558512349
5.957983558512349
5.957983558512349
6.307207368520257
5.957983558512349
5.957983558512349
5.924041284182291
6.038046746955429
5.957983558512349
5.957983558512349
5.957983558512349
6.0957501045635745
5.957983558512349
5.957983558512349
5.957983558512349
5.6619931203294405
5.889731686583479
5.957983558512349
5.957983558512349
