3.5365929029332843
3.228935951561155
2.822702787369519
3.552362483607762
3.577257293513862
3.481771643591389
3.5602423711923428
2.656812807119003
2.4496818548771286
3.553033934346001
3.3413011054765964
3.36190159244898
2.7330021234988506
2.348100379190714
2.9198680236577412
3.807012828810826
2.66161197825709
2.3634869115619628
4.050655940939208
3.2524918832686316
2.147621746730324
2.002253237328134
2.701991266794611
3.7671231275305637
3.3628939854593476
3.738275162193693
2.5718843306384276
2.8237362654797273
2.9874938904071238
2.859264524203451
2.480512601227619
3.1500194678187285
3.1105967779196617
3.520378952961236
3.085348015748273
2.439480043633594
2.489970555382674
3.9430412034035016
3.7828150052440654
2.418659821835593
3.4479829140216673
4.040178254373108
1.2158934154282153
2.18535215540549
2.155702265767351
2.238812833633568
2.661150935960066
1.7150401820131123
2.1622504424227698
3.518581414073621
3.6002315008677566
2.926672598880656
2.67730091457003
3.035669102727781
3.284776162449488
2.0957930380735474
3.140003634270639
3.6619353583395458
2.276793979126477
2.2000587019603417
3.4197040999980506
2.39139134304638
3.3629776389923194
3.497138007945768
2.7420419755905385
3.1026881823876735
3.5286813576547993
3.380160954515125
2.485184635124649
2.5849102785285853
3.2853835719799314
2.9457678097103743
2.6029486698518784
2.7834727462595605
2.8546782600172773
3.144270773723619
3.6877697761134627
3.525112341919649
3.338999779415553
2.377482380695466
3.266184333347428
2.646887874007896
0.0
1.3665554597412748
2.894994195458476
2.910876406447085
2.724472057684013
2.076624181371075
2.275541478661903
3.411789527466854
3.462655941534015
2.4591017779196704
3.104211930794778
3.485432322649086
2.8273746859596356
2.9631767674532044
2.6431355663410576
3.2125341270452763
2.1761372370529832
2.0007364795663602
