6.417376290985821
6.187524582248972
6.358590323228364
5.4757554365877406
5.499322945607217
6.512730140689816
1.4976791449790285
4.578368132020891
4.9316710466521325
6.425051044623151
5.295705573232961
7.247140790498409
5.482990776466624
5.530589618922518
5.189795334322632
5.593969709650661
6.07167725995217
6.991114587168871
5.24205133490694
5.033994252915027
6.131405499426802
9.662268159513635
6.4690495705931115
5.330273806557381
4.27241602219038
5.294847449179143
5.4474809624348675
10.9726409407122
3.3767676051502167
5.3565709861226045
5.722640818257839
4.623896894515733
5.65490441138099
5.557908036375211
5.444462747087464
4.665825036945085
0.0
5.847136792450322
5.005701691754362
4.434530594594011
4.56342402816655
4.2531529549409255
4.196972122282798
4.683736786916929
6.254446904934298
5.915182477005741
5.734935660744634
5.146305043278849
9.605627268387245
0.602770123622312
5.244669021218324
7.202357372323157
10.135038160879612
3.638269015803353
6.41541622974956
5.399739064695679
6.362418631545148
8.439628145334002
6.651285070260361
7.013617250131807
6.703374816423368
7.126293201185353
5.350234997991751
6.393238497853504
5.851850414260388
6.0177990071695895
5.917527691043709
4.9705984189013055
6.1725041216685135
4.597166322139446
6.051375271484017
5.080556811739335
5.758272363379397
5.193887776216873
5.9765591208905615
5.2773002835588105
3.5610555103814443
4.722342440996407
7.31580459348892
5.554934423001509
1.580398106680418
6.813347698831859
7.545921174385475
5.450070496632913
6.144781471449406
6.351796148779012
5.008018187755
5.187660230135766
5.6383660989664195
5.805972628216909
6.826385691231522
5.653311392254987
5.63899471831912
6.110934144547779
5.364107043170705
5.730039713320558
5.941939827575412
6.009687219450833
4.312347095727549
5.946386783776237
