5.347319796850587
4.891365208473585
5.044711451868902
5.361664958953613
5.060544446115392
5.361664958953613
5.361664958953613
5.361664958953613
5.361664958953613
5.233046196333632
5.361664958953613
5.138023105486887
5.361664958953613
5.5447079374478
6.074487566580579
5.361664958953613
5.361664958953613
5.433343605096875
5.361664958953613
5.361664958953613
5.361664958953613
4.932311793521401
5.170431687279368
5.327821568532167
5.361664958953613
5.278221769797475
5.130829932321216
5.361664958953613
4.980309271859995
5.361664958953613
5.361664958953613
5.39930001995341
5.1580495015421635
5.18715175418215
5.438024539839891
5.507282071239873
5.216045041158257
5.361664958953613
5.361664958953613
5.361664958953613
5.392081635412686
5.361664958953613
5.361664958953613
5.43107263023728
5.361664958953613
5.325196282484308
5.280437798230219
5.118895645046034
5.361664958953613
5.361664958953613
5.361664958953613
5.361664958953613
5.361664958953613
4.585946073443384
5.166381392081305
4.440144610727638
5.440686482893559
4.645677099966296
5.361664958953613
5.342351312435191
5.361664958953613
5.361664958953613
5.361664958953613
5.361664958953613
4.971188414966802
5.228123982036934
5.361664958953613
5.392152304361046
5.440546099797055
5.361664958953613
5.38939782756564
5.361664958953613
5.361664958953613
5.361664958953613
5.361664958953613
5.361664958953613
5.160220963704788
5.361664958953613
5.7996256379403075
5.264183724661892
5.030859819331545
5.4557056183512875
5.361664958953613
5.694886061984756
5.326965784761013
5.361664958953613
5.361664958953613
5.361664958953613
5.396605565128735
5.430148323432581
5.361664958953613
4.686268976770215
5.361664958953613
5.448403211663385
5.361664958953613
5.361664958953613
5.146575719190523
5.361664958953613
5.361664958953613
5.361664958953613
