6.0778481761660625
4.830105988328448
4.997837908295493
5.265834959690224
5.374367660055505
5.408486363281325
5.282792945701521
5.265834959690224
5.265834959690224
4.9496329544195365
4.875665067320115
4.719243007387289
5.265834959690224
5.060100153833851
5.265834959690224
5.265834959690224
5.010836517663677
5.265834959690224
5.366093943542413
4.4836466947059055
5.566981213754634
5.431521417480591
5.265834959690224
5.265834959690224
5.366810377734349
5.265834959690224
5.265834959690224
5.265834959690224
5.265834959690224
5.381718215499843
5.265834959690224
5.265834959690224
5.265834959690224
5.265834959690224
5.025954689931893
5.265834959690224
4.976020701170594
5.265834959690224
5.265834959690224
4.248484612200862
5.265834959690224
4.9310777255180245
5.641067884133616
4.857163816442785
5.4427188079643685
5.64219081797628
5.684150312949564
5.265834959690224
5.265834959690224
5.265834959690224
5.265834959690224
5.221586844882557
5.265834959690224
5.25553511512771
5.265834959690224
5.265834959690224
5.265834959690224
4.728934197311785
5.259874189301178
5.265834959690224
5.253525325004613
5.398810434081671
5.265834959690224
5.265834959690224
5.265834959690224
5.447933319394986
5.524813922787469
5.265834959690224
5.265834959690224
5.806760702405079
5.4924398745144405
5.265834959690224
5.265834959690224
5.0691298888861605
5.265834959690224
5.64168257352846
5.662505415837459
5.265834959690224
5.265834959690224
5.469447703020686
5.265834959690224
5.265834959690224
5.265834959690224
5.265834959690224
5.265834959690224
5.046021417015197
5.265834959690224
5.265834959690224
5.59032037753181
5.876466749805942
5.224789006350548
5.265834959690224
5.406718318281124
5.479627781377987
5.12921201108295
5.011512441410766
5.265834959690224
5.3539147634008994
5.45945220640747
5.265834959690224
