2.1596191864860006
5.240802313882403
5.119418069061865
3.93467219963092
3.5287759596537187
1.8733329084156285
0.27294510856255494
3.735090858208946
2.00854573127467
3.0136847589327136
3.3902797069077084
3.615175633339149
5.2582663060859485
0.6558872007787646
1.5754231445427582
2.325433138845324
2.04307340136882
2.9992492190004216
2.1209552056916334
3.944543701855354
2.4754393181861563
0.0
3.4097970585228983
3.395397052781423
4.106529705029832
1.8032476538878621
2.934332092519481
4.745478867790565
6.9740416957078715
0.11839109919707669
2.740952345855521
4.583831299978421
3.3537696810197426
5.009505194102432
2.9368158228749373
0.36322615148629644
1.3430883556972182
3.809050601994449
2.72239384123016
2.639147325098479
2.8003814786845362
3.173421787053853
6.065607749476076
4.698016068946854
2.009707544806873
1.9259628911012427
3.4519838999890293
2.4003264985968893
1.9665192990718112
3.4443561841252897
4.483275454086938
2.5483284371394013
2.927327907607486
1.608049719639189
2.824864109491583
1.925737343464311
0.5843831945916507
2.45952461852552
2.6585582210182106
3.6099682552707026
2.352555730050105
2.4315450786589095
2.8550565588422945
2.170868601591444
1.6753434567890078
2.591917092048911
1.595461476452519
2.4554009050665533
3.0266653733183233
2.8811469148992583
1.1240074011938703
2.4763642532713503
4.239701004120702
0.5674354357380578
3.941251618796093
2.8806866294188396
2.400182825932058
2.1171694443227724
3.0269689889829157
3.4648219297814644
5.65391729019205
4.031507310992585
2.357633854101538
3.0520740541895663
2.226113633038106
2.956139171650173
1.7015733299128866
4.979586327951678
3.392474525629038
3.068219340677851
1.5079513950428203
2.9261651165588876
3.2425256051385842
2.8795415910551907
2.9062759029770544
2.9377820815256346
2.703890859927842
2.824988636414548
2.135333602742735
1.7749863271454056
