5.710775576076074
4.572438417273457
4.898606487171223
3.117583800881774
4.022067550181228
3.38617176051291
2.9106085895060856
3.4415221184714726
3.4856868021482414
2.3663811251113103
4.585083382575686
3.2306153171032834
3.972566351959944
3.940426857679177
2.983541382139353
2.9664641617296454
2.4198573662762524
4.591912689141706
2.357243882028231
2.3579640761141603
2.8081263538102075
4.752551289301973
4.587034105971899
0.0
4.519312641902893
2.749544013449226
3.7736992364218316
4.708339328115062
1.4910375275809593
3.686748744179874
3.666253671518135
3.059760892004101
1.663001867773994
3.534297821068917
3.846014129481741
3.872908665918278
4.748175193303841
5.04144467292916
3.202048672470091
4.487021663629665
2.9187894712542057
2.264526413600488
4.284914506182936
3.100081124490061
5.437310398483945
3.0773849413776544
4.7125140570375255
4.415757523459453
4.049746095028999
3.7983989667202596
4.853244734563994
6.282017985205288
3.885295004874288
3.9108547376990037
3.1902177794816735
3.7563021755521078
4.545971770375413
3.160986348851013
2.301332620772427
3.6168222645779227
4.619246915251493
3.7313759921659195
0.22600269699209452
4.7992383814491735
6.1766735566359285
3.3847181162787727
3.496972293757363
4.712025783923648
4.612866461155661
4.373000139005818
3.7809738484572555
5.974502130574565
4.057478870339853
4.65987664158389
3.967724441221145
3.8872008783136054
3.0787161022028817
3.2747535379298673
1.9772545861890478
3.7217703196812986
3.1930887827383847
4.255332109859118
3.7799170428743785
3.1952557239696144
3.468679847569239
3.022752581113754
4.310078722870207
4.834823748644144
3.3242965227771366
3.6832089411844913
3.94321311858116
5.429733395115653
3.0423341664078096
4.559014923700535
4.039852572568822
4.6655958921969445
4.522697319049014
5.474391548887067
5.151572764606562
2.741316577684704
