2.2608797921588346
0.9684905140246087
4.6647698873263606
6.79636157285668
4.452517097072492
2.5688435828550054
2.1594072986886457
2.831489037299566
3.4362736313077358
4.021890815123055
1.7184539503876861
1.9393246696717503
4.403697999646664
3.065790927621827
3.4642014785143886
4.430027215091094
5.552595712138988
4.571452744595595
5.905355911303832
5.49415740552192
4.08016463347432
4.161584180823435
6.531217036562922
0.0
3.404294103473173
1.9366066314949855
3.8618697743554407
3.751941050615446
3.4724280480387293
5.10986159916154
4.5634988528283404
4.809290152273508
3.1840050010708483
3.195204648418174
1.4318383176859495
0.6272150501746232
2.2486366613417035
3.8785006544450287
4.885393755471089
4.455466456310212
4.567382277004718
5.102758733838901
7.1045977825208855
2.2404757411698317
4.706452908523465
2.7716059304920133
2.200544827061865
3.960883100882649
2.9110054173251587
4.797612336113209
2.6832909583367384
4.10419313042095
5.500828175173982
3.8700047875011854
4.188153429760945
4.072690251394989
3.279280037548534
3.2269547283220077
5.888792772871665
2.9394140077727577
4.822025303080175
4.813096943813935
4.9763063140977435
3.8116105271912897
5.78772055176131
6.736755914527597
5.095361546464485
5.110598706464449
3.496893288023883
5.353649780975155
4.069517231071346
4.38564300476629
3.3747092390516387
3.7913260630898207
3.526299969786369
4.076031859472609
4.827877911368553
5.515740109623524
3.8265813306969525
4.336541826437891
4.287392420658334
4.232676615420507
4.591745319003172
3.8566169678625792
4.198696070377898
3.7419505507686384
4.135928135249987
4.025178504345998
5.650060979602232
3.638503209912558
2.782565846332644
3.249958486740617
5.307160385736436
4.187441220192545
4.32567170008674
4.081396688329686
4.557937971855491
4.083289361775687
4.405009868214289
4.552068774794545
