1.8843963548960516
2.2054221369462703
2.468634746032702
2.5376732901549146
2.2082391960490826
2.538624012377113
0.5427124133068526
1.7038183437625212
1.1533771699542368
0.9572793000960949
0.7533955168299422
0.8887170132097286
1.9664435888756118
2.307449984718747
2.1790646121687764
2.2086562599145556
1.6869023533295393
1.034155031216722
1.336346579645583
0.2905584600981226
1.0392154871305568
1.2084409300702013
1.3794880231376334
2.470009641605725
2.2915991048958513
1.7405640968395784
2.398037120978521
0.8790313276315418
0.3397257060426584
1.5868557324151578
1.2361939935172774
1.944578981642318
0.9592629544461397
0.7586708643394604
2.449224932325867
1.853570148008201
1.2950218000077403
1.7639637528593894
2.1247158353002487
2.2748783940939825
0.8362051030893567
0.7233145117640163
1.0262799545462111
1.6424764242263172
1.5681743253841134
0.8014791533381581
1.3439161436366236
2.0556620387482054
0.831527740033537
1.4772662898728606
0.7839737606727994
1.3955118107458828
1.400004459589669
0.9345585509434351
1.9553184164233932
0.5760232012242499
1.554684433837394
1.8090437033530575
1.3416831464850447
0.9610631844571537
0.9087928488008745
1.5988576064550237
1.7696310136886217
1.8022652992682806
2.0260996701938887
3.114508730749516
1.6392690662067189
1.6844943856005772
0.8510284145321072
1.1972946824754307
1.128935978857187
1.3145108626686521
1.0811194793536392
0.24420909160558524
1.6727005782753053
1.9686907374298954
2.4631295984615003
0.0
1.245501282112028
1.6821213637021128
0.3270184899876838
1.5108335312308725
3.108884596939495
2.4323389391415917
2.011874203557102
1.5849396138416583
0.8214648167162182
1.2519093445521077
1.6195360795587144
1.3270617792829866
1.9980286978499509
2.7185932531430996
2.456446626868749
3.1724797071450963
3.0141687785301445
1.8253251650962175
1.9673245213918178
1.8690556158360052
1.83372491622778
3.2656020860564503
