1.1424279644735142
1.389535406431159
0.7946477171708312
1.7141498628911558
1.7750899473528838
0.7832607936971058
0.8747036539995061
2.373774179348615
1.0689183872633607
1.2146520854594889
2.0140964086150586
1.9855622964040902
1.210653062871822
1.8512726001082258
1.3794165343696847
0.7320524710424772
1.8698104621701475
2.458217266085428
2.098719934718491
2.2484788483129377
2.505202436842451
3.0600660718536905
2.4086221543572535
2.031337417615829
2.5596709803605053
1.6176826805207127
2.3521871657057813
2.0124250054267914
1.7865730583018482
2.237876256443144
2.377266262195321
2.5496004593326864
1.9118922108300394
2.3948306679019735
1.7540274600055235
2.050926291410909
1.5369057343026233
0.6427307184658608
0.55599407250541
2.1086001809411745
2.174824213688952
1.6701839077328577
2.4304219782969416
1.0231039272878497
2.0623392497886277
1.8633328504397013
0.779996395785006
1.9365021107854545
1.3051622882307903
1.7479172032448886
1.0475067677817758
0.945365772722323
1.5435245401702689
0.6618172221903342
0.0
1.7155569120129892
1.4659199028884011
2.2390909852354697
1.001382322387382
2.3830434875589033
1.2523015271729032
2.0502713371711803
1.6674322328510167
1.868255317648494
0.9342891262687185
0.993477260420544
2.1961803424181596
1.6131986933716558
1.2944722972194915
3.1212175313277983
3.00875334813119
0.11179793721398146
2.3885835075731885
1.7318096765901871
0.5750502066683494
2.1171135281539204
0.6332976145580458
0.4969191860801585
1.001002742737391
0.5063834648277334
1.2918129277805808
0.5601154594275422
2.5477860358658972
1.6709222314206407
1.7411962748706966
2.1318715667925607
1.4914398474672
2.050244201966162
2.3510792580652744
2.3918745915726847
1.472577818141755
1.752714791118541
1.4729892417060697
1.170323258152358
1.8128437314100536
1.3978170932300122
0.6293007155541768
0.997164334778432
1.8312315477293641
1.6238814075129977
