3.9985181710699353
2.9196790119334475
2.6208386876076424
2.7413898740319587
2.692075480474183
2.914322445189627
4.008654691626869
4.045615481241284
3.904064380503537
2.7492366196687095
3.7505817729018225
4.118835110443888
3.740250775679616
4.4837515198014595
5.205664821247469
5.0247521051950095
5.4270425355771135
2.5739757623721164
3.642219357236535
3.9099683388658426
3.2772144200411844
2.4528696466991424
3.812999016659294
4.485034718004733
4.4369969317618025
3.4634825064927677
3.80479854447195
3.5616668691688242
5.1847350437515205
5.5590764219176325
4.412921453644815
4.152891092508484
5.340057188200772
1.587264770703792
3.6780860720780204
4.133069782893593
2.220436079816475
4.62153377834747
1.6263620498425162
3.2021047821079316
2.632925155773094
4.1065918091621985
3.9745580768718494
4.466221614240451
3.7012145413702586
2.8132897898119618
3.7910399465117806
4.974325135424998
2.688741925916311
2.536247129962274
3.6415397684534123
3.4696922944812907
2.0852361427256314
5.504406745437404
4.389794474516576
4.40135181577905
3.1448196076365162
3.2777025132866124
3.0585638319317354
3.3653221114167042
4.518471390203215
3.2732257105559484
3.841946719458582
3.4907850881977436
4.557842408669328
3.103008959752091
4.090203849622034
3.8690200751221955
4.415964573162962
4.604996269584112
5.236317524442155
0.0
3.688537478489293
3.7616200140999765
3.572980441194675
2.9530177449175024
3.806738159264016
2.4002230536462266
2.9514825244998946
3.5797827887884544
5.407911440889292
3.3667266981107913
3.625823555289887
4.93737218081997
4.024575653865634
4.197685578196243
3.674840297227319
3.1095109449280898
3.6836273377206163
2.542566823700576
4.546734037353621
3.484056757191178
2.6811073204327664
2.7446764812962727
4.359870994143247
3.8529019414968935
3.4872835676092806
3.9216153389984503
2.9294043267724805
4.114678503111389
