5.185779956479718
4.875588878787239
5.089108405573821
5.4025475425883185
5.4025475425883185
5.4025475425883185
4.7264855249403785
5.076492612829277
5.4025475425883185
5.476050791758466
5.4025475425883185
5.4025475425883185
5.4025475425883185
5.4025475425883185
5.117378877703386
5.4025475425883185
4.703605305417124
5.4025475425883185
5.4025475425883185
5.4025475425883185
5.4025475425883185
5.567094587790779
5.294887247844886
5.393315603998664
5.862765788848798
5.4025475425883185
5.672958632984429
5.4025475425883185
5.456500707452535
5.224601317638462
5.500310262777397
5.4025475425883185
5.057117512247293
5.4025475425883185
5.178453109239673
5.4025475425883185
5.4025475425883185
5.4025475425883185
5.107565578553706
5.4025475425883185
5.4025475425883185
5.254483589614649
5.408128969530976
5.4025475425883185
5.4025475425883185
5.549228530223001
5.648554131555581
5.874895341827382
5.4025475425883185
5.4025475425883185
4.9684800454809555
5.4025475425883185
5.600572571694901
5.4025475425883185
5.1455052772946965
5.4025475425883185
5.4025475425883185
5.356919613397981
6.437203833720356
6.053503211700329
5.4025475425883185
6.125175997477475
5.436879472195354
5.4025475425883185
5.4025475425883185
5.4025475425883185
4.853157397292813
5.144428362613123
5.355795075750893
5.5394890882214
4.521909777997051
5.4025475425883185
6.395504278229322
5.4025475425883185
5.011695006018507
4.837165517811927
5.4025475425883185
4.954046852843986
5.939680625793708
5.4025475425883185
5.4025475425883185
5.2117548385265895
5.4025475425883185
5.4025475425883185
5.4025475425883185
6.201964780264363
5.4025475425883185
5.4025475425883185
5.4025475425883185
5.4025475425883185
5.4025475425883185
5.4025475425883185
5.4025475425883185
5.4025475425883185
5.3369575359128465
5.951488495761096
5.1539768181751064
5.625981809082187
5.708196203537161
5.4025475425883185
