5.314793493251022
5.654139549849152
6.509523624406704
5.140890303322723
4.91751153695127
5.621615479521985
5.3178573504240765
5.774747504858788
5.102931395528237
5.050967242526929
5.497990138817171
5.471768724368686
5.071300775042317
4.751262132736823
4.530180720381401
4.518545448437124
4.498580406155142
3.8975896477570324
4.010594936450232
4.761582911780249
4.180311890789316
3.5499866384304144
2.6368116195776117
4.321235201228027
4.306358537376749
4.04541513301897
4.153056795299509
5.1704856911822885
4.998950857216812
5.170433758175761
5.583691132895046
5.942054667251327
0.0
5.676246492406014
4.5814761017670875
4.57433880011612
4.579495111358682
5.433422421816496
3.9215680816194056
4.603939370794123
3.8114191945490465
4.466809800550761
3.839790951142863
2.861170959764288
4.637316901200711
4.165398752213281
3.6854463685714083
2.184438882669379
5.425987652688653
4.85147519117574
4.221764750519565
3.9497406830186
4.960440934130593
4.8143019602398995
4.734250579448988
3.8682179271309263
5.349970000345639
4.814288552046279
4.410081550945435
4.309716618116443
5.652759276558384
4.340905468270392
5.0429675568807175
5.0452486410784445
4.58806329236182
5.382483824685367
3.8819188742536785
4.5697886900472025
4.532059840594867
6.4497504545618085
5.766521107407228
5.36830118122813
5.192754514868533
4.998526321262462
4.251367683046488
5.090569269316361
5.076717847547167
4.344621561828461
4.3348246607268015
4.1133153108265645
3.951473950921599
3.4349127644767936
4.686636940158779
5.26859849843304
4.962376254956709
4.943514350990851
4.289352123616535
4.751296362270629
5.509314558707772
4.450111243519116
3.9387125233151687
5.377813163644418
4.727035287834364
5.6743705010155
5.374399634788215
4.724853451456644
4.461588607112535
5.21853857932386
5.142851407876453
5.384791401767194
