2.75266139639631
2.777382448519947
2.650615418352149
0.6515697047045443
2.124622941850296
2.4984591115178074
2.092114689986925
2.092587900660451
1.7924324142503822
2.513918180490133
1.3304732802645458
0.576350462947921
1.3644083942842502
1.4568174001581424
1.7604863662539452
1.983111387083825
1.0885841708927702
0.8813998481335088
0.0
2.3167080013826222
1.8524004829893004
1.168274706283993
1.4566809732689445
1.4379117571434392
0.7841622920491051
2.312488879923052
1.9815868805720753
3.305540413539349
1.5847932299700236
1.116626807561459
1.081679567277385
2.5034142819794845
2.421521658506087
2.0694666891718434
1.2683847241065123
2.654151029575308
1.9433717510108308
2.4685377433702906
1.571118930722323
0.8836845729440147
1.0665842443644915
1.817263310101064
2.1528158817570193
1.0418137469163486
1.6883840427032226
1.6932438511012247
3.1772680890645097
2.5165857608412314
1.4906900584992049
1.9728067626668717
1.306733793819995
1.877588287192479
1.8177303100598183
1.2188302168848861
2.5729071785955133
2.0282006321637938
1.2073120856661208
2.5578567346841283
2.2994819030111127
1.1168339181246574
1.3806962339501405
1.3519240922470943
2.3341841671339774
2.495031428617379
1.7394373684210143
2.1670823516845195
3.036528231585583
2.2935322804681144
1.6765335067251952
1.4547057829057344
1.0469610750161356
1.7163741373397334
1.7555770929317385
2.6756820629145843
2.27580627511115
1.2291588331594165
1.624392185346832
1.6442687950029216
1.1960574352809914
2.062380829031951
0.9270722355805243
1.191756023626592
1.253592574036241
2.023366190852582
2.3990740192611044
1.7481821003844518
2.573778780588273
2.1296358738367513
2.2054560765096776
2.2020176034728975
1.491184179041046
1.9576902535277996
1.7898685707714908
2.594042657902357
2.475964454955273
2.2063469081740874
2.456970325982267
0.7879863289371147
3.348711644332485
2.285668175710431
