4.005522610548769
5.283500660339243
5.892200397615818
5.935284223316876
5.103249059419115
4.537061873246357
10.805743345226906
4.074496798749266
4.22662284091828
4.855319655956059
5.212734634190189
0.0
4.033179484856091
4.846497098579503
4.451725441015807
5.141092187709774
5.8498811253825345
6.051267304515219
3.643831675582673
5.853372631729885
5.507097756003519
5.429463381149521
5.1193960162392
4.5710479254712775
5.723724107090678
4.986023174427747
4.814175087113108
4.1123160015775575
4.655928032586444
4.408734490324042
4.385148980226376
4.828685422044
5.122214500742434
5.62203094243097
5.028327931237156
4.711864406936425
4.2165962692146834
4.544050907710575
5.435535920273077
4.854786814975707
5.074947418446885
3.8462165512020063
4.425888201100593
5.205009259692794
4.475249159260738
4.4724126793759496
4.720409046320757
4.681315167044789
4.991625004994133
4.848489931960809
4.957540070420615
4.395320340610267
4.245098666790184
5.5861414535586675
5.856937288070572
5.121526201477861
5.698607859391757
5.022654637638211
4.301719628851835
3.7827475280252107
4.977438520357392
4.443020320890326
8.24564454390287
2.941646534167443
3.905289849278547
5.488580546021016
6.685597772585297
5.894308540406907
4.024102017438468
4.563018202122494
5.430057154969425
5.087519865623556
5.354846241426696
4.845949032610772
5.516265689801674
2.9794330402988685
4.79300923592173
5.611783232734365
5.5440267477355345
5.283324977808314
5.616776006060638
5.987013065368549
5.260096930876319
5.115716266998269
4.304378745445144
5.230344454466568
5.664767783786923
4.091994387935763
6.225817308222615
4.851839358151116
4.984985543593802
4.957146451539802
4.897678285441211
5.819557094958586
3.6758458713865436
4.526648168409395
4.952935575044215
4.3764068695483775
4.472694089642262
4.134925093827042
