4.809442261531844
3.97555254596048
4.809442261531844
4.652783998716389
4.356421057256826
4.809442261531844
5.715771524629872
4.582248210740474
4.809442261531844
4.618637210964115
5.01270070909834
5.034146582841006
4.883674097398971
5.248580807192763
5.418425528377599
4.809442261531844
4.61626769344937
4.809442261531844
4.809442261531844
4.247627644915245
4.809442261531844
5.2413144177402495
4.986770895227584
4.809442261531844
4.882386918145013
4.332475938246914
4.809442261531844
5.3991392347081355
4.763046207990102
4.809442261531844
4.809442261531844
4.809442261531844
4.6831836668303914
5.0313124992244145
4.783367186644911
5.169571634940889
5.438081110174455
4.227230730402805
4.809442261531844
5.236002414878561
4.6650896228446985
5.2801441674968626
5.036981193215918
4.930112178744219
5.851677679829268
4.809442261531844
4.809442261531844
5.24594810295597
5.789857175752418
5.964019943208788
5.897245645400047
4.809442261531844
4.945297426794577
4.338358395430989
3.3356992158841017
4.94883989515782
4.809442261531844
4.666027231048179
4.110491018410669
4.018690851074309
4.825416864257488
4.809442261531844
4.809442261531844
4.809442261531844
4.632187187312741
4.809442261531844
4.809442261531844
5.69721516036802
4.809442261531844
4.809442261531844
4.275460629248148
4.809442261531844
5.3237048023427
5.2382687459057475
4.809442261531844
4.809442261531844
4.809442261531844
4.482029062386635
4.9423066936217825
4.809442261531844
5.485920802131027
4.809442261531844
4.809442261531844
4.939824399303626
4.809442261531844
5.1759118909117285
4.868232424200794
4.809442261531844
4.809442261531844
4.893822949434996
4.809442261531844
4.809442261531844
4.379184976359457
4.850152830403998
4.809442261531844
4.809442261531844
4.809442261531844
4.809442261531844
4.809442261531844
4.809442261531844
