6.513463340509007
0.0
5.932334953727471
5.570457946448262
5.692659960925676
5.484793275523295
4.076259959823094
4.095819862074436
4.116769656298615
4.810222715516089
4.544910972488647
3.718332700457533
3.4222975048662008
4.669053167232048
5.258453416597902
4.212536989301048
4.482257594062617
5.204248300620268
4.2860615894014575
4.049413708809808
4.659588575042483
4.864185545085737
4.706120158413508
3.811455739723373
4.465307449241322
5.17115564835921
4.845957444530814
4.616955668660274
5.019028766050311
4.204786200089972
4.188998290698328
4.412975970364025
4.176068609909451
3.6952821643139604
4.288342862380517
4.119300449813963
5.269757269969465
4.766846011340309
5.905596778781392
4.642804090588653
4.2720250935198205
4.754760772374159
5.109918945566153
5.287530337862298
5.1124729158355375
4.241525182463118
5.148747383405395
5.188378242483658
4.867648925213908
4.683110844591859
4.931219680038026
5.584032308953565
5.382139240512758
4.8375411433999504
4.765286643266085
4.76218366594445
5.510882012970702
4.766037480085442
5.255512495167343
6.293007739562253
6.036085064438091
5.612967696198349
6.2603146092378505
6.246109932861106
5.3250271051212135
5.657025402479977
3.7500042342991087
5.685694105687318
5.018196934011115
3.8433823425028057
5.506485708765663
6.301394148849493
4.338391768634246
4.6683785696278095
5.839769023039221
5.742003334494504
5.141483783891743
5.683033266106782
5.53866421728483
5.092711318102115
5.324489377183031
5.287097786669915
4.891121397735794
4.33781352885393
5.821929921836838
5.25416643382488
4.474535648687231
4.777297760341076
5.194891822814696
5.682571916520464
5.072854965336062
4.500634806644952
5.792986074836875
5.496200571254556
5.439707716790041
5.566511188783284
5.577777309335714
5.3235548046745045
5.46160998187441
5.534819703243031
