4.5622840541024345
5.296716433186685
6.718036072740664
4.858313259044552
5.6614184819487665
5.884935051551824
4.304103553099065
4.434290680697008
4.915416137429425
4.843843582707112
4.878134141474576
5.20963187936106
5.745470989301982
7.626435250134588
7.497681506022239
4.384455630296136
5.1126071672362485
6.619560038791534
5.683917215031215
4.734101640410141
5.46514106111053
6.057898495135584
5.132721601668527
5.711226074071244
5.473338006335262
5.36667431194063
7.341587382774877
5.64673333810186
5.118722497513053
5.707168877795061
5.552673008460647
5.131141924025528
6.981118934930368
6.032219127712475
4.9037291249773345
3.259539664204122
3.6042214512316573
4.734340546603393
4.7274408554335485
3.305422339551585
9.11100184970469
2.897896461436389
6.389698225360926
6.899656320386929
6.344616916684114
5.81187603780099
4.651121481103368
4.108835611165018
5.139336503715886
4.625172512744937
6.354103988633366
6.098805745679503
5.51827000683032
4.952977619943326
2.7329057212104626
7.260318613959997
2.9011128371232293
2.820508852498631
3.450835925320413
4.671281783399397
4.273080026038613
2.376400317342484
3.8107805760158318
2.7529144724655645
4.950928969970425
3.9211210680941977
5.354089503248586
5.174212388698549
6.639756868247624
6.227301773174393
4.794336742984651
5.79915740621573
6.170794960025465
5.082943379902183
5.393832744538318
5.451636828108129
6.019698380563568
8.616359307697277
7.929165623556321
0.0
5.993387293551619
6.028949178696584
5.978551948369024
4.804443153766621
5.721369677828477
5.587610597416079
6.826461807666988
5.973347830503212
5.863284024421887
5.668055478720934
5.022656167309208
4.700134886672193
4.3003509123290335
6.175830526545251
5.800545789395207
5.532024341651446
6.364521697850098
6.770891467242491
6.407912795240799
5.537206988896773
