3.873127798935676
3.262948991870398
3.4399528716877183
4.39380628045988
4.136306261890059
4.142703160799998
4.5853597568706075
4.109121272671793
4.2739564134005175
4.418891296858368
4.275360011537732
3.5147998793942565
3.5928499944790957
2.8730150032990722
3.383531300406411
5.224460643663791
3.827942570667503
5.537173210794176
7.404086090065668
4.0897807658542265
2.8468288915640843
2.509701773971644
3.2199516895733225
2.8490341331475806
6.188560375289324
0.0
2.9726365199344897
2.7427195891734946
4.579259841818309
3.390846099252793
1.0905013480949801
1.8411559322493272
2.823548488920334
3.0749199692797453
3.985809209351638
3.129678200682481
3.912342286931768
3.769383445053053
8.26919371218171
3.722563959154134
4.6910783813371975
2.2688014143963042
2.6392811872957664
3.4727290196682574
3.1013026385404183
5.220422000682559
5.122906221220077
5.45972855943969
4.635375826403173
3.815508764407883
3.466501348010394
2.9273314638765413
1.3162187796013098
1.2124617209490336
1.7624548487797047
0.9681668744129199
5.335171161713633
5.502153539965963
3.607515548277075
2.438657745118044
4.67978227720387
3.632278413580962
3.3708311565993063
2.660917400514783
4.019275084074066
3.0752747380311076
5.338385510530703
2.651878687308421
2.6562123954667047
0.5204955171169381
3.152474260808983
2.940094654407237
4.323505054950301
3.071026826202101
2.800239503226308
3.3111685853634283
3.7188489588248324
3.2786428251395217
3.8732868454745835
3.2939963438711937
5.477822836668714
3.1250244436049748
1.1195957268812373
3.220042851397168
2.8094557009741985
2.5723911393161005
3.3110095583834322
3.2384826061488083
1.813778035894258
6.822361062892757
2.546764910784167
4.133277826832167
3.0233569130224245
4.011453873807756
5.3517653391087805
3.343147876235161
5.055252317140084
4.922078709168909
3.2714729084615723
3.5709910939871086
