2.1977869038687405
2.4899335195803447
2.9378438230810016
3.2024313940395053
2.956285317552521
2.6558419223653322
2.270896780951536
3.0661364613630613
2.9583894453730517
3.5764958605744974
3.7918669013374444
2.5275604406447734
2.9698430196615475
2.7835837122913905
2.8624211200583627
2.76292874292843
2.7996187581987346
2.1406440457860065
4.58758796878085
3.481220081121971
3.4178651716838324
4.465974817070212
3.499058714068413
3.284325367226745
2.8703612247629655
3.6525613679526483
2.6141837832601342
1.515925842006871
3.7789085555940787
1.8675807387686034
3.153967472797366
2.7961454359167073
3.5704125384509355
5.204101537856788
2.4013658478036395
3.1988913541765456
3.117949718916825
2.256414675462026
3.7942890863453127
3.1003794194691556
4.007831982412023
3.9284429795640943
3.9268656923266994
3.918768811849248
3.696298389852652
2.7645471335511713
2.8906521678365715
3.112289722455783
3.0194921844802645
4.622131761648468
4.260868086682875
3.6634418807604594
1.7602152937320983
3.513491105075282
1.0653620783618485
0.4059207886904481
2.1924380065385334
1.9569778248455623
2.1561621132757
3.545639979545818
1.7610103017156793
1.7309048912516913
2.7329618957872115
2.9092593572793417
2.320140081851293
3.0321878744949045
2.3696069961338804
3.044781421962033
0.45238549134198447
3.1555772375883
2.107548052460169
2.769808849940997
3.4143105032197543
2.700874426519213
3.632409133682477
2.864821613522711
6.242578939389123
1.931100179375984
1.8697652388722514
0.0
2.64007444745982
3.1808329949036156
1.9798097798178573
1.9307354272679875
3.4911202167302635
2.1478021068239714
3.507023349038307
3.422659768490933
3.5418279394907644
3.2318198904058235
1.7996405942868325
3.6360149854018333
1.674262022071622
1.948436260267347
2.357713227027406
3.017563564561405
3.4050130763703623
2.107769212049114
7.228967995462913
2.5494978601911704
