3.5894869106934673
3.910512692743686
4.210001637844926
4.2427638459523305
4.610338970046834
3.507028344640346
4.0375276963185645
4.151225786016042
2.8584677257516526
2.6623698558935107
2.458486072627358
3.422411099960851
3.6715341446730276
4.012540540516163
3.307842434893016
2.923097631871555
3.391992909126955
3.4468205342975877
3.0414371354429988
1.2346214525674868
2.7443060429279726
2.8102713162139956
2.093032989946984
4.1751001974031405
3.996689660693267
3.445654652636994
4.048359696071343
2.5841218834289577
2.044816261840074
3.2919462882125736
3.674487688453353
3.6866583378594293
2.9562758365331114
3.38125732891566
4.967105415154643
3.558660703805617
3.000112355805156
3.3250790140677235
2.074647402031972
1.9721600164619788
2.5412956588867726
2.821581441863102
2.731370510343627
3.347566980023733
3.2732648811815293
2.506569709135574
3.0490066994340395
3.7607525945456217
2.536618295830953
3.1823568456702764
2.4890643164702153
3.221227182609001
3.105095015387085
2.639649106740851
3.660408972220809
2.2811137570216657
3.25977498963481
3.5141342591504734
3.0467737022824606
0.0
4.207181865533036
3.3039481622524396
3.4747215694860376
4.4454823664718965
3.7311902259913046
4.819599286546932
3.3443596220041347
3.389584941397993
2.556118970329523
2.9023852382728466
3.4081005457817244
3.0196014184660678
3.271881165673375
1.949299647403001
3.377791134072721
3.6737812932273113
4.168220154258916
4.795427839086168
4.192634722421781
3.3872119194995287
2.0321090457850994
4.4041132870222315
4.813975152736911
4.137429494939008
3.716964759354518
3.4029706821134678
2.084713928187952
2.9569999003495235
3.3246266353561302
4.415180132898478
3.7031192536473667
4.423683808940515
4.161537182666165
4.877570262942513
4.71925933432756
3.5304157208936333
3.6724150771892337
3.5005627492276687
4.54632290994733
4.970692641853867
