5.545368961986151
6.392440362845097
5.097674439518647
5.982545153462702
6.2377473209461
5.657098407649469
4.892930507588539
5.557827424608156
5.961657517936942
5.541016140105506
5.877604904126525
5.045975881911765
6.238972679740301
6.307437931863639
5.541016140105506
5.6094448140120345
5.541016140105506
5.541016140105506
5.647897473951795
5.541016140105506
5.541016140105506
5.306749134419463
5.584358799816782
5.541016140105506
5.726214160248912
4.798846973031425
6.84560436772369
5.541016140105506
5.682968496552123
6.228760150512219
5.541016140105506
6.2909521792521605
5.728101884838549
5.509109071208455
6.264647856678314
5.591092392095876
5.541016140105506
4.834664273257065
5.6064892785124805
5.049910125913902
5.541016140105506
5.541016140105506
6.125475024857173
5.849934025894074
5.541016140105506
5.541016140105506
5.854795522285744
5.966970110355241
6.0881431585436285
5.077029767601342
5.541016140105506
5.754599110419857
5.541016140105506
5.86028544569449
4.806925876775459
5.841456395162833
6.12686223938222
5.695400044375512
6.006373421994299
5.614787093499238
5.416552898632558
6.041282605749435
5.976018968508967
5.1938941567028465
5.541016140105506
5.496973582929504
5.541016140105506
5.541016140105506
5.541016140105506
5.309003339413001
5.541016140105506
5.090893746382858
5.6974241015854465
5.849644507220344
5.297755934023435
5.541016140105506
5.541016140105506
5.541016140105506
5.541016140105506
5.9960712725940155
5.648181600763195
5.541016140105506
5.139237024233864
5.541016140105506
6.196938704020376
5.541016140105506
5.541016140105506
4.926884042386648
5.541016140105506
5.410670852030065
5.083429467696105
5.758052208165351
6.085505803069721
5.686411284599833
5.541016140105506
6.6896517526380626
5.541016140105506
5.152435610636221
5.7582548362639585
5.541016140105506
