5.982235845310017
5.460865065867541
5.278121719370537
5.8370283555553675
5.6454352129601055
5.278121719370537
4.570403336978066
5.283250090951547
4.884394954667146
5.4204521054873585
5.278121719370537
5.353905678245017
5.202735456847398
4.750174634892675
5.278121719370537
4.999375598347325
5.827721850489065
5.357053142622144
4.526671121334809
4.918337992026544
5.278121719370537
5.278121719370537
5.278121719370537
5.420197437093194
5.278121719370537
4.273058131561488
6.452865043838088
5.340398779227902
5.278121719370537
5.278121719370537
5.577490352788909
5.348653759034913
5.278121719370537
5.0770534740681015
5.499944218641085
5.538834158908003
5.295817289801137
5.2675596271797485
5.321037364751133
5.742160835418925
4.915382338798582
4.837984053059165
5.2556081796009195
5.278121719370537
5.278121719370537
5.278121719370537
5.278121719370537
5.278121719370537
5.278121719370537
5.278121719370537
4.36423410083105
5.278121719370537
5.278121719370537
5.278121719370537
5.278121719370537
4.736689118587025
5.488504929453162
5.278121719370537
5.278121719370537
4.543689031279209
4.56642695240779
5.278121719370537
5.278121719370537
5.238919781168535
5.278121719370537
5.278121719370537
5.515220149441323
5.116747957074799
5.278121719370537
5.278121719370537
5.278121719370537
4.730231112623683
4.760293940022331
5.278121719370537
5.278121719370537
5.809120831232064
5.278121719370537
5.003765475247841
4.408040682337321
5.278121719370537
5.798393421497783
5.278121719370537
4.447879807369511
5.218371547788221
5.679441211809175
4.667490905165752
5.278121719370537
5.100829974809148
5.278121719370537
5.278121719370537
5.491322500395032
5.044508629667914
5.278121719370537
5.278121719370537
5.278121719370537
5.278121719370537
5.83118775002054
5.278121719370537
5.278121719370537
5.889944600489944
