5.430958269943615
2.7079193145365146
1.969704552754788
2.64168238973258
6.550900750670923
4.310783637403311
2.7680020736998285
2.4616568839243342
4.432172923722226
3.0170788460313913
3.529955047908608
3.376352735547
3.2515743253423897
3.456486265676992
3.3636747205385986
3.2214405829377855
2.832444642038302
3.8935054043345927
4.680013232042894
3.4687775642751797
3.47660292583289
3.990464923485472
3.611840784652659
4.416128657902798
4.023339757641709
4.330764685055225
2.5676154810464373
3.364711184175353
4.184589346155483
3.3274106559963204
2.749404434184014
3.250609002581531
4.023653877796182
2.777602674426286
2.6921911672087377
2.1814079157505475
4.434666976220116
4.46405477796319
3.8838940581873276
3.5097974744441025
3.454735772170495
3.311530462073809
3.170761958616058
4.1835299419108605
1.554878309491664
3.2187929565734548
3.5539465148284757
3.6123350388983577
3.317341782372738
2.587190793214973
3.095119202020251
3.553377415260851
3.2976536069544475
2.65089335355683
1.8109497630599738
4.590123141273532
3.580248518745853
2.961663851036996
4.258380262322076
3.9677494962384188
2.5127751306474537
2.747204373880516
3.8361674312913654
3.2246529256098944
3.5264679150734555
3.379287792630241
4.160517169044407
3.927073035942823
3.88068394960108
4.3535144677461535
3.74186926099458
0.0
1.5208950841586917
6.462981800975573
4.895565054959614
4.294480881309157
2.944359615203748
2.5854869795244224
3.455432762458515
3.822489803697832
4.299449556588184
3.7477023268824388
4.275256488033096
3.6473167304059806
2.674038970264082
2.709038332251622
2.9582773059270044
3.7675870340905147
4.331405481787181
4.120058075271627
2.816649498834449
2.916806739984176
3.573511316097706
2.627830840049503
4.221685066864462
4.102931284381245
4.447907772570039
3.316879870343306
4.102008949980536
4.330683689963228
