5.013600036612139
5.134717925393138
5.513444452546733
4.720186099527441
5.282562290006522
5.398468823019201
5.013600036612139
5.228392791335267
4.355959367148447
5.239754358092005
5.4433787969078296
5.700927145146116
5.335348757638607
5.974052813852426
5.013600036612139
5.018616743457857
5.013600036612139
5.013600036612139
5.264236552560147
5.483921361469998
5.19278274241016
4.38093673430804
5.013600036612139
5.280821676942486
5.645115862716905
5.013600036612139
5.013600036612139
5.013600036612139
5.013600036612139
5.760459969331615
5.052460635012897
3.7440147660446934
4.542279310605423
5.1870076367367925
5.174817258379637
5.013600036612139
5.013600036612139
5.280113494941167
5.013600036612139
4.41219513358886
5.013600036612139
5.145019809377306
4.86965662238236
5.013600036612139
5.147306060013077
4.6229032254270574
5.013600036612139
5.013600036612139
5.013600036612139
5.013600036612139
5.013600036612139
4.695419453612511
5.0563776785135826
4.800357211695756
4.855265549353533
5.013600036612139
5.013600036612139
4.467333004195146
5.542438491879858
5.013600036612139
5.0021265594411215
4.478870170285536
5.205523656818238
4.845156963643255
4.045136114181322
5.013600036612139
5.18296028011274
5.013600036612139
4.8420289268996575
5.013600036612139
5.757164495720742
5.00810189540471
5.013600036612139
5.013600036612139
5.013600036612139
4.554055090911932
5.013600036612139
5.013600036612139
5.226503409695645
5.013600036612139
4.088939568962209
5.013600036612139
5.013600036612139
5.013600036612139
5.013600036612139
5.129028994109211
4.76758267035204
5.245009209957983
5.013600036612139
5.080316899269995
5.013600036612139
5.013600036612139
4.312682433639796
5.013600036612139
5.415718249906906
5.519095964555948
4.802649589066587
4.364434414859932
5.407957316417885
4.670389086704846
