5.775215092517662
5.775215092517662
6.389376678934401
5.972230357368618
5.775215092517662
5.973749277726197
5.870598923014548
5.513378868972195
5.775215092517662
5.775215092517662
5.852898474956101
5.775215092517662
6.015805501851606
5.775215092517662
5.639005073287658
5.775215092517662
5.775215092517662
5.999878953197906
5.775215092517662
5.882121858532336
5.775215092517662
5.775215092517662
5.775215092517662
5.775215092517662
5.775215092517662
5.8465762071502665
5.678614374270145
5.970558691494183
5.775215092517662
5.786201035276035
5.775215092517662
5.87806374725101
5.775215092517662
5.74147774981995
5.973811383378872
6.4830499400944
6.284288083766441
6.377538174335845
5.868500234835107
5.775215092517662
5.775215092517662
5.775215092517662
5.775215092517662
5.425432081766941
5.775215092517662
5.889833406543646
5.397343079259585
5.897453117474277
5.775215092517662
5.884343404196898
5.775215092517662
5.775215092517662
5.775215092517662
5.775215092517662
5.42879730288319
5.775215092517662
5.775215092517662
5.775215092517662
5.775215092517662
5.775215092517662
6.164676472680878
5.775215092517662
5.775215092517662
5.775215092517662
5.803499076273521
6.384345738871489
6.492628314448863
5.775215092517662
5.599872069727747
5.775215092517662
5.775215092517662
5.775215092517662
5.775215092517662
5.482099657208801
5.50342213347907
5.775215092517662
5.6617380582096075
5.267244877855737
5.636864777698515
5.300720496154836
5.44762499372578
5.588198326857089
5.818536043709737
5.775215092517662
5.775215092517662
5.775215092517662
5.4733894440207305
5.775215092517662
5.775215092517662
5.887098214965366
5.522512754479024
5.775215092517662
5.775215092517662
5.759138299554717
5.775215092517662
6.011546696997325
5.775215092517662
5.775215092517662
5.806562559159362
5.775215092517662
