6.037989489001896
5.272190563541722
5.189026366642194
5.272190563541722
5.272190563541722
5.272190563541722
5.272190563541722
5.272190563541722
5.272190563541722
5.932727421636219
5.63940169891829
5.272190563541722
5.218008043880835
4.90108117816809
5.272190563541722
4.636210945491226
5.272190563541722
5.017342314104948
5.043223833538633
5.272190563541722
5.272190563541722
5.272190563541722
5.729227837088855
5.272190563541722
5.363972319230694
5.272190563541722
5.316010503484861
5.800662478788063
4.7170033889564476
5.365598993308349
5.272190563541722
5.857852184932261
5.025390018822009
5.259099145457034
5.272190563541722
5.340965098771654
5.962322968208139
5.272190563541722
5.272190563541722
5.272190563541722
5.0285605376723925
5.530593609639504
5.272190563541722
5.272190563541722
5.272190563541722
4.761267777981055
5.222989464639035
4.968323377728153
5.211764093966069
4.61762720550019
5.272190563541722
4.755600062529991
4.2611958199038575
5.84752319506321
5.104452819319277
5.272190563541722
5.272190563541722
5.454478949001434
5.72149122772665
5.36375975929705
5.272190563541722
5.272190563541722
5.272190563541722
5.3040381808312365
5.10518054082357
4.678746018973367
5.272190563541722
5.272190563541722
4.822844315176223
5.443119591023235
5.321185527567322
4.982092628936428
5.272190563541722
5.272190563541722
5.13013588675088
5.362419616881142
5.100153384330685
5.5391011698991734
5.670620093443063
5.272190563541722
6.0022616336589785
4.837324117350395
5.272190563541722
5.355951526042342
5.272190563541722
5.359541787967742
5.282377879466715
5.329008343732895
5.45609978447378
5.272190563541722
5.320315942689291
5.272190563541722
5.1413899592744094
5.858511303641334
5.272190563541722
5.686465690927298
5.0395414753416325
4.651347380195126
5.272190563541722
5.508072954168098
