1.5692137218572348
1.1075946024866385
1.4339948384175836
1.482062118819639
2.5105348390499085
1.8515080065909997
0.9781114803039261
0.8788535448747132
0.7863045835385083
1.3967488462877584
1.691327220675331
3.3183700737087927
3.7049488628199345
1.953647636383197
2.1438201351933834
2.1526963069378855
2.4342902207435477
2.699593026581459
5.20372408907642
2.6853336767755307
2.3200955742955207
1.731199785610341
2.510882812503362
2.50433390299616
1.4722754228593398
2.3424025720546586
2.0298222126459686
2.199296929269411
2.1198172968819318
2.2575156199068225
3.1455110646486606
1.9621993620763536
1.7768437841874531
1.2338744964661554
0.8877082435546142
2.0195866129724456
2.1630519423714363
1.912994447405589
1.2698326259590713
2.4799039749209033
1.708657475635666
1.42430155761099
1.675894577704642
1.4938281453736761
1.5301038160747922
3.026671932254095
0.2527042549832823
0.0
1.0381442582107527
1.7557824282358085
0.678988926242651
3.104384356516011
2.121965786491968
1.5955606608889228
1.840105086281998
2.2272601248077626
0.9766678966134941
2.316145145503036
0.8575525620394977
0.4045304554916387
1.0523334727860902
2.4091815979681157
1.3188926200426065
2.740250889265768
2.485081869180307
1.843780986021677
0.981003776727134
1.6205090164371247
1.9872095973872534
2.9038109492856155
2.1989631056611154
2.616642514039898
2.1209926669867247
2.141656338554104
2.174966554263906
1.6789848767439848
2.0087758099013664
0.8378173702093701
2.0303562452061006
2.2459654405232943
2.865215568210606
3.5396017841619725
2.667210854351469
1.497076107751794
2.463766502553372
2.452176019734746
1.6774151997790194
2.4371003351463565
2.4299894562202407
2.350405768488309
2.2137827984009686
1.5318640085304143
0.8797048853770986
1.2834902281281029
1.056334060140367
2.093113266720688
2.409717551311717
4.033358939750196
4.182422618362599
2.3122143605194445
