5.5266169726859165
5.5266169726859165
5.5266169726859165
5.626126636047918
5.5266169726859165
5.717540879043514
5.5266169726859165
5.97047181479517
5.3196255784133335
5.5266169726859165
5.5266169726859165
5.5266169726859165
5.5266169726859165
4.7827891887766425
5.5266169726859165
5.509236038824577
5.766013645395803
5.5266169726859165
5.5266169726859165
5.71924047879779
5.5266169726859165
5.5266169726859165
5.5266169726859165
5.5266169726859165
5.660939937449554
5.563343760482892
5.5266169726859165
5.4933026025678195
4.770048638192248
5.033052583334801
5.5266169726859165
5.369764175546333
5.290383310238623
5.256660158096347
5.5266169726859165
5.422518560084858
5.5266169726859165
5.5266169726859165
5.5266169726859165
6.083182700650632
6.17264016422126
5.888033703775164
5.5266169726859165
6.188176582065127
6.36493167857458
5.669131577487427
5.058568766816332
5.5266169726859165
5.5266169726859165
5.5266169726859165
5.5266169726859165
5.391048718027093
5.5266169726859165
6.1394429495414204
5.5266169726859165
5.08087671583192
5.871148429122645
5.414132046506655
5.5266169726859165
5.381267134885293
5.968348033427132
6.059915845873557
5.5266169726859165
5.5266169726859165
5.274118803727326
5.255183876702288
5.582912759057407
5.5266169726859165
5.611199092181691
5.283986478298401
5.240974549039674
5.5266169726859165
5.105601905296067
5.5266169726859165
6.086525731092472
5.510581375055645
5.5266169726859165
5.5266169726859165
5.526975111278707
5.397613674987701
5.568430257383614
5.5266169726859165
5.5266169726859165
5.5266169726859165
5.5266169726859165
5.5266169726859165
5.5266169726859165
5.5439738595231365
5.5266169726859165
5.5266169726859165
5.5266169726859165
5.5266169726859165
6.110131896414874
6.2662533243867635
4.908864807399812
5.273551361026281
5.5266169726859165
5.5266169726859165
5.563316778879888
4.908105990473379
