6.037989489001896
5.272190563541722
5.189026366642194
5.272190563541722
5.272190563541722
5.272190563541722
5.272190563541722
5.272190563541722
5.272190563541722
5.272190563541722
4.899617625926209
5.272190563541722
5.272190563541722
5.272190563541722
5.272190563541722
4.872913169371377
5.272190563541722
5.272190563541722
5.043223833538633
5.272190563541722
5.272190563541722
5.272190563541722
5.4222446521564756
5.272190563541722
5.363972319230694
5.272190563541722
5.272190563541722
4.924029219152206
5.901777012168115
5.365598993308349
5.272190563541722
5.857852184932261
4.973922760890888
5.259099145457034
5.272190563541722
5.340965098771654
5.427521576107502
5.272190563541722
5.272190563541722
5.272190563541722
5.0285605376723925
5.530593609639504
5.272190563541722
5.272190563541722
5.272190563541722
4.924406235938946
5.0051381803624455
5.7528395651779745
5.570090952282259
5.272190563541722
5.272190563541722
4.755600062529991
4.2611958199038575
5.044868384057514
5.104452819319277
5.272190563541722
5.272190563541722
5.35416478387806
5.043792931937707
5.36375975929705
5.272190563541722
5.272190563541722
5.272190563541722
5.3040381808312365
5.272190563541722
4.678746018973367
5.272190563541722
5.272190563541722
5.382395463698316
5.014727582345657
4.54991661416579
5.166797659107969
5.272190563541722
5.272190563541722
5.272190563541722
5.272190563541722
5.272190563541722
5.5391011698991734
5.602050730271239
5.272190563541722
4.854838886454957
4.837324117350395
5.272190563541722
5.272190563541722
5.272190563541722
5.359541787967742
5.272190563541722
5.329008343732895
5.45609978447378
5.272190563541722
5.320315942689291
5.272190563541722
5.272190563541722
5.858511303641334
5.272190563541722
5.376455443565132
5.0395414753416325
4.695468457605321
5.272190563541722
5.508072954168098
