5.311253088811647
5.1389372590921925
4.103593777845276
6.132220842188817
4.381141965844364
4.103368164846369
3.991075651167805
5.264717259623168
4.375615789414239
3.893085032041812
4.4739871920943095
1.653438322264639
4.60549169823067
2.578719992281064
3.7163774055486147
3.8098626636168427
3.382750174245555
5.198609920897433
10.5201551114137
4.7075706635409285
4.770178197363032
4.443553308216915
3.245971597302996
3.0316644111364077
5.589488302907352
6.866334219543517
5.923561894605239
5.8704335742497396
5.2804535984564955
5.113154413832037
6.121332565287345
4.218836309959489
4.0885938804996185
4.7602087812545975
5.6601397313142385
4.400192543217186
4.78247850116831
4.99555634751707
3.9283955673303073
6.434970167992409
5.4659087607879036
8.301319016793308
5.966925424297065
7.412810080454755
9.04774928930594
4.866651366637182
7.6399815529454385
2.0981053402306644
2.4068671038991147
7.58352083134648
1.4671952584637378
6.0194996432590155
4.289655262163409
5.512105024696132
5.406002721935109
5.51833923889162
3.8716704594788656
2.9960789124296747
0.9852678524625254
5.275620765803786
5.14652859976391
4.130824832276499
4.040499282623106
6.602753116065362
5.709653111914932
5.241315518226154
3.744623007303126
4.50835965583284
5.372023094858541
5.450633202628219
4.920206767298093
4.813186760886248
4.391169749648958
4.443409113976599
6.200202887143852
2.8957467423783285
4.408208262352686
3.874685416332354
5.410448145664333
4.954590475619003
3.4613773822773526
5.43303612964075
6.339842235201533
4.675402630135047
6.116295173855823
4.55624694152869
5.117650824921068
4.999377778572209
4.9228335210020955
4.639817165641372
5.208794226814165
5.242476031606765
0.0
7.116655912864628
5.257760040760504
5.6576876443604975
4.5347705615892675
4.354858758204297
2.938994509666802
4.302208119389768
