2.9565465709868888
2.6861823409673047
2.3829350391019153
2.8412337321761743
3.5518742674934103
4.067150207801455
3.08592740765582
3.541582522683088
2.6239660545434003
2.7713171350002033
1.9609031517210957
1.991278583795673
2.891136697874322
0.8805485270061457
2.108639593581513
2.5329838884212634
3.2388599644199005
2.054217806267541
3.2033538402201667
3.5330657151944536
1.7516793805069746
3.533563204494612
1.9401981907006074
2.755853561272028
2.3124964718388106
2.4552458573841367
2.279868266104557
3.188465063157212
1.8825561636530923
2.001887525111769
2.0951413736230515
2.2996868003964104
2.3104823823956933
1.1198295981479465
1.453495312673803
2.198583031755813
2.5112267734176843
3.1435736250016197
3.047187252382645
2.094098733346422
1.713744067097958
2.7955637815845154
3.617463348898241
2.066597712650149
3.9336697372561673
3.213169046139593
0.39133147675716806
4.7073834493846665
2.998130724665409
2.839005758411754
2.7380415936797515
2.3446342740383757
2.609455318925843
4.93859354118522
3.915784623153592
3.1890074618741737
1.7341549302780055
0.29574430253383666
0.0
2.704056874244347
3.051759387802676
1.3297462500853523
2.0896351578932166
1.934133938042427
2.5908785182214387
2.1997265204048064
1.497072560320936
2.698103247688233
2.4278221876674753
4.005703639476767
2.2381004242430236
3.635048107825484
1.8615691364194196
2.1067746507704017
2.4270813003775364
2.48914768418831
2.0862906451714673
2.448575803305714
2.5431950576173254
3.788385363143157
2.798973017016557
3.817041522055774
2.5583913025446585
3.0343671768578537
2.520321448757875
3.1935969987366386
2.3197844807887353
3.527010649511754
2.310587584449955
2.3040625873102463
2.4858019652600216
2.0482380543722307
2.498345941966398
2.0477671793707772
2.1245770464882
0.9311724172346294
2.3265853326330603
1.7819346968967409
2.172025659982353
3.167318578349195
