1.2391091809912265
1.4862166229488714
0.8913289336885434
1.810831079408868
1.725768776689833
0.4063147400445901
1.140914313861015
1.2373706307555024
1.165599603781073
1.311333301977201
2.1107776251327706
2.0822435129218024
1.3073342793895342
1.947953816625938
1.476097750887397
0.8287336875601894
1.9664916786878597
2.55489848260314
2.1954011512362035
2.3451600648306496
2.601883653360163
3.1567472883714025
2.505303370874966
2.128018634133541
2.6563521968782173
1.714363897038425
2.448868382223494
2.1091062219445034
1.8832542748195604
3.0310284545541784
2.4739474787130336
2.3196444212099077
2.0085734273477516
1.512312378564474
1.8507086765232357
2.1476075079286217
0.7952343172306646
0.739411934983573
0.0
2.2052813974588865
2.2715054302066644
1.76686512425057
2.5271031948146536
0.8200507334591454
2.1590204663063397
1.9600140669574135
0.8766776123027182
2.0331833273031665
1.4018435047485025
1.8445984197626009
1.1441879842994878
1.0420469892400352
1.640205756687981
0.7584984387080465
0.09668121651771222
1.8122381285307014
1.5626011194061133
2.3357722017531817
1.0980635389050941
2.4797247040766153
1.3489827436906154
2.1469525536888927
1.764113449368729
1.9649365341662062
1.0309703427864307
1.0901584769382562
2.292861558935872
1.709879909889368
1.3911535137372038
3.2178987478455108
3.1054345646489026
0.20847915373169368
2.4852647240909005
1.8284908931078991
0.6717314231860616
2.2137947446716324
0.729978831075758
0.5936004025978707
1.0976839592551033
0.6030646813454457
1.388494144298293
0.6567966759452544
2.6444672523836097
1.767603447938353
1.8378774913884088
2.228552783310273
1.5881210639849122
2.1469254184838746
2.447760474582987
2.4885558080903967
1.569259034659467
1.8493960076362532
1.569670458223782
1.26700447467007
1.9095249479277658
1.4944983097477245
0.725981932071889
1.0938455512961442
1.9279127642470764
1.72056262403071
