2.086541438655517
2.5454440413698
1.2032912165491871
2.019172950091076
2.409310038543061
2.029918675419328
3.321096422242356
3.9715457528345013
2.9928930684077706
3.6708910670119126
1.895586408414416
3.1595718692566166
1.805096629935738
2.502205582003776
2.4348798323449983
2.232609405641615
3.7736798172931185
2.8734750022462645
1.914221384167937
1.5011642348808203
2.4347169157290165
3.4435515140498554
1.0287748597722377
2.870322283477467
1.8803286133395392
2.1656200631722022
2.086592878310663
0.7650963535642479
0.0
6.406299813113646
2.7537964781915356
2.9871123239280575
1.4815616785707812
2.6879530026513314
1.9030070534280772
2.6102843035880814
2.2785193369047922
2.9916274600620865
2.0003109404776653
2.520687397153215
2.1645952815077236
2.248601191194722
2.730112821485527
2.8472741476307712
2.4158816737479563
3.1570958334359323
3.1468754382232826
2.0407584693326504
3.027308412118116
3.2118893331732514
1.8282305450637515
2.119047261606562
2.1638766264400675
2.2319054689246456
2.0613023103952197
3.1673358704090866
2.523603896581536
1.937525914475037
1.1570063990255588
1.7433627836349896
3.7438267793057007
1.6102275505466046
3.691062533042624
3.183161938934119
2.8909521711490647
3.11810699827738
3.645026511155735
3.557717383635991
3.553130729870462
3.8476603675337917
3.938759900565008
2.6431345201783123
2.8277227621840666
1.6998889273885212
2.9346317979279224
3.0218717176560546
1.9576186324827654
1.8112663946858993
2.395603243034967
1.2285826743417936
1.5787915695183365
3.648682428621549
3.0488032983687363
1.891780624474035
2.812717389629149
3.130870110878398
2.0623595298060353
2.6296945417215514
2.1383207389528702
3.1924619226529347
3.8066135407357873
2.355100744474424
2.2935527703380605
3.212385642736085
2.5891988024948045
2.89945822093969
1.6523362985585177
2.1330972712268994
3.1576357675725633
3.3900311538923376
