5.78456007731863
5.285934847457673
5.644360615742281
5.78456007731863
5.78456007731863
5.78456007731863
5.78456007731863
5.78456007731863
5.78456007731863
5.912433505936171
5.838566475859215
5.8583887943206925
5.94082895884152
5.915166942559906
5.827502272730433
5.751713320000723
5.772889298574897
5.876011181417852
5.78456007731863
5.5439697959978425
5.78456007731863
5.78456007731863
5.939787269551935
5.801704369866666
5.78456007731863
5.78456007731863
5.78456007731863
5.980550999060865
5.78456007731863
5.617435846418271
5.78456007731863
5.703055571778902
5.78456007731863
5.836689776620798
5.78456007731863
5.670818580085883
5.78456007731863
5.796949915968661
6.032744065962282
6.009967592502427
5.78456007731863
5.768003167897969
6.033570819081119
5.706486157735791
5.78456007731863
5.755143851917412
5.78456007731863
5.605519017533528
5.843920427843012
5.78456007731863
5.78456007731863
5.78456007731863
5.584214099634541
5.78456007731863
5.78456007731863
5.439021672801131
5.78456007731863
5.78456007731863
5.78456007731863
5.78456007731863
5.78456007731863
5.748042848854327
5.742934684766007
5.78456007731863
5.78456007731863
5.606717779314252
5.78456007731863
5.820553120566685
5.515784138980134
5.777206148906966
5.595072814933926
5.7170140419299695
5.78456007731863
5.863573078780884
6.204977517179928
5.816843498691515
5.78456007731863
6.107317321999709
5.78456007731863
5.78456007731863
5.78456007731863
5.78456007731863
5.846943580078747
5.78456007731863
5.396219203618946
5.529442440077002
5.973036551855316
5.7457139075941805
5.78456007731863
5.886649847004877
5.865689104152448
5.520300176107681
5.78456007731863
5.78456007731863
5.851694602867902
5.78456007731863
5.88056497286089
5.811896179564654
5.943953748980883
5.987917470020756
