5.726857436751326
5.691579950600508
5.84347683191891
5.872412200359676
5.9966700951160705
5.988054695210839
5.385040669141285
5.697834219390696
6.030902563754809
5.834112988160435
5.994710418471362
5.828656092747754
6.059463306841087
5.893958854150396
5.834112988160435
5.834112988160435
5.877759329667272
5.834112988160435
5.834112988160435
5.700549986251379
5.77800644696785
5.834112988160435
5.543634675569255
5.609991633960627
5.825940951498857
5.729211583416756
5.834112988160435
5.834112988160435
6.0126814093723215
6.249294842031652
6.027821820391475
5.834112988160435
5.834112988160435
6.003333768668304
5.834112988160435
5.846023347108195
6.217357651879255
6.270282875041262
5.817982015432529
5.834112988160435
5.834112988160435
5.440405467136852
5.678671711900893
6.3100770647273405
5.834112988160435
5.77308532995334
6.241361787104421
5.834112988160435
5.706526672670886
5.834112988160435
5.7236398607205565
5.834112988160435
5.834112988160435
5.834112988160435
5.834112988160435
6.264942475951012
5.720697595120185
5.680108693137895
5.564007566429298
5.834112988160435
5.834112988160435
5.870057125133631
5.834112988160435
5.760392657457942
5.7695555482555525
6.200914593384745
5.834112988160435
5.784631875527932
5.834112988160435
5.834112988160435
5.834112988160435
5.834112988160435
6.0933143362960855
5.834112988160435
5.817784958588392
5.834112988160435
5.814200131741252
5.75476507308857
5.834112988160435
5.834112988160435
5.834112988160435
5.834112988160435
5.834112988160435
5.834843652312836
5.579090410719917
5.923597889811981
5.881795904315843
5.663519161570877
5.714076471415153
5.610936243435425
5.75143714252687
5.834112988160435
6.137849367399481
5.941730508525611
5.834112988160435
5.834112988160435
6.054616750737614
5.834112988160435
5.635629022109706
5.7069905563978205
