3.274507768592974
1.982118490458748
5.6783978637605
7.809989549290819
5.466145073506631
3.5824715592891447
3.173035275122785
3.8451170137337054
4.449901607741875
2.7525634712718223
4.901412986896423
0.0
6.154920630593029
1.4917929950936504
6.470649676946031
2.4292912255104553
6.566223688573127
5.585080721029733
6.918983887737971
6.018151766935797
4.563187192005338
4.224435112119242
9.783325365175893
1.0136279764341394
4.417922079907312
2.950234607929125
4.87549775078958
4.765569027049585
4.486056024472869
6.123489575595679
5.57712682926248
5.822918128707648
4.197632977504988
4.208832624852313
2.445466294120089
1.6408430266087626
3.262264637775843
4.892128630879168
5.899021731905228
5.4690944327443525
5.5810102534388575
6.116386710273041
10.414613925946734
5.976849710925089
5.720080884957604
3.7852339069261527
4.7868453942899505
4.549085073016658
3.7071834192917343
5.811240312547348
5.6603791984169245
5.117821106855089
6.452989932106633
4.109970726263425
5.571263755936333
5.086318227829128
4.292908013982673
4.240582704756147
4.638431247247421
4.074575558697507
5.835653279514315
5.826724920248074
5.989934290531883
4.825238503625429
6.801348528195449
7.7503838909617375
6.108989522898624
6.1242266828985885
4.510521264458022
6.367277757409294
5.083145207505486
5.399270981200431
4.3883372154857785
4.80495403952396
4.539927946220509
5.0896598359067475
5.841505887802693
6.529368086057663
5.997780538321472
7.511626533680366
5.301020397092474
5.384998969087015
4.29510603787242
4.899264007488261
5.2123240468120375
4.755578527202778
5.1495561116841255
5.038806480780137
6.6636889560363715
2.2486634930376805
6.461610229519419
6.5496178611697395
6.320788362170576
5.201069196626684
5.33929967652088
5.095024664763827
5.571565948289631
5.096917338209826
5.418637844648428
5.565696751228685
