4.260297612989056
5.3502725357853755
6.015674144889109
6.641476325647986
4.530700767752838
5.056827171991402
4.0210948879984345
4.987561752133389
5.4927995879020575
4.784174422162193
5.713131780596097
5.062154253898981
5.879037207338177
5.465678023006004
5.0142919217392405
6.046056038399285
4.697162462198914
5.56312582843194
5.214002576703507
5.1765049981464015
4.623862473265804
5.836845637989695
4.972950714099104
5.804877042335942
4.509453815910606
4.432815450239622
5.268000946463768
5.831862111588893
5.1228750307054804
6.090228124738547
11.360718012702467
4.888424214918226
4.520829422595117
5.306224501076452
4.376542260895968
0.0
5.068512793160047
6.383276484232817
5.961668228840396
4.972747210612187
5.5616654602651545
6.269518171910464
5.634505383975164
4.7238622614120525
5.22089336760611
4.887512925628176
5.6274727758397205
5.167964650078371
5.4944266254145315
5.516011005599323
5.299675981214026
5.90695278512861
4.998846389794212
5.577481564009393
5.082268148208344
6.095936075001621
6.774012720196697
4.605271605157785
4.047252679644262
5.488311661601064
6.7991760627445235
5.163146102285818
6.294505376827546
7.19195487029536
5.69114974234693
6.455737425280346
5.278704639042818
5.8204560761890605
5.008193511583381
5.660157705125416
5.966130002048306
5.342506390438099
5.205953302815079
6.026789337972621
5.372000515315265
5.014555717656391
5.106593594256674
6.082045627638587
5.649181380970452
5.265594124011663
4.880752784368237
4.436691489552163
4.6829767286297175
5.343971217019458
5.878052192208246
5.336750264864805
6.047386793764069
5.937083823810496
5.650883527824382
6.329487670408567
6.326966850771478
5.916779571454132
4.767960787986753
4.553622160786155
5.055921691458212
4.901064546691656
5.610369262247823
4.519037949262261
5.667091215418658
4.83502471003768
