2.306867619594952
2.181160904798675
3.5968370239626406
3.6246964369912837
3.050426884555298
3.2127000773041887
2.381098084312245
2.9409727320331345
3.7422642765460443
2.0640645903516606
2.1721548065250587
2.8228131065635713
2.825228498144199
4.2140610872943665
3.743988841347937
3.3274243605561056
3.4935719093561097
3.03175544181985
1.6161193492151642
3.816248574789161
3.5236133992446463
4.343899264850272
3.600805677512569
3.336227191211064
3.086895537714179
3.3968441195401615
0.0
4.385904210597223
2.868674958946194
3.503815417114517
2.054470734712326
3.1564897917891237
2.4997396665503238
2.7254080606980415
2.7197416654895172
2.2508186156128827
3.171640793072119
2.7443903124247617
2.551404539942423
3.440402366044275
2.612459053290921
3.625949871568647
3.0535712605333316
3.345362819838355
2.3822593174644995
2.625680646566822
3.4225254415712216
3.0826503829667127
1.9684494583582919
2.653629250408675
2.498103217112553
2.835845756975609
3.92192222403284
2.25592795840977
2.907154848404439
3.5120639686314004
3.556901595805901
2.9898861831557357
2.195514939139517
1.9522292500194633
1.5856115255880354
3.54836364840373
3.862646030086716
3.806718969153024
3.877183163466068
4.589332299897861
3.7185290707886147
2.223776051658078
2.898389048388558
2.689540815628087
3.1141047265419806
2.9609311000877367
2.0495107685076115
3.789728307706192
2.997491056605307
2.4401221740696077
2.420426847613638
2.628821083269643
2.58546452185935
2.3027842336534983
3.1556682918211445
2.914525835007707
4.786161629385273
3.827739433559507
5.542395595903742
3.4022395403218413
3.59122620954858
3.350393592346961
3.293273315121094
1.9444481853006526
5.0711442921492225
3.8924548924385722
2.7330972349489633
2.026313466312167
2.775253168928471
2.624543933491428
2.780655741849781
3.004362727676283
3.4397968840714785
3.646206362341205
