5.2355962289640505
5.251725272401851
4.377031142740316
5.533859801087873
5.016920433120392
5.048535959763102
5.135596423602296
5.237630807545205
4.298367630469121
4.004364941634174
5.523213902218048
5.781271423255105
4.281140573958375
5.646314503798817
6.266564850305956
4.830155301805185
4.610594676625967
5.135596423602296
5.135868732684573
5.117556858900589
5.744425461874718
5.135596423602296
5.135596423602296
4.936234399611492
5.135596423602296
5.193947676656214
5.135596423602296
5.135596423602296
5.135596423602296
5.135596423602296
5.729985676661146
5.135596423602296
4.156914487757282
5.366549245321691
5.663756003792165
5.2975563444108875
5.135596423602296
4.918331202817878
5.064237131484395
5.736627785580948
5.135596423602296
5.3072843106761525
5.296270773047774
5.135596423602296
5.135596423602296
5.135596423602296
5.763475509986806
5.135596423602296
4.600022885103764
4.43667559071743
5.109439906016769
4.204515946805106
4.402641869114245
5.1785816072141015
4.762508976619329
5.404542602692007
5.135596423602296
5.1670977997491985
5.135596423602296
6.420376411401508
5.518921496969133
5.135596423602296
5.135596423602296
5.18575868358505
5.0422152427863285
4.586946781835151
5.135596423602296
5.463809573922775
5.135596423602296
5.135596423602296
5.135596423602296
5.135596423602296
5.231242131350529
5.571543059235037
5.135596423602296
5.135596423602296
5.135596423602296
5.160523133168482
5.361876102793504
5.135596423602296
5.135596423602296
5.135596423602296
5.135596423602296
4.667749865143988
5.460933627017031
5.135596423602296
5.135596423602296
5.135596423602296
5.135596423602296
5.5967396439499835
4.61208330600498
5.135596423602296
5.135596423602296
5.135596423602296
5.595974254522
3.988007540025005
5.135596423602296
5.742679602682696
4.5671175119801415
5.280683420095152
