3.839528933026853
7.899425606492663
1.7211910338159213
2.320843175693326
2.909067416821414
4.498192931188361
3.867688754149918
3.7955712368305123
5.5316265347683595
4.7038514202675366
2.1045917182829554
1.8482920841207298
3.056208882431893
3.08061290858203
2.400090490499493
4.590650102642355
3.6472392022182807
4.32176735604684
4.619060975262513
2.6139256201047125
3.363000016936173
3.6091377807044758
3.1737517309911647
3.5442990416266826
3.986117104375997
4.75881221560717
4.12802661499461
4.832207051192658
6.279488946918658
3.1794998659672786
3.3888569210856216
3.1397583535630873
4.581479835229086
3.9479716227330828
4.545398808558016
6.785596461843609
3.8354123175558437
3.406213788596305
2.9489020805375357
3.169500768750096
2.951183640556623
2.93660294133685
2.594675674353981
2.0761418691124773
1.458657403762607
4.634119941885221
2.7631344743444846
3.6456938736205604
5.897701235688146
4.376059462780642
3.6179271564110485
4.357837959744543
3.0621366657380005
3.2162162336065316
3.779430682543398
3.681359296343258
3.871974163379831
3.7096597969565126
3.72626258312375
3.842672627882736
3.6118172382141216
2.062660322265091
3.2252424250364555
4.095338716468988
3.0420157052305945
3.5162551670913325
0.0
4.003255184030791
4.371764358659666
4.45582019173169
5.792930717571991
5.146220596378816
2.9403534529468445
2.1322188499491763
3.242960446343974
4.931649951912804
4.622411918956544
7.302792256576339
5.838602194829983
3.6233065230147505
3.1678731357052303
4.789115890795312
3.2503496475377336
4.0380201110638385
2.85124581308043
0.22277892356455942
3.031947613677771
2.027084033063866
4.5919920528914036
4.310544069638537
3.021132369188203
3.191843119481199
3.9317668006492834
4.872195946277329
3.984606018745738
2.7736146243918114
1.6173087288698218
3.677341109137635
3.4445161703548375
3.226585496585952
