5.7615181933298345
5.522276935989687
5.839517232376419
0.0
4.390047398167324
5.811883684061905
5.680634039198097
3.942293238337882
4.267728932812482
5.899112303621486
5.000137842702005
5.093645477427986
4.505710223164984
7.055150932021672
5.505111759456136
5.097660508548737
5.780946941114277
5.290611716172166
6.223754177813848
6.18671908680985
6.448379853652728
5.317262182402468
5.270167788723422
0.8510669809850082
5.1589260577999125
5.4698566121892
11.304448130327849
6.257950980391504
6.861892117418694
7.05900021307923
7.421201475056098
5.579572010077872
6.457535682490958
3.9868276046481674
4.891323095405121
7.1981083299281705
2.6358765237349804
2.6647771686691906
5.226312543216006
4.871690992526002
5.380525268353223
5.917847317175131
6.9206965693407865
5.342207419154037
1.8108970807071576
8.762201334237933
9.461007993902689
9.62809936648192
5.166344988345147
5.482745046030274
5.40086741457975
4.781988000714254
5.861869545016793
5.004116308809242
4.781355407422259
4.775067221462311
6.865913402151004
4.609919674983076
3.0349103874410837
6.120429044358204
6.323443608474638
8.170322794441113
6.342732603738457
8.145500462460877
8.224280085262583
4.63993815648856
6.0972347516671235
6.349147388638118
5.098460417205541
5.60414769346471
5.844712741052483
5.3832137716262185
5.988145622133544
5.901362793783591
6.3399684731512
5.719768414084105
3.3958303050576175
5.470294978291532
7.014580118416406
3.718378308945547
6.139195295215352
4.83979164720609
6.358882443202331
1.651470364415141
6.901033683611573
0.4158500112454959
5.5716799774280705
5.985387476726009
8.535328485919575
7.8389616106898234
8.351835031940386
5.76518070174004
8.318596822318243
3.969868762044442
4.4893616876958085
5.93988483851401
6.096244147209285
5.760036496682837
5.559156673472945
5.030782979935043
