4.755865095385063
3.269697985187827
4.602806967589928
3.7719933542056214
4.04761595704649
3.9213589910868833
2.8404820579211614
3.5551524642066803
4.8734492972481736
4.969901831935722
4.470155137361256
7.0317504374026445
5.104880802063767
5.1473921072541
9.17283786380564
4.940037991966084
4.05644156131139
3.8224633577813316
3.4104155656667228
2.4791762270543374
4.813059362709996
4.0579858702268226
3.8877604518808826
4.545756642585305
4.689628128853295
5.507877498030712
4.208009809381983
5.362423534658995
4.562023589129904
10.462656312629917
3.9057641520109794
4.765596637476376
5.263271861489618
5.708825798131979
5.027733759138622
5.464243034359036
4.104783753484677
2.9724482019988514
3.5331274977814955
8.25569691430734
4.522611215644656
7.223907197888368
0.0
5.215927668785188
4.427126460591044
4.618839946524099
4.5802288290678925
3.8826811515020894
3.6507457963585948
3.9966298895940984
5.486747903220502
4.271027812222008
3.66169386110135
5.089953930095414
5.030903114377097
3.9230344166999878
4.11724695678089
4.655312159695055
4.960827781281903
3.3983502567020096
5.2761574184698965
3.356149999045109
5.364513080093818
5.800000104833168
4.915734664234316
5.298513779831794
4.986548088543139
5.2684222281812065
5.3131207444665485
2.6050041600918807
3.8618589496082434
3.8123511845163107
2.905028852702096
4.139510410721177
4.1396144903478795
4.333163756378244
4.928860793090941
3.2348923029089374
3.386331145670794
6.910761242210505
4.38258876642005
5.2657855866132355
3.807564039279484
4.831230427332161
6.7812736911695515
5.258764535448487
3.338801074857293
6.9831885997715855
4.743301526590462
4.8793079701199975
5.9176611695527
5.02200989169471
4.842080900924562
5.104427519127661
4.690901193345117
4.844757765362763
4.614836725008833
4.124245200686245
4.296595816247093
3.4828360314633295
