2.881536086179458
2.806228966059492
4.870859563342994
0.0
3.713773098212963
2.9250618133772632
4.337821142002151
3.7655126451317313
2.8069624469280297
4.420549915677398
4.65180269746031
1.0541029910286506
3.498253307291722
3.6702338024791086
3.6114986164596963
2.784505372534537
5.509045776676787
5.647530025398934
4.062498733241911
3.036443226100303
4.089169279908598
3.732272597603768
3.7642913616004647
3.0017199929301523
3.5151949640460356
2.906371270305246
1.7374765956480278
7.2273276846954095
3.5898599788043866
2.011818353440761
5.638299969026977
4.031186275855947
4.0330582773058765
3.6789626527652475
3.580833757895905
4.298147113537325
4.290617982545096
4.405577148925206
4.165215969853174
3.7450813136293406
3.4914780733317907
4.126097592638141
3.685117112428781
3.329917845516704
3.426337175752415
2.846551273022859
3.3427296264739694
4.407915903153805
4.6573104658817535
4.110980988548977
3.1933537582199976
4.096891728262033
3.130266082156407
3.9745723244210613
3.952492162852343
5.338602523598189
3.748008156500556
4.515496519440305
4.927917969236903
4.006921995008957
4.457375569408992
4.644077402180334
3.4551545628494544
4.187160530134227
4.65031575897623
4.107531714627135
4.43745314664125
3.4143703872476654
1.5507264111425232
0.5891785234943572
2.8646012175919386
3.395483280465768
4.098214221142575
4.214271482571931
4.033255876818066
3.817573922463144
4.945030840547219
4.618232222950775
2.76252758659822
2.991718928588628
1.7706700135002749
3.509743073562561
2.8612225156693136
2.47755061402702
2.841528689535226
3.611630817721843
3.8567505786304053
2.52551201331252
3.4930046435276125
1.6383559392151859
0.9628262976767545
3.8688440496488568
3.2076545730277872
3.212312474755387
4.196039788080197
3.4603174850662013
3.771773655632081
3.199714633814076
3.927397117519733
3.7525675628751944
