5.878576706724924
6.321943036485449
7.9430789809751525
5.449715480795893
5.298304304143764
5.798871624119622
6.555413288181162
0.929924015246633
2.0825336177428087
6.534836430175367
4.902209850893096
4.325964785898249
3.493265526330473
5.517453709814233
5.9257732277406765
5.45065540530866
5.718131463670219
5.030440846901339
4.673927501300808
4.976487357693026
5.590601525535906
5.613426375411951
5.36986081995277
3.3866212449270527
5.972780922425225
7.879340903014838
4.073471192202157
2.2385776900898415
5.329694474448695
4.416618586938856
5.6725748515382834
0.0
6.1871315636040185
5.7336873951860285
7.75437734715504
5.700717215755904
6.099860051693794
5.4453944824503715
5.675258848690951
4.401139312537654
4.614214628440416
5.882636691663449
5.618488408011366
5.858170243056248
4.866156372708671
4.898236945141736
5.249616957374478
5.793561022902741
5.969813047868564
5.558248329011098
5.586727522025745
4.989057965469922
4.670674615883332
7.1506394684603185
5.093403739288103
6.835979079030907
5.627755489054662
4.605828843281104
2.8761540893713073
4.553113966381812
4.035283530864408
5.586636858517828
5.140004792116144
4.019895145265869
5.651698391550116
5.167460932095302
6.032323514436205
6.785403346163079
4.993794154770789
6.506071215919908
4.778693866999868
6.06856539283187
5.80815770738685
7.074734738265574
4.95739113841389
5.223409405207991
4.867052930792214
6.014103055522256
4.65700438100938
5.910294210783352
5.286632461278192
4.688907106632161
5.7462282039508175
4.166195763452963
4.1054906658434955
5.094476148074845
5.37767147777292
4.273100770693694
4.720497302232529
5.780567242133535
5.735660429277136
4.377069258900395
5.407522699791336
4.167040859033094
5.5772161715142285
4.197016932666416
4.17329602633379
3.1680561696584117
5.863313094290833
4.664440178307281
