5.894844433479902
5.894844433479902
5.754644971903554
5.894844433479902
5.894844433479902
5.894844433479902
5.894844433479902
5.894844433479902
5.894844433479902
5.894844433479902
5.894844433479902
5.9686731504819655
6.051113315002792
6.025451298721178
5.801597714593775
5.894844433479902
5.8831736547361695
5.9862955375791245
5.894844433479902
6.020221232966696
5.894844433479902
5.894844433479902
6.007098645569682
5.911988726027939
5.894844433479902
5.894844433479902
5.894844433479902
6.090835355222137
5.894844433479902
5.727720202579544
5.894844433479902
5.894844433479902
5.894844433479902
5.894844433479902
5.894844433479902
5.781102936247155
5.894844433479902
5.907234272129934
6.143028422123555
6.1202519486637
5.894844433479902
5.878287524059241
5.894844433479902
5.816770513897063
5.894844433479902
5.865428208078684
5.894844433479902
5.7158033736948
5.954204784004284
5.894844433479902
5.894844433479902
5.894844433479902
5.694498455795813
5.894844433479902
5.894844433479902
5.69320131645342
5.894844433479902
5.894844433479902
5.894844433479902
5.894844433479902
5.894844433479902
5.807380393194789
5.8532190409272795
5.894844433479902
5.894844433479902
5.717002135475524
5.894844433479902
5.930837476727957
5.626068495141407
5.894844433479902
5.705357171095198
5.656981202393546
5.894844433479902
5.894844433479902
5.894844433479902
5.927127854852788
5.894844433479902
6.217601678160982
5.894844433479902
5.894844433479902
5.894844433479902
5.894844433479902
5.95722793624002
5.894844433479902
5.506503559780218
5.639726796238274
6.083320908016588
5.855998263755453
5.894844433479902
5.99693420316615
5.97597346031372
5.7587961355582085
5.894844433479902
5.894844433479902
5.894844433479902
5.894844433479902
5.978263171711925
5.922180535725926
6.054238105142156
6.098201826182029
