4.61488499517217
5.546157416049596
5.212988931842915
4.933931792102635
6.2528652899930615
5.818886521676843
5.181947048100072
6.0376951237248
5.378228531400934
6.174642621194549
6.9715264431433415
3.988830824867701
3.7278313257982925
4.121722585230112
2.906375871826697
1.1816706625300437
5.329522136035275
5.336728311580396
0.0
3.286251908829861
4.5199611536485715
5.045445975017799
4.896787733316859
4.95636871941297
6.119285597503898
10.634739285762196
5.064039296749007
3.6861783492350804
6.099386487324442
6.503057500860825
5.50729173949853
4.494247476293694
5.538655687236722
2.7873378613686026
3.935918541499552
0.8306503111725689
1.870327548533652
3.4282585870704247
2.7608965099424605
7.408385284512529
6.514643192464716
4.018612044949338
5.359669556147512
4.564845814200074
3.8661380194645907
5.0932366649694805
5.3110953476053755
5.32521310713177
5.60710819971223
3.2710262902509575
4.315000624906332
4.195394747115095
6.111468716491667
5.694233310825792
5.925261185089458
4.378904352736416
5.311027098558856
5.858848382941371
5.105728976145767
4.967865608397399
4.68265317246008
5.659514354240676
3.3263024689073815
5.934951967354788
4.192004830359107
4.358457086868732
4.999848268278321
1.183555255050222
2.94066408291419
7.337650252659162
5.828389481403116
5.39115495858969
5.483034105476744
4.8846208712818315
5.298569457464232
4.215536897395145
4.760313735951623
5.944658402889342
6.325250408266266
4.461949509495962
6.987119777064662
5.776361465060904
6.153206023175061
5.727352385404595
5.295130206647636
5.5726779993448226
6.550491193182414
5.137645060848618
4.40766873668641
5.587637766732227
5.911884606219722
6.378162436765939
4.90630412772898
4.867422590514476
6.11615205299114
6.032760394259329
4.355662741478157
5.837569967919144
4.33609095327332
5.261324867395615
