4.68787834656358
4.612571226443614
6.677201823727116
1.8063422603841222
5.520115358597085
4.731404073761386
6.1441634023862735
5.5718549055158535
5.5685805789914875
6.22689217606152
5.0526551057289275
2.260101982837429
5.304595567675844
5.476576062863231
5.472302122071376
5.930354614464414
7.3153880370609095
7.453872285783056
5.8688409936260335
4.324525314840134
5.7177821988989415
5.5386148579878896
5.570633621984587
4.808062253314274
5.321537224430157
4.712713530689368
3.54381885603215
9.03366994507953
5.396202239188509
3.818160613824883
7.444642229411099
5.837528536240069
5.839400537689999
5.48530491314937
5.387176018280027
6.104489373921447
6.096960242929218
6.211919409309328
5.971558230237296
5.551423574013462
5.297820333715913
4.893646590053237
5.491459372812903
5.136260105900826
5.232314239063547
4.652893533406981
5.149071886858092
6.214258163537927
6.0516379304567645
5.9173232489331
4.999696018604119
5.903233988646155
7.2707813788576425
5.780914584805183
5.758834423236465
7.134967985794714
5.477457726042894
6.321838779824427
6.734260229621025
3.8428074565976993
6.467574881740158
6.450419662564456
5.261496823233577
5.974394688702739
6.456658019360352
5.913873975011257
6.243795407025372
5.220712647631787
0.6344710132738696
0.0
4.670943477976061
5.038059012550859
5.904556481526697
6.020613742956053
5.839598137202188
5.446870711022516
4.013796708443146
6.424574483334897
4.568869846982342
4.79806118897275
3.577012273884397
4.576792234313798
4.667564776053435
4.56529724753658
4.647870949919348
6.773455561520143
5.663092839014527
4.331854273696642
5.299346903911735
3.444698199599308
3.6950387689939674
6.179484278681835
4.409012897022917
5.018654735139509
6.0023820484643196
5.497996946469912
5.886339465226902
5.006056894198198
5.733739377903856
5.431536083309042
