5.554813603185398
6.655246777567928
5.300744068591033
5.300744068591033
5.657007596920234
5.300744068591033
5.814328211927105
5.300744068591033
5.094985257042737
5.300744068591033
5.601627614705803
4.680164790322397
5.300744068591033
6.013188818800909
5.300744068591033
5.629919069962414
5.300744068591033
4.980926288793125
4.31830283000248
5.223717420395786
5.300744068591033
5.242873531031275
5.3493149513518095
5.531454608086944
5.22153366432783
5.300744068591033
5.26242890815796
5.300744068591033
5.300744068591033
4.7128855215711045
5.824228789767041
5.222255542938982
5.678654134042551
5.300744068591033
5.2560812005037985
5.594354059890467
5.300744068591033
5.300744068591033
5.819854355963406
5.6433193753819
4.861175386589043
5.300744068591033
5.143317384099571
5.884111944601759
5.300744068591033
6.141668857807005
5.300744068591033
5.300744068591033
5.564738849225588
6.196889139191397
6.032417289617471
5.300744068591033
5.300744068591033
5.300744068591033
5.300744068591033
5.788100225036163
5.300744068591033
6.004163994556823
5.300744068591033
5.581787713598913
5.784080842115964
5.389410037910288
5.5019642582340955
5.216294005355068
5.300744068591033
5.300744068591033
5.300744068591033
5.300744068591033
5.293329624697924
4.987176364134918
5.961681633699595
5.156667885589735
5.300744068591033
5.300744068591033
5.06215022847326
5.287955006791664
5.300744068591033
5.638093040747449
5.300744068591033
5.372993333426171
5.300744068591033
5.72795810140034
5.5848558853619625
5.300744068591033
5.060266702641058
5.044428268630499
5.300744068591033
5.300744068591033
5.921959508317922
5.728103817224368
5.300744068591033
4.57528342298493
5.061211703584603
5.544863705905636
5.49433670822945
5.300744068591033
5.300744068591033
5.300744068591033
5.7140543437298845
5.968450962990767
