2.7227907481640568
2.7026659171376113
2.2563448216352713
3.78555558517348
1.8471541509579594
2.9948493589708534
3.388948530800234
2.491755416614866
3.04921008936719
3.4010319667372717
3.2125063098611992
2.4325287228087458
2.583522614532451
2.1786406730024144
2.0594802758216164
2.5710341225952806
3.2891871004089888
2.8561909943474837
0.8218600723537017
2.7588276096053606
3.213325598929357
3.6499006414143293
3.371884980547891
2.6303178582037803
2.5635791028435966
2.094758881776791
2.187915959880346
2.0828143779263666
2.3995835708329345
3.1037703469502618
3.3960836903801734
3.017222974604955
1.7240895159211282
2.3813064531089934
3.1820184384880377
3.2252679680605363
3.0318637824734953
2.0207757665388506
3.0411028225575665
3.2079898084870853
3.3131206946155465
2.772118344998699
3.57688764608832
3.1674831028208983
2.174367904553597
3.9589788079710484
2.9684596971738157
2.2168179207380945
2.8580859302030404
2.339765278469859
2.1111633489610804
3.082632296244845
2.0493510920595432
3.124988046866333
1.2913650945146513
2.4280461054742273
3.4215761676504917
3.3159880610115766
3.0135317466125846
0.8948867797525892
2.5330029044631566
2.480724582821228
2.5903540043135878
2.317992112913347
2.158574372086266
2.719126722212835
2.986208924788472
3.095287935636013
1.957050400210974
2.7076445362128085
3.102245206292748
1.7728719489270075
1.7709833242690616
1.8417295277438337
0.7297099753286491
2.1024556914478127
2.658743386712563
1.5449050466189704
2.365051248094172
2.463517567846842
3.9176719763792103
1.8652248658767308
2.12857168314089
3.5076616574246566
2.4792802002258285
3.1313661781046487
1.9519924041686367
1.6873659360760054
1.352735884784864
2.841970206568176
3.462129528434497
2.9118929623303558
1.6741971778202327
0.7613932115859015
2.1668249622879534
0.0
1.8836488157854108
2.0384814167599608
2.3022081248937054
2.5479958203539774
