2.416032172427109
2.2437163427076547
1.208372861460739
3.2369999258042785
1.485921049459826
1.2081472484618319
1.0958547347832672
1.2552499917324433
1.4803948730297014
0.9978641156572743
1.5787662757097722
1.5337312362679332
1.7102707818461331
0.0
1.9421113992423797
0.914641747232305
0.4875292578610173
2.303389004512895
5.703905298910377
1.8123497471563907
2.8942808394207673
1.5483323918323775
2.669637654401772
1.3914312297786693
2.6942673865228146
3.971113303158979
3.028340978220702
2.9752126578652014
2.3852326820719583
2.217933497447499
3.2261116489028074
1.3236153935749506
1.0743024112046866
3.015759970968599
2.7649188149297013
1.5049716268326478
1.887257584783772
2.1003354311325326
1.0331746509457695
3.5397492516078715
2.5706878444033663
2.8325345046909645
3.0717045079125267
3.9433353139426144
4.705134243750621
4.1433866731611655
3.961230834949092
1.4661209324497468
1.6009836479775386
3.5781842467665976
1.5741690113468154
1.8887307536315043
2.7664390089038955
2.616807133258218
2.5107818055505713
2.623118322507082
0.9764495430943279
0.10085799604513679
1.1893861869635929
2.380399849419248
2.251307683379372
1.2356039158919616
1.1452783662385682
3.7075321996808235
2.8144321955303937
2.3460946018416156
0.8494020909185884
1.6131387394483023
2.4768021784740037
2.555412286243681
2.024985850913555
1.9179658445017107
1.4959488332644195
1.548188197592061
3.3049819707593135
0.0005258259937908072
1.5129873459681487
0.9794644999478164
2.5152272292797955
2.059369559234466
2.6942211267902545
1.5129254045890428
0.38175836443936184
1.7801817137505092
1.4661414927894896
1.6610260251441527
2.2224299085365304
2.1041568621876716
2.0276126046175573
1.7445962492568334
2.41500563587013
2.3472551152222274
0.20444122204639847
2.3127293002104197
2.362539124375966
2.76246672797596
1.6395496452047302
1.459637841819759
0.04377359328226449
1.4069872030052297
