0.0
4.8145221128431634
4.819580625282781
5.688097390273451
4.199949737638368
4.5548726283271845
4.56158148463363
3.784569299014281
4.706930509756905
5.469112400107576
4.856294835147299
6.300841228008765
5.574603615894224
5.576565156803563
5.632106922699105
3.162448402844153
3.5525054659314277
4.803092305462927
5.632660397897514
3.8864767476994757
5.4494344432238755
5.63014598787794
5.933563927526244
6.603218272549729
4.605403464209885
5.182398006154545
4.0335646197780015
4.869350783209738
4.56937070015059
4.875396198434943
5.499175112716578
5.4487435409075875
5.252722455770607
5.4486778623082905
4.847835452911818
6.040321149423166
5.279497511379292
5.867130724062359
5.095472608045872
5.906253941574876
4.904511401637077
4.284636539656853
5.113914146974907
5.436378276776611
1.8424034522771642
4.684839247874509
5.710670420778825
7.254792502670643
1.9132953704078655
6.933140567494156
6.182966389792431
4.752225980498821
5.144895670360972
5.725478913433838
4.673534681894207
4.4097364814644635
3.005468271252243
4.9879526357259705
5.1077599355854675
4.817548782749694
4.004982234294268
5.1566290972124005
5.474261611938775
5.178312897991574
4.938478675472924
5.847583989205345
5.5779336154962635
4.177871110177394
5.314521749362039
4.89890559508151
2.7559885351475177
8.81881239480741
7.170361532706378
7.264798248993731
3.535985424952583
4.123131660973853
7.038299954546183
4.671151053306202
2.3777948482161095
5.398754564886609
5.5271620021464525
5.078223526453305
5.008464793218808
3.5918984414337807
5.411188765844627
2.96800075336437
3.0697231131445664
5.670268721581017
4.674929687365466
4.96732086580415
4.422698595450914
5.704397535430993
4.755463683614941
4.770777364522159
4.634538225743465
5.640993480968014
4.932789652190906
5.1868756957237725
4.999560273009683
5.064467464663073
