2.271360167298413
3.061288820982885
4.710060698909519
3.6623738418475944
3.558879620155267
2.148886950314091
2.655036650545487
3.614764186409851
3.0384229037669876
3.7090243524382998
3.3282980674432485
3.388384219381853
3.6735638489976385
4.261504256451156
2.79410403427968
3.337648381610445
4.425112598669192
3.0763091706847283
2.1478053664543086
2.4644309150132804
3.17958428941922
3.863942982098045
2.8074057427053187
1.988103131520203
1.6194769303663983
1.9427625607180121
3.9256601885346605
5.439742133858736
2.8510540964410214
1.9365263881199406
4.270511805041668
2.1296682603258876
2.930505737608237
0.07661467656439624
3.3177579838120463
2.3702274204497833
2.815161316927958
3.7633398537651592
2.07325009366991
3.7856742961432706
1.8581579166644695
2.7619511894658006
4.2142539356366235
2.0745835468788383
3.860162040991911
3.334679214998679
2.623638898464741
3.4803319287153447
2.3776825097113217
3.013242201447781
2.9283358448965178
2.7365337822114517
3.716404070489276
3.3319180896697436
2.5120704038362365
3.3659150831810014
3.3737976764530497
5.913808305547034
2.594459403017277
3.335222456098852
4.143689435952
1.986293195994783
3.5752697569052825
5.303392789604235
3.4062660643810316
2.5300259076288785
2.211492590330112
3.316637277178671
3.5514051224775787
4.1598870194143585
3.521329146900002
2.2711336375030093
5.111530442766991
3.70129760917721
2.404843555742417
3.295218981464067
3.233810627490489
3.7865745612959905
2.982848002825314
3.5100131383691613
4.015240620159742
2.9673389425984804
1.8884366434532085
3.3058188528159693
3.9574294557267597
2.9347466951281946
2.9114680825713997
2.6555864715674082
3.8164403976502337
3.361575219530581
2.897315279075573
2.9589666436530826
4.54671685000905
4.93957743536276
4.955816188834696
0.0
4.61963156963733
4.438190100153806
3.0375503461349505
3.3867324324373405
