5.576429541074452
5.780406498720334
5.552223925899354
5.552223925899354
4.826426403427227
5.709837054035745
5.3961689277100024
5.552223925899354
5.735745319417521
5.552223925899354
5.552223925899354
5.552223925899354
5.552223925899354
5.552223925899354
5.552223925899354
5.177490461511126
5.816698010486423
5.680022505806857
6.1227106717385755
5.840039784083182
5.552223925899354
5.542843239485243
4.85922481127385
5.969731609776931
5.552223925899354
5.764459965372252
5.552223925899354
5.664513358212778
5.552223925899354
5.70654738779843
5.552223925899354
5.918273405885399
5.552223925899354
5.7003373965482425
6.02690535757438
5.552223925899354
5.787986499497935
5.9743375450481135
5.552223925899354
5.436263198469703
5.774223172267222
5.552223925899354
5.552223925899354
4.821262544619122
5.51690823748811
5.552223925899354
5.338107212281549
5.452867540965441
5.552223925899354
5.360617302085715
5.552223925899354
5.552223925899354
5.552223925899354
6.022478988617518
6.250236028912266
5.2876623894252806
5.292686296437786
5.723897830985365
5.552223925899354
5.552223925899354
5.552223925899354
5.552223925899354
5.552223925899354
5.552223925899354
5.552223925899354
5.552223925899354
5.552223925899354
5.4712195645066295
5.552223925899354
5.552223925899354
5.688710325731239
5.552223925899354
5.552223925899354
5.552223925899354
5.552223925899354
5.552223925899354
5.241906207553008
5.552223925899354
5.724994154051895
5.552223925899354
5.493677506558292
5.846603075142262
5.041751965906034
5.526567264431733
5.552223925899354
5.552223925899354
5.552223925899354
5.551371226183916
5.390401167768492
5.552223925899354
5.552223925899354
5.518083163191113
5.95324155253601
5.552223925899354
5.145163639856461
5.3893900934346135
5.85449568227609
5.552223925899354
5.970288671309088
5.552223925899354
