1.3916922488150476
4.200981007364609
2.348578014111625
0.9538345470784719
2.758146221124144
0.0
1.5436887074247334
2.648741138137994
3.5013412135372475
0.31089235270298854
3.051500349665705
3.598837251381626
2.391468181466935
3.3880710434761525
3.5285764003976445
4.167736896643106
3.544811239464549
3.5866610773764322
7.761292526888649
2.399928098688755
2.3559759583431883
2.994881474988671
2.568585550133444
2.5939877917284133
3.751834206876328
2.2354011297018084
2.2554613178917684
2.317259661855947
2.2500198734484367
3.0666073078271423
2.5001439426837555
3.0840110243959025
2.552956474639933
3.34705762424728
3.2914382257346326
3.3489135249749857
2.56262840454102
2.6510372796263604
3.299129981416867
3.2630052721762217
4.389758499436134
6.676830131975602
1.6091161237620228
1.7736679496939798
3.7180414595842
1.9022459954627347
2.0538128542847827
2.9517413613191827
2.774786769375143
3.254030156827661
3.3455294735760517
3.5338651228642277
2.9678753168194305
3.1538431435517076
2.9060287950247345
2.560914606192616
3.59596478644712
2.9704157335149732
2.3002694327183972
2.153619507598493
2.4369433514276997
2.712033383692001
3.4420254662423106
3.2356880773921923
2.5049772412305797
2.296769734568923
2.6757392880094573
3.496790198441267
1.7465312082955253
3.1122383193186782
2.924319106801006
1.3433831609937368
1.8129673792065755
1.9565537785917821
1.2870994396775672
2.2327705386584418
1.8848597023719162
0.6602384330643605
2.5700709876003325
2.8382927142315437
1.9182333686904176
1.5017566033142173
2.0424107585951368
2.9735251677779484
3.0594900230670956
1.9340938243070687
3.3696860856631132
3.2576684058291647
2.3000000236840106
2.742899474499136
2.7372557268478603
3.5757005870231087
3.0104709527647042
3.2212708249326423
3.219878801646128
2.107539024604471
2.262765319656384
2.486053139456031
1.2506613078936453
1.4848861490838057
