2.8991997756845813
4.2591163470800835
4.494154455651904
4.406589881799777
3.3219412286785692
0.0
3.8920024463086262
3.2489678861561924
4.034188176132355
4.176946766375535
3.7692978601849023
4.6056995812874435
3.3721441945737034
4.485015221723125
3.0279974204310762
3.372440597664533
4.495891883147859
3.672491321393706
4.275396086092856
2.335429436126802
3.6075108119385777
2.578038971154357
4.249974056408222
3.584524673814042
3.118822793129574
3.6754644928318987
3.920415756219667
4.349300775948172
3.1452033220395466
3.612521262934708
3.970900159967381
3.1367259814227615
3.249633983538791
3.4964483038122802
3.757209704258285
3.1433224321447493
4.123908817782931
3.075696456010758
4.014500986381399
4.0417696831113314
3.7848267958712567
3.1113336594430563
3.1264521178718345
4.507021492457042
4.141512913920452
4.118611629029758
4.74613859756869
4.47484005417947
5.265449014522367
4.394309440297206
4.480499865737214
4.472747315602302
4.719414012481655
3.6005219530965937
3.7013147772067447
2.768448064355105
3.687313764858949
3.9765026079957533
3.8666273887347917
3.8267695683283125
4.790191185578531
5.346201507867125
5.008456235551935
4.059897600892219
3.36706511843354
3.8356728341398116
3.1730500801927164
4.408311434950407
3.8531191924074717
4.406098038198956
2.9941407099600497
3.9996217421931415
4.090088547781908
5.084496817683144
4.73869632437692
4.118928703263668
4.0712188275414745
4.62032444397352
4.130603052821821
3.261113070667608
3.633679593572459
4.110972556371919
3.1549645929821435
3.3511850421456066
5.091096051244951
2.9248388525141116
3.7585297592811817
2.8738260014125148
3.25690742620812
3.3933778832533035
3.442996361509505
4.402805736158028
4.44285555315833
4.538258203112338
4.258064454145536
3.6647232173053563
3.6290424365680756
4.273844429381037
4.138403885322559
4.198795275786983
