2.967767695243161
3.37872894377669
4.316113151824331
4.480961181059741
2.713863674681913
2.9078923460301476
3.5650561531083467
2.839320451118074
3.6493052981718868
3.7728874158928267
3.217724856350621
3.225469451868884
2.7221886161886606
3.2781933833571535
4.028072319386098
2.8185646787657235
2.694274991166665
1.901476077873916
4.914170349734627
2.3729358926999162
3.0002447564654737
5.210420457757087
4.859178696126548
4.2123715376472886
3.1727120706779406
2.3483894686689792
2.5829460656058862
3.13259115302251
3.592154343615664
3.976591623289407
1.297618461719697
3.095975812556149
4.6602759504076054
3.601138734573979
1.8078864912512933
1.2609199897335177
4.956519481376215
4.182393737160743
0.0007232763068669712
0.5052975894900982
3.5307002479299636
4.1546989053765095
3.1198202102635477
3.9217387743981518
2.967683146986
4.378511299765548
4.435835237469089
3.6546323909671106
2.633010026536151
4.112944113123017
4.040502688432336
3.68137882292586
4.5443787203524035
2.7982374005592536
2.6292544350844773
1.0690378515925762
3.5945917152193534
3.6348093705337905
4.29008565110653
4.117982667941627
3.9035599970169073
4.546947826716092
4.431741201272544
3.588000104662169
2.6756093384342714
3.6614953114745497
3.9126446607314547
3.7680492575594307
3.5353341925051383
4.698799702099926
5.49068237003436
5.2964961457187005
4.232263372223841
2.656887718506493
5.549500215504448
4.493853726418598
0.0
4.721764279285777
6.984083830714772
6.214563396080997
3.4646628510632325
3.7291469047609818
4.645381522910949
3.5322746458520964
0.4808765674238873
0.6425888044621804
4.965164213358967
3.914439570099536
3.059103778823885
1.1145380844094905
2.6138395038388893
2.6389230838602047
2.201144313540087
3.3205785726726664
3.9600586296541715
3.8124525418781916
3.831646442932012
4.288978717488376
4.3348359174718345
0.09340947591857152
