5.116912029041986
0.7179887613030109
2.964951447314194
3.420102373864419
2.1056871520824956
1.377170496005352
2.544541390789025
3.171496329468718
1.0230371153658646
2.4106787891946393
2.116203161432681
1.7950214518123975
2.8232487542531626
2.6258559417493483
5.72082645709477
1.9699644936436804
2.472899672847883
2.309319718923342
1.7548681563561956
0.0
3.491311607723418
2.8744680637771878
1.7114154345777517
2.2647387934455154
1.8868961864847125
3.0073570219105963
2.249948499646666
2.146708749899507
3.073976534989089
1.9632002012763579
2.2032225586847605
4.1515735230470145
3.674629047712616
2.4672237134946906
2.991366395766091
2.2708156030999316
1.810007537569036
3.131760195624305
3.2718854637182972
3.1749337170746634
3.0883712324449046
3.7207471870635676
2.681542805848898
3.254277097347062
3.3452429169947875
3.1551701757268176
2.708915432133635
2.283730499743803
1.855418037160157
4.359260682008427
3.2776020233618155
1.4955678072632366
1.7798848272384404
1.2475519775026667
2.0764061097475013
3.457989208675992
3.17623817172517
3.43432737199182
2.5096842571285576
3.125489099286806
3.1264540725118932
1.771612276955847
3.8082942352831153
3.703932317538478
3.3818369915162116
3.6245204240437014
3.209500117895457
3.3180667140566085
3.459748994677857
3.379265380444997
3.491992512057604
3.5451876969453258
3.604284477688496
3.5788269245344693
2.2746841986110167
2.4306721957097865
2.792324946026435
3.0222138086795765
2.9071552166991683
2.6107131190208004
2.480080876189415
2.54719984496436
2.037980317028264
2.289727944924342
3.5520880047957797
2.961188973469589
3.2271486678873025
2.6081475201370274
1.8299490067610908
3.057901402193851
1.9258750568293266
3.29669056943233
3.000315860588339
2.1104369758290464
2.556952060745624
2.482721266822861
2.2170051815081924
3.198571240644855
1.7923505182792998
1.0015693965537
