4.064129394894931
4.784634718905781
4.6802020524607695
4.205593946530384
4.8160376668872384
3.414994182425384
3.964094137642306
4.686165210587205
2.7957770026027666
3.0789319021489314
3.6865671975406396
4.031102323802486
4.8120662641590926
4.852924522697826
5.28735611784535
4.114315360886382
4.752488902108425
5.719393860493792
0.0
4.860396538392575
4.001765849357033
3.0332562263083704
4.884036589525991
5.533037518789194
4.455027121913575
4.220286787452007
3.721555269457844
4.402338025683881
4.383927500804692
3.852841686890541
2.149847597092585
3.9437363248937896
3.496306622272564
3.286477108696657
3.9705261017657287
3.3761677177067173
3.221006195434267
3.191246439387439
3.592458942513927
3.023507547119289
4.016847296381597
2.6611949766312315
3.406411162783366
3.7718927682040144
4.1037476972442555
5.654720912697034
3.8166996834624403
2.52628520553443
3.318185369137631
3.5277500634132437
3.593244600447751
3.9805002113997503
3.2803840146140337
4.278545359084166
4.497658973411143
4.08612546469898
3.881716218620842
3.602410673920942
4.209499483827173
4.263799516711554
4.174079428784533
3.897934798558367
4.721550297493429
4.967301627436118
4.2100852265590145
4.463506329354101
3.3838893347820593
3.8490362238941507
4.8068291729287305
4.6704535553570885
4.231147572284516
3.221015741640051
3.685858502869561
4.777723135312716
3.3625387645790346
4.5962276086611915
4.116225940786928
4.6256952775871865
4.344271978568229
8.010750927579291
4.2896376778163265
3.821563759416629
3.7229250424361267
5.166732272980391
4.7780385222627775
4.68788608751244
4.645983458192427
1.583286142215441
3.6545225349155217
3.6373302532238503
3.4417782295601143
3.6246100973110176
4.058644946442575
4.89112116599199
2.9335939810185665
2.354108682660005
3.7679293870411534
3.5483781757261843
2.911321308050479
3.340192127895785
