1.7626795814369174
1.9729559418089624
1.5266348463066222
0.5626106525158447
1.3236567393468261
2.2651393836422042
2.6592385554715845
1.762045441286217
2.319500114038541
2.6713219914086226
2.4827963345325506
1.0720274638445573
1.8538126392038021
0.772744988865139
1.3297703004929673
0.8531906727431782
2.5594771250803396
2.1264810190188346
2.6641012616053663
1.7245248627908363
1.2433999460193907
2.9201906660856807
2.642175005219242
1.546724657967004
1.8338691275149475
1.3650489064481417
1.429655965885099
1.3531044025977175
1.6698735955042852
2.3740603716216127
2.6663737150515243
2.2875129992763057
0.9943795405924792
1.4429139230343309
2.4523084631593886
2.495557992731887
2.3021538071448457
1.2910657912102015
2.311392847228918
2.478279833158436
2.5834107192868974
2.0424083696700497
2.5142414543111533
1.2878047626464735
1.444657929224948
3.2292688326423997
2.238749721845166
1.7934025618177898
2.1283759548743912
1.61005530314121
1.381453373632431
2.3529223209161954
1.3196411167308941
2.3952780715376836
0.5616551191860022
1.6983361301455782
2.6918661923218425
2.5862780856829275
2.2838217712839355
0.7347558035944344
1.8032929291345074
2.21319590292947
1.8606440289849386
1.588282137584698
2.5854197792958966
1.989416746884186
2.256498949459823
2.3655779603073643
1.227340424882325
1.9779345608841594
1.352004905145376
1.0431619735983584
1.0412733489404125
1.8671057536624232
0.0
2.6603586021454904
1.929033411383914
0.8151950712903213
1.635341272765523
1.7338075925181928
2.0577013108816082
1.1355148905480816
1.398861707812241
0.9095035022063231
1.7495702248971794
1.9895701606368164
1.2222824288399876
0.9576559607473563
0.7969552759055162
2.1122602312395267
2.0678972577760057
2.1821829870017067
1.5404500379861275
1.8253598740523573
1.437114986959304
1.2430842015043355
1.1539388404567616
1.3087714414313116
1.5724981495650563
1.818285845025328
