6.97476826724757
2.5148380995904107
3.7638139326554025
2.411048919039524
2.5678701275045377
3.1218933779307685
5.44247483313714
4.988489079879397
2.9966481795158586
0.9049791527109137
2.838917091187515
3.5972096223746717
3.9929368994116037
4.560637079954285
3.1706168113970006
4.088249765540039
2.95857443733115
3.0603448990399147
3.5874234490240893
3.0522985919147585
3.7855067643710076
3.820992680459254
4.647333521531951
3.867622233081164
3.7902770990067047
3.1979608780348587
2.7594268813999774
3.8746969448270834
3.6452187097306643
3.8339092146259066
2.685933048637098
3.4891953861405804
4.075638390472354
4.498100540374804
3.5195466776375453
2.3409086301246322
2.404786681564746
6.292403381868027
3.209193721070652
2.8163877446012098
3.6674771210628654
3.912307176095153
3.1046722157311724
2.309203803611817
2.2015389893556856
2.3889576936710735
3.8389814365763915
2.2259551371843096
2.3866568963589287
1.7013982270256882
2.9605262740009053
0.8192928538470974
4.826301169600832
2.711164539508508
2.739765577880609
3.4027869503498627
4.244017176141269
2.566573579515482
3.246059452295443
3.0758973209150584
2.66788765235379
2.3225786852662944
0.0
4.403153481727919
4.101063426410885
1.438881822000464
2.313939565234861
3.9498638172629428
2.600194594156963
2.495148142719611
0.3549734436229164
6.4731193600483365
2.400321518199561
3.976231603578503
3.480252085209175
2.4090939555755186
2.7872502859164783
4.2814574661467635
2.9958294147666216
2.5889363597980437
3.256522834868372
3.9569142530036174
3.9660361602721417
3.5012366746679797
5.572390618529923
3.505524525111961
4.636825023269119
5.135439405273369
2.2006857527870913
4.705108222073539
3.3255752238617164
2.2782488436427553
5.57424362848425
4.043781008704444
3.952798666075847
3.3607081735717323
3.5763674559112526
3.5240042079190594
2.7475274339977904
2.623647978907937
