4.8469958012268215
4.96811369000782
3.8890160713931547
4.553581864142123
5.523039487657314
5.231864587633881
4.8469958012268215
4.82542049527707
4.189355131763128
5.073150122706686
4.626160324045667
4.8469958012268215
5.168744522253288
4.273706552665475
4.8469958012268215
4.852012508072539
4.8469958012268215
4.8469958012268215
5.097632317174829
4.8469958012268215
5.0261785070248415
4.115139510548071
4.8469958012268215
5.114217441557166
5.478511627331585
4.8469958012268215
4.8469958012268215
4.8469958012268215
4.8469958012268215
5.593855733946296
4.885856399627578
3.410806295274056
4.375675075220103
5.020403401351475
3.893475441574379
4.8469958012268215
4.8469958012268215
4.134337798891714
4.8469958012268215
4.245590898203542
4.8469958012268215
4.805326747534167
4.703052386997042
4.8469958012268215
4.980701824627758
4.456298990041739
4.8469958012268215
4.8469958012268215
4.8469958012268215
4.8469958012268215
4.8469958012268215
4.8469958012268215
4.889773443128263
4.633752976310436
4.688661313968215
4.8469958012268215
4.8469958012268215
4.300728768809826
5.3758342564945405
4.8469958012268215
4.835522324055804
4.312265934900216
5.038919421432919
4.678552728257936
4.8469958012268215
4.8469958012268215
4.8469958012268215
4.8469958012268215
4.675424691514339
4.8469958012268215
5.590560260335423
4.8469958012268215
4.8469958012268215
4.8469958012268215
4.8469958012268215
4.3874508555266125
4.8469958012268215
4.8469958012268215
5.059899174310326
4.8469958012268215
3.9223353335768896
4.8469958012268215
4.8469958012268215
4.8469958012268215
4.8469958012268215
4.8469958012268215
4.500096435897682
5.078404974572664
4.8469958012268215
4.9137126638846755
4.8469958012268215
4.8469958012268215
4.146078198254477
4.8469958012268215
5.249114014521587
5.352491729170628
4.6360453536812685
4.197830179474614
5.2413530810325675
4.503784851319528
