2.7750559015745577
3.7336851455561924
1.3554338819077465
2.8681678590016584
2.0324806382294276
2.5334295731322976
4.6962549366452055
4.01243631256263
3.4417326267877533
3.9133576952198093
3.314711428245544
2.827995373412438
2.512387816979132
2.2552468322527157
3.1341208649360977
2.8992506145344272
3.611470365327288
2.4055525644707503
3.535395995490892
3.345500303331315
3.4430282093938622
3.3644409537186535
4.201660707784987
2.1023336875889878
4.009172740085946
3.4389884413743554
3.1168880703607607
2.2775700215371204
2.8435350184332635
3.3956555700326443
2.5156988061852985
3.5998168136064836
2.347994483027981
1.7486303148892022
2.6576014201579015
2.427632894941082
1.9539622390747424
1.9011202019823843
2.1799112674240284
3.308204270518071
3.4482907652099266
7.680958498059761
1.904359515496432
3.214907701064271
3.4774905061159265
3.1961393699054854
2.119132142544245
3.4174989368500475
3.2505880919191865
3.991468750472782
4.5029277506686425
1.673682949628903
2.403527936979378
1.149030853362452
2.4694701941608117
3.425207205623243
3.7467686704697347
1.8747239583999316
1.498258684770013
0.7877606245594921
3.9111189075634942
3.19665687742755
1.495628970772259
3.3365527957366403
3.933470276269392
3.078184267816988
2.944506677552823
4.139321276854444
2.671875716061912
2.57441277879186
3.649904066017977
3.163285314904337
3.249896001355217
2.742538958908615
3.432058857592378
5.022464219170342
2.747651378429932
2.397162350321613
1.769911785713299
2.570677015856275
1.166775751011834
0.0
1.177515159186008
2.6065508559296906
3.3382281856392586
2.6367392839934776
2.7762165878784026
2.9829814571199633
3.660933861425533
0.136936689032102
2.635483640478563
2.6664543325338608
0.48152877224464286
2.811879887577275
2.232300178298453
3.1126799187597345
2.18144933558204
5.103965854525393
3.9505226879303645
2.9811839179260615
