5.677789916427088
5.402067017579357
5.5590972409386
5.513643257483865
5.0736820094670865
4.94637397780213
5.0519642371526245
5.226391551392643
5.402067017579357
5.056003960819804
5.289285413920586
5.402067017579357
4.710551497062995
5.626555859446
5.402067017579357
5.402067017579357
5.301877337971494
5.804318871561579
5.0173906374424835
5.263667406311873
5.11258309247453
5.493576368190191
5.402067017579357
4.526119011494842
5.25927417893703
5.630071155050464
5.402067017579357
5.619739364944172
5.402067017579357
5.507211953066699
5.645927793941384
5.402067017579357
4.884588336486104
5.690843675589616
5.402067017579357
5.016871595983497
5.402067017579357
5.546045707215582
5.378812691524047
5.402067017579357
4.911313437336772
5.402067017579357
5.402067017579357
5.198265719557033
5.402921690519427
5.402067017579357
5.460530382136708
5.402067017579357
6.188146667757527
5.330467051359133
5.625918126717837
5.402067017579357
5.320718405466211
4.887968091526383
5.402067017579357
5.671374680207352
5.402067017579357
5.533784994270851
5.468509338441574
5.402067017579357
5.402067017579357
5.402067017579357
5.263473403328478
5.491576534466159
5.358942574897922
5.843276245352724
5.402067017579357
5.490919921691079
5.402067017579357
5.402067017579357
5.402067017579357
5.402067017579357
5.402067017579357
5.56977009619113
5.434950970139762
5.103737257810307
5.402067017579357
5.402067017579357
5.402067017579357
5.402067017579357
5.402067017579357
5.339747625528318
5.066942458738648
5.2747015740930205
4.804023940766934
4.719756815815518
5.402067017579357
5.402067017579357
5.402067017579357
5.402067017579357
5.756910365342245
5.126438675274223
5.33333915123406
4.520948727979129
5.402067017579357
5.263176330804011
5.190015094955985
5.274452573403124
5.946663720279087
5.402067017579357
