5.494271703518695
5.727886368191804
5.727886368191804
5.575650902422405
5.727886368191804
5.727886368191804
5.682059230223626
5.727886368191804
5.727886368191804
5.727886368191804
5.505188832631023
5.188226300267295
5.715064033889876
5.4273277082228795
5.720640274600159
5.727886368191804
5.727886368191804
5.6703880066710495
5.727886368191804
5.727886368191804
5.479261456172896
5.727886368191804
5.727886368191804
5.727886368191804
5.696161460928778
5.727886368191804
5.727886368191804
5.727886368191804
5.617842247313447
5.727886368191804
5.727886368191804
5.727886368191804
5.888973924212978
5.727886368191804
5.720387888659122
5.473252136866185
5.727886368191804
5.758321434782883
5.521153532418893
5.841511709088854
6.101494712683179
5.564820626572164
5.728264453629439
5.727886368191804
5.727886368191804
5.45749473493685
5.9102768063473015
5.727886368191804
5.5400447478934165
5.727886368191804
5.658703620948248
5.636431809629226
5.793981006534292
5.674582764665981
5.727886368191804
5.727886368191804
5.727886368191804
5.727886368191804
5.727886368191804
5.727886368191804
5.727886368191804
5.727886368191804
5.690015038275827
5.727886368191804
6.031516983313695
5.8870511331722195
5.4734184061191336
5.962336659109521
5.46712992563357
5.727886368191804
5.4938276975905165
5.473931201330624
5.964770833728803
5.871693531846838
5.727886368191804
5.727886368191804
5.727886368191804
5.727886368191804
5.413431167578622
5.727886368191804
5.727886368191804
5.211639544135036
5.541205820059142
5.727886368191804
5.513323386952946
5.662037667241341
5.727886368191804
5.727886368191804
5.727886368191804
5.904352753433053
5.825741168622466
5.8060623755982075
5.727886368191804
6.036294307867118
5.727886368191804
5.648764339474674
5.382776749234409
5.4822381311395
5.172587429204023
5.434037397015409
