3.844057830347909
3.6717420006284547
2.636398519381539
4.665025583725079
2.913946707380626
2.636172906382632
2.523880392704067
3.79752200115943
2.9084205309505013
2.4258897735780742
3.006791933630572
2.961756894188733
3.138296439766933
1.4280256579208
2.249182147084877
2.342667405153105
1.9155549157818172
3.731414662433695
9.052959852949963
3.2403754050771907
4.322306497341567
2.9763580497531774
1.7787763388392581
1.56446915267267
4.122293044443614
5.399138961079779
4.456366636141501
4.403238315786002
3.8132583399927578
3.645959155368299
4.654137306823607
2.7516410514957506
2.6213986220358807
3.2930135227908597
4.192944472850501
2.932997284753448
3.315283242704572
3.5283610890533326
2.4612003088665695
4.967774909528671
3.9987135023241662
6.834123758329569
4.499730165833327
5.371360971863414
6.13315990167142
5.571412331081966
5.389256492869892
2.894146590370547
3.0290093058983385
5.006209904687397
0.0
4.552304384795278
4.194464666824695
4.044832791179018
3.9388074634713712
4.051143980427883
2.404475201015128
1.5288836539659367
2.617411844884393
3.808425507340048
3.679333341300172
2.6636295738127616
2.573304024159368
5.135557857601624
4.242457853451194
3.7741202597624155
2.277427748839388
3.0411643973691023
3.9048278363948032
3.983437944164481
3.453011508834355
3.3459915024225104
2.9239744911852195
2.976213855512861
4.733007628680114
1.4285514839145907
2.9410130038889486
2.407490157868616
3.9432528872005954
3.487395217155266
4.122246784711055
2.9409510625098427
1.8097840223601618
3.208207371671309
2.8941671507102895
3.0890516830649526
3.6504555664573304
3.5321825201084716
3.4556382625383573
3.1726219071776334
3.84303129379093
3.7752807731430273
1.6324668799671984
3.7407549581312196
3.790564782296766
4.19049238589676
3.06757530312553
2.887663499740559
1.4717992512030644
2.83501286092603
