7.418331935090639
4.1127960645731285
3.4007771668736617
2.8949566641361333
2.4715184047116816
2.878501728824414
1.8798886199827836
3.193497928185804
1.5786775505781971
2.41143007181163
2.6530790473924077
0.5786242490203515
2.330996184915764
2.3989952160708334
3.9260859546944986
2.2471707837594384
2.9394824827529265
0.9014681295736935
2.436073299700138
2.522224087275984
2.6086428602498377
2.352457704016266
2.1770992568859953
2.688218588021024
3.68690010305982
2.3559566731123742
2.12912739224123
1.3908740349103994
4.446655861316737
3.998057252693815
3.0587575960547007
3.214068457057818
2.955695802260745
2.4972499873125535
2.438544400525167
2.464005811175289
2.9887393799281083
0.48102686592239374
2.5397024905311465
2.566250997398959
2.741858568133126
2.815658265150663
3.8156022147943904
2.0500875294174086
1.9428904667967042
1.4191907525485716
2.4883812662301996
2.9473075175910037
1.363607098663158
2.9443648860570524
2.617488592158282
2.068565378870078
2.7152670690562544
2.605771014387986
2.6222009618790776
3.728441932749751
3.3728216631487564
2.97652417656141
3.769894845595772
1.9709006446385673
2.4239262233593957
3.0429346317695396
0.5127972996961976
0.0
5.752835485087847
1.995059672094234
3.1326906700218298
2.761916832621737
1.9796683484231923
3.890193370713761
3.496468042637201
2.8989400071835054
1.7022994198445054
2.93677765038416
3.324752576100272
2.4207885281642287
2.977415586292987
2.3318961954031048
2.782204342161216
3.6146004871926043
2.838965314461308
2.370026036881108
1.2421067546325955
2.232129571876355
3.5301690304013476
2.6230917296853633
1.5408497791089684
3.151129344772879
4.100267980064655
1.8422750126142284
3.8466402974449436
2.881216543654471
3.4289885915230736
1.9214270496221015
2.401483862039399
3.380294673279688
2.103868599866476
2.885823889692818
3.517257035552115
3.151064653578966
