6.156679133882248
6.156679133882248
6.1540866432738754
6.156679133882248
6.155095474386524
6.1298718404305275
6.156679133882248
6.156679133882248
6.156679133882248
6.156679133882248
6.156679133882248
6.235413602559706
6.156679133882248
6.156679133882248
6.107837911275897
6.152641404013613
6.184280209868943
6.156679133882248
6.144938547027245
6.156679133882248
6.156679133882248
6.156679133882248
6.156679133882248
6.088724975726841
6.112726678996582
6.156679133882248
6.302290165009419
6.156679133882248
6.156679133882248
6.156679133882248
6.196963443443757
6.156679133882248
6.156679133882248
6.115854654724879
6.131424949716617
6.130732767978063
6.156679133882248
6.156679133882248
6.156679133882248
6.156679133882248
6.16607220295451
6.218736899425908
6.156679133882248
6.144884293445706
6.238841685017187
6.18001668745207
6.156679133882248
6.171653756302318
6.156679133882248
6.156679133882248
6.156679133882248
6.156679133882248
6.258538837014972
6.156679133882248
6.110242307860451
6.205925673600177
6.156679133882248
6.14085173669649
6.18045047318177
6.156679133882248
6.265831617494724
6.137715994221281
6.156679133882248
6.156679133882248
6.136131332655255
6.156679133882248
6.156679133882248
6.156679133882248
6.10597631384806
6.156679133882248
6.156679133882248
6.156679133882248
6.156679133882248
6.178203091251906
6.156679133882248
6.156679133882248
6.156679133882248
6.156679133882248
6.142524766740705
6.156679133882248
6.164917887486247
6.1780921079088165
6.108547135569762
6.131347229387183
6.156679133882248
6.089516708037534
6.156679133882248
6.030172960584909
6.133716093683792
6.103184393885629
6.156679133882248
6.239603539042442
6.1566578379816725
6.116745313352753
6.156679133882248
6.156679133882248
6.156679133882248
6.156679133882248
6.156679133882248
6.072068583275427
