2.2941235881310975
3.124531192427214
3.732651149691306
4.367787337759534
4.531575571546765
0.07328827392446469
2.8203041487326774
3.674398176385926
3.1854192855734653
3.6827051915580205
3.8087384970529623
3.7580005645108914
2.958749139429493
3.585173109936619
3.7561374045634737
4.455141086563195
1.9538438361374713
3.1043670773732317
5.90659463267599
5.861284345328596
2.099526638227034
3.0142326780931636
3.8827424627843126
5.49261020059698
3.9200894766991237
5.142947159144831
3.0872034871096803
3.0412916125999923
1.6413270907020872
2.430964327090713
3.5809543148637304
2.633404149111114
5.475960677121655
4.592288145566477
3.322138523538891
4.42040549737094
4.485375634222969
6.622596101144774
1.4279111715808361
2.8994147464036932
4.401035160343137
3.346183075633549
4.146350861161707
3.0808470571588424
2.8913173798556655
5.355869553716056
3.6667273719816342
4.56968622182864
3.8401675838468017
4.100114060758939
3.854292711872274
3.2239708982625057
4.500249917433037
3.996016774866311
5.132983926874689
3.3019482995948755
4.039437622841348
4.038956320579092
2.4088411859444676
2.813575625555454
2.6353421708145346
4.447178288305011
3.1436323238085095
4.000166367825949
0.0
4.016186666476663
3.393348549610872
2.8250098180896943
3.771418202798606
2.698842000685841
3.047203243748692
3.3953365787068313
2.3291067565063814
2.5504802446384085
3.4361082947278594
2.218464537992726
3.3030013741499333
3.8580808248513216
3.7003279221437624
3.8783862283743273
2.4414673929491064
4.465499669469732
2.76629760572455
6.117444572553778
3.040160205427744
3.299205247751109
2.418953199522744
3.1832420851633816
2.763222082713334
4.294017826167903
4.046349500666533
3.8782304537649046
4.613157937435214
0.5061811663024587
4.41654779042182
4.696559416694649
4.837109755774506
4.110849932307337
3.6077587936499302
1.8078286454983221
