2.1098699392669364
2.1514363944809802
2.751611113234836
3.2795201516291614
2.375507780766729
2.4460761827244166
2.2323378841395884
3.309987617261228
3.031466584909059
1.4294231459691664
1.8851754668934828
1.2539634170493743
3.8475084584522
3.0122368777406012
3.3323744395131527
3.434077916996051
2.5380102833258507
1.7691011514768333
1.2974158201340422
2.8004320190927867
3.223078211878877
2.98668377357939
2.081560933934031
2.9439218886391103
2.684315903162956
0.25554380832888945
2.1914802687268
1.667599943696131
2.1894154317248127
6.476341292014698
1.1529523571757145
1.0036320297778152
1.874933672194133
3.616965392043201
1.1141197596070662
1.0951550004670485
2.556870066818882
1.9786386154339533
2.8764373785615
2.1149026055692017
3.9819342730818468
2.716560370291326
4.183680744788601
2.5815552516498896
2.127075596045907
3.0561538473353984
2.625067719580141
2.3290938944364457
0.9946249110419183
2.0971580113613606
2.6277099559640362
3.2889285536016493
1.8044761681818837
1.527221591131612
3.828425541470016
0.14295736028912032
3.082988692047462
3.238805431825387
2.1349682042766633
2.278139562516737
4.278174951342977
2.6953139500891616
1.6100799836653192
2.1854635257602766
2.0761779935128533
1.7497169370127126
2.2998885360571615
3.466507882175724
1.7304456335501022
1.6762145272763616
3.4333309222580977
5.842024713874019
2.8919930967805496
2.8171194917276123
4.662817385113198
3.2280060995504916
2.117371731035385
4.6110188415615045
4.338814478536518
3.855214838664774
2.464193100133561
2.102665454336765
1.686551109174447
2.3982296968904526
2.207050611716646
2.8140782824685564
2.133456763870638
1.754670277548776
1.5576194555555032
1.3927625450346732
1.9682949253747846
2.728853373048736
3.4611039256817238
0.0
0.9088923799037245
2.3467927116861853
2.4948281474248653
2.0037722007004497
3.1715756596541445
1.4268240120400133
