5.493121259566332
5.03716667118933
5.190512914584647
5.507466421669358
5.206345908831137
5.507466421669358
5.507466421669358
5.507466421669358
5.507466421669358
5.378847659049377
5.507466421669358
5.283824568202633
5.507466421669358
5.6905094001635455
5.507466421669358
5.507466421669358
5.507466421669358
5.57914506781262
5.507466421669358
5.507466421669358
5.507466421669358
5.507466421669358
5.316233149995114
5.473623031247913
5.507466421669358
5.42402323251322
5.276631395036961
5.507466421669358
5.12611073457574
5.507466421669358
5.507466421669358
5.545101482669155
5.303850964257909
5.332953216897895
5.583826002555637
5.653083533955618
5.361846503874002
5.507466421669358
5.507466421669358
5.507466421669358
5.5378830981284315
5.507466421669358
5.507466421669358
5.693530372010132
5.507466421669358
5.395841294210358
5.426239260945964
5.264697107761779
5.507466421669358
5.507466421669358
5.507466421669358
5.507466421669358
5.507466421669358
4.731747536159129
5.31218285479705
5.507466421669358
5.586487945609305
4.791478562682041
5.507466421669358
5.488152775150937
5.507466421669358
5.507466421669358
5.507466421669358
5.507466421669358
5.116989877682547
5.373925444752679
5.507466421669358
5.537953767076791
5.586347562512801
5.507466421669358
5.535199290281385
5.507466421669358
5.507466421669358
5.507466421669358
5.507466421669358
5.507466421669358
5.306022426420533
5.507466421669358
5.945427100656053
5.507466421669358
5.1278534136763
5.601507081067033
5.507466421669358
5.840687524700502
6.122129200942051
5.507466421669358
5.507466421669358
5.507466421669358
5.54240702784448
5.5759497861483265
5.507466421669358
4.83207043948596
5.507466421669358
5.507466421669358
5.507466421669358
5.507466421669358
5.507466421669358
5.507466421669358
5.507466421669358
5.507466421669358
