5.031243148281139
5.878314549140085
5.018417797674092
5.026890326400495
5.723621507241089
5.1429725939444575
4.378804693883528
5.0437016109031445
5.447531704231931
5.026890326400495
5.363479090421514
5.026890326400495
5.72484686603529
4.66931468052328
5.026890326400495
5.095319000307024
5.026890326400495
5.026890326400495
5.133771660246784
5.026890326400495
5.026890326400495
4.792623320714452
5.070232986111771
5.026890326400495
5.026890326400495
4.2847211593264145
6.079688950131769
5.026890326400495
5.168842682847111
5.78006408924105
5.026890326400495
5.77682636554715
5.213976071133538
4.994983257503444
5.689805043898633
5.0769665783908655
5.026890326400495
4.320538459552054
5.09236346480747
4.535784312208891
5.026890326400495
5.026890326400495
5.611349211152162
5.335808212189063
5.026890326400495
5.026890326400495
5.026890326400495
5.45284429665023
5.574017344838617
4.562903953896331
5.026890326400495
5.240473296714845
5.026890326400495
3.770595345621403
4.292800063070448
5.327330581457822
5.612736425677209
5.1812742306705015
4.482155556589873
5.100661279794227
4.902427084927547
5.5271567920444244
5.461893154803956
5.033810452429582
5.026890326400495
4.9828477692244935
5.026890326400495
5.026890326400495
5.026890326400495
4.7948775257079905
5.026890326400495
5.189709862860454
5.183298287880436
5.335518693515333
5.716442188004609
5.026890326400495
5.026890326400495
5.026890326400495
5.026890326400495
5.481945458889005
5.026890326400495
5.026890326400495
4.6251112105288525
5.026890326400495
5.682812890315365
5.026890326400495
5.026890326400495
4.4127582286816365
5.026890326400495
5.026890326400495
4.569303653991093
5.026890326400495
4.783769948979307
5.172285470894822
5.026890326400495
4.61177768567125
5.026890326400495
4.63830979693121
5.026890326400495
5.026890326400495
