2.2593162896352417
2.817517860985221
1.4222195827114117
0.1389445100806883
1.9040324050042994
3.1874578503062603
2.518940130232564
2.197159969384186
1.6723092023959278
1.7160854972150128
1.848375090961758
2.837106183319885
1.6700466021148708
1.7410968315559097
1.272769019441856
1.5286735441551822
2.966152726818467
1.824825890327076
2.3500026112455275
1.0068006482369256
2.9293424422953147
2.0445855206224213
1.1631221578657573
2.9025977575826154
1.928841269582647
1.4679982002666616
1.8953775936617494
1.8755759174404636
2.887296468185285
1.1646389499762488
2.469721549326104
3.2639760052824824
1.4445207928483397
1.4871488142191636
1.9039624269557365
2.7475659554054963
2.3526584657613387
1.4818429831520392
1.9945139267570147
1.8609319767123027
1.1679126026293183
1.9108608481107667
2.671979874518728
3.5364543759072196
2.341210353428859
1.9136474362278046
2.273430176483741
1.9034697760816695
0.0
1.5182606658233766
1.955301586499525
1.5037661790314227
1.5364118366207329
1.7863026660846613
1.942129747577499
2.7605071864947073
2.386418585508106
2.2197646871621353
2.825395515349562
2.4812916553088087
1.3782984038822772
2.3443010713048773
3.5449595402850496
2.2031259905635636
2.022844679758081
2.247822793875155
2.7768168630771233
2.829886714549077
2.512729554761001
2.204811365649924
0.4623970756396769
2.6885064238909666
1.181990066507686
1.0353581334529003
3.3666219410844263
4.156214284982704
3.4001301247805635
2.28602472100836
3.842253754140249
1.6771210520166857
2.4118695727521198
3.0190630666352787
3.0328581343202425
3.0023829970704803
2.783738830410344
2.6690850844893976
1.1988109890153282
2.1530042360815513
2.42921537635707
2.487152005641245
3.1135564121599506
3.489811358462184
1.9756158991152968
1.5165425744372905
2.9786797982844493
2.2304931994404678
1.7573241004942415
0.3952286213698515
2.4593505136628426
2.5676447667516276
