5.347319796850587
4.818012224306376
5.4244009023683475
5.361664958953613
5.060544446115392
5.361664958953613
5.361664958953613
5.361664958953613
4.977949868126727
5.233046196333632
5.361664958953613
5.138023105486887
5.193776982494811
5.5447079374478
6.074487566580579
5.361664958953613
5.361664958953613
5.433343605096875
5.361664958953613
5.478162760966501
5.361664958953613
4.932311793521401
5.170431687279368
5.327821568532167
5.361664958953613
5.354711053028227
5.130829932321216
5.361664958953613
4.571881976005166
5.512357828918964
5.361664958953613
5.645288701027939
5.1580495015421635
5.0601092445537015
5.438024539839891
5.507282071239873
5.216045041158257
5.361664958953613
5.361664958953613
5.361664958953613
5.763392066404101
5.281328108189948
4.96305772592036
5.43107263023728
5.525773487874794
5.325196282484308
5.280437798230219
5.118895645046034
5.361664958953613
5.361664958953613
5.361664958953613
5.361664958953613
5.361664958953613
5.646972739303054
5.166381392081305
4.440144610727638
4.762419570143724
4.76071517509771
5.361664958953613
5.342351312435191
5.361664958953613
5.968701271162244
5.780011858184449
5.361664958953613
4.971188414966802
5.228123982036934
5.361664958953613
5.392152304361046
5.440546099797055
5.361664958953613
5.563600719396165
5.361664958953613
5.361664958953613
5.012364223722484
5.361664958953613
5.361664958953613
5.160220963704788
5.361664958953613
5.7996256379403075
5.264183724661892
5.030859819331545
5.4557056183512875
5.361664958953613
5.694886061984756
5.326965784761013
5.361664958953613
5.483757704957021
5.361664958953613
5.396605565128735
5.430148323432581
5.361664958953613
4.686268976770215
5.361664958953613
5.559553983174485
5.361664958953613
5.361664958953613
5.146575719190523
5.361664958953613
5.511944275260044
5.361664958953613
