4.791634183014861
3.317977039795526
4.681758270634614
0.5636604033431953
2.7754779203948803
4.113112776513155
4.684329027855279
2.801593632499075
3.6016061465502074
4.1006316336757775
3.7387806957643894
3.0418332805626136
3.8527913962025573
3.1378424498858446
4.107561810166599
3.668777075277822
5.677479939751057
3.743911702351045
4.2151346824779905
3.0586289808421556
3.340136964725532
3.4494804095784715
4.043278895606267
4.420818592382069
3.9956416331084452
3.5560632102379452
2.258786265268684
3.1226418921779344
2.8314219771615425
3.6696154697520367
4.377462514991672
4.372597909054313
4.009836000437484
4.686078574545831
3.8796684428824553
3.007983417617379
3.097249458706824
3.2915920778828407
4.110151012198942
3.455269009525496
4.623343976575914
5.037086881430779
6.962500327627854
3.1142587948196154
5.485948721492434
3.2484546040708713
4.109386806557516
3.9621126228611248
4.288352283355369
5.471046625933295
5.673206864132508
4.32177737835609
3.9948910383998304
4.177508612109911
4.64728508237674
4.806361243008057
3.641572007260533
3.718701553188626
5.603478719381986
2.9769193461554635
3.69482852922537
2.231112035494765
0.0
1.9884673737832297
3.6602071847643134
4.615246320659459
4.731057234207716
3.166181169575171
3.1240248957680876
4.4706286894824725
3.5920259543585953
3.502288395752936
3.415349283243039
2.769052099873609
1.5189427628055374
7.831878326562581
3.4203117904344493
4.5573941417445685
2.8848851337518493
3.216243299848496
4.745287945254503
3.530364561212487
2.531799031696293
6.012847765768996
1.950711723571519
2.2096767885949764
3.04575276401871
4.138360816024512
4.6792428302476194
3.134196040680074
3.1646936552793195
4.03210020810028
3.3679402954460578
3.0890517772273434
2.819628402510989
4.285539224066893
3.884007106878782
4.676243718119127
4.091437722742068
4.61104905204889
