2.5969495288333513
3.6364808374179187
2.4452308512609333
2.108271798051816
2.417982222673737
2.401748050669289
2.534727984996165
2.0497771579981525
1.4363215186538056
0.494874253051637
1.2231050359346165
0.8940699644611136
1.1663877527950142
1.7632771759652903
1.8414020962402797
1.661206698156818
0.9034358862602487
2.8577311636365312
1.6732828970873226
1.807074889964817
1.7369389808268614
1.7856923371367683
2.5043816471598705
1.0225277105502522
0.9507236131714986
2.748812809309086
4.2759994998114905
3.8284628776878007
2.9625768627983846
2.146484804963983
2.3148412159566103
1.0708954798181036
1.1075896381595305
3.06754043043554
1.1116165260583255
1.3566487425526323
0.9838008189562917
3.2178468775694284
2.316724757622327
0.0
2.0597890911585965
1.883407867709975
0.6223723966371928
3.9850085781158566
2.7897487143240944
1.4593718204978128
2.3872786628001212
2.707259260872789
0.5746221186029066
1.2644890053623012
0.6953837917460548
0.964876159741038
1.5988509587706792
0.4060264981743531
1.3056043347686388
2.9408013445211445
2.8661913779620907
1.3442779531082727
1.8861199703490579
2.4455499489678334
1.214956727112209
1.2590141907080308
1.531446518218265
0.7406374621824869
0.7171766472269079
1.6852141776533256
0.9608717026274824
0.941629586543971
2.502186200800179
3.530356880451307
1.9327644688154737
1.4442604327615935
3.8062839958217825
1.8848052201064485
1.4170289361642734
2.2744781251468695
1.2038339899623614
1.8284136901242531
1.3666069293865202
0.10860842070366372
1.092521363500059
1.9624208984242013
1.4298290426244102
1.1157866258586329
2.030722038973866
2.527575236807694
2.3665957425559108
0.4865088108599154
1.6729042679182968
2.0763168629126763
0.9698940373000565
2.266404314226703
2.3033000459302513
1.8443056309721966
2.182133375637716
2.5619960486263076
2.6498364000926315
2.392335420412624
3.250908148461125
1.3775668151597822
