5.72135873029551
0.0
4.738405595146688
5.193556521696913
3.8791412999149895
3.1506246438378462
4.31799553862152
4.944950477301212
2.7964912631983587
4.184132937027134
3.8896573092651754
3.568475599644892
4.5967029020856565
4.399310089581842
7.4942806049272646
3.7434186414761745
4.246353820680378
4.082773866755836
3.52832230418869
1.7734541478324943
5.264765755555912
4.647922211609682
3.484869582410246
4.03819294127801
3.660350334317207
4.780811169743091
4.023402647479161
3.9201628977320016
4.627961363490685
3.736654349108852
3.976676706517255
5.925027670879508
5.44808319554511
4.240677861327185
4.764820543598585
4.044269750932426
3.5834616854015304
4.9052143434568
5.045339611550792
4.948387864907158
4.8618253802773985
5.494201334896062
4.454996953681393
5.027731245179556
5.118697064827282
4.928624323559312
4.482369579966129
3.723419837550133
1.9359990929919428
6.132714829840921
5.05105617119431
3.269021955095731
3.5533389750709348
3.0210061253351608
3.8498602575799956
5.231443356508486
4.97103503146926
5.207781519824314
4.283138404961052
4.8989432471193
3.5066832782385307
3.5450664247883417
5.528375606661682
5.477386465370972
5.155291139348706
5.779848577986419
4.982954265727951
5.091520861889102
4.334747975774143
5.152719528277491
5.265446659890099
5.3186418447778205
5.3777386255209905
5.352281072366964
4.00433787303704
4.20412634354228
4.5657790938589295
4.795667956512071
5.065708508655401
5.040008658432263
4.253535024021909
4.320653992796855
3.811434464860759
4.063182092756836
5.009739959675304
5.211707253288932
5.000602815719796
4.306208688431249
4.099078803746984
6.051039653206486
3.699329204661821
5.070144717264824
4.773770008420833
3.8838911236615408
4.330406208578118
4.256175414655355
3.9904593293406867
4.972025388477349
5.186606839547335
0.23190328986036768
