5.5946672033292915
5.5946672033292915
6.193193201619815
6.146825289975555
6.04134291775261
5.5946672033292915
5.5946672033292915
5.5946672033292915
5.346552334335557
5.158759807950398
5.4480692764065575
5.5903672060545055
5.222374704775566
5.5946672033292915
5.5946672033292915
6.207489096063446
5.5946672033292915
5.332028436792376
5.5946672033292915
5.110117945088486
5.244165694879051
4.906149099478997
5.160882205735697
5.076314862683291
5.939773385221711
5.343982613386104
5.4592177535816635
5.5946672033292915
5.5946672033292915
5.433867138635979
5.5946672033292915
5.671711084735116
5.076328207473578
5.5946672033292915
5.5946672033292915
5.316318606163822
5.5946672033292915
5.5946672033292915
5.5946672033292915
5.5946672033292915
5.5946672033292915
5.5946672033292915
5.5946672033292915
5.5946672033292915
5.5946672033292915
5.03238180935372
5.5946672033292915
5.73026283402828
5.5946672033292915
5.93597297536968
5.346937360169815
5.621582961554009
5.5946672033292915
5.5946672033292915
5.5946672033292915
5.5946672033292915
6.17817283317277
6.015743563928854
5.501453553291588
5.5946672033292915
5.52776967392618
6.000938778876301
5.859043021882387
5.6185777927192495
5.5946672033292915
5.5946672033292915
5.972349111539442
5.793764076495967
5.530436452046663
5.619382313435726
5.516640368073688
5.5946672033292915
5.5946672033292915
5.5946672033292915
5.993925426852369
5.5946672033292915
5.5946672033292915
5.764540931790485
5.826177267905512
5.81563275867679
5.616367147984046
5.5946672033292915
5.456228522380149
5.5946672033292915
5.665663690846206
5.287773062259882
5.718459164770001
5.350501645241742
5.5946672033292915
5.5946672033292915
5.5946672033292915
5.5946672033292915
5.605381962132391
5.5946672033292915
5.5946672033292915
5.5946672033292915
4.9249523576543135
5.7462992031037246
5.5946672033292915
5.270022427918603
