2.5245323138784577
2.0610484426359514
3.2598265292825386
3.018002064922845
6.63877825206699
1.8462834356710682
3.333658849216449
5.46988510177356
3.3838389846658212
3.7556630588448057
4.763734731958713
3.244310596248214
4.178180536346945
1.3637185238861407
3.595630327052826
5.596080459512544
2.1186325265459955
3.8677353699179977
3.8035603144722536
4.254662504373999
1.995669165686357
3.0522673306807775
2.764300576248279
3.604228017867929
3.736796772324961
2.551677135614318
2.7122147162464514
1.124719980651479
0.38669062163886103
1.7674745085096446
2.39504076238311
3.4337361652085217
2.7388291564517537
3.4410104169397746
3.591101967345359
4.721163176264318
3.613735393323605
2.3681125257460125
2.2236277720302837
0.36922525766340053
2.4383426090307427
2.9203806770515164
3.202883958428411
3.005194824520936
3.1905236465694715
3.9082519327006437
3.4804124837011
2.3355026315746104
1.9429200677484166
2.636781251489105
3.5974478436045954
2.768254334455842
2.660167904395968
1.6553539538150024
1.908159481269046
6.24573226800832
0.0
3.9193275470262394
3.940092651019521
4.127789952230312
0.9551440742016148
2.0580974973017057
3.422663919357878
3.946455125344667
2.113761007327472
2.8658268744311943
0.9129083568847824
2.710588503344158
1.7505488476814497
2.03900653549815
1.2360065118164263
3.3795492679312353
0.4424285463905395
3.477951948706531
3.777991113574138
4.627418880654282
3.871359368183806
2.8781187648958975
3.7819017415378484
3.3331806790239726
2.955077613177661
2.6406895895216067
1.7997299650183536
2.3384917836219277
5.25524024636319
6.558575679047102
5.179383936578732
3.633445593742746
3.8860823904431796
3.4918874599635523
3.731250339429032
4.001000170292416
2.3532748856824854
3.3909081853421372
3.657605209344905
4.477130777675459
3.351802097037191
2.4233004722114226
0.3510598668663376
2.662370064297136
