5.5299741605181705
5.454144049548574
5.460812823114942
4.877141108594918
5.460812823114942
5.460812823114942
5.460812823114942
5.005341421086465
5.288085861114929
5.460812823114942
5.197408182412282
5.460812823114942
5.201303376358009
5.686770476229039
5.652926252497734
5.605972658315878
5.353942109974115
5.460812823114942
4.996518640820206
5.689278418505991
5.307944612889526
5.4019135480707945
5.460812823114942
4.875932487637148
5.1954354237827385
5.3583598215581105
5.459982245136205
4.831764102144453
5.460812823114942
4.897695098963202
5.460812823114942
5.460812823114942
5.749320599235009
5.974342299750213
5.160687640865084
5.460812823114942
5.896027759606309
5.460812823114942
5.196018458992958
5.460812823114942
6.133903596316731
5.260747067471918
5.460812823114942
5.863537766534318
5.495144944554307
5.566099479924589
5.460812823114942
5.460812823114942
5.1247954914711045
4.638440339050298
5.435036659827805
5.666746032432689
5.460812823114942
5.460812823114942
5.460812823114942
5.666160092171502
5.460812823114942
5.460812823114942
5.219883033106914
5.460812823114942
5.356306394101374
5.118854732518222
5.2736752618801885
5.460812823114942
5.460812823114942
5.866643348396176
5.460812823114942
5.446507039840806
6.112889748675032
5.460812823114942
5.30990443338692
4.880123396319114
5.4130028981506975
5.146354457970392
5.344293678730242
5.49903046680692
5.804518978136969
5.460812823114942
5.328115493367145
5.460812823114942
5.04908792187334
5.221940870501572
5.212481588883385
5.460812823114942
5.3577834200529
5.409829693070568
5.503709113672616
5.384727552166334
5.313845997225624
5.460812823114942
5.460812823114942
5.5149230287339694
5.298193757416221
5.729992222974017
5.460812823114942
5.2979378369108066
5.069136946701061
5.101779419162103
5.460812823114942
5.463624368788414
