6.665404766528842
0.944046036233332
5.682451631380021
6.137602557930245
4.8231873361483215
6.785009814916581
7.093118518820219
5.888996513534544
5.923904531040418
3.6044663370879784
4.833703345498508
4.512521635878224
5.540748938318989
5.343356125815175
6.318461072440349
5.856614229040834
5.190399856913709
4.1759647895731735
4.434040955533005
0.0
6.208811791789245
5.591968247843014
4.428915618643578
4.319040447015752
4.604396370550539
3.7713975681253387
4.967448683712492
4.864208933965333
5.572007399724017
4.680700385342185
4.920722742750587
6.8690737071128405
4.049687898337302
5.1847238975605165
5.708866579831918
4.615064133490692
5.533582899203911
6.004385124457931
6.593353001673366
6.293937423330093
5.805871416510731
6.438247371129394
5.963354037937809
6.10002528895114
6.062743101060613
5.872670359792644
5.426415616199462
4.667465873783465
2.880045129225275
7.076760866074254
5.409259740568652
4.213067991329063
4.497385011304267
3.965052161568493
4.793906293813327
6.175489392741818
5.915081067702592
6.151827556057646
5.2271844411943835
5.842989283352632
4.450729314471863
4.489112461021674
6.472421642895014
6.421432501604304
6.099337175582038
6.723894614219751
5.927000301961284
6.035566898122434
5.2787940120074754
6.096765564510823
6.20949269612343
6.262687881011152
6.3217846617543225
6.296327108600296
4.948383909270372
5.1481723797756125
5.509825130092262
5.739713992745402
6.009754544888733
5.984054694665595
5.197581060255241
5.264700029030186
4.755480501094091
5.007228128990168
5.953785995908636
6.155753289522264
5.944648851953128
5.250254724664581
5.043124839980316
6.995085689439818
4.643375240895153
6.0141907534981565
5.717816044654166
4.827937159894873
5.27445224481145
5.200221450888687
4.934505365574019
5.916071424710681
6.130652875780667
1.1759493260936997
