5.4040112394093285
4.88034981733545
4.4144431780325535
5.055613870929626
4.910792822418788
4.887739655222497
4.865971366176293
4.89719533901371
5.055613870929626
4.698574661454527
5.055613870929626
5.055613870929626
3.828042434679667
4.729073010958683
5.055613870929626
4.875102837769323
5.055613870929626
4.61148061900249
5.055613870929626
5.25985342393832
5.316318938960951
5.055613870929626
4.287157469244178
5.055613870929626
5.081589562213828
5.055613870929626
5.028911918722289
5.055613870929626
5.426523272316616
4.8086629006899075
5.055613870929626
5.467218222601649
5.718952211455055
5.055613870929626
5.055613870929626
5.055613870929626
4.299972368009293
5.095055205225471
5.048303767339294
4.573968546644287
5.055613870929626
4.934047896344489
4.872233329676551
5.055613870929626
4.61479035505397
4.364201795728237
5.055613870929626
5.055613870929626
5.055613870929626
5.18152824866365
4.932064594058531
4.7630912271768535
4.762966014613169
5.055613870929626
5.055613870929626
5.055613870929626
5.542230062785815
5.055613870929626
5.055613870929626
5.207356227711877
5.055613870929626
5.7569952540788325
5.055613870929626
5.055613870929626
5.055613870929626
5.055613870929626
5.097568546201212
5.319552047266761
5.055613870929626
5.135315616488186
5.567462447596722
5.319792088606484
5.055613870929626
5.055613870929626
4.895252954316882
5.055613870929626
4.495439753634837
5.055613870929626
5.224336755964961
5.372084487542555
5.060465273064151
5.1472997779577305
5.2035872978694995
5.055613870929626
5.5056126393865314
4.952306404004662
5.055613870929626
5.55101538919261
5.055613870929626
5.163699671043462
5.055613870929626
5.386848358099036
5.055613870929626
5.055613870929626
5.055613870929626
5.055613870929626
5.055613870929626
4.982343456932476
5.055613870929626
5.055613870929626
