3.6610534229087324
1.5515279599549034
2.106285444351868
2.6303035221563085
0.0
3.191869227068799
3.1047249442477276
1.7752864174179064
1.8635604571187283
2.9437364506946264
2.511121462840169
2.5867405245767183
1.6592925881073106
2.2816881295944516
3.8590310129687504
1.1736302103139589
2.3843058173344653
1.7682344522163023
2.2817268535954005
3.219902486685271
2.5672527166447447
1.6307607912074502
3.5247365002156954
3.1659273855141423
3.439645910091531
2.9140630010654283
1.9058242669543302
2.088910680688402
2.6999409102559677
3.4609448505916895
2.4131118480677496
2.2966932748150097
1.7717932821703584
3.4443586572820517
4.069510192630875
2.814833170827689
2.0769551591689543
1.7985121698379354
3.50660836629503
3.0832328495082595
3.107393182536273
2.2056814014213155
2.269071517349373
0.9180050612637969
2.814275905534377
3.498922848644159
1.5631710221060824
2.642762691811475
0.7103183589255126
3.3448959908782845
3.119709869092222
3.3799619701511276
2.9014058856404095
2.5101177973881663
3.128980142483213
2.6899822624679244
4.207402502232613
3.268671729973306
3.054523608418617
2.546193117866011
2.760747776144284
4.187869181783381
3.1395914472922737
2.193994863137201
2.2343464994025934
4.129419230735145
3.5716217902130407
2.7703609994757135
2.1602280533438796
3.2085633345997375
3.1208060091206447
1.8297571537519475
2.111618752464898
2.5355597255933287
3.1734898433431393
1.8940380119683558
3.0470807394820048
3.226906620420596
1.5309317038185337
2.0048690126898543
1.7418153065471649
2.2372497902811856
2.019708596749493
2.572992500930125
2.5225929347357012
2.4549385519764937
2.495755848946076
3.149908886742762
2.0791080900302
2.3354408103202156
2.4221952085560714
2.736062600529057
2.2796516618323013
2.4620172298994767
2.7604234005657085
2.477195952707719
3.4802117646103294
1.8420387323336755
2.4129669416921242
1.5098621942770674
