7.770739128446246
5.054175685753384
4.930093715543602
4.592379598262537
4.480513568508201
8.258930496738042
7.215154830244362
4.1193996406620865
4.0401355073457585
7.709936347900942
3.383146113225361
4.793251662157204
3.948912539387173
3.570016974436855
2.623272398786984
3.776740222346314
3.3582529264607976
1.9907611354995476
4.44058835133797
4.745776975139697
5.516630733509506
5.69449846606706
4.279560782449371
4.685445689153192
5.470697860432184
3.366863539281228
3.1837022463591267
0.0
3.950976742740969
4.05936285889317
5.318222825242306
4.531934705609459
3.3946584768115677
3.9313175386989685
4.349540454945097
2.4894137496926163
3.8386241428711516
3.7870381388066523
3.709758836683337
4.86724520862738
4.3792324323971386
3.1318703546340694
1.995139698793067
4.65037463502631
4.824885491278563
5.090989559521688
4.172362259439483
4.970797480751953
3.7115490111606504
5.00181712126788
3.6264752313688646
3.954111413329987
6.027435048170663
4.740032373860626
6.33245305049982
4.713253213841437
4.00586920141243
4.013454713144247
4.643951495281648
4.9646247191508674
5.162080091582087
4.885285636720501
2.175470260387955
5.343500695034772
4.717171512650187
4.425511454286973
3.887801711167641
3.59878261467275
6.273659649695584
4.843034872941216
3.539865837976311
4.587884952555743
0.5599541140879092
3.9959565203362097
2.5923078692239914
4.486844872224603
4.3562664028499665
3.6493283398271545
5.4663955087068885
4.6972747282315535
4.201237176797914
1.020506620189379
5.226467264234617
4.428999648593386
3.898318647401015
4.615362154698583
3.992346170193249
4.4784957381509685
3.1955277105326236
4.381868747861818
4.9451649823852275
5.3171243392925565
4.608081627518418
4.291808819117824
2.106152472849081
4.71318514133706
3.5837227511848004
3.4824179899190497
6.104235749318144
3.263532926250355
