5.698189798402522
6.001987210012702
6.3123513848192605
5.895205063253478
5.698189798402522
5.896723983611057
5.566155224673123
5.436353574857055
5.698189798402522
5.173422991237105
5.775873180840961
5.543798355597774
5.938780207736466
5.698189798402522
5.561979779172518
5.698189798402522
5.698189798402522
5.922853659082766
6.236190848730974
5.8050965644171955
5.698189798402522
5.698189798402522
5.698189798402522
6.19225526977921
6.065500835166871
5.769550913035126
5.601589080155005
5.893533397379043
5.698189798402522
5.7091757411608945
5.698189798402522
5.80103845313587
5.698189798402522
5.83612803580694
5.896786089263732
6.40602464597926
6.210437259386113
6.541741248290021
6.276000753156852
5.698189798402522
5.698189798402522
5.698189798402522
5.178684668432675
5.3484067876518
5.698189798402522
5.254424036500863
5.151397344571812
5.820427823359137
5.872756721103522
5.893021977331352
5.698189798402522
5.698189798402522
5.698189798402522
5.457334698903458
5.35177200876805
5.6419305065496115
5.268123347259823
5.261618588284273
5.698189798402522
5.482918950485015
6.0876511785657375
5.698189798402522
5.698189798402522
5.698189798402522
5.726473782158381
6.058138139781109
6.415603020333723
5.698189798402522
5.5228467756126065
5.698189798402522
5.698189798402522
5.698189798402522
5.698189798402522
5.405074363093661
5.42639683936393
5.698189798402522
5.662378389131863
5.190219583740597
5.559839483583374
5.113194289625457
5.37059969961064
5.511173032741949
5.837313902584465
5.407273203497194
5.698189798402522
5.698189798402522
5.641053231964236
5.698189798402522
5.136899400730995
5.810072920850226
5.445487460363884
5.698189798402522
5.698189798402522
5.281418736442349
5.698189798402522
5.934521402882185
6.4173001136271175
5.698189798402522
5.729537265044222
5.698189798402522
