4.458623617110942
4.281565130319802
3.840102765822097
3.5901143466718186
4.068930481132313
5.272639141484796
2.5790502176627976
4.695441999958444
9.86667447362824
6.998707884482727
3.9528144350377485
4.4376710492836065
4.963070089260661
4.939808181600222
3.9529013233146193
4.540127928722136
4.370369518328781
5.798158806242775
4.379213329275303
4.968302031648593
3.6401862281288597
2.2187267176495675
4.470678400070236
5.677695694831245
4.670680256934893
4.038012720836357
4.990343564474882
4.437504462964231
3.071936805193145
7.909452513715548
0.5918378870754757
4.87659582763159
5.173641777794265
5.110762388153585
5.44198881083323
0.3534120031629868
5.616837702368039
4.178985170329416
6.5278164077393575
5.618745813568555
2.311244028416594
4.451281065946634
4.298839453877129
3.4774689416995743
3.9981423269824425
3.769145695718353
6.634004059743484
1.3293007902118168
1.2874546990669105
2.7089343164103914
5.488642044340148
2.6245121944600953
0.0
2.0064186808969304
5.238787637432744
4.02109186259644
4.305133712842987
5.304624306723362
4.954759894556265
4.013713720150905
5.057695954828882
3.5932635862106808
4.069400344992262
4.244911827832395
3.4612801200694734
4.60716136852067
5.375355880810812
3.8711584658528553
3.9205445904590848
5.7470275473545955
3.150054102590052
3.4506414328511235
3.7329836200306157
3.406458031592527
3.6526897982413336
4.470289827305323
3.124601344996974
4.624955214134005
5.871786577147994
4.059943859694071
4.304575517812257
3.9469378220902973
5.943763990420935
5.969443650039047
6.970551607988792
5.133524533163874
3.989035056635463
3.7628438431616678
3.792782505796956
3.8821831256899055
4.419047795048806
4.740413615503636
5.907201327820179
3.6155444842328857
4.120609360595893
5.004185944107479
3.4340006849578004
5.067168909074063
4.996450538637722
4.729073198383896
