5.925916016353515
5.906558758122907
6.661827731008741
6.256339537176264
6.0331149684460925
5.568646725527444
6.271617406291367
5.753036815395217
6.51335306764315
5.925916016353515
5.925916016353515
5.925916016353515
5.925916016353515
6.735331207928532
6.641747272698929
6.538129019317682
5.978854023913643
6.660533367761063
5.925916016353515
6.830123991173405
6.648380694135828
5.925916016353515
6.267517774101055
5.925916016353515
5.925916016353515
5.730422637676531
5.774593617822093
6.107057224165388
6.0287273345597
6.739773054152778
6.3900029436976
5.925916016353515
5.925916016353515
5.61216730495331
5.663357931058316
5.988284437770115
5.925916016353515
6.151596419886166
5.941276560840189
5.925916016353515
5.925916016353515
5.925916016353515
5.925916016353515
5.781406749389543
5.694679632544858
5.891389895707174
5.97465655859056
6.51592835860937
5.860182271678938
5.925916016353515
5.925916016353515
5.925916016353515
5.925916016353515
5.925916016353515
5.906177026537111
5.744372804243086
6.114584825970146
5.925916016353515
5.925916016353515
5.858645295169514
5.925916016353515
5.925916016353515
5.892612095152345
5.925916016353515
5.925916016353515
5.925916016353515
5.768108670588921
5.925916016353515
5.963273188999252
5.925916016353515
5.987248018944352
5.781017014526432
5.925916016353515
5.925916016353515
5.70818587660478
5.786025122418594
6.3098810164134065
6.206035112488728
5.925916016353515
5.925916016353515
5.925916016353515
6.390107684815909
5.925916016353515
5.831699006639544
6.124456273687343
5.961192962075051
5.925916016353515
5.925916016353515
5.925916016353515
6.050912310659106
5.925916016353515
5.684392419027041
5.925916016353515
5.925916016353515
6.268908389297573
6.664975328013306
5.9348691613688604
5.852711218992673
5.893664871259363
6.605378653009208
