6.037989489001896
5.272190563541722
5.189026366642194
5.272190563541722
5.272190563541722
5.272190563541722
5.272190563541722
5.272190563541722
5.272190563541722
4.455456732771314
4.899617625926209
5.272190563541722
5.272190563541722
5.272190563541722
5.272190563541722
4.636210945491226
5.272190563541722
5.272190563541722
5.043223833538633
5.272190563541722
5.272190563541722
5.272190563541722
5.4222446521564756
5.272190563541722
5.363972319230694
5.272190563541722
5.316010503484861
5.800662478788063
4.7170033889564476
5.365598993308349
5.272190563541722
5.857852184932261
4.973922760890888
5.259099145457034
5.272190563541722
5.340965098771654
5.005608113088188
5.272190563541722
5.272190563541722
5.272190563541722
5.0285605376723925
5.530593609639504
5.272190563541722
5.272190563541722
5.272190563541722
4.924406235938946
5.222989464639035
5.7528395651779745
5.790860612713474
5.272190563541722
5.272190563541722
4.755600062529991
4.2611958199038575
5.044868384057514
5.104452819319277
5.272190563541722
5.272190563541722
5.35416478387806
5.043792931937707
5.36375975929705
5.272190563541722
5.272190563541722
5.272190563541722
5.3040381808312365
5.10518054082357
4.678746018973367
5.272190563541722
5.272190563541722
4.766684137673932
5.443119591023235
5.321185527567322
4.982092628936428
5.272190563541722
5.272190563541722
5.13013588675088
4.619052590618705
5.100153384330685
5.5391011698991734
5.670620093443063
5.272190563541722
4.854838886454957
4.837324117350395
5.272190563541722
5.355951526042342
5.272190563541722
5.359541787967742
5.272190563541722
5.329008343732895
5.45609978447378
5.272190563541722
5.320315942689291
5.272190563541722
5.272190563541722
5.858511303641334
5.272190563541722
5.686465690927298
5.0395414753416325
4.651347380195126
5.272190563541722
5.508072954168098
