2.578745690476401
0.956801089234431
4.222277713854277
1.9433447667226558
2.3159557147481387
0.0
0.08373337336319286
4.3247034022751265
2.572654877091731
2.791513852637665
1.9073960443905755
2.6403113420642574
2.732651144599492
2.085386779553412
1.5291387728045929
6.372647035284024
6.628732315674705
0.4417029514934421
1.6658868237591733
1.6723638592693404
2.6156678816150936
0.6515371902195524
2.4002844448036633
3.0904143595160987
2.426488918597489
2.6284384966724357
0.9916860988787746
1.5123480901024573
1.9115096421611653
3.2795825088335233
2.8369106262288373
3.59509748899678
4.368014692264218
1.863283232836914
0.4374701057537722
3.1401973326517605
2.0508275432405125
2.6719633956937496
1.7512464848163614
1.5754854112193781
2.3977010162167147
3.184477486353172
3.1578684023742305
2.765972155611035
2.5621521017705304
2.901720124631207
1.5243577578183087
0.9697108063405806
0.5563837886943999
2.5987709675324218
2.970343291668183
1.8029077115220624
1.2016419738794288
1.391551656977294
4.23365951216018
2.382750028495119
1.966720879083474
2.749276926870263
2.2853232153361676
1.4381802787295466
0.7593279737688663
1.8084233955530722
1.4911523224822933
1.4520577825395953
2.6072760738837
3.214351378228501
4.159054875133953
2.175373057581226
2.661190946127505
3.0240068599185834
1.828852207015918
1.5036265336031316
2.236355050614799
2.0059287090363576
1.7887128269286912
3.760968136322163
2.9722696080109925
1.7228734174951201
1.0754898988006565
1.163669608687608
0.9524208342439664
1.2465190034183942
1.2365829952803042
3.0122661176358227
4.298467726124869
4.122408971835476
2.5669326897358253
2.161962268559306
3.323118876976841
2.5419569416459327
4.326806007166301
4.27989612232881
4.127942910914476
1.8084832261711004
2.5345570596936438
2.3672123911558
3.144219654733671
1.912155697878832
1.5402251072727742
2.8346894768585083
