5.474422539110233
5.474422539110233
5.908017556347382
5.5512273396084915
5.223864721412376
5.801844133716496
5.481114122785525
5.474422539110233
5.474422539110233
5.474422539110233
5.555976131956767
5.474422539110233
5.474422539110233
5.474422539110233
5.408599982240075
5.474422539110233
5.474422539110233
5.755937151640142
5.474422539110233
5.594063930476866
5.474422539110233
5.474422539110233
5.91738612810574
5.878555197262268
5.474422539110233
5.474422539110233
5.921316015403004
5.7486880644892935
5.333521640032966
5.18725536257554
4.783108013129224
5.129868543589055
5.1695015970305995
5.474422539110233
4.680790341199705
4.665659771040878
5.474422539110233
5.135476904987904
5.474422539110233
5.777224995894393
5.846895267339313
5.062412538870152
5.474422539110233
5.598582834862882
5.474422539110233
5.537753943833813
4.943626875087311
5.474422539110233
5.474422539110233
5.7704723644736715
5.474422539110233
4.990094812272255
5.218927900215975
5.881460752928859
5.474422539110233
5.474422539110233
5.474422539110233
5.408232970672707
6.021913420404898
5.474422539110233
5.385011354328117
5.474422539110233
5.6456410790097795
5.474422539110233
5.8289265112764355
6.028298985559748
5.474422539110233
5.474422539110233
5.474422539110233
5.474422539110233
5.474422539110233
4.963591764248269
5.946066760359756
5.474422539110233
5.962927911885411
5.181203066668701
6.585908460290041
5.474422539110233
5.474422539110233
5.474422539110233
5.090650127783175
5.469179974713228
5.474422539110233
5.477313135339357
5.468489216659334
5.474422539110233
5.474422539110233
5.6262855800946046
5.895227334052636
5.474422539110233
5.527775888598148
5.068549599768071
5.474422539110233
5.110715189871148
5.800608403043398
5.95934855123188
5.898223824842953
6.427890209180003
5.474422539110233
6.188110863846255
