0.9824037331980078
2.7233563450666414
2.161659324050139
1.947429360838933
1.0064842650913746
1.3775732521371422
2.4117405224410993
2.8428213941923492
3.2066212239575385
0.7414260045253269
1.0994105312068894
2.410447546326406
2.622663450295332
2.041798880609856
3.129186863899127
2.4463140921784867
2.3849902356114274
3.5902369555516547
2.0710412887013443
3.1513709005011314
2.5701649733899417
2.492718471492542
1.2547669655311662
1.9638469709002235
2.5768725964165307
1.2925858316616758
0.8887631062659229
1.4142332624629637
0.0
1.1198189322698875
1.6806683347370752
2.716019118937617
4.055876886734328
1.6259488793886172
1.5018188157984453
1.2720128723827728
2.827706135366925
3.739233883264988
3.2298943140701613
2.3983201537230636
2.3335114274380873
2.3378698947865484
0.30791088819584367
2.9605720028601574
1.8643106387674662
1.6693977808708533
3.657347442296226
4.304629661104125
1.8935290363525974
1.5141483020086683
2.9830734262255945
0.9172287394736736
1.1756625893890233
1.242874941443099
0.325752962851414
3.7145788651073333
2.650300617927102
0.3091022508090322
3.162613642671851
0.419267814321995
0.999362223226701
2.755171888064406
2.492828628754706
1.4564741021165246
1.4127576957170402
1.9645639405427335
2.761431115519339
1.7352111209066199
1.7324473690977578
2.4801522948636507
1.3807467641565316
1.4379861159865768
2.0548315329858573
2.4267385647385646
2.2789936317736457
2.1713120825881904
6.010765034804497
0.03238298868950151
1.5768886323506663
2.0234467709450397
2.270955985853497
1.2833157982301624
0.9629637192025648
1.0446247153933648
2.3550498599898253
2.4215047896296125
2.2549589290118766
2.00012864221906
2.0578727776371624
6.860836773734041
3.3073836752821815
2.158824793170208
1.6689168175798317
0.8056797124283508
1.5128546182989124
1.882705661948045
2.766050750187226
2.4486873035373202
1.2985443521576658
0.3713429976125586
