6.027097907018222
6.024151987132177
6.017038856674175
6.00893193929333
5.986745385944289
6.032309097651533
6.0481833864351415
6.027097907018222
6.027097907018222
6.027097907018222
5.9994462175020455
5.9886254331518955
6.09708315199847
5.987664232258644
5.968923229078859
6.122363994973356
6.027097907018222
6.014134995818198
6.072663693678239
6.027097907018222
6.068814560137367
6.001427907650491
6.027097907018222
6.027097907018222
6.027097907018222
6.063690562571313
5.976369315581913
5.9652266299944925
5.952498370492121
6.026388245662285
6.027097907018222
6.027097907018222
6.027097907018222
6.027097907018222
6.027097907018222
6.027097907018222
5.874495665906823
6.027097907018222
6.027097907018222
5.933368558563357
6.027097907018222
6.027097907018222
6.207706685135173
6.027097907018222
6.027097907018222
6.027097907018222
5.944032186796369
6.027097907018222
6.0904918573949285
6.075240460136733
6.129722867990269
5.989773214239351
6.105880902810847
6.027097907018222
5.922298565981315
6.027097907018222
6.027097907018222
6.027097907018222
6.027097907018222
6.027097907018222
6.125599142994627
6.027097907018222
5.973954289117124
6.027097907018222
6.027097907018222
5.982893603145711
5.89887713658227
6.02058095104206
6.027097907018222
6.102560816699585
5.983345072283052
6.045938765318805
6.027097907018222
5.908031268500012
5.97811305277931
6.027097907018222
5.980003474928603
6.027097907018222
5.907105832205307
6.027097907018222
6.027097907018222
5.9599156186503315
6.027097907018222
6.092206256497958
6.116349778639831
5.771010506856858
5.810214468020255
5.8283550576003424
6.027097907018222
5.982717177881225
5.941829328096882
6.027097907018222
6.027097907018222
6.027097907018222
6.027097907018222
6.027097907018222
6.027097907018222
5.987811583767793
6.027097907018222
6.027097907018222
