5.505474386072404
5.486117127841796
6.24138610072763
5.835897906895153
4.727763464965221
5.1482050952463325
5.851175776010256
5.332595185114106
6.092911437362039
5.505474386072404
5.505474386072404
5.505474386072404
5.505474386072404
5.505474386072404
6.221305642417818
6.117687389036571
5.558412393632532
6.240091737479952
5.505474386072404
6.074800990789072
6.227939063854717
5.505474386072404
5.847076143819944
5.505474386072404
5.505474386072404
5.4767270586605115
5.354151987540982
5.686615593884277
5.608285704278589
6.319331423871667
5.969561313416489
5.505474386072404
5.505474386072404
5.191725674672199
5.242916300777205
5.567842807489004
5.505474386072404
5.156006386862382
5.520834930559078
5.505474386072404
5.505474386072404
5.505474386072404
5.505474386072404
5.360965119108432
5.274238002263747
5.470948265426063
5.554214928309449
6.095486728328259
5.439740641397827
5.505474386072404
5.505474386072404
5.505474386072404
5.505474386072404
5.505474386072404
5.485735396256
5.323931173961975
5.694143195689035
5.505474386072404
5.505474386072404
5.781450917057846
5.505474386072404
5.505474386072404
5.472170464871234
5.505474386072404
5.505474386072404
5.505474386072404
5.34766704030781
5.505474386072404
5.542831558718141
5.505474386072404
5.566806388663241
5.360575384245321
5.505474386072404
5.505474386072404
5.287744246323669
5.365583492137483
5.505474386072404
5.7855934822076165
5.505474386072404
5.505474386072404
5.505474386072404
5.969666054534798
5.505474386072404
5.411257376358433
5.704014643406232
6.178305175628885
5.505474386072404
5.505474386072404
5.505474386072404
5.630470680377995
5.505474386072404
5.26395078874593
5.505474386072404
5.505474386072404
5.848466759016462
6.244533697732195
5.514427531087749
5.848154882900857
5.4732232409782515
5.505474386072404
