6.0074865571138805
5.785408253959943
5.796139296386837
5.767518116193097
6.113699610708462
6.385373331350364
6.2441450227028525
6.099628948188815
5.767518116193097
6.030265166790398
5.767518116193097
5.517303221832807
5.767518116193097
5.767518116193097
5.616204251534328
5.79116963070719
5.767518116193097
5.694324116260123
5.7083645347071865
6.096731802505511
5.767518116193097
5.62810588801936
5.820761338881651
6.115325976834896
5.651632545953826
5.614138141740489
5.767518116193097
5.767518116193097
5.556962752252817
5.767518116193097
6.066957226255953
5.767518116193097
5.8369439000951315
5.767518116193097
5.767518116193097
5.767518116193097
5.753772786280365
6.050751061878794
5.910784300280738
5.767518116193097
5.703764786761582
5.6206822044079585
5.767518116193097
5.767518116193097
5.617699100439905
5.75964899496094
5.767518116193097
5.465345926634175
5.909067038472664
5.767518116193097
5.583246526830884
5.662048769681979
5.767518116193097
5.767518116193097
5.767518116193097
5.442316367525859
5.95126349044938
5.59371687678326
5.561685191263667
6.1097196911089355
6.014140406201861
5.767518116193097
5.8024122013811334
5.767518116193097
5.779810224686887
5.767518116193097
5.767518116193097
5.767518116193097
5.767518116193097
5.332875819455562
5.767518116193097
5.767518116193097
5.767518116193097
5.767518116193097
5.749158716501725
5.251850925206607
5.569561520184951
5.63918283069887
5.767518116193097
5.767518116193097
5.971519375363321
5.767518116193097
5.767518116193097
5.767518116193097
6.212226841433656
5.767518116193097
5.767518116193097
5.733575841863038
6.044854068643195
5.7112500925025955
5.767518116193097
5.767518116193097
5.905284662244322
5.767518116193097
5.767518116193097
5.767518116193097
5.4715276780101885
5.699266244264226
5.69921054547873
5.767518116193097
