5.12606084185924
5.12606084185924
4.798908675483066
4.772618551688878
5.12606084185924
5.12606084185924
5.813040488542199
5.12606084185924
5.12606084185924
5.12606084185924
4.8935879666128566
5.12606084185924
5.12606084185924
5.12606084185924
4.258394189667332
5.332409223465661
4.634721362985292
4.880058942368463
4.9418299040064495
5.12606084185924
6.094864191220247
5.12606084185924
5.27976349963505
5.405347804463435
5.355132247574105
5.224133728944846
5.12606084185924
4.193398239013447
5.12606084185924
5.12606084185924
4.795271588580578
5.648196209444975
5.12606084185924
5.12606084185924
5.12606084185924
4.388416899447019
5.12606084185924
5.12606084185924
5.12606084185924
4.99603042694238
4.435391291985195
5.12606084185924
5.263782722047706
5.687204526152063
5.59313102276807
5.740588479171127
5.551656513584295
5.12606084185924
6.160335375323455
5.367711113945683
6.123558242828268
5.242976770131565
5.12606084185924
5.12606084185924
4.439512157418366
4.816668782947029
4.907823547396039
5.9284905425854255
5.12606084185924
5.10055377617584
4.081802859117955
5.540855865684265
5.12606084185924
5.432785914758439
4.967250281660545
5.12606084185924
5.12606084185924
5.128392024460861
5.12606084185924
4.828039971554802
5.12606084185924
5.12606084185924
5.12606084185924
5.12606084185924
5.12606084185924
5.12606084185924
5.12606084185924
5.12606084185924
5.12606084185924
4.514802950749118
3.968936376538893
5.244535123953276
5.12606084185924
4.047947104213596
5.12606084185924
4.757889590395175
5.12606084185924
5.12606084185924
5.948366442928815
5.169694285269009
5.12606084185924
4.905617544239591
5.12606084185924
5.496518893662941
5.0882888116189005
4.940029549150517
4.783786645501518
5.12606084185924
4.745807621839088
5.110363913369548
