5.618043872791822
5.4205652478043795
5.492642813382398
5.71824646633976
5.240672006711629
5.655091169559346
5.69043548346829
5.2524960510273715
5.4205652478043795
5.408863075577887
5.173979556975695
5.4205652478043795
5.4205652478043795
5.4205652478043795
5.660516620159067
5.087474063029704
5.159843148534872
5.657777472589085
5.258225239125666
5.651368383611658
4.871161034370402
5.4205652478043795
5.46675820668864
5.713303614080316
5.4205652478043795
5.4205652478043795
5.4205652478043795
5.015216621713889
5.4205652478043795
5.5621115068808855
5.597872763964971
5.4205652478043795
5.722873987927564
5.391281380237759
5.390726158182574
5.632880812869988
5.4205652478043795
6.036227090891735
5.7672818457388635
5.276890634307106
5.4205652478043795
5.4205652478043795
4.970291122638672
5.56236226365703
5.045134779623867
5.395135596424661
5.4205652478043795
5.4205652478043795
5.946009428665607
5.022309187158925
5.4573501200216725
5.843374788818954
5.4205652478043795
5.767299682458548
6.0313121902505635
5.471892917355779
5.4205652478043795
5.805373653931756
5.4205652478043795
5.4205652478043795
5.4205652478043795
5.4205652478043795
5.4205652478043795
4.557945188429172
5.282737141130036
5.4205652478043795
5.4205652478043795
5.4205652478043795
5.4205652478043795
5.299275834191078
5.171578913752086
5.4205652478043795
5.004019790611277
5.4205652478043795
5.4205652478043795
5.346007131131293
6.61282363341755
6.186195552321193
5.61329887074964
5.798412239956718
5.558411045575299
4.880586080532156
5.6482427558338975
5.47704536591395
5.596412753564133
5.514713841827588
5.556245601609634
5.647383575526256
5.4205652478043795
6.069122017723634
5.4205652478043795
5.4205652478043795
5.386814518490788
5.711580903912287
5.182429315226716
5.4205652478043795
5.355211951184172
5.217182677207517
5.4205652478043795
5.525119965868717
