1.9254336547448139
3.4682487763008605
4.73754608679099
2.430620635770301
2.992789586763277
4.108356614800394
3.5223654263135695
2.705994807287544
2.8540756205168987
2.1309092670215977
2.6611947754470187
4.598471974676131
2.4019649101090064
2.644179813969
3.309282106140421
4.57440180309539
1.9689681309093938
1.994577936718605
2.647824013924088
4.064438135708494
3.302528896387468
3.267611244043695
3.8127871466886103
2.3802043368510715
1.4967263708613086
3.0472276723511245
3.1330282638027587
4.314973818969165
3.7118937942514556
2.861433836658017
3.659272527275451
3.522867100631438
0.8140005571786353
1.2509530549991177
2.3429138295432494
4.277790911756192
2.527027287721713
2.5300053218480865
2.1610174904400816
2.1678465532009437
2.7316205103822533
2.289418226534437
3.1240893111594477
4.07367029341383
2.769935545104501
3.2815971346069843
2.5314573541310903
3.2060271421261834
2.5785563660786908
3.7074580560136843
1.8810346573646477
1.9459069698535398
2.0283485236661645
3.0883604724820843
2.8512737522358504
2.5523058279006023
3.587099771159459
2.804121198818846
4.161210529053849
3.612535027047039
3.6468835538625806
0.0
2.2766424911134235
2.11927222253141
3.0782801637010944
3.994183658397227
3.490623988890232
3.340145975207928
2.4143374964018554
2.4349819333385097
3.446961422418331
2.988681273329779
2.8721090136016314
3.1764069416814524
1.9836051439526448
1.8037097976546965
3.7470363132507845
3.8220614855487884
2.3270652365901228
2.8704829741369364
4.139025587170628
3.5632914076480997
2.7627011474743712
2.231500452578298
2.430727231941844
2.2465072687478953
2.1431163745814654
2.696434911075761
3.781063155114122
2.02772691847571
2.7319635518009444
3.449325189142449
2.7846987124508042
4.670426148403031
4.294090768437161
2.525880582314207
3.4645308700295927
4.597874144726026
2.859621973044005
2.5202122242871865
