2.155610397314278
2.8766170821603327
3.010528538571315
2.656307439013152
3.133595155042759
2.8753397471473514
2.4361394003829115
3.5068076934216785
1.197099407333257
2.6441707551790863
1.8670449488856538
2.043485808866098
4.114151933671531
2.521719994533323
2.961629976950515
1.672924910475381
2.6313959961991067
2.848389901546681
3.3488899104259597
1.043151460693215
2.8985584921782666
1.115363392306357
0.6730642418546062
1.7409153208806663
3.2783039069961264
4.966058280960864
2.5497548907864958
2.6442684970541324
2.715939166174893
2.8640340789590035
1.713687569400653
4.070364514573563
2.894370593821309
4.308284905282096
2.812038444950457
2.2161678985746835
2.3252849206082953
3.352212436432374
0.9110500846365981
1.776970497305213
1.1382765297957325
3.5130287742765383
1.2895415516357902
2.3565335128487073
3.058696482578712
2.235690636669754
2.5017439692474097
2.047082326711166
2.216606082341485
3.652720659246002
0.9575636480514929
1.1803842255600447
0.0
1.9085171126728433
1.6396770868975885
2.518450597105831
2.7362037474245966
2.5212310348940536
2.998707829081793
2.630937094305251
3.2501975191003956
1.9525295571968952
2.384193316659911
3.502252850908036
1.6717070506015959
1.896070336440045
2.7351073619210267
2.577029561269878
2.4266842832798736
2.208456743070578
2.984576288441495
3.6025025364018775
3.248640573233017
0.40430855582561254
2.8575903354450443
2.636761672140156
2.8697228863201545
2.365776740982578
1.313954413140532
1.8795764059139843
2.7707052362754183
1.4921770762028617
0.9627033446662958
2.55322651561286
1.7415685687544988
2.0215197323737497
2.616773160222972
2.7052839876938197
4.429161487898657
1.1372199084344197
1.5053764832884777
4.891937379173045
1.2350712758880482
4.805392680977468
2.7885489757510866
2.894281949679407
3.713739712665239
2.846570641339355
4.180819012710707
4.710143954362911
