1.941963703745085
2.6093363552280326
3.112565326302295
1.9037152853161265
1.7156259115950783
2.4794661924259818
2.267905412823868
2.4521486039014033
3.072237010474539
1.2185347206039499
1.9701494599609446
3.7696508893229153
2.464631196307449
2.220248394344038
1.82552964524932
2.8037158679452956
2.736028722389264
2.596374624984279
1.1481193809671741
1.5194681322129067
2.8132229268495603
2.599187668859871
1.8461404826161119
1.7869952960684414
1.92148626608411
3.0254319434812613
2.9198703342379826
2.9661393124085684
2.921812916398749
2.3863445447443037
2.047918027369781
1.8557999397638947
2.211272877666548
1.6127864960177565
2.303404410354326
2.3717883166059766
2.896670592142498
3.3482356895389467
2.3022323713957826
3.4189779491352144
1.5538656101325221
2.3369004460404916
2.0179812134210597
1.5203531519698747
0.44793340038489027
2.71493278204783
1.458461658834028
2.8292451752099463
2.2968321836604204
1.6308874590745148
2.7018038051485673
2.9223960168571983
1.6539763480612266
3.089401604542985
2.0502736905216596
1.5724578125407571
2.0890894753648603
2.4661592895574267
3.368002152129474
1.799038422460804
1.8582456414435153
2.1037849457506237
1.45641013876173
4.254799240123022
1.9383501262653833
2.5374482344600837
2.077812354338241
3.386171497595541
1.5645607475418732
1.6249589102043318
2.47333837250179
1.0206420213186689
1.2880485221735654
1.3206399836897655
2.3434500967973926
2.576343455325769
1.7005524167963557
1.5052724592273612
2.9609889558739684
2.6496482142613527
2.9463123202085564
1.6679422268808257
2.37089792069548
2.158607429213759
1.6759555219500495
1.8212670991260245
2.2555380121409088
2.6498700540627826
2.7435903507017043
1.240228056649006
1.7035418434289191
1.89138147640341
1.3801068684848232
0.008067138116131467
4.156143608836859
2.6995173447516736
1.70384488448915
0.0
2.602233259475189
1.9548950983149251
