5.586394808913086
5.220522214994945
4.964457320734889
5.027668235245205
5.206387938389607
5.5968141902591455
4.260771670714458
4.956855636821823
5.220522214994945
4.904205357000713
5.662947210033378
5.220522214994945
5.220522214994945
5.670707369631791
5.220522214994945
5.20416022486174
5.014123803403998
5.220522214994945
5.7579136517269625
5.0866292407852765
5.525356487649647
6.346466908132559
5.3446586862309715
5.48293747202018
6.0366267380092395
4.157859122810305
5.220522214994945
5.612750224380328
5.220522214994945
5.910646559110381
5.220522214994945
5.220522214994945
5.220522214994945
4.817293797234162
5.220522214994945
5.220522214994945
5.594874870939497
5.931680684211374
5.534189688367763
5.899028142874952
5.220522214994945
4.743298070542242
5.047758900163489
5.349857529037267
4.6774055676254
5.368713414249925
5.221349783889609
5.220522214994945
5.1002593605574855
5.093876640351018
5.104413012585657
4.409238696052887
5.270183959969076
5.220522214994945
5.544631623401719
5.351396492824322
5.220522214994945
5.159908049338807
5.220522214994945
5.3750721090527165
4.813145966356631
5.220522214994945
4.8511844151349806
5.220522214994945
4.634327419558127
4.447373659214374
5.220522214994945
5.125047152646895
5.329761358302321
4.497802921167647
5.220522214994945
6.078978661295984
4.3986932658027085
5.343715228115749
5.474475739995013
5.220522214994945
5.784365972980673
5.479287789424388
4.3008476495034955
5.220522214994945
4.971521426498485
5.060124509760453
5.220522214994945
4.842204839214049
5.173801634018755
5.21764509321121
5.220522214994945
5.4715097646151865
6.251694190339711
4.514068616776326
5.045014566530617
5.220522214994945
5.220522214994945
4.957646921349697
4.841034321298038
5.197243237983802
5.220522214994945
5.220522214994945
4.738094447346524
5.220522214994945
