2.290052468877237
2.7773530391527754
3.53372936795771
3.450242595374585
1.4500448146374598
1.819418756484397
3.1801227860275807
3.5121189543638205
4.8155007856144305
4.834191528912915
2.7910467653866027
4.8820869964438725
4.333181791551672
3.3206076629487615
4.286332838689586
4.869572423566629
4.307049137773423
3.8965471215859697
3.93854221988872
3.9839259706021894
2.211857536324807
4.937744819588822
1.449220281877341
3.1316557721369076
3.5103273884725543
4.038594791567175
3.126705875678683
3.378144913990446
3.183636731377693
6.840883230751306
3.620276438089115
3.064455186903995
3.4224196070962045
2.779397718369342
5.1142690878527794
2.5335288514740366
3.5840262146598834
4.876232451982776
5.170396595882011
3.025626525405259
3.3225157252284463
3.670451357303229
4.734238949111195
3.4863691509209955
3.953113297017489
6.229592629661253
4.883914765531783
3.843325405099079
3.4037801389775266
3.7995235447247824
3.3540241882549577
3.1683531356234806
3.0959685200412634
0.0
2.4476936052627414
4.4688675050055595
4.817177735644032
5.3782986406270545
4.2599963037935655
5.594925548815993
2.491465016988748
4.941892043229789
3.702788897073949
5.59263316123038
4.608446584824332
3.321310612093442
4.061781209813995
4.437153534340233
4.735757238123282
3.8330938541141144
4.575048824021456
5.919993426435628
3.9073304604382963
3.749652539389289
3.581198014121544
3.6942733148545925
4.468509022921003
3.6415359615351983
3.8432990708202763
3.8980302027978633
3.1573019917809377
4.184293491499368
3.664542213401023
3.6915241565483408
4.424207560813164
4.877181346511465
4.95423480366702
4.383977623938273
3.0484834239103207
3.8426645187337134
5.684156210418253
4.04822086535185
4.068219316621006
4.255083529509273
4.387406027571304
4.987906619308206
2.7602299907311303
2.0512828503563085
5.294345272976274
4.483703448121647
