3.2326555169745474
4.225576553882507
2.8270423870855925
1.915928407079
3.582927337849592
2.884780960886038
1.7005371286676172
3.0103289649222504
3.372320986942261
2.4372088848401026
5.091493593724214
3.215323065251812
2.153387657376394
2.3300945086058853
3.4261535073248397
3.026685119193316
2.994536323802334
1.9719058521168422
3.2065896385594232
2.8429454798646767
2.7184727010842793
3.9963285745577197
3.197690112250199
2.60565212258354
4.11171754179936
3.2438057706081347
2.1492814090577226
2.6383492379291584
2.0077536848499165
2.409412510739293
2.8960100944979392
3.250374014660917
3.4100856351288793
1.8731772655019583
2.834528748325407
2.659138569957659
2.950372534659331
3.109937674394246
3.488677854170766
3.4063827117175585
2.4410694032670937
3.3714391061777365
4.785937726410227
2.5415077626642466
2.195467701361162
2.937333536846667
1.8272756511306065
2.038535312300848
2.7567232955792433
2.2071476930810707
0.0
1.2876419958490524
2.2168394308572346
3.316993857303248
2.054606611397256
3.155184106696045
2.9828441837892212
3.111291133132299
2.7131090158738598
2.3450138766550728
0.5492101606654258
3.406757455306524
3.776307097012735
3.45787025497824
2.113504041157933
2.083353326690878
2.1806235008698303
3.167031562893102
3.901161550537548
2.717816395388082
2.2730889637611975
2.516603045767352
1.3682738983696179
2.91126706528081
3.8827779503808335
3.1603553514773273
2.5642294902841396
3.619286884914376
4.34631376738966
3.4878507337278886
2.9156492316950917
2.0441003898932406
2.9231056748490674
3.6466368984630755
2.591692468940222
2.292224243651404
2.566733775733387
1.971808207824083
4.055238834829886
4.2546927530179675
4.457848571515565
3.5293853810528066
1.9492996006660817
0.2667117787772071
3.2176724244145927
3.3664904407487213
2.9350011612086075
2.660610967641533
3.506375600175063
3.550735937575061
