6.270054606736134
6.230291997192035
5.961362182305351
6.0728708587150635
6.294320621301722
6.745826989966359
6.397519350677831
6.453513332947783
5.8795959668236435
5.9860346608687856
5.767525071114041
5.767525071114041
5.698675385269603
5.767525071114041
5.767525071114041
6.247296872154754
6.175119384817557
6.024905827062339
5.7681013621219455
5.6433786027797
5.767525071114041
5.959655663720616
5.902340431592668
5.654349415386557
5.767525071114041
5.767525071114041
5.912221745748636
5.767525071114041
5.767525071114041
5.767525071114041
5.767525071114041
5.767525071114041
5.827415300751541
5.485079656500668
5.767525071114041
5.812707420479077
5.8928293195669035
5.745410056171055
6.022002322846527
5.767525071114041
5.767525071114041
5.899653616405794
5.767525071114041
5.7257369817641175
5.767525071114041
5.9969979899849815
5.634765212589758
5.767525071114041
5.95751696832874
6.018089387244165
5.767525071114041
5.773996089556745
5.767525071114041
5.2518648350484956
5.615753944333251
6.029602830456117
5.7211478930483715
5.767525071114041
5.767525071114041
5.433819517033362
5.767525071114041
5.736351589128054
5.385481106281464
5.303265904863721
5.767525071114041
5.461084012951746
5.767525071114041
5.629196220343807
5.767525071114041
5.6645198347183126
6.288060445089403
5.879497169136975
5.694611457634392
5.767525071114041
5.912259723277676
5.767525071114041
5.860593559455301
5.767525071114041
5.767525071114041
5.767525071114041
5.963212714712874
5.767525071114041
5.492546534714688
5.767525071114041
5.522495105479662
5.652110804272977
5.773604543525822
5.97661578751411
6.071246458865949
5.767525071114041
5.438260599123706
5.632951561111826
5.767525071114041
5.767525071114041
5.767525071114041
5.562658304049931
5.767525071114041
5.569550917367171
5.767525071114041
6.081976030098504
