1.1114330975661786
2.654248219122225
3.9235455296123547
1.6166200785916658
2.178789029584642
3.2943560576217585
2.7083648691349342
1.8919942501089086
2.0400750633382634
1.3169087098429624
1.8471942182683831
0.9782388549928109
1.407497943511609
1.8301792567903648
2.4952815489617857
3.760401245916755
1.1549675737307585
1.1805773795399697
1.8338234567454528
3.250437578529859
2.4885283392088327
2.45361068686506
2.998786589509975
1.5662037796724362
0.6827258136826733
2.233227115172489
2.319027706624124
3.500973261790529
2.8978932370728203
2.0474332794793817
2.8452719700968157
2.7088665434528023
0.0
0.4369524978204824
1.5289132723646142
3.463790354577557
1.7130267305430777
1.7160047646694512
1.3470169332614461
1.3538459960223084
1.917619953203618
1.4754176693558017
2.3100887539808124
3.259669736235195
1.9559349879258656
2.467596577428349
1.7174567969524552
2.392026584947548
1.7645558089000555
2.893457498835049
1.0670341001860124
1.1319064126749045
2.8070880082757093
1.6265128140872291
2.037273195057215
1.8402037442764265
2.938060178632731
1.768239783611897
1.0006514980060301
2.798534469868404
2.546817899085374
0.36451436954637195
1.4626419339347883
2.9329909120686612
2.264279606522459
3.180183101218592
2.676623431711597
2.3840115602212646
1.60033693922322
1.6209813761598744
2.6329608652396956
2.1746807161511437
2.058108456422996
2.251008088682657
1.1696045867740095
2.4514316532049856
0.7612071868923853
3.008060928370153
1.5130646794114875
1.3713315725027517
3.3250250299919926
2.7492908504694644
1.948700590295736
1.4174998953996627
1.6167266747632087
1.43250671156926
2.2555233026055146
1.8824343538971258
2.9670625979354868
1.2137263612970748
1.9179629946223091
2.6353246319638135
1.970698155272169
2.8298805507281477
4.07589298920326
2.633239278557757
2.6505303128509574
3.78387358754739
2.0456214158653694
1.7062116671085512
