3.017276884644162
2.74245347475346
2.8725214399398267
3.8733107633429418
3.6158107447731207
3.6222076436830597
4.064864239753669
5.025813428321665
5.475632671997634
3.89839577974143
3.754864494420794
2.9943043622773184
3.0723544773621576
2.352519486182134
2.863035783289473
4.703965126546853
4.0740876276459455
3.2342006819004614
3.879138376155471
3.5692852487372884
2.326333374447146
1.9892062568547058
2.6994561724563844
3.832971310622837
3.42640393658774
1.9052861856182668
2.4521410028175517
2.2222240720565565
4.385120118101414
2.870350582135855
1.0865613039099222
2.089152790794243
2.303052971803396
2.5544244521628072
2.4390084751095147
2.609182683565543
2.2696667083665103
3.945591611090018
5.3725078535899025
3.2502397184713896
4.170582864220259
0.2180673878701147
2.1187856701788284
2.9522335025513193
2.5808071214234802
4.699926483565621
4.602410704103139
4.939233042322752
4.114880309286235
3.295013247290945
2.946005830893456
2.406835946759603
0.7957232624843718
0.6919662038320955
1.2419593316627666
0.44767135729598184
4.8146756445966945
4.981658022849025
3.087020031160137
1.9181622280011055
4.159286760086932
3.1117828964640237
2.8503356394823682
2.140421883397845
3.498779566957128
2.5547792209141695
3.1353912854969495
2.1313831701914827
2.1357168783497666
0.0
2.631978743692045
2.419599137290299
3.8030095378333635
2.550531309085163
2.27974398610937
2.79067306824649
3.1983534417078943
2.7581473080225836
3.3527913283576454
2.7735008267542556
4.9573273195517755
2.6045289264880367
0.5991002097642992
2.69954733428023
2.2889601838572604
2.0518956221991624
2.790514041266494
2.7179870890318703
1.2932825187773198
6.301865545775819
2.0262693936672287
3.6127823097152287
2.5028613959054864
3.4909583566908178
4.831269821991842
2.822652359118223
4.534756800023146
4.401583192051971
2.7509773913446343
3.0504955768701705
