4.140564364258826
3.376372421039044
3.9966522619555436
3.6180827613114035
3.83850465118397
3.947241823265185
3.5459816598643132
3.210441998361114
4.22017294784973
4.3444735611963345
2.5919238757245133
3.587244225303096
3.613649169023579
2.9280844788400735
3.9647680281944124
3.5809421358027826
3.3669070360504785
3.480592287492082
3.8095549725226223
3.7095929364960205
2.558288856507997
2.2785216531737875
3.037485782788537
2.5546942752843353
2.8537278697695325
2.7323677967576296
2.6886068433632433
4.336741936799035
2.612520173046975
2.6109877180751826
0.8253911334223591
2.40064357546465
2.1909604193250973
2.9934044684710224
2.5687741273101707
2.4184104136025177
1.9796117789195193
2.0583432603220864
2.1956185093485443
2.5810579676454912
1.743074995484085
3.452013714438265
2.2494219923833123
2.369486096630107
2.246718301989207
2.66043428131523
3.490623404370605
2.655244568547791
2.4679524305920237
1.5450887580277441
3.059357991194906
2.2604577114646425
2.380857046554942
3.4571186286917452
0.0
4.855939558602742
3.6683922579337396
2.931921284701223
1.3917624807856699
3.6342000505178795
2.766234878345624
2.6725473638101334
1.8523244040995996
2.217215265958802
2.4040867037462177
2.0566583809436993
3.0492401983380866
3.678400465529727
3.3977283899633957
1.4125302917620886
3.868875308561315
2.5590403708104317
2.3138646993539567
2.0439241918267674
2.327894548594096
2.27388839220023
2.3425626934222405
2.5294719631213476
3.035858606840467
2.5282726869099323
2.3225177140580944
2.3854091841026883
2.693331100618338
3.193316368814417
2.359691247259836
3.5564160426417555
2.997004147154586
2.406565810398516
3.8270499825894237
0.04101878304442241
5.784634015265276
1.587152749773053
2.239021414918313
3.870938868356494
3.7417760708264254
3.829850483353903
2.7155425784081584
3.3675493961926377
2.4976985346260943
3.6350327677025156
