4.589831583947187
4.40910970733806
4.2203638079980035
4.042759967133776
4.580767580782203
6.011850111240469
3.9412671507185078
3.8818909442179383
3.142395491931341
4.771207013990586
3.0100720729531063
2.3605229546697575
3.345017287992899
2.218741587767881
3.8724854862094302
3.7403598037581927
3.5728133947705696
2.825438396647699
2.329266242968322
4.422639350166363
3.188618823357044
2.4843357275205022
3.915337395742779
3.721576697188764
1.8533571823566204
2.415193466596861
3.1096864447796175
3.6635674511149108
3.495106279766968
3.8630947257744594
3.677115976882742
4.499846187393889
5.962282104579216
5.865848892297615
5.424293554959504
4.705406331637247
5.475465690681608
2.895355276311612
1.9897492528630285
4.935668730300353
1.609735804530665
3.9963212281725875
3.262810482999492
3.569850195932013
3.0117830046092697
2.86128848809464
2.3229069713940893
5.741702226564019
1.2323732775014804
7.220326677309085
5.840228816847685
4.209425158826015
5.950558271583593
3.784499462152678
2.1268173106575787
2.2324348124155486
5.157358293330656
5.340273906549821
1.577688771067094
2.353580751955666
3.551105002550504
3.836035205507538
2.8696668231010416
4.445767650528515
7.026758458721453
4.910845011744499
2.68486931514792
3.0044577894306794
3.0836057855370216
1.8769137153070794
3.9201390140225083
3.9438121962902124
4.434058524554603
4.052301200814627
4.377294909651936
3.1602329856586433
3.928922494855096
4.325611655111992
3.447622668516499
1.2507082771050317
0.7929429116778981
2.350543639303298
6.585827949534078
3.667499948559568
3.106856087851999
2.845240027224542
3.1061527639610933
2.876184730000444
5.567093360811496
4.543407870364872
3.057411223767936
2.5479772245483194
0.85730873171542
1.2499827349282757
2.8372279949434622
5.333017021751536
3.842389406542229
3.168793741504421
4.572839948753856
0.0
