2.7397925895971706
2.4694283595775866
2.1661810577121976
2.624479750786456
1.9275989879809616
3.850396226411737
2.8691734262661015
3.32482854129337
2.4072120731536817
2.554563153610485
1.7441491703313776
1.7745246024059549
2.6743827164846037
0.6637945456164276
1.8918856121917949
2.3162299070315453
3.0221059830301824
1.8374638248778228
2.9865998588304485
3.3163117338047354
1.5349253991172565
3.316809223104894
1.7234442093108893
2.5390995798823095
2.0957424904490924
2.2384918759944186
2.063114284714839
2.9717110817674937
1.6658021822633742
1.785133543722051
1.6718012428410955
2.0829328190066922
2.093728401005975
0.9030756167582283
1.236741331284085
1.9818290503660947
2.294472792027966
2.9268196436119016
2.830433270992927
1.877344751956704
1.4969900857082399
2.578809800194797
3.4007093675085227
1.8498437312604308
3.716915755866449
2.996415064749875
0.0
4.490629467994949
2.781376743275691
2.622251777022036
2.5212876122900334
2.1278802926486575
2.392701337536125
4.7218395597955025
3.1988125815314907
1.8914718117848528
1.5174009488882874
0.8283200829384088
2.6892700228668884
2.2301253827798044
2.6290232210720137
1.1129922686956342
1.8728811765034985
1.7173799566527088
2.3741245368317205
1.9829725390150883
2.602396936296126
2.4390373714448588
2.211068206277757
0.8030613232853554
1.6703578950536282
3.418294126435766
1.6448151550297014
1.8900206693806834
3.189451715895444
2.272393702798592
1.8695366637817492
2.2318218219159958
1.9061375578151563
2.843989784637814
2.582219035626839
3.6002875406660557
2.3416373211549404
2.8176131954681356
3.4225129943478625
2.9768430173469205
2.103030499399017
3.310256668122036
2.093833603060237
2.087308605920528
2.2690479838703035
1.8314840729825128
2.2815919605766797
1.831013197981059
1.9078230650984818
1.7520958134065396
2.111696101163959
1.439445882470554
1.9552716785926347
2.950564596959477
