5.67594610812142
6.380685747225718
4.125539447940863
4.8680203109886335
5.69151589009043
3.6175124549883235
3.4968674943699227
4.804592218966608
5.177926277437865
4.878582910517233
4.794283425661677
3.887526432385238
5.369910416417424
5.115401149140743
3.5721528210146576
4.848845393179613
4.1044221797287115
4.082970704767291
3.838946479361759
4.3495329430954826
4.023938921083571
3.985463655397942
3.5845577588167736
3.592154215887832
3.379040197638826
3.648740475969324
2.7449484727757016
4.784810671390765
3.0016518316692284
4.230730560490628
3.873714191916853
4.445296759387546
3.8093359324742795
4.087089178810508
5.813645724541664
4.090176486242625
4.134122549698881
2.488076102587099
4.98483215194124
4.421567032641397
4.956046759681655
4.38246041851645
5.172427721056786
5.224259635987965
4.562758062669024
4.834744563884168
4.901529021877463
4.855468802990749
0.0
4.316794179498181
3.5917995829586475
3.9020695200313207
4.453631267977244
5.273882401181652
5.275329434792393
4.8164373096450355
4.532213162437508
5.300127485283529
5.098653765087932
5.683055806422482
5.9868839993836644
5.746547377871687
3.888998419223467
3.0464566224980354
2.6930858915425473
4.801925296635249
3.0763216145411683
4.2528093448981785
3.116514242368112
3.214186103764978
3.542771433841049
5.354453929769761
4.879613101361787
4.2833136687010205
3.754136847930546
3.4036942969950363
5.937758199422442
3.504555789108917
3.2254150945335716
5.898654339769249
4.379915643442446
2.9154021174951756
3.834993667222253
4.729591858410729
3.9456335173074857
3.710940220285788
3.7684688433782063
4.238117385274164
3.5312307432999783
2.8433255270650415
5.105052916783984
4.6405848574390784
3.4350953423957664
4.05449940801076
3.681531061329116
4.307849977449944
4.523352952054608
4.818218223310414
3.7773943117174156
4.162035085408923
