4.5294651696227675
3.6955754540514034
4.5294651696227675
4.3728069068073125
4.0764439653477496
4.5294651696227675
5.435794432720796
4.302271118831397
4.5294651696227675
4.338660119055039
3.7662237030429546
4.75416949093193
4.603697005489894
4.968603715283686
5.138448436468522
4.5294651696227675
4.336290601540293
4.5294651696227675
4.5294651696227675
3.9676505530061688
4.5294651696227675
4.961337325831173
4.706793803318508
4.5294651696227675
4.602409826235936
4.052498846337837
4.5294651696227675
5.119162142799059
4.483069116081025
4.5294651696227675
4.5294651696227675
4.5294651696227675
4.403206574921315
4.751335407315338
4.503390094735835
4.889594543031812
5.158104018265378
3.947253638493729
4.5294651696227675
4.956025322969484
4.385112530935622
5.000167075587786
4.757004101306841
4.650135086835142
5.5717005879201915
4.5294651696227675
4.5294651696227675
4.965971011046894
5.509880083843342
5.684042851299711
5.6172685534909705
4.5294651696227675
4.6653203348855
4.058381303521912
0.0
4.668862803248744
4.5294651696227675
4.386050139139103
4.111678510194296
3.738713759165232
4.545439772348412
4.5294651696227675
4.5294651696227675
4.5294651696227675
4.352210095403665
4.5294651696227675
4.5294651696227675
5.417238068458944
4.5294651696227675
4.5294651696227675
3.995483537339071
4.5294651696227675
5.043727710433624
4.958291653996671
4.5294651696227675
4.094549610477358
4.5294651696227675
4.908665101742179
4.662329601712706
4.5294651696227675
5.195916885975221
4.5294651696227675
4.5294651696227675
4.65984730739455
4.5294651696227675
4.249357910043162
4.588255332291718
4.5294651696227675
4.659195905465302
4.613845857525919
4.498618627734065
4.5294651696227675
4.324291336864482
4.570175738494921
4.5294651696227675
4.5294651696227675
4.5294651696227675
4.5294651696227675
4.5294651696227675
4.5294651696227675
