4.550395230358864
5.589926538943432
4.398676552786446
4.061717499577329
4.37142792419925
4.355193752194802
4.488173686521678
4.003222859523666
3.3897672201793188
2.4483199545771503
3.1765507374601296
2.8475156659866268
3.1198334543205273
3.7167228774908034
3.794847797765793
3.614652399682331
2.856881587785762
4.811176865162044
3.6267285986128357
3.76052059149033
3.6903846823523745
3.7391380386622814
4.457827348685384
2.9759734120757653
2.9041693146970116
4.702258510834599
6.229445201337004
5.781908579213313
4.916022564323898
4.099930506489496
4.268286917482124
3.0243411813436167
3.0610353396850436
5.0209861319610525
3.0650622275838386
3.3100944440781452
2.937246520481805
5.171292579094942
4.27017045914784
1.9534457015255131
4.013234792684109
3.836853569235488
2.575818098162706
5.93845427964137
4.743194415849608
3.412817522023326
4.340724364325634
4.660704962398302
2.5280678201284195
3.2179347068878146
2.6488294932715677
2.918321861266551
3.552296660296192
2.359472199699866
3.259050036294152
4.894247046046658
4.292322008225738
3.297723654633786
3.839565671874571
4.3989956504933465
3.294358346710965
2.2020879846172967
3.484892219743778
1.7693911165805458
2.670622348752421
3.6386598791788387
2.9143174041529956
2.895075288069484
4.455631902325692
5.4838025819768195
3.886210170340987
4.158533504778494
5.001053731641122
3.8382509216319614
2.342398423361505
4.227923826672383
3.393478742228359
2.2918004839582484
1.808024251066222
2.3531547966480275
3.045967065025572
3.915866599949714
3.3832747441499236
3.069232327384146
3.984167740499379
2.68045647727072
4.320041444081424
0.0
4.179103986498622
4.029762564438189
2.9233397388255695
4.2198500157522165
4.185570505886401
3.7977513324977097
4.280607600236056
4.663167419061252
6.871396516543679
5.506197339036371
5.204353849986639
2.766640674162892
