1.4105804954014673
1.6576879373591122
1.0628002480987844
1.9823023938191089
1.897240091100074
0.577786054454831
1.3123856282712558
1.4088419451657432
1.3370709181913139
1.482804616387442
2.2822489395430114
2.2537148273320433
1.478805593799775
2.119425131036179
1.6475690652976378
1.0002050019704303
2.1379629930981006
2.7263697970133807
2.366872465646444
2.5166313792408905
2.7733549677704037
2.1363272493043937
2.676774685285207
2.299489948543782
2.827823511288458
1.8858352114486658
2.6203396966337342
2.2805775363547443
2.0547255892298013
3.2024997689644192
2.6454187931232744
2.4911157356201485
2.1800447417579925
1.683783692974715
2.0221799909334766
2.3190788223388625
0.9667056316409055
0.9108832493938139
0.17147131441024088
2.3767527118691274
2.4429767446169053
1.9383364386608108
0.9617779344910422
0.9915220478693862
2.0959440339581246
2.1314853813676544
1.4309320743248772
2.2046546417134074
1.5733148191587434
2.0160697341728415
1.3156592987097286
1.2135183036502761
1.811677071098222
0.8512566330681963
0.2681525309279531
0.6847376417809157
1.7340724338163542
2.507243516163423
1.269534853315335
2.651196018486856
1.5204540581008563
2.494580806659344
1.9355847637789698
2.136407848576447
1.2024416571966716
1.261629791348497
2.464332873346113
1.8813512242996089
0.5850404517484256
3.3893700622557517
3.2769058790591434
0.37995046814193456
1.5246466520397983
1.1298847762849937
0.8432027375963025
2.4741122082551126
0.9014501454859989
0.7650717170081116
1.2691552736653442
0.0
1.5599654587085339
1.7839712217518287
2.8159385667938506
1.9390747623485938
2.0093488057986497
2.400024097720514
1.759592378395153
2.3183967328941155
2.077113417163443
2.6600271225006376
1.8971298241265264
2.0208673220464943
1.7411417726340228
1.4384757890803108
1.8565684715976842
1.7978159239605331
0.8974532464821299
1.519199584422676
1.1272039277489116
2.0521771204130164
